103.000 0.091
106.000 0.384
109.000 0.262
112.000 0.396
115.000 0.386
118.000 0.501
121.000 0.586
124.000 0.616
127.000 0.722
130.000 0.773
133.000 0.912
136.000 1.053
139.000 1.131
142.000 1.307
145.000 1.476
148.000 1.687
151.000 1.998
154.000 2.310
157.000 2.678
160.000 3.057
163.000 3.776
166.000 4.518
169.000 5.091
172.000 6.147
175.000 6.634
178.000 7.706
181.000 8.776
184.000 9.331
187.000 10.146
190.000 10.422
193.000 10.958
196.000 11.150
199.000 10.939
202.000 10.416
205.000 10.002
208.000 9.310
211.000 8.459
214.000 8.279
217.000 7.454
220.000 6.739
223.000 6.528
226.000 6.024
229.000 5.860
232.000 5.287
235.000 5.005
238.000 4.911
241.000 4.597
244.000 4.583
247.000 4.392
250.000 4.315
253.000 4.197
256.000 4.279
259.000 4.345
262.000 4.315
265.000 4.222
268.000 4.371
271.000 4.301
274.000 4.450
277.000 4.489
280.000 4.512
283.000 4.483
286.000 4.735
289.000 4.663
292.000 4.529
295.000 4.484
298.000 4.392
301.000 4.289
304.000 4.266
307.000 4.282
310.000 4.357
313.000 4.618
316.000 4.487
319.000 4.706
322.000 4.726
325.000 4.842
328.000 4.901
331.000 5.188
334.000 5.125
337.000 5.179
340.000 5.296
343.000 5.541
346.000 5.776
349.000 5.786
352.000 6.104
355.000 6.141
358.000 6.433
361.000 6.823
364.000 6.917
367.000 7.207
370.000 7.363
373.000 7.879
376.000 8.217
379.000 8.586
382.000 8.938
385.000 9.164
388.000 9.595
391.000 9.981
394.000 10.186
397.000 10.572
400.000 10.790
403.000 11.202
406.000 11.701
409.000 11.980
412.000 12.540
415.000 12.885
418.000 13.408
421.000 13.960
424.000 14.263
427.000 14.772
430.000 15.023
433.000 15.472
436.000 15.971
439.000 16.147
442.000 16.462
445.000 16.588
448.000 16.803
451.000 16.933
454.000 17.004
457.000 17.071
460.000 17.327
463.000 17.166
466.000 17.359
469.000 17.791
472.000 17.784
475.000 17.914
478.000 17.982
481.000 18.069
484.000 18.452
487.000 19.077
490.000 19.149
493.000 19.220
496.000 19.534
499.000 20.204
502.000 20.435
505.000 20.588
508.000 22.308
511.000 22.168
514.000 21.487
517.000 23.445
520.000 24.209
523.000 25.057
526.000 25.611
529.000 26.843
532.000 27.959
535.000 28.601
538.000 29.368
541.000 29.549
544.000 29.454
547.000 28.751
550.000 28.224
553.000 26.820
556.000 25.859
559.000 23.743
562.000 21.386
565.000 20.347
568.000 18.430
571.000 17.486
574.000 15.808
577.000 14.383
580.000 13.956
583.000 12.585
586.000 11.611
589.000 10.624
592.000 10.506
595.000 9.881
598.000 9.063
601.000 8.733
604.000 8.021
607.000 7.679
610.000 7.392
613.000 6.842
616.000 6.507
619.000 6.181
622.000 5.671
625.000 5.449
628.000 5.160
631.000 4.960
634.000 4.692
637.000 4.437
640.000 4.316
643.000 4.023
646.000 3.912
649.000 3.730
652.000 3.515
655.000 3.410
658.000 3.181
661.000 3.130
664.000 3.073
667.000 2.859
670.000 2.768
673.000 2.611
676.000 2.543
679.000 2.423
682.000 2.311
685.000 2.253
688.000 2.178
691.000 2.141
694.000 2.059
697.000 2.014
700.000 1.940
703.000 1.991
706.000 1.909
709.000 1.848
712.000 1.796
715.000 1.767
718.000 1.720
721.000 1.689
724.000 1.659
727.000 1.622
730.000 1.606
733.000 1.580
736.000 1.572
739.000 1.552
742.000 1.528
745.000 1.515
748.000 1.495
751.000 1.445
754.000 1.511
757.000 1.535
760.000 1.546
763.000 1.493
766.000 1.471
769.000 1.445
772.000 1.422
775.000 1.414
778.000 1.399
781.000 1.393
784.000 1.378
787.000 1.396
790.000 1.398
793.000 1.387
796.000 1.392
799.000 1.405
802.000 1.428
805.000 1.442
808.000 1.471
811.000 1.488
814.000 1.513
817.000 1.537
820.000 1.548
823.000 1.576
826.000 1.610
829.000 1.659
832.000 1.802
835.000 1.766
838.000 1.758
841.000 1.781
844.000 1.826
847.000 1.845
850.000 1.930
853.000 2.036
856.000 2.078
859.000 2.194
862.000 2.284
865.000 2.429
868.000 2.676
871.000 2.799
874.000 3.041
877.000 3.121
880.000 3.317
883.000 3.553
886.000 3.682
889.000 3.966
892.000 4.140
895.000 4.523
898.000 4.901
901.000 5.182
904.000 5.799
907.000 6.029
910.000 6.320
913.000 6.057
916.000 5.831
919.000 5.312
922.000 5.052
925.000 4.576
928.000 4.134
931.000 3.929
934.000 3.527
937.000 3.357
940.000 3.018
943.000 2.711
946.000 2.594
949.000 2.331
952.000 2.187
955.000 1.958
958.000 1.768
961.000 1.683
964.000 1.546
967.000 1.481
970.000 1.402
973.000 1.285
976.000 1.227
979.000 1.141
982.000 1.089
985.000 1.021
988.000 0.970
991.000 0.933
994.000 0.886
997.000 0.861
1000.000 0.832
1003.000 0.785
1006.000 0.770
1009.000 0.741
1012.000 0.736
1015.000 0.710
1018.000 0.693
1021.000 0.681
1024.000 0.661
1027.000 0.668
1030.000 0.648
1033.000 0.636
1036.000 0.630
1039.000 0.616
1042.000 0.613
1045.000 0.599
1048.000 0.585
1051.000 0.587
1054.000 0.580
1057.000 0.564
1060.000 0.565
1063.000 0.557
1066.000 0.556
1069.000 0.552
1072.000 0.553
1075.000 0.551
1078.000 0.550
1081.000 0.557
1084.000 0.568
1087.000 0.579
1090.000 0.575
1093.000 0.575
1096.000 0.581
1099.000 0.584
1102.000 0.589
1105.000 0.593
1108.000 0.603
1111.000 0.612
1114.000 0.621
1117.000 0.629
1120.000 0.639
1123.000 0.645
1126.000 0.648
1129.000 0.652
1132.000 0.664
1135.000 0.672
1138.000 0.682
1141.000 0.690
1144.000 0.704
1147.000 0.710
1150.000 0.726
1153.000 0.745
1156.000 0.750
1159.000 0.769
1162.000 0.777
1165.000 0.813
1168.000 0.836
1171.000 0.842
1174.000 0.864
1177.000 0.878
1180.000 0.917
1183.000 0.928
1186.000 0.956
1189.000 0.986
1192.000 1.002
1195.000 1.049
1198.000 1.069
1201.000 1.132
1204.000 1.344
1207.000 1.354
1210.000 1.375
1213.000 1.399
1216.000 1.439
1219.000 1.487
1222.000 1.515
1225.000 1.636
1228.000 1.746
1231.000 1.828
1234.000 1.977
1237.000 2.154
1240.000 2.305
1243.000 2.373
1246.000 2.552
1249.000 2.768
1252.000 2.900
1255.000 3.152
1258.000 3.305
1261.000 3.682
1264.000 4.172
1267.000 4.434
1270.000 5.179
1273.000 5.455
1276.000 6.243
1279.000 7.068
1282.000 7.466
1285.000 8.074
1288.000 8.270
1291.000 8.268
1294.000 7.716
1297.000 7.334
1300.000 6.515
1303.000 6.118
1306.000 5.474
1309.000 5.001
1312.000 5.462
1315.000 4.816
1318.000 4.499
1321.000 4.017
1324.000 3.637
1327.000 3.509
1330.000 3.264
1333.000 3.169
1336.000 2.974
1339.000 2.815
1342.000 2.731
1345.000 2.591
1348.000 2.534
1351.000 2.432
1354.000 2.342
1357.000 2.286
1360.000 2.186
1363.000 2.161
1366.000 2.089
1369.000 2.002
1372.000 1.966
1375.000 1.901
1378.000 1.878
1381.000 1.867
1384.000 1.786
1387.000 1.748
1390.000 1.724
1393.000 1.696
1396.000 1.643
1399.000 1.601
1402.000 1.608
1405.000 1.610
1408.000 1.594
1411.000 1.560
1414.000 1.535
1417.000 1.519
1420.000 1.545
1423.000 1.668
1426.000 1.610
1429.000 1.564
1432.000 1.547
1435.000 1.575
1438.000 1.587
1441.000 1.562
1444.000 1.528
1447.000 1.517
1450.000 1.496
1453.000 1.489
1456.000 1.470
1459.000 1.526
1462.000 1.521
1465.000 1.522
1468.000 1.561
1471.000 1.551
1474.000 1.545
1477.000 1.544
1480.000 1.556
1483.000 1.579
1486.000 1.582
1489.000 1.704
1492.000 1.809
1495.000 1.813
1498.000 1.803
1501.000 1.790
1504.000 1.814
1507.000 1.819
1510.000 1.828
1513.000 1.863
1516.000 1.900
1519.000 1.937
1522.000 1.964
1525.000 2.018
1528.000 2.051
1531.000 2.121
1534.000 2.196
1537.000 2.225
1540.000 2.279
1543.000 2.322
1546.000 2.368
1549.000 2.384
1552.000 2.458
1555.000 2.547
1558.000 2.560
1561.000 2.607
1564.000 2.648
1567.000 2.792
1570.000 2.837
1573.000 2.859
1576.000 2.947
1579.000 2.992
1582.000 3.093
1585.000 3.193
1588.000 3.248
1591.000 3.352
1594.000 3.406
1597.000 3.513
1600.000 3.641
1603.000 3.711
1606.000 3.850
1609.000 3.927
1612.000 4.093
1615.000 4.264
1618.000 4.351
1621.000 4.541
1624.000 4.657
1627.000 4.933
1630.000 5.128
1633.000 5.262
1636.000 5.520
1639.000 5.663
1642.000 5.950
1645.000 6.258
1648.000 6.416
1651.000 6.715
1654.000 6.862
1657.000 7.151
1660.000 7.373
1663.000 7.462
1666.000 7.574
1669.000 7.601
1672.000 7.586
1675.000 7.504
1678.000 7.383
1681.000 7.159
1684.000 7.028
1687.000 6.795
1690.000 6.599
1693.000 6.491
1696.000 6.308
1699.000 6.234
1702.000 6.075
1705.000 5.932
1708.000 5.875
1711.000 5.768
1714.000 5.708
1717.000 5.603
1720.000 5.508
1723.000 5.457
1726.000 5.367
1729.000 5.328
1732.000 5.242
1735.000 5.168
1738.000 5.129
1741.000 5.063
1744.000 5.030
1747.000 4.961
1750.000 4.909
1753.000 4.875
1756.000 4.806
1759.000 4.785
1762.000 4.737
1765.000 4.697
1768.000 4.670
1771.000 4.632
1774.000 4.609
1777.000 4.570
1780.000 4.544
1783.000 4.529
1786.000 4.501
1789.000 4.493
1792.000 4.471
1795.000 4.632
1798.000 4.589
1801.000 4.503
1804.000 4.471
1807.000 4.449
1810.000 4.447
1813.000 4.453
1816.000 4.453
1819.000 4.458
1822.000 4.467
1825.000 4.475
1828.000 4.486
1831.000 4.504
1834.000 4.502
1837.000 4.539
1840.000 4.556
1843.000 4.571
1846.000 4.598
1849.000 4.614
1852.000 4.651
1855.000 4.683
1858.000 4.708
1861.000 4.755
1864.000 4.779
1867.000 4.834
1870.000 4.892
1873.000 4.924
1876.000 4.989
1879.000 5.025
1882.000 5.101
1885.000 5.179
1888.000 5.219
1891.000 5.310
1894.000 5.365
1897.000 5.468
1900.000 5.519
1903.000 5.630
1906.000 5.752
1909.000 5.826
1912.000 5.992
1915.000 6.058
1918.000 6.182
1921.000 6.337
1924.000 6.422
1927.000 6.610
1930.000 6.739
1933.000 7.281
1936.000 7.354
1939.000 7.429
1942.000 7.544
1945.000 7.615
1948.000 7.866
1951.000 8.067
1954.000 8.189
1957.000 8.455
1960.000 8.595
1963.000 8.909
1966.000 9.325
1969.000 9.489
1972.000 9.860
1975.000 10.047
1978.000 10.428
1981.000 10.849
1984.000 11.092
1987.000 11.559
1990.000 11.887
1993.000 12.360
1996.000 12.866
1999.000 13.178
2002.000 13.790
2005.000 14.270
2008.000 14.687
2011.000 15.093
2014.000 15.328
2017.000 15.730
2020.000 15.893
2023.000 16.122
2026.000 16.220
2029.000 16.226
2032.000 16.079
2035.000 15.955
2038.000 15.556
2041.000 15.033
2044.000 14.741
2047.000 14.091
2050.000 13.745
2053.000 13.005
2056.000 12.291
2059.000 11.960
2062.000 11.296
2065.000 10.980
2068.000 10.382
2071.000 9.812
2074.000 9.514
2077.000 9.022
2080.000 8.784
2083.000 8.360
2086.000 8.155
2089.000 7.782
2092.000 7.429
2095.000 7.255
2098.000 6.948
2101.000 6.793
2104.000 6.510
2107.000 6.236
2110.000 6.123
2113.000 5.887
2116.000 5.776
2119.000 5.581
2122.000 5.385
2125.000 5.294
2128.000 5.116
2131.000 5.036
2134.000 4.881
2137.000 4.738
2140.000 4.675
2143.000 4.548
2146.000 4.445
2149.000 4.394
2152.000 4.283
2155.000 4.230
2158.000 4.278
2161.000 4.215
2164.000 4.135
2167.000 3.999
2170.000 3.944
2173.000 3.894
2176.000 3.783
2179.000 3.748
2182.000 3.673
2185.000 3.648
2188.000 3.598
2191.000 3.587
2194.000 3.564
2197.000 3.511
2200.000 3.482
2203.000 3.483
2206.000 3.623
2209.000 3.583
2212.000 3.549
2215.000 3.511
2218.000 3.450
2221.000 3.398
2224.000 3.384
2227.000 3.435
2230.000 3.426
2233.000 3.392
2236.000 3.381
2239.000 3.384
2242.000 3.414
2245.000 3.418
2248.000 3.625
2251.000 3.619
2254.000 3.601
2257.000 3.612
2260.000 3.621
2263.000 3.702
2266.000 3.961
2269.000 3.956
2272.000 3.969
2275.000 3.991
2278.000 4.048
2281.000 4.084
2284.000 4.186
2287.000 4.314
2290.000 4.394
2293.000 4.546
2296.000 4.636
2299.000 4.824
2302.000 5.045
2305.000 5.157
2308.000 5.427
2311.000 5.564
2314.000 5.877
2317.000 6.247
2320.000 6.443
2323.000 6.848
2326.000 7.061
2329.000 7.481
2332.000 7.927
2335.000 8.131
2338.000 8.515
2341.000 8.677
2344.000 8.864
2347.000 8.846
2350.000 8.766
2353.000 8.425
2356.000 8.187
2359.000 7.622
2362.000 6.993
2365.000 6.695
2368.000 6.076
2371.000 5.779
2374.000 5.251
2377.000 4.768
2380.000 4.540
2383.000 4.137
2386.000 3.960
2389.000 3.619
2392.000 3.341
2395.000 3.208
2398.000 2.966
2401.000 2.859
2404.000 2.649
2407.000 2.462
2410.000 2.389
2413.000 2.232
2416.000 2.181
2419.000 2.068
2422.000 1.937
2425.000 1.878
2428.000 1.754
2431.000 1.701
2434.000 1.573
2437.000 1.515
2440.000 1.406
2443.000 1.311
2446.000 1.269
2449.000 1.193
2452.000 1.156
2455.000 1.089
2458.000 1.033
2461.000 1.007
2464.000 0.961
2467.000 0.935
2470.000 0.894
2473.000 0.860
2476.000 0.840
2479.000 0.810
2482.000 0.794
2485.000 0.768
2488.000 0.740
2491.000 0.728
2494.000 0.706
2497.000 0.695
2500.000 0.676
2503.000 0.655
2506.000 0.647
2509.000 0.629
2512.000 0.621
2515.000 0.605
2518.000 0.592
2521.000 0.586
2524.000 0.572
2527.000 0.566
2530.000 0.557
2533.000 0.620
2536.000 0.604
2539.000 0.578
2542.000 0.565
2545.000 0.546
2548.000 0.530
2551.000 0.523
2554.000 0.510
2557.000 0.503
2560.000 0.492
2563.000 0.482
2566.000 0.476
2569.000 0.481
2572.000 0.481
2575.000 0.468
2578.000 0.491
2581.000 0.486
2584.000 0.472
2587.000 0.467
2590.000 0.453
2593.000 0.443
2596.000 0.438
2599.000 0.429
2602.000 0.427
2605.000 0.422
2608.000 0.417
2611.000 0.413
2614.000 0.410
2617.000 0.405
2620.000 0.398
2623.000 0.395
2626.000 0.393
2629.000 0.388
2632.000 0.385
2635.000 0.386
2638.000 0.382
2641.000 0.380
2644.000 0.377
2647.000 0.373
2650.000 0.374
2653.000 0.372
2656.000 0.371
2659.000 0.369
2662.000 0.367
2665.000 0.363
2668.000 0.360
2671.000 0.357
2674.000 0.355
2677.000 0.353
2680.000 0.353
2683.000 0.349
2686.000 0.348
2689.000 0.347
2692.000 0.345
2695.000 0.364
2698.000 0.356
2701.000 0.356
2704.000 0.350
2707.000 0.349
2710.000 0.344
2713.000 0.338
2716.000 0.338
2719.000 0.336
2722.000 0.333
2725.000 0.332
2728.000 0.332
2731.000 0.330
2734.000 0.328
2737.000 0.327
2740.000 0.326
2743.000 0.325
2746.000 0.324
2749.000 0.322
2752.000 0.321
2755.000 0.361
2758.000 0.352
2761.000 0.347
2764.000 0.342
2767.000 0.339
2770.000 0.333
2773.000 0.326
2776.000 0.325
2779.000 0.322
2782.000 0.319
2785.000 0.318
2788.000 0.316
2791.000 0.315
2794.000 0.313
2797.000 0.312
2800.000 0.310
2803.000 0.311
2806.000 0.313
2809.000 0.317
2812.000 0.329
2815.000 0.341
2818.000 0.342
2821.000 0.334
2824.000 0.330
2827.000 0.326
2830.000 0.321
2833.000 0.323
2836.000 0.336
2839.000 0.332
2842.000 0.329
2845.000 0.327
2848.000 0.332
2851.000 0.326
2854.000 0.323
2857.000 0.320
2860.000 0.318
2863.000 0.316
2866.000 0.323
2869.000 0.320
2872.000 0.317
2875.000 0.315
2878.000 0.314
2881.000 0.331
2884.000 0.337
2887.000 0.334
2890.000 0.328
2893.000 0.326
2896.000 0.321
2899.000 0.321
2902.000 0.319
2905.000 0.315
2908.000 0.316
2911.000 0.316
2914.000 0.317
2917.000 0.318
2920.000 0.316
2923.000 0.316
2926.000 0.317
2929.000 0.319
2932.000 0.323
2935.000 0.324
2938.000 0.322
2941.000 0.325
2944.000 0.325
2947.000 0.322
2950.000 0.325
2953.000 0.327
2956.000 0.324
2959.000 0.324
2962.000 0.321
2965.000 0.323
2968.000 0.327
2971.000 0.334
2974.000 0.331
2977.000 0.333
2980.000 0.330
2983.000 0.324
2986.000 0.333
2989.000 0.338
2992.000 0.324
2995.000 0.339
2998.000 0.338
3001.000 0.345
3004.000 0.341
3007.000 0.347
3010.000 0.373
3013.000 0.373
3016.000 0.360
3019.000 0.359
3022.000 0.358
3025.000 0.359
3028.000 0.348
3031.000 0.358
3034.000 0.343
3037.000 0.348
3040.000 0.346
3043.000 0.349
3046.000 0.357
3049.000 0.353
3052.000 0.361
3055.000 0.374
3058.000 0.377
3061.000 0.380
3064.000 0.388
3067.000 0.387
3070.000 0.384
3073.000 0.383
3076.000 0.378
3079.000 0.387
3082.000 0.382
3085.000 0.383
3088.000 0.379
3091.000 0.396
3094.000 0.390
3097.000 0.390
3100.000 0.388
3103.000 0.387
3106.000 0.405
3109.000 0.405
3112.000 0.406
3115.000 0.401
3118.000 0.403
3121.000 0.404
3124.000 0.402
3127.000 0.401
3130.000 0.403
3133.000 0.406
3136.000 0.612
3139.000 0.851
3142.000 0.831
3145.000 0.789
3148.000 0.730
3151.000 0.645
3154.000 0.613
3157.000 0.561
3160.000 0.525
3163.000 0.515
3166.000 0.498
3169.000 0.493
3172.000 0.487
3175.000 0.482
3178.000 0.485
3181.000 0.493
3184.000 0.493
3187.000 0.506
3190.000 0.544
3193.000 0.566
3196.000 0.592
3199.000 0.591
3202.000 0.587
3205.000 0.589
3208.000 0.602
3211.000 0.637
3214.000 0.634
3217.000 0.640
3220.000 0.662
3223.000 0.680
3226.000 0.685
3229.000 0.724
3232.000 0.761
3235.000 0.758
3238.000 0.767
3241.000 0.798
3244.000 0.807
3247.000 0.849
3250.000 0.864
3253.000 0.878
3256.000 0.920
3259.000 0.933
3262.000 0.966
3265.000 1.005
3268.000 1.027
3271.000 1.075
3274.000 1.100
3277.000 1.219
3280.000 1.350
3283.000 1.362
3286.000 1.404
3289.000 1.431
3292.000 1.505
3295.000 1.605
3298.000 1.665
3301.000 1.825
3304.000 1.938
3307.000 2.106
3310.000 2.320
3313.000 2.447
3316.000 2.757
3319.000 2.996
3322.000 3.591
3325.000 4.145
3328.000 4.523
3331.000 5.342
3334.000 5.789
3337.000 6.812
3340.000 7.979
3343.000 8.537
3346.000 9.441
3349.000 9.676
3352.000 10.251
3355.000 9.837
3358.000 9.405
3361.000 8.243
3364.000 7.642
3367.000 6.502
3370.000 5.819
3373.000 5.442
3376.000 4.805
3379.000 4.544
3382.000 4.185
3385.000 3.936
3388.000 3.822
3391.000 3.636
3394.000 3.536
3397.000 3.410
3400.000 3.299
3403.000 3.250
3406.000 3.134
3409.000 3.095
3412.000 3.024
3415.000 2.964
3418.000 2.935
3421.000 2.893
3424.000 2.872
3427.000 2.847
3430.000 2.826
3433.000 2.875
3436.000 2.870
3439.000 2.871
3442.000 2.874
3445.000 2.968
3448.000 2.965
3451.000 2.980
3454.000 2.989
3457.000 3.145
3460.000 3.167
3463.000 3.182
3466.000 3.218
3469.000 3.249
3472.000 3.310
3475.000 3.387
3478.000 3.435
3481.000 3.542
3484.000 3.599
3487.000 3.752
3490.000 3.912
3493.000 4.015
3496.000 4.194
3499.000 4.297
3502.000 4.510
3505.000 4.621
3508.000 4.881
3511.000 5.187
3514.000 5.352
3517.000 5.855
3520.000 6.042
3523.000 6.448
3526.000 6.891
3529.000 7.132
3532.000 7.637
3535.000 7.831
3538.000 8.197
3541.000 8.488
3544.000 8.603
3547.000 8.677
3550.000 8.633
3553.000 8.399
3556.000 8.018
3559.000 7.786
3562.000 7.268
3565.000 7.002
3568.000 6.742
3571.000 6.208
3574.000 5.954
3577.000 5.557
3580.000 5.342
3583.000 4.953
3586.000 4.615
3589.000 4.460
3592.000 4.183
3595.000 4.062
3598.000 3.844
3601.000 3.635
3604.000 3.542
3607.000 3.375
3610.000 3.302
3613.000 3.159
3616.000 3.029
3619.000 2.976
3622.000 2.889
3625.000 2.894
3628.000 2.785
3631.000 2.683
3634.000 2.638
3637.000 2.554
3640.000 2.516
3643.000 2.443
3646.000 2.387
3649.000 2.360
3652.000 2.309
3655.000 2.282
3658.000 2.234
3661.000 2.197
3664.000 2.176
3667.000 2.143
3670.000 2.127
3673.000 2.102
3676.000 2.090
3679.000 2.088
3682.000 2.075
3685.000 2.060
3688.000 2.048
3691.000 2.125
3694.000 2.100
3697.000 2.077
3700.000 2.062
3703.000 2.033
3706.000 2.023
3709.000 2.013
3712.000 2.008
3715.000 2.012
3718.000 2.026
3721.000 2.025
3724.000 2.029
3727.000 2.030
3730.000 2.029
3733.000 2.037
3736.000 2.049
3739.000 2.074
3742.000 2.096
3745.000 2.103
3748.000 2.126
3751.000 2.156
3754.000 2.169
3757.000 2.202
3760.000 2.217
3763.000 2.261
3766.000 2.306
3769.000 2.333
3772.000 2.399
3775.000 2.427
3778.000 2.496
3781.000 2.574
3784.000 2.612
3787.000 2.704
3790.000 2.754
3793.000 2.863
3796.000 3.062
3799.000 3.121
3802.000 3.251
3805.000 3.316
3808.000 3.470
3811.000 3.656
3814.000 3.784
3817.000 4.066
3820.000 4.198
3823.000 4.472
3826.000 4.792
3829.000 4.980
3832.000 5.402
3835.000 5.642
3838.000 6.236
3841.000 6.796
3844.000 6.985
3847.000 7.220
3850.000 7.254
3853.000 7.208
3856.000 7.124
3859.000 6.824
3862.000 6.409
3865.000 6.186
3868.000 5.681
3871.000 5.434
3874.000 4.989
3877.000 4.550
3880.000 4.347
3883.000 3.985
3886.000 3.811
3889.000 3.504
3892.000 3.244
3895.000 3.137
3898.000 2.922
3901.000 2.818
3904.000 2.642
3907.000 2.488
3910.000 2.439
3913.000 2.304
3916.000 2.243
3919.000 2.124
3922.000 2.013
3925.000 1.971
3928.000 1.888
3931.000 1.842
3934.000 1.769
3937.000 1.699
3940.000 1.669
3943.000 1.607
3946.000 1.581
3949.000 1.526
3952.000 1.498
3955.000 1.474
3958.000 1.433
3961.000 1.420
3964.000 1.379
3967.000 1.346
3970.000 1.326
3973.000 1.296
3976.000 1.286
3979.000 1.258
3982.000 1.247
3985.000 1.227
3988.000 1.219
3991.000 1.199
3994.000 1.186
3997.000 1.235
4000.000 1.221
4003.000 1.189
4006.000 1.171
4009.000 1.163
4012.000 1.217
4015.000 1.205
4018.000 1.208
4021.000 1.200
4024.000 1.181
4027.000 1.146
4030.000 1.152
4033.000 1.134
4036.000 1.128
4039.000 1.125
4042.000 1.127
4045.000 1.143
4048.000 1.141
4051.000 1.155
4054.000 1.179
4057.000 1.187
4060.000 1.185
4063.000 1.197
4066.000 1.197
4069.000 1.204
4072.000 1.215
4075.000 1.225
4078.000 1.244
4081.000 1.250
4084.000 1.271
4087.000 1.300
4090.000 1.317
4093.000 1.346
4096.000 1.359
4099.000 1.390
4102.000 1.441
4105.000 1.462
4108.000 1.540
4111.000 1.570
4114.000 1.613
4117.000 1.656
4120.000 1.683
4123.000 1.733
4126.000 1.766
4129.000 1.838
4132.000 1.912
4135.000 1.969
4138.000 2.064
4141.000 2.138
4144.000 2.251
4147.000 2.373
4150.000 2.436
4153.000 2.587
4156.000 2.666
4159.000 2.881
4162.000 3.088
4165.000 3.204
4168.000 3.444
4171.000 3.590
4174.000 3.897
4177.000 4.252
4180.000 4.393
4183.000 4.622
4186.000 4.705
4189.000 4.834
4192.000 4.871
4195.000 4.867
4198.000 4.791
4201.000 4.706
4204.000 4.490
4207.000 4.210
4210.000 4.077
4213.000 3.782
4216.000 3.639
4219.000 3.375
4222.000 3.253
4225.000 3.029
4228.000 2.813
4231.000 2.724
4234.000 2.557
4237.000 2.468
4240.000 2.318
4243.000 2.175
4246.000 2.112
4249.000 2.012
4252.000 1.969
4255.000 1.864
4258.000 1.777
4261.000 1.731
4264.000 1.653
4267.000 1.617
4270.000 1.554
4273.000 1.492
4276.000 1.465
4279.000 1.404
4282.000 1.376
4285.000 1.329
4288.000 1.284
4291.000 1.266
4294.000 1.226
4297.000 1.205
4300.000 1.178
4303.000 1.149
4306.000 1.133
4309.000 1.109
4312.000 1.093
4315.000 1.078
4318.000 1.068
4321.000 1.089
4324.000 1.067
4327.000 1.054
4330.000 1.072
4333.000 1.061
4336.000 1.063
4339.000 1.020
4342.000 1.021
4345.000 1.001
4348.000 0.983
4351.000 0.982
4354.000 0.973
4357.000 0.972
4360.000 0.976
4363.000 0.967
4366.000 0.965
4369.000 0.964
4372.000 0.968
4375.000 0.965
4378.000 0.967
4381.000 0.961
4384.000 0.963
4387.000 0.966
4390.000 0.967
4393.000 0.971
4396.000 0.970
4399.000 0.984
4402.000 0.989
4405.000 0.994
4408.000 1.017
4411.000 1.040
4414.000 1.050
4417.000 1.064
4420.000 1.079
4423.000 1.087
4426.000 1.079
4429.000 1.080
4432.000 1.085
4435.000 1.101
4438.000 1.123
4441.000 1.171
4444.000 1.177
4447.000 1.188
4450.000 1.210
4453.000 1.222
4456.000 1.270
4459.000 1.301
4462.000 1.319
4465.000 1.351
4468.000 1.380
4471.000 1.444
4474.000 1.496
4477.000 1.530
4480.000 1.590
4483.000 1.618
4486.000 1.699
4489.000 1.783
4492.000 1.833
4495.000 1.956
4498.000 2.023
4501.000 2.156
4504.000 2.344
4507.000 2.437
4510.000 2.634
4513.000 2.737
4516.000 2.954
4519.000 3.161
4522.000 3.251
4525.000 3.341
4528.000 3.346
4531.000 3.399
4534.000 3.279
4537.000 3.179
4540.000 2.914
4543.000 2.779
4546.000 2.500
4549.000 2.235
4552.000 2.125
4555.000 1.914
4558.000 1.817
4561.000 1.636
4564.000 1.497
4567.000 1.441
4570.000 1.328
4573.000 1.271
4576.000 1.177
4579.000 1.098
4582.000 1.060
4585.000 0.994
4588.000 0.961
4591.000 0.905
4594.000 0.865
4597.000 0.837
4600.000 0.806
4603.000 0.788
4606.000 0.753
4609.000 0.722
4612.000 0.709
4615.000 0.688
4618.000 0.673
4621.000 0.662
4624.000 0.655
4627.000 0.641
4630.000 0.628
4633.000 0.617
4636.000 0.618
4639.000 0.606
4642.000 0.596
4645.000 0.588
4648.000 0.581
4651.000 0.577
4654.000 0.577
4657.000 0.576
4660.000 0.566
4663.000 0.567
4666.000 0.562
4669.000 0.559
4672.000 0.556
4675.000 0.554
4678.000 0.556
4681.000 0.557
4684.000 0.567
4687.000 0.567
4690.000 0.569
4693.000 0.568
4696.000 0.569
4699.000 0.572
4702.000 0.575
4705.000 0.577
4708.000 0.579
4711.000 0.582
4714.000 0.589
4717.000 0.595
4720.000 0.605
4723.000 0.607
4726.000 0.613
4729.000 0.625
4732.000 0.629
4735.000 0.639
4738.000 0.645
4741.000 0.655
4744.000 0.665
4747.000 0.673
4750.000 0.678
4753.000 0.682
4756.000 0.691
4759.000 0.698
4762.000 0.714
4765.000 0.731
4768.000 0.733
4771.000 0.751
4774.000 0.763
4777.000 0.786
4780.000 0.805
4783.000 0.812
4786.000 0.838
4789.000 0.847
4792.000 0.888
4795.000 0.928
4798.000 0.954
4801.000 0.989
4804.000 1.013
4807.000 1.064
4810.000 1.139
4813.000 1.184
4816.000 1.312
4819.000 1.359
4822.000 1.465
4825.000 1.574
4828.000 1.639
4831.000 1.767
4834.000 1.886
4837.000 1.948
4840.000 1.965
4843.000 1.978
4846.000 1.940
4849.000 1.900
4852.000 1.809
4855.000 1.702
4858.000 1.653
4861.000 1.556
4864.000 1.506
4867.000 1.418
4870.000 1.343
4873.000 1.314
4876.000 1.260
4879.000 1.232
4882.000 1.201
4885.000 1.153
4888.000 1.137
4891.000 1.105
4894.000 1.089
4897.000 1.068
4900.000 1.049
4903.000 1.045
4906.000 1.019
4909.000 1.013
4912.000 1.007
4915.000 0.988
4918.000 0.983
4921.000 0.979
4924.000 0.987
4927.000 0.978
4930.000 0.962
4933.000 0.964
4936.000 0.951
4939.000 0.952
4942.000 0.952
4945.000 0.949
4948.000 0.948
4951.000 0.960
4954.000 0.954
4957.000 0.980
4960.000 1.018
4963.000 1.018
4966.000 1.005
4969.000 1.061
4972.000 1.057
4975.000 1.051
4978.000 1.062
4981.000 1.055
4984.000 1.050
4987.000 1.063
4990.000 1.075
4993.000 1.063
4996.000 1.094
4999.000 1.105
5002.000 1.123
5005.000 1.190
5008.000 1.294
5011.000 1.338
5014.000 1.335
5017.000 1.343
5020.000 1.339
5023.000 1.336
5026.000 1.351
5029.000 1.377
5032.000 1.399
5035.000 1.455
5038.000 1.499
5041.000 1.825
5044.000 2.529
5047.000 2.751
5050.000 2.569
5053.000 2.474
5056.000 2.333
5059.000 2.278
5062.000 2.235
5065.000 2.224
5068.000 2.231
5071.000 2.288
5074.000 2.324
5077.000 2.369
5080.000 2.352
5083.000 2.314
5086.000 2.239
5089.000 2.155
5092.000 1.938
5095.000 1.709
5098.000 1.588
5101.000 1.366
5104.000 1.253
5107.000 1.066
5110.000 1.003
5113.000 0.848
5116.000 0.717
5119.000 0.655
5122.000 0.558
5125.000 0.513
5128.000 0.446
5131.000 0.397
5134.000 0.363
5137.000 0.293
5140.000 0.266
5143.000 0.217
5146.000 0.180
5149.000 0.167
5152.000 0.143
5155.000 0.135
5158.000 0.125
5161.000 0.118
5164.000 0.116
5167.000 0.117
5170.000 0.116
5173.000 0.119
5176.000 0.128
5179.000 0.129
5182.000 0.134
5185.000 0.137
5188.000 0.143
5191.000 0.153
5194.000 0.156
5197.000 0.164
5200.000 0.167
5203.000 0.179
5206.000 0.187
5209.000 0.190
5212.000 0.196
5215.000 0.200
5218.000 0.209
5221.000 0.217
5224.000 0.224
5227.000 0.232
5230.000 0.235
5233.000 0.245
5236.000 0.255
5239.000 0.260
5242.000 0.262
5245.000 0.266
5248.000 0.271
5251.000 0.274
5254.000 0.276
5257.000 0.288
5260.000 0.291
5263.000 0.291
5266.000 0.299
5269.000 0.304
5272.000 0.309
5275.000 0.309
5278.000 0.308
5281.000 0.310
5284.000 0.307
5287.000 0.313
5290.000 0.312
5293.000 0.312
5296.000 0.312
5299.000 0.317
5302.000 0.320
5305.000 0.319
5308.000 0.323
5311.000 0.329
5314.000 0.327
5317.000 0.326
5320.000 0.326
5323.000 0.331
5326.000 0.329
5329.000 0.329
5332.000 0.334
5335.000 0.334
5338.000 0.332
5341.000 0.336
5344.000 0.336
5347.000 0.336
5350.000 0.337
5353.000 0.339
5356.000 0.337
5359.000 0.332
5362.000 0.337
5365.000 0.337
5368.000 0.367
5371.000 0.362
5374.000 0.358
5377.000 0.357
5380.000 0.354
5383.000 0.351
5386.000 0.350
5389.000 0.352
5392.000 0.351
5395.000 0.351
5398.000 0.349
5401.000 0.346
5404.000 0.350
5407.000 0.351
5410.000 0.350
5413.000 0.352
5416.000 0.347
5419.000 0.343
5422.000 0.343
5425.000 0.344
5428.000 0.348
5431.000 0.346
5434.000 0.346
5437.000 0.349
5440.000 0.354
5443.000 0.354
5446.000 0.353
5449.000 0.350
5452.000 0.360
5455.000 0.361
5458.000 0.363
5461.000 0.359
5464.000 0.353
5467.000 0.355
5470.000 0.354
5473.000 0.354
5476.000 0.352
5479.000 0.350
5482.000 0.351
5485.000 0.351
5488.000 0.351
5491.000 0.350
5494.000 0.363
5497.000 0.367
5500.000 0.365
5503.000 0.364
5506.000 0.362
5509.000 0.370
5512.000 0.366
5515.000 0.376
5518.000 0.370
5521.000 0.370
5524.000 0.370
5527.000 0.370
5530.000 0.365
5533.000 0.366
5536.000 0.363
5539.000 0.360
5542.000 0.368
5545.000 0.370
5548.000 0.370
5551.000 0.374
5554.000 0.370
5557.000 0.369
5560.000 0.370
5563.000 0.368
5566.000 0.364
5569.000 0.363
5572.000 0.359
5575.000 0.361
5578.000 0.362
5581.000 0.362
5584.000 0.361
5587.000 0.364
5590.000 0.363
5593.000 0.359
5596.000 0.363
5599.000 0.362
5602.000 0.383
5605.000 0.386
5608.000 0.384
5611.000 0.380
5614.000 0.373
5617.000 0.371
5620.000 0.372
5623.000 0.387
5626.000 0.395
5629.000 0.388
5632.000 0.381
5635.000 0.378
5638.000 0.372
5641.000 0.368
5644.000 0.370
5647.000 0.368
5650.000 0.366
5653.000 0.362
5656.000 0.362
5659.000 0.366
5662.000 0.372
5665.000 0.370
5668.000 0.365
5671.000 0.363
5674.000 0.363
5677.000 0.368
5680.000 0.391
5683.000 0.388
5686.000 0.386
5689.000 0.379
5692.000 0.386
5695.000 0.379
5698.000 0.377
5701.000 0.379
5704.000 0.371
5707.000 0.375
5710.000 0.380
5713.000 0.381
5716.000 0.380
5719.000 0.377
5722.000 0.382
5725.000 0.380
5728.000 0.376
5731.000 0.375
5734.000 0.375
5737.000 0.373
5740.000 0.372
5743.000 0.371
5746.000 0.371
5749.000 0.420
5752.000 0.412
5755.000 0.404
5758.000 0.393
5761.000 0.390
5764.000 0.383
5767.000 0.392
5770.000 0.387
5773.000 0.381
5776.000 0.380
5779.000 0.377
5782.000 0.386
5785.000 0.384
5788.000 0.380
5791.000 0.379
5794.000 0.378
5797.000 0.391
5800.000 0.394
5803.000 0.394
5806.000 0.395
5809.000 0.390
5812.000 0.386
5815.000 0.384
5818.000 0.378
5821.000 0.380
5824.000 0.379
5827.000 0.377
5830.000 0.378
5833.000 0.378
5836.000 0.379
5839.000 0.380
5842.000 0.378
5845.000 0.379
5848.000 0.376
5851.000 0.378
5854.000 0.385
5857.000 0.384
5860.000 0.383
5863.000 0.380
5866.000 0.380
5869.000 0.381
5872.000 0.384
5875.000 0.382
5878.000 0.382
5881.000 0.389
5884.000 0.394
5887.000 0.395
5890.000 0.405
5893.000 0.406
5896.000 0.400
5899.000 0.402
5902.000 0.431
5905.000 0.419
5908.000 0.403
5911.000 0.403
5914.000 0.397
5917.000 0.394
5920.000 0.392
5923.000 0.389
5926.000 0.388
5929.000 0.393
5932.000 0.397
5935.000 0.397
5938.000 0.399
5941.000 0.400
5944.000 0.397
5947.000 0.392
5950.000 0.387
5953.000 0.394
5956.000 0.386
5959.000 0.388
5962.000 0.393
5965.000 0.389
5968.000 0.408
5971.000 0.400
5974.000 0.397
5977.000 0.395
5980.000 0.400
5983.000 0.388
5986.000 0.391
5989.000 0.387
5992.000 0.398
5995.000 0.393
5998.000 0.436
6001.000 0.441
6004.000 0.425
6007.000 0.420
6010.000 0.406
6013.000 0.401
6016.000 0.412
6019.000 0.400
6022.000 0.401
6025.000 0.410
6028.000 0.397
6031.000 0.400
6034.000 0.400
6037.000 0.396
6040.000 0.392
6043.000 0.390
6046.000 0.383
6049.000 0.389
6052.000 0.386
6055.000 0.386
6058.000 0.380
6061.000 0.389
6064.000 0.382
6067.000 0.382
6070.000 0.382
6073.000 0.384
6076.000 0.391
6079.000 0.390
6082.000 0.383
6085.000 0.384
6088.000 0.380
6091.000 0.382
6094.000 0.383
6097.000 0.385
6100.000 0.384
6103.000 0.384
6106.000 0.388
6109.000 0.386
6112.000 0.387
6115.000 0.386
6118.000 0.386
6121.000 0.387
6124.000 0.384
6127.000 0.386
6130.000 0.385
6133.000 0.385
6136.000 0.388
6139.000 0.389
6142.000 0.389
6145.000 0.389
6148.000 0.390
6151.000 0.389
6154.000 0.388
6157.000 0.389
6160.000 0.388
6163.000 0.391
6166.000 0.392
6169.000 0.396
6172.000 0.393
6175.000 0.388
6178.000 0.387
6181.000 0.388
6184.000 0.389
6187.000 0.391
6190.000 0.389
6193.000 0.389
6196.000 0.394
6199.000 0.394
6202.000 0.394
6205.000 0.393
6208.000 0.394
6211.000 0.393
6214.000 0.422
6217.000 0.431
6220.000 0.424
6223.000 0.419
6226.000 0.411
6229.000 0.414
6232.000 0.417
6235.000 0.406
6238.000 0.402
6241.000 0.397
6244.000 0.398
6247.000 0.398
6250.000 0.395
6253.000 0.393
6256.000 0.394
6259.000 0.392
6262.000 0.393
6265.000 0.390
6268.000 0.394
6271.000 0.390
6274.000 0.395
6277.000 0.397
6280.000 0.396
6283.000 0.393
6286.000 0.395
6289.000 0.392
6292.000 0.398
6295.000 0.403
6298.000 0.404
6301.000 0.407
6304.000 0.405
6307.000 0.419
6310.000 0.423
6313.000 0.417
6316.000 0.412
6319.000 0.409
6322.000 0.405
6325.000 0.403
6328.000 0.402
6331.000 0.401
6334.000 0.405
6337.000 0.405
6340.000 0.409
6343.000 0.405
6346.000 0.403
6349.000 0.385
6352.000 0.396
6355.000 0.401
6358.000 0.404
6361.000 0.406
6364.000 0.408
6367.000 0.410
6370.000 0.408
6373.000 0.410
6376.000 0.409
6379.000 0.411
6382.000 0.415
6385.000 0.415
6388.000 0.415
6391.000 0.414
6394.000 0.414
6397.000 0.415
6400.000 0.416
6403.000 0.417
6406.000 0.420
6409.000 0.419
6412.000 0.457
6415.000 0.458
6418.000 0.458
6421.000 0.455
6424.000 0.449
6427.000 0.444
6430.000 0.444
6433.000 0.441
6436.000 0.439
6439.000 0.443
6442.000 0.443
6445.000 0.471
6448.000 0.494
6451.000 0.486
6454.000 0.481
6457.000 0.479
6460.000 0.488
6463.000 0.487
6466.000 0.484
6469.000 0.481
6472.000 0.480
6475.000 0.508
6478.000 0.515
6481.000 0.515
6484.000 0.514
6487.000 0.517
6490.000 0.533
6493.000 0.531
6496.000 0.530
6499.000 0.533
6502.000 0.533
6505.000 0.572
6508.000 0.575
6511.000 0.580
6514.000 0.584
6517.000 0.590
6520.000 0.597
6523.000 0.605
6526.000 0.613
6529.000 0.620
6532.000 0.637
6535.000 0.665
6538.000 0.702
6541.000 0.735
6544.000 0.741
6547.000 0.757
6550.000 0.778
6553.000 0.791
6556.000 0.831
6559.000 0.843
6562.000 0.879
6565.000 0.922
6568.000 0.941
6571.000 0.994
6574.000 1.047
6577.000 1.133
6580.000 1.195
6583.000 1.231
6586.000 1.312
6589.000 1.358
6592.000 1.465
6595.000 1.594
6598.000 1.669
6601.000 1.832
6604.000 1.927
6607.000 2.139
6610.000 2.386
6613.000 2.526
6616.000 2.827
6619.000 2.993
6622.000 3.373
6625.000 3.731
6628.000 3.863
6631.000 4.056
6634.000 4.109
6637.000 4.083
6640.000 3.900
6643.000 3.778
6646.000 3.538
6649.000 3.426
6652.000 3.256
6655.000 3.140
6658.000 3.091
6661.000 2.993
6664.000 2.944
6667.000 2.855
6670.000 2.778
6673.000 2.754
6676.000 2.736
6679.000 2.714
6682.000 2.673
6685.000 2.753
6688.000 2.728
6691.000 2.695
6694.000 2.684
6697.000 2.671
6700.000 2.676
6703.000 2.692
6706.000 2.730
6709.000 2.757
6712.000 2.841
6715.000 2.873
6718.000 2.933
6721.000 3.009
6724.000 3.053
6727.000 3.149
6730.000 3.196
6733.000 3.295
6736.000 3.548
6739.000 3.571
6742.000 3.625
6745.000 3.651
6748.000 3.720
6751.000 3.747
6754.000 3.790
6757.000 3.786
6760.000 3.810
6763.000 3.734
6766.000 3.716
6769.000 3.684
6772.000 3.626
6775.000 3.584
6778.000 3.482
6781.000 3.364
6784.000 3.325
6787.000 3.230
6790.000 3.177
6793.000 3.157
6796.000 3.019
6799.000 2.949
6802.000 2.844
6805.000 2.791
6808.000 2.696
6811.000 2.618
6814.000 2.589
6817.000 2.542
6820.000 2.508
6823.000 2.450
6826.000 2.409
6829.000 2.386
6832.000 2.343
6835.000 2.328
6838.000 2.291
6841.000 2.261
6844.000 2.249
6847.000 2.232
6850.000 2.223
6853.000 2.214
6856.000 2.197
6859.000 2.197
6862.000 2.201
6865.000 2.199
6868.000 2.203
6871.000 2.196
6874.000 2.195
6877.000 2.240
6880.000 2.229
6883.000 2.263
6886.000 2.272
6889.000 2.279
6892.000 2.305
6895.000 2.309
6898.000 2.331
6901.000 2.381
6904.000 2.390
6907.000 2.526
6910.000 2.550
6913.000 2.559
6916.000 2.579
6919.000 2.591
6922.000 2.625
6925.000 2.639
6928.000 2.692
6931.000 2.760
6934.000 2.784
6937.000 2.817
6940.000 2.900
6943.000 3.039
6946.000 3.021
6949.000 4.515
6952.000 4.761
6955.000 4.906
6958.000 4.838
6961.000 4.963
6964.000 4.767
6967.000 4.389
6970.000 4.109
6973.000 3.996
6976.000 3.833
6979.000 3.770
6982.000 3.678
6985.000 3.683
6988.000 3.712
6991.000 3.718
6994.000 3.718
6997.000 3.692
7000.000 3.676
7003.000 3.599
7006.000 3.522
7009.000 3.480
7012.000 3.387
7015.000 3.433
7018.000 3.430
7021.000 3.267
7024.000 3.206
7027.000 3.048
7030.000 2.943
7033.000 2.819
7036.000 2.692
7039.000 2.637
7042.000 2.532
7045.000 2.484
7048.000 2.396
7051.000 2.288
7054.000 2.239
7057.000 3.305
7060.000 3.217
7063.000 3.121
7066.000 3.144
7069.000 2.808
7072.000 2.444
7075.000 2.300
7078.000 2.584
7081.000 2.761
7084.000 2.707
7087.000 2.625
7090.000 2.437
7093.000 2.128
7096.000 2.113
7099.000 2.430
7102.000 2.418
7105.000 2.265
7108.000 1.983
7111.000 1.868
7114.000 1.691
7117.000 1.851
7120.000 2.135
7123.000 2.199
7126.000 2.131
7129.000 1.877
7132.000 1.695
7135.000 1.624
7138.000 1.507
7141.000 1.459
7144.000 1.395
7147.000 1.371
7150.000 1.366
7153.000 1.365
7156.000 1.363
7159.000 1.365
7162.000 2.105
7165.000 2.145
7168.000 2.237
7171.000 2.166
7174.000 2.127
7177.000 1.901
7180.000 1.813
7183.000 2.275
7186.000 2.247
7189.000 2.149
7192.000 1.952
7195.000 1.872
7198.000 1.743
7201.000 2.180
7204.000 2.317
7207.000 2.397
7210.000 2.389
7213.000 2.170
7216.000 2.086
7219.000 1.954
7222.000 1.862
7225.000 1.828
7228.000 1.801
7231.000 1.806
7234.000 1.854
7237.000 1.904
7240.000 1.933
7243.000 1.982
7246.000 2.011
7249.000 2.059
7252.000 2.106
7255.000 2.132
7258.000 2.169
7261.000 2.188
7264.000 2.231
7267.000 2.249
7270.000 2.262
7273.000 2.273
7276.000 2.277
7279.000 2.273
7282.000 2.252
7285.000 2.235
7288.000 3.543
7291.000 3.490
7294.000 3.250
7297.000 3.175
7300.000 3.142
7303.000 2.892
7306.000 2.702
7309.000 2.386
7312.000 2.145
7315.000 2.052
7318.000 2.688
7321.000 2.675
7324.000 2.673
7327.000 2.597
7330.000 2.419
7333.000 2.122
7336.000 2.001
7339.000 1.808
7342.000 1.662
7345.000 1.610
7348.000 1.545
7351.000 1.536
7354.000 2.087
7357.000 2.256
7360.000 2.334
7363.000 2.224
7366.000 2.070
7369.000 1.821
7372.000 1.634
7375.000 1.563
7378.000 1.452
7381.000 2.124
7384.000 2.077
7387.000 1.918
7390.000 1.802
7393.000 1.605
7396.000 1.531
7399.000 1.397
7402.000 1.305
7405.000 1.272
7408.000 1.240
7411.000 1.236
7414.000 1.234
7417.000 1.227
7420.000 1.237
7423.000 1.232
7426.000 1.232
7429.000 1.237
7432.000 1.248
7435.000 1.246
7438.000 1.256
7441.000 1.259
7444.000 1.265
7447.000 1.270
7450.000 1.273
7453.000 1.288
7456.000 1.291
7459.000 1.307
7462.000 1.318
7465.000 1.342
7468.000 1.355
7471.000 1.365
7474.000 1.389
7477.000 1.399
7480.000 1.420
7483.000 1.454
7486.000 1.465
7489.000 1.499
7492.000 1.519
7495.000 1.555
7498.000 1.593
7501.000 1.612
7504.000 1.658
7507.000 1.682
7510.000 1.732
7513.000 1.786
7516.000 1.813
7519.000 1.868
7522.000 1.899
7525.000 1.964
7528.000 2.027
7531.000 2.061
7534.000 2.131
7537.000 2.164
7540.000 2.230
7543.000 2.298
7546.000 2.333
7549.000 2.395
7552.000 2.420
7555.000 2.467
7558.000 2.511
7561.000 2.523
7564.000 2.532
7567.000 2.525
7570.000 2.519
7573.000 2.475
7576.000 2.454
7579.000 2.397
7582.000 2.365
7585.000 2.293
7588.000 2.205
7591.000 2.149
7594.000 2.056
7597.000 2.002
7600.000 1.909
7603.000 1.829
7606.000 1.775
7609.000 1.702
7612.000 1.664
7615.000 1.589
7618.000 1.526
7621.000 1.482
7624.000 1.418
7627.000 1.388
7630.000 1.325
7633.000 1.270
7636.000 1.244
7639.000 1.191
7642.000 1.168
7645.000 1.136
7648.000 1.101
7651.000 1.081
7654.000 1.050
7657.000 1.035
7660.000 1.007
7663.000 0.975
7666.000 0.962
7669.000 0.936
7672.000 0.922
7675.000 0.896
7678.000 0.877
7681.000 0.866
7684.000 0.850
7687.000 0.840
7690.000 0.828
7693.000 0.810
7696.000 0.803
7699.000 0.785
7702.000 0.780
7705.000 0.772
7708.000 0.758
7711.000 0.753
7714.000 0.745
7717.000 0.740
7720.000 0.733
7723.000 0.727
7726.000 0.722
7729.000 0.718
7732.000 0.719
7735.000 0.711
7738.000 0.712
7741.000 0.715
7744.000 0.714
7747.000 0.712
7750.000 0.713
7753.000 0.714
7756.000 0.716
7759.000 0.723
7762.000 0.724
7765.000 0.733
7768.000 0.740
7771.000 0.742
7774.000 0.758
7777.000 0.765
7780.000 0.779
7783.000 0.792
7786.000 0.806
7789.000 0.830
7792.000 0.847
7795.000 0.872
7798.000 0.883
7801.000 0.912
7804.000 0.951
7807.000 0.971
7810.000 0.996
7813.000 1.016
7816.000 1.051
7819.000 1.091
7822.000 1.109
7825.000 1.138
7828.000 1.155
7831.000 1.174
7834.000 1.179
7837.000 1.177
7840.000 1.163
7843.000 1.152
7846.000 1.128
7849.000 1.101
7852.000 1.084
7855.000 1.050
7858.000 1.039
7861.000 0.999
7864.000 0.968
7867.000 0.951
7870.000 0.915
7873.000 0.906
7876.000 0.877
7879.000 0.850
7882.000 0.838
7885.000 0.812
7888.000 0.806
7891.000 0.785
7894.000 0.772
7897.000 0.765
7900.000 0.749
7903.000 0.748
7906.000 0.736
7909.000 0.725
7912.000 0.719
7915.000 0.713
7918.000 0.710
7921.000 0.703
7924.000 0.700
7927.000 0.695
7930.000 0.697
7933.000 0.693
7936.000 0.698
7939.000 0.693
7942.000 0.694
7945.000 0.696
7948.000 0.699
7951.000 0.699
7954.000 0.707
7957.000 0.710
7960.000 0.713
7963.000 0.717
7966.000 0.724
7969.000 0.732
7972.000 0.736
7975.000 0.747
7978.000 0.758
7981.000 0.776
7984.000 0.780
7987.000 0.797
7990.000 0.813
7993.000 0.817
7996.000 0.844
7999.000 0.887
8002.000 0.902
8005.000 0.928
8008.000 0.941
8011.000 0.975
8014.000 0.985
8017.000 0.994
8020.000 0.988
8023.000 0.992
8026.000 0.977
8029.000 0.936
8032.000 0.924
8035.000 0.872
8038.000 0.838
8041.000 0.787
8044.000 0.728
8047.000 0.695
8050.000 0.648
8053.000 0.618
8056.000 0.578
8059.000 0.542
8062.000 0.525
8065.000 0.501
8068.000 0.491
8071.000 0.473
8074.000 0.459
8077.000 0.449
8080.000 0.438
8083.000 0.436
8086.000 0.425
8089.000 0.412
8092.000 0.408
8095.000 0.396
8098.000 0.395
8101.000 0.389
8104.000 0.383
8107.000 0.380
8110.000 0.377
8113.000 0.379
8116.000 0.375
8119.000 0.372
8122.000 0.373
8125.000 0.373
8128.000 0.370
8131.000 0.367
8134.000 0.366
8137.000 0.365
8140.000 0.362
8143.000 0.360
8146.000 0.361
8149.000 0.361
8152.000 0.361
8155.000 0.364
8158.000 0.362
8161.000 0.368
8164.000 0.367
8167.000 0.371
8170.000 0.369
8173.000 0.371
8176.000 0.374
8179.000 0.377
8182.000 0.380
8185.000 0.379
8188.000 0.378
8191.000 0.376
8194.000 0.375
8197.000 0.371
8200.000 0.370
8203.000 0.369
8206.000 0.367
8209.000 0.367
8212.000 0.367
8215.000 0.365
8218.000 0.365
8221.000 0.366
8224.000 0.366
8227.000 0.365
8230.000 0.369
8233.000 0.367
8236.000 0.367
8239.000 0.366
8242.000 0.367
8245.000 0.367
8248.000 0.369
8251.000 0.369
8254.000 0.367
8257.000 0.368
8260.000 0.369
8263.000 0.368
8266.000 0.367
8269.000 0.368
8272.000 0.368
8275.000 0.372
8278.000 0.370
8281.000 0.371
8284.000 0.370
8287.000 0.370
8290.000 0.367
8293.000 0.370
8296.000 0.372
8299.000 0.371
8302.000 0.372
8305.000 0.369
8308.000 0.372
8311.000 0.370
8314.000 0.370
8317.000 0.371
8320.000 0.371
8323.000 0.370
8326.000 0.373
8329.000 0.372
8332.000 0.373
8335.000 0.372
8338.000 0.373
8341.000 0.374
8344.000 0.371
8347.000 0.371
8350.000 0.370
8353.000 0.374
8356.000 0.372
8359.000 0.373
8362.000 0.377
8365.000 0.375
8368.000 0.373
8371.000 0.374
8374.000 0.375
8377.000 0.376
8380.000 0.377
8383.000 0.375
8386.000 0.378
8389.000 0.377
8392.000 0.374
8395.000 0.377
8398.000 0.376
8401.000 0.374
8404.000 0.377
8407.000 0.376
8410.000 0.378
8413.000 0.375
8416.000 0.375
8419.000 0.376
8422.000 0.377
8425.000 0.379
8428.000 0.377
8431.000 0.377
8434.000 0.379
8437.000 0.380
8440.000 0.381
8443.000 0.377
8446.000 0.380
8449.000 0.379
8452.000 0.378
8455.000 0.382
8458.000 0.380
8461.000 0.380
8464.000 0.379
8467.000 0.379
8470.000 0.379
8473.000 0.378
8476.000 0.378
8479.000 0.379
8482.000 0.379
8485.000 0.379
8488.000 0.379
8491.000 0.382
8494.000 0.380
8497.000 0.380
8500.000 0.381
8503.000 0.381
8506.000 0.379
8509.000 0.379
8512.000 0.381
8515.000 0.383
8518.000 0.382
8521.000 0.385
8524.000 0.385
8527.000 0.383
8530.000 0.386
8533.000 0.384
8536.000 0.383
8539.000 0.384
8542.000 0.384
8545.000 0.381
8548.000 0.382
8551.000 0.382
8554.000 0.383
8557.000 0.386
8560.000 0.387
8563.000 0.388
8566.000 0.384
8569.000 0.387
8572.000 0.387
8575.000 0.386
8578.000 0.382
8581.000 0.383
8584.000 0.386
8587.000 0.388
8590.000 0.387
8593.000 0.385
8596.000 0.386
8599.000 0.386
8602.000 0.386
8605.000 0.387
8608.000 0.383
8611.000 0.386
8614.000 0.386
8617.000 0.387
8620.000 0.388
8623.000 0.388
8626.000 0.388
8629.000 0.389
8632.000 0.390
8635.000 0.392
8638.000 0.390
8641.000 0.391
8644.000 0.391
8647.000 0.389
8650.000 0.388
8653.000 0.389
8656.000 0.390
8659.000 0.389
8662.000 0.390
8665.000 0.391
8668.000 0.390
8671.000 0.388
8674.000 0.391
8677.000 0.394
8680.000 0.393
8683.000 0.391
8686.000 0.393
8689.000 0.391
8692.000 0.393
8695.000 0.393
8698.000 0.388
8701.000 0.390
8704.000 0.392
8707.000 0.392
8710.000 0.393
8713.000 0.389
8716.000 0.394
8719.000 0.392
8722.000 0.393
8725.000 0.392
8728.000 0.387
8731.000 0.391
8734.000 0.394
8737.000 0.390
8740.000 0.392
8743.000 0.389
8746.000 0.389
8749.000 0.394
8752.000 0.396
8755.000 0.394
8758.000 0.393
8761.000 0.395
8764.000 0.394
8767.000 0.394
8770.000 0.393
8773.000 0.394
8776.000 0.393
8779.000 0.396
8782.000 0.396
8785.000 0.394
8788.000 0.398
8791.000 0.399
8794.000 0.396
8797.000 0.396
8800.000 0.397
8803.000 0.399
8806.000 0.400
8809.000 0.398
8812.000 0.398
8815.000 0.397
8818.000 0.394
8821.000 0.394
8824.000 0.425
8827.000 0.429
8830.000 0.406
8833.000 0.416
8836.000 0.422
8839.000 0.396
8842.000 0.405
8845.000 0.398
8848.000 0.393
8851.000 0.394
8854.000 0.399
8857.000 0.396
8860.000 0.395
8863.000 0.395
8866.000 0.393
8869.000 0.395
8872.000 0.394
8875.000 0.392
8878.000 0.393
8881.000 0.396
8884.000 0.396
8887.000 0.396
8890.000 0.397
8893.000 0.397
8896.000 0.398
8899.000 0.399
8902.000 0.399
8905.000 0.400
8908.000 0.399
8911.000 0.398
8914.000 0.400
8917.000 0.405
8920.000 0.404
8923.000 0.406
8926.000 0.407
8929.000 0.404
8932.000 0.407
8935.000 0.407
8938.000 0.404
8941.000 0.404
8944.000 0.408
8947.000 0.404
8950.000 0.402
8953.000 0.408
8956.000 0.409
8959.000 0.407
8962.000 0.405
8965.000 0.406
8968.000 0.409
8971.000 0.404
8974.000 0.402
8977.000 0.401
8980.000 0.404
8983.000 0.402
8986.000 0.399
8989.000 0.399
8992.000 0.396
8995.000 0.404
8998.000 0.391
9001.000 0.400
9004.000 0.401
9007.000 0.397
9010.000 0.397
9013.000 0.389
9016.000 0.391
9019.000 0.398
9022.000 0.397
9025.000 0.403
9028.000 0.404
9031.000 0.403
9034.000 0.398
9037.000 0.396
9040.000 0.397
9043.000 0.397
9046.000 0.402
9049.000 0.401
9052.000 0.401
9055.000 0.402
9058.000 0.401
9061.000 0.397
9064.000 0.401
9067.000 0.403
9070.000 0.408
9073.000 0.408
9076.000 0.410
9079.000 0.406
9082.000 0.406
9085.000 0.405
9088.000 0.406
9091.000 0.408
9094.000 0.411
9097.000 0.409
9100.000 0.411
9103.000 0.411
9106.000 0.409
9109.000 0.405
9112.000 0.407
9115.000 0.411
9118.000 0.414
9121.000 0.412
9124.000 0.410
9127.000 0.410
9130.000 0.408
9133.000 0.409
9136.000 0.410
9139.000 0.409
9142.000 0.410
9145.000 0.406
9148.000 0.405
9151.000 0.405
9154.000 0.404
9157.000 0.406
9160.000 0.404
9163.000 0.404
9166.000 0.400
9169.000 0.401
9172.000 0.402
9175.000 0.399
9178.000 0.404
9181.000 0.403
9184.000 0.405
9187.000 0.405
9190.000 0.405
9193.000 0.406
9196.000 0.407
9199.000 0.407
9202.000 0.407
9205.000 0.409
9208.000 0.407
9211.000 0.408
9214.000 0.412
9217.000 0.409
9220.000 0.413
9223.000 0.411
9226.000 0.409
9229.000 0.411
9232.000 0.410
9235.000 0.410
9238.000 0.411
9241.000 0.409
9244.000 0.410
9247.000 0.407
9250.000 0.408
9253.000 0.409
9256.000 0.409
9259.000 0.409
9262.000 0.408
9265.000 0.408
9268.000 0.409
9271.000 0.410
9274.000 0.411
9277.000 0.411
9280.000 0.410
9283.000 0.411
9286.000 0.410
9289.000 0.408
9292.000 0.410
9295.000 0.408
9298.000 0.412
9301.000 0.413
9304.000 0.411
9307.000 0.410
9310.000 0.414
9313.000 0.412
9316.000 0.412
9319.000 0.412
9322.000 0.410
9325.000 0.411
9328.000 0.413
9331.000 0.415
9334.000 0.414
9337.000 0.411
9340.000 0.412
9343.000 0.414
9346.000 0.414
9349.000 0.413
9352.000 0.413
9355.000 0.416
9358.000 0.415
9361.000 0.413
9364.000 0.412
9367.000 0.413
9370.000 0.420
9373.000 0.419
9376.000 0.417
9379.000 0.417
9382.000 0.416
9385.000 0.415
9388.000 0.414
9391.000 0.416
9394.000 0.415
9397.000 0.415
9400.000 0.415
9403.000 0.412
9406.000 0.415
9409.000 0.415
9412.000 0.414
9415.000 0.414
9418.000 0.410
9421.000 0.416
9424.000 0.415
9427.000 0.413
9430.000 0.413
9433.000 0.415
9436.000 0.414
9439.000 0.415
9442.000 0.417
9445.000 0.418
9448.000 0.417
9451.000 0.415
9454.000 0.415
9457.000 0.416
9460.000 0.417
9463.000 0.417
9466.000 0.417
9469.000 0.417
9472.000 0.417
9475.000 0.417
9478.000 0.416
9481.000 0.417
9484.000 0.415
9487.000 0.415
9490.000 0.415
9493.000 0.414
9496.000 0.420
9499.000 0.417
9502.000 0.417
9505.000 0.417
9508.000 0.414
9511.000 0.413
9514.000 0.433
9517.000 0.433
9520.000 0.427
9523.000 0.429
9526.000 0.424
9529.000 0.423
9532.000 0.424
9535.000 0.417
9538.000 0.420
9541.000 0.421
9544.000 0.427
9547.000 0.426
9550.000 0.421
9553.000 0.420
9556.000 0.423
9559.000 0.418
9562.000 0.416
9565.000 0.419
9568.000 0.413
9571.000 0.417
9574.000 0.414
9577.000 0.415
9580.000 0.414
9583.000 0.416
9586.000 0.415
9589.000 0.411
9592.000 0.413
9595.000 0.412
9598.000 0.421
9601.000 0.422
9604.000 0.423
9607.000 0.420
9610.000 0.412
9613.000 0.412
9616.000 0.422
9619.000 0.418
9622.000 0.419
9625.000 0.415
9628.000 0.415
9631.000 0.411
9634.000 0.410
9637.000 0.410
9640.000 0.411
9643.000 0.410
9646.000 0.409
9649.000 0.408
9652.000 0.406
9655.000 0.405
9658.000 0.405
9661.000 0.404
9664.000 0.402
9667.000 0.402
9670.000 0.403
9673.000 0.400
9676.000 0.402
9679.000 0.399
9682.000 0.398
9685.000 0.398
9688.000 0.398
9691.000 0.397
9694.000 0.395
9697.000 0.394
9700.000 0.393
9703.000 0.393
9706.000 0.390
9709.000 0.389
9712.000 0.396
9715.000 0.394
9718.000 0.393
9721.000 0.390
9724.000 0.387
9727.000 0.385
9730.000 0.382
9733.000 0.381
9736.000 0.376
9739.000 0.375
9742.000 0.371
9745.000 0.367
9748.000 0.368
9751.000 0.362
9754.000 0.363
9757.000 0.354
9760.000 0.352
9763.000 0.348
9766.000 0.348
9769.000 0.343
9772.000 0.339
9775.000 0.333
9778.000 0.331
9781.000 0.335
9784.000 0.330
9787.000 0.320
9790.000 0.315
9793.000 0.311
9796.000 0.304
9799.000 0.298
9802.000 0.290
9805.000 0.277
9808.000 0.270
9811.000 0.261
9814.000 0.257
9817.000 0.245
9820.000 0.227
9823.000 0.217
9826.000 0.203
9829.000 0.199
9832.000 0.188
9835.000 0.184
9838.000 0.183
9841.000 0.198
9844.000 0.211
9847.000 0.252
9850.000 0.323
9853.000 0.376
9856.000 0.519
9859.000 0.618
9862.000 0.878
9865.000 1.220
9868.000 1.428
9871.000 1.849
9874.000 2.079
9877.000 2.548
9880.000 2.968
9883.000 3.157
9886.000 3.442
9889.000 3.537
9892.000 3.641
9895.000 3.633
9898.000 3.596
9901.000 3.478
9904.000 3.403
9907.000 3.227
9910.000 3.019
9913.000 2.916
9916.000 2.712
9919.000 2.606
9922.000 2.408
9925.000 2.228
9928.000 2.174
9931.000 2.042
9934.000 1.978
9937.000 1.881
9940.000 1.819
9943.000 1.803
9946.000 1.791
9949.000 1.798
9952.000 1.826
9955.000 1.891
9958.000 1.919
9961.000 1.989
9964.000 2.025
9967.000 2.111
9970.000 2.203
9973.000 2.257
9976.000 2.364
9979.000 2.434
9982.000 2.550
9985.000 2.687
9988.000 2.752
9991.000 2.861
9994.000 2.944
9997.000 3.023
10000.000 3.064
10003.000 3.067
10006.000 3.018
10009.000 2.973
10012.000 2.839
10015.000 2.669
10018.000 2.567
10021.000 2.370
10024.000 2.259
10027.000 2.057
10030.000 1.865
10033.000 1.788
10036.000 1.633
10039.000 1.565
10042.000 1.448
10045.000 1.342
10048.000 1.295
10051.000 1.209
10054.000 1.168
10057.000 1.100
10060.000 1.035
10063.000 1.007
10066.000 0.955
10069.000 0.936
10072.000 0.895
10075.000 0.863
10078.000 0.849
10081.000 0.824
10084.000 0.814
10087.000 0.796
10090.000 0.778
10093.000 0.771
10096.000 0.763
10099.000 0.761
10102.000 0.759
10105.000 0.760
10108.000 0.759
10111.000 0.769
10114.000 0.771
10117.000 0.785
10120.000 0.790
10123.000 0.815
10126.000 1.156
10129.000 1.194
10132.000 1.240
10135.000 1.260
10138.000 1.187
10141.000 1.129
10144.000 1.117
10147.000 1.079
10150.000 1.076
10153.000 1.104
10156.000 1.170
10159.000 1.211
10162.000 1.305
10165.000 1.353
10168.000 1.466
10171.000 1.600
10174.000 1.680
10177.000 1.848
10180.000 1.943
10183.000 2.152
10186.000 2.421
10189.000 2.523
10192.000 2.778
10195.000 2.897
10198.000 3.108
10201.000 3.261
10204.000 3.297
10207.000 3.301
10210.000 3.267
10213.000 3.138
10216.000 3.000
10219.000 2.947
10222.000 2.839
10225.000 2.779
10228.000 2.656
10231.000 2.522
10234.000 2.512
10237.000 2.393
10240.000 2.337
10243.000 2.233
10246.000 2.134
10249.000 2.122
10252.000 2.065
10255.000 2.026
10258.000 1.941
10261.000 1.867
10264.000 1.831
10267.000 1.773
10270.000 1.744
10273.000 1.700
10276.000 1.676
10279.000 1.633
10282.000 1.593
10285.000 1.577
10288.000 1.544
10291.000 1.535
10294.000 1.510
10297.000 1.486
10300.000 1.480
10303.000 1.471
10306.000 1.836
10309.000 2.066
10312.000 2.060
10315.000 1.961
10318.000 1.789
10321.000 1.676
10324.000 1.560
10327.000 1.473
10330.000 1.442
10333.000 1.399
10336.000 1.394
10339.000 1.392
10342.000 1.398
10345.000 1.404
10348.000 1.424
10351.000 1.434
10354.000 1.441
10357.000 1.446
10360.000 1.447
10363.000 1.457
10366.000 1.475
10369.000 1.493
10372.000 1.535
10375.000 1.538
10378.000 1.575
10381.000 1.587
10384.000 1.628
10387.000 1.655
10390.000 1.605
10393.000 1.653
10396.000 1.673
10399.000 1.727
10402.000 1.787
10405.000 1.829
10408.000 1.906
10411.000 1.941
10414.000 2.011
10417.000 2.097
10420.000 2.138
10423.000 2.227
10426.000 2.270
10429.000 2.360
10432.000 2.447
10435.000 2.499
10438.000 2.585
10441.000 2.616
10444.000 2.652
10447.000 2.657
10450.000 2.643
10453.000 2.579
10456.000 2.537
10459.000 2.419
10462.000 2.290
10465.000 2.209
10468.000 2.030
10471.000 1.941
10474.000 1.768
10477.000 1.619
10480.000 1.545
10483.000 1.403
10486.000 1.340
10489.000 1.228
10492.000 1.123
10495.000 1.077
10498.000 0.986
10501.000 0.947
10504.000 0.877
10507.000 0.822
10510.000 0.790
10513.000 0.731
10516.000 0.704
10519.000 0.654
10522.000 0.610
10525.000 0.593
10528.000 0.555
10531.000 0.537
10534.000 0.506
10537.000 0.484
10540.000 0.469
10543.000 0.447
10546.000 0.437
10549.000 0.416
10552.000 0.412
10555.000 0.401
10558.000 0.384
10561.000 0.375
10564.000 0.359
10567.000 0.345
10570.000 0.342
10573.000 0.333
10576.000 0.330
10579.000 0.323
10582.000 0.318
10585.000 0.319
10588.000 0.310
10591.000 0.309
10594.000 0.303
10597.000 0.297
10600.000 0.298
10603.000 0.296
10606.000 0.296
10609.000 0.297
10612.000 0.302
10615.000 0.302
10618.000 0.308
10621.000 0.317
10624.000 0.332
10627.000 0.353
10630.000 0.363
10633.000 0.385
10636.000 0.394
10639.000 0.416
10642.000 0.428
10645.000 0.456
10648.000 0.491
10651.000 0.510
10654.000 0.547
10657.000 0.566
10660.000 0.617
10663.000 0.668
10666.000 0.715
10669.000 0.791
10672.000 0.825
10675.000 0.927
10678.000 1.005
10681.000 1.083
10684.000 1.200
10687.000 1.267
10690.000 1.402
10693.000 1.550
10696.000 1.637
10699.000 1.748
10702.000 1.840
10705.000 1.952
10708.000 2.037
10711.000 2.063
10714.000 2.044
10717.000 2.020
10720.000 1.956
10723.000 1.858
10726.000 1.799
10729.000 1.714
10732.000 1.679
10735.000 1.621
10738.000 1.548
10741.000 1.531
10744.000 1.475
10747.000 1.439
10750.000 1.394
10753.000 1.354
10756.000 1.331
10759.000 1.295
10762.000 1.272
10765.000 1.237
10768.000 1.209
10771.000 1.195
10774.000 1.177
10777.000 1.158
10780.000 1.133
10783.000 1.108
10786.000 1.098
10789.000 1.076
10792.000 1.080
10795.000 1.056
10798.000 1.039
10801.000 1.028
10804.000 1.007
10807.000 0.995
10810.000 0.984
10813.000 0.979
10816.000 0.977
10819.000 0.966
10822.000 0.962
10825.000 0.954
10828.000 0.953
10831.000 0.950
10834.000 0.943
10837.000 0.941
10840.000 0.928
10843.000 0.931
10846.000 0.931
10849.000 0.930
10852.000 0.933
10855.000 1.239
10858.000 1.274
10861.000 1.254
10864.000 1.281
10867.000 1.289
10870.000 1.196
10873.000 1.113
10876.000 1.086
10879.000 0.988
10882.000 0.975
10885.000 0.937
10888.000 0.933
10891.000 0.940
10894.000 0.965
10897.000 0.975
10900.000 0.992
10903.000 1.019
10906.000 1.030
10909.000 1.055
10912.000 1.066
10915.000 1.085
10918.000 1.106
10921.000 1.113
10924.000 1.126
10927.000 1.127
10930.000 1.140
10933.000 1.139
10936.000 1.134
10939.000 1.107
10942.000 1.089
10945.000 1.062
10948.000 1.008
10951.000 0.978
10954.000 0.906
10957.000 0.870
10960.000 0.780
10963.000 0.703
10966.000 0.669
10969.000 0.583
10972.000 0.544
10975.000 0.475
10978.000 0.411
10981.000 0.387
10984.000 0.329
10987.000 0.309
10990.000 0.265
10993.000 0.254
10996.000 0.220
10999.000 0.198
11002.000 0.184
11005.000 0.169
11008.000 0.163
11011.000 0.151
11014.000 0.146
11017.000 0.137
11020.000 0.142
11023.000 0.136
11026.000 0.133
11029.000 0.132
11032.000 0.134
11035.000 0.130
11038.000 0.132
11041.000 0.135
11044.000 0.141
11047.000 0.143
11050.000 0.144
11053.000 0.145
11056.000 0.147
11059.000 0.147
11062.000 0.152
11065.000 0.151
11068.000 0.152
11071.000 0.156
11074.000 0.160
11077.000 0.162
11080.000 0.165
11083.000 0.167
11086.000 0.174
11089.000 0.188
11092.000 0.192
11095.000 0.208
11098.000 0.217
11101.000 0.246
11104.000 0.280
11107.000 0.298
11110.000 0.346
11113.000 0.367
11116.000 0.423
11119.000 0.474
11122.000 0.501
11125.000 0.541
11128.000 0.567
11131.000 0.578
11134.000 0.574
11137.000 0.575
11140.000 0.560
11143.000 0.553
11146.000 0.534
11149.000 0.521
11152.000 0.516
11155.000 0.507
11158.000 0.506
11161.000 0.499
11164.000 0.496
11167.000 0.493
11170.000 0.489
11173.000 0.492
11176.000 0.482
11179.000 0.475
11182.000 0.472
11185.000 0.474
11188.000 0.469
11191.000 0.462
11194.000 0.460
11197.000 0.461
11200.000 0.457
11203.000 0.458
11206.000 0.455
11209.000 0.452
11212.000 0.450
11215.000 0.445
11218.000 0.445
11221.000 0.445
11224.000 0.443
11227.000 0.444
11230.000 0.441
11233.000 0.441
11236.000 0.439
11239.000 0.438
11242.000 0.433
11245.000 0.433
11248.000 0.434
11251.000 0.429
11254.000 0.428
11257.000 0.430
11260.000 0.431
11263.000 0.425
11266.000 0.431
11269.000 0.429
11272.000 0.428
11275.000 0.418
11278.000 0.416
11281.000 0.417
11284.000 0.415
11287.000 0.413
11290.000 0.415
11293.000 0.417
11296.000 0.407
11299.000 0.408
11302.000 0.408
11305.000 0.408
11308.000 0.410
11311.000 0.413
11314.000 0.415
11317.000 0.414
11320.000 0.418
11323.000 0.415
11326.000 0.415
11329.000 0.416
11332.000 0.417
11335.000 0.423
11338.000 0.420
11341.000 0.420
11344.000 0.420
11347.000 0.418
11350.000 0.406
11353.000 0.411
11356.000 0.410
11359.000 0.412
11362.000 0.412
11365.000 0.415
11368.000 0.414
11371.000 0.412
11374.000 0.412
11377.000 0.414
11380.000 0.412
11383.000 0.414
11386.000 0.425
11389.000 0.422
11392.000 0.419
11395.000 0.421
11398.000 0.420
11401.000 0.421
11404.000 0.418
11407.000 0.420
11410.000 0.419
11413.000 0.419
11416.000 0.417
11419.000 0.417
11422.000 0.416
11425.000 0.419
11428.000 0.417
11431.000 0.416
11434.000 0.418
11437.000 0.417
11440.000 0.412
11443.000 0.409
11446.000 0.410
11449.000 0.405
11452.000 0.407
11455.000 0.408
11458.000 0.413
11461.000 0.412
11464.000 0.416
11467.000 0.411
11470.000 0.411
11473.000 0.411
11476.000 0.408
11479.000 0.402
11482.000 0.402
11485.000 0.403
11488.000 0.403
11491.000 0.407
11494.000 0.404
11497.000 0.405
11500.000 0.406
11503.000 0.406
11506.000 0.408
11509.000 0.411
11512.000 0.410
11515.000 0.412
11518.000 0.413
11521.000 0.406
11524.000 0.413
11527.000 0.412
11530.000 0.421
11533.000 0.421
11536.000 0.419
11539.000 0.414
11542.000 0.418
11545.000 0.419
11548.000 0.416
11551.000 0.415
11554.000 0.414
11557.000 0.414
11560.000 0.411
11563.000 0.409
11566.000 0.409
11569.000 0.409
11572.000 0.409
11575.000 0.409
11578.000 0.408
11581.000 0.405
11584.000 0.403
11587.000 0.404
11590.000 0.406
11593.000 0.406
11596.000 0.407
11599.000 0.408
11602.000 0.405
11605.000 0.407
11608.000 0.406
11611.000 0.401
11614.000 0.394
11617.000 0.397
11620.000 0.398
11623.000 0.394
11626.000 0.399
11629.000 0.401
11632.000 0.405
11635.000 0.399
11638.000 0.399
11641.000 0.403
11644.000 0.402
11647.000 0.403
11650.000 0.401
11653.000 0.402
11656.000 0.404
11659.000 0.406
11662.000 0.407
11665.000 0.407
11668.000 0.406
11671.000 0.403
11674.000 0.404
11677.000 0.408
11680.000 0.407
11683.000 0.408
11686.000 0.404
11689.000 0.409
11692.000 0.407
11695.000 0.407
11698.000 0.411
11701.000 0.410
11704.000 0.408
11707.000 0.403
11710.000 0.404
11713.000 0.407
11716.000 0.405
11719.000 0.400
11722.000 0.409
11725.000 0.412
11728.000 0.405
11731.000 0.410
11734.000 0.408
11737.000 0.397
11740.000 0.399
11743.000 0.400
11746.000 0.397
11749.000 0.396
11752.000 0.401
11755.000 0.400
11758.000 0.397
11761.000 0.402
11764.000 0.386
11767.000 0.383
11770.000 0.381
11773.000 0.387
11776.000 0.389
11779.000 0.389
11782.000 0.386
11785.000 0.388
11788.000 0.393
11791.000 0.394
11794.000 0.395
11797.000 0.398
11800.000 0.401
11803.000 0.401
11806.000 0.403
11809.000 0.403
11812.000 0.401
11815.000 0.399
11818.000 0.398
11821.000 0.400
11824.000 0.398
11827.000 0.390
11830.000 0.452
11833.000 0.516
11836.000 0.519
11839.000 0.511
11842.000 0.472
11845.000 0.458
11848.000 0.432
11851.000 0.415
11854.000 0.406
11857.000 0.399
11860.000 0.398
11863.000 0.392
11866.000 0.391
11869.000 0.391
11872.000 0.393
11875.000 0.391
11878.000 0.391
11881.000 0.393
11884.000 0.392
11887.000 0.392
11890.000 0.392
11893.000 0.385
11896.000 0.393
11899.000 0.389
11902.000 0.392
11905.000 0.394
11908.000 0.390
11911.000 0.380
11914.000 0.382
11917.000 0.386
11920.000 0.386
11923.000 0.387
11926.000 0.391
11929.000 0.395
11932.000 0.394
11935.000 0.392
11938.000 0.393
11941.000 0.389
11944.000 0.393
11947.000 0.388
11950.000 0.391
11953.000 0.390
11956.000 0.391
11959.000 0.394
11962.000 0.395
11965.000 0.394
11968.000 0.395
11971.000 0.392
11974.000 0.390
11977.000 0.383
11980.000 0.443
11983.000 0.510
11986.000 0.484
11989.000 0.463
11992.000 0.431
11995.000 0.430
11998.000 0.405
12001.000 0.402
