103.000 0.141
106.000 0.233
109.000 0.556
112.000 0.777
115.000 0.859
118.000 0.826
121.000 1.267
124.000 1.970
127.000 1.946
130.000 1.428
133.000 1.823
136.000 1.574
139.000 1.730
142.000 1.994
145.000 2.119
148.000 2.665
151.000 2.531
154.000 3.562
157.000 4.864
160.000 5.705
163.000 6.910
166.000 3.824
169.000 3.767
172.000 4.252
175.000 3.755
178.000 3.677
181.000 3.390
184.000 3.816
187.000 3.910
190.000 4.536
193.000 4.615
196.000 4.416
199.000 5.788
202.000 6.232
205.000 6.003
208.000 7.124
211.000 6.153
214.000 7.264
217.000 6.801
220.000 6.671
223.000 7.673
226.000 7.790
229.000 7.456
232.000 7.376
235.000 6.991
238.000 7.453
241.000 6.621
244.000 6.453
247.000 6.717
250.000 6.978
253.000 6.891
256.000 7.014
259.000 7.219
262.000 7.849
265.000 8.214
268.000 8.859
271.000 8.946
274.000 9.375
277.000 10.261
280.000 10.617
283.000 11.897
286.000 11.869
289.000 13.477
292.000 14.451
295.000 14.744
298.000 16.766
301.000 17.258
304.000 17.882
307.000 19.772
310.000 20.655
313.000 22.953
316.000 24.658
319.000 25.732
322.000 27.759
325.000 29.424
328.000 31.685
331.000 32.501
334.000 34.593
337.000 36.662
340.000 37.719
343.000 39.161
346.000 39.966
349.000 41.738
352.000 42.748
355.000 43.500
358.000 43.478
361.000 44.309
364.000 43.759
367.000 43.829
370.000 43.561
373.000 42.937
376.000 42.629
379.000 41.751
382.000 41.260
385.000 40.899
388.000 40.454
391.000 40.418
394.000 40.674
397.000 41.835
400.000 42.215
403.000 42.856
406.000 43.227
409.000 43.992
412.000 44.547
415.000 44.673
418.000 45.161
421.000 45.221
424.000 45.576
427.000 45.910
430.000 45.917
433.000 45.733
436.000 45.603
439.000 45.182
442.000 44.514
445.000 43.971
448.000 42.863
451.000 42.034
454.000 40.357
457.000 38.371
460.000 37.242
463.000 35.103
466.000 34.087
469.000 32.127
472.000 30.082
475.000 29.125
478.000 27.453
481.000 26.702
484.000 25.315
487.000 24.282
490.000 23.840
493.000 22.870
496.000 22.412
499.000 21.502
502.000 21.041
505.000 20.179
508.000 19.276
511.000 20.964
514.000 19.781
517.000 19.033
520.000 17.708
523.000 16.543
526.000 16.190
529.000 15.504
532.000 15.088
535.000 14.476
538.000 13.894
541.000 13.633
544.000 13.088
547.000 12.815
550.000 12.332
553.000 11.930
556.000 11.699
559.000 11.262
562.000 11.002
565.000 10.490
568.000 9.970
571.000 9.761
574.000 9.798
577.000 9.520
580.000 8.985
583.000 9.209
586.000 9.826
589.000 10.999
592.000 9.895
595.000 9.033
598.000 8.316
601.000 8.043
604.000 7.535
607.000 7.292
610.000 7.004
613.000 6.565
616.000 6.423
619.000 6.113
622.000 6.005
625.000 5.769
628.000 5.566
631.000 5.451
634.000 5.269
637.000 5.184
640.000 5.020
643.000 4.858
646.000 4.774
649.000 4.673
652.000 4.664
655.000 5.135
658.000 5.138
661.000 5.380
664.000 4.780
667.000 4.575
670.000 4.302
673.000 4.151
676.000 4.075
679.000 3.927
682.000 3.879
685.000 3.742
688.000 3.642
691.000 3.662
694.000 3.746
697.000 3.544
700.000 3.408
703.000 3.363
706.000 3.326
709.000 3.246
712.000 3.214
715.000 3.149
718.000 3.170
721.000 3.018
724.000 3.023
727.000 2.988
730.000 2.926
733.000 2.851
736.000 2.876
739.000 2.822
742.000 2.859
745.000 2.989
748.000 3.061
751.000 2.893
754.000 2.803
757.000 2.718
760.000 2.591
763.000 2.493
766.000 2.427
769.000 2.357
772.000 2.308
775.000 2.240
778.000 2.076
781.000 2.131
784.000 2.251
787.000 2.421
790.000 2.499
793.000 2.170
796.000 2.156
799.000 2.069
802.000 2.024
805.000 2.178
808.000 2.212
811.000 2.327
814.000 2.128
817.000 2.057
820.000 1.976
823.000 1.883
826.000 1.880
829.000 1.791
832.000 1.765
835.000 1.685
838.000 1.625
841.000 1.591
844.000 1.594
847.000 1.606
850.000 1.529
853.000 1.540
856.000 1.518
859.000 1.497
862.000 1.486
865.000 1.458
868.000 1.440
871.000 1.431
874.000 1.408
877.000 1.406
880.000 1.391
883.000 1.384
886.000 1.376
889.000 1.374
892.000 1.364
895.000 1.354
898.000 1.338
901.000 1.360
904.000 1.315
907.000 1.325
910.000 1.332
913.000 1.314
916.000 1.310
919.000 1.313
922.000 1.241
925.000 1.357
928.000 1.342
931.000 1.319
934.000 1.334
937.000 1.359
940.000 1.403
943.000 1.356
946.000 1.363
949.000 1.295
952.000 1.291
955.000 1.250
958.000 1.256
961.000 1.230
964.000 2.171
967.000 2.160
970.000 1.905
973.000 1.819
976.000 1.738
979.000 1.608
982.000 1.566
985.000 1.471
988.000 1.439
991.000 1.379
994.000 1.336
997.000 1.332
1000.000 1.299
1003.000 1.283
1006.000 1.277
1009.000 1.277
1012.000 1.277
1015.000 1.337
1018.000 1.316
1021.000 1.356
1024.000 1.373
1027.000 1.396
1030.000 1.422
1033.000 1.486
1036.000 1.578
1039.000 1.605
1042.000 1.646
1045.000 1.715
1048.000 1.714
1051.000 1.827
1054.000 1.953
1057.000 1.999
1060.000 2.079
1063.000 2.125
1066.000 2.240
1069.000 2.329
1072.000 2.414
1075.000 2.574
1078.000 2.620
1081.000 2.787
1084.000 2.991
1087.000 3.078
1090.000 3.315
1093.000 3.426
1096.000 3.711
1099.000 3.955
1102.000 4.072
1105.000 4.272
1108.000 4.403
1111.000 4.617
1114.000 4.834
1117.000 5.001
1120.000 5.159
1123.000 5.171
1126.000 5.074
1129.000 5.081
1132.000 5.057
1135.000 4.898
1138.000 4.809
1141.000 4.586
1144.000 4.476
1147.000 4.440
1150.000 4.153
1153.000 4.072
1156.000 3.794
1159.000 4.360
1162.000 4.238
1165.000 3.710
1168.000 3.512
1171.000 8.556
1174.000 5.801
1177.000 4.974
1180.000 4.087
1183.000 3.753
1186.000 3.240
1189.000 3.016
1192.000 6.616
1195.000 4.330
1198.000 3.905
1201.000 3.267
1204.000 2.801
1207.000 2.613
1210.000 2.424
1213.000 24.327
1216.000 3.361
1219.000 3.314
1222.000 2.617
1225.000 2.329
1228.000 2.204
1231.000 2.129
1234.000 1.876
1237.000 2.356
1240.000 1.611
1243.000 1.583
1246.000 1.484
1249.000 1.444
1252.000 1.394
1255.000 1.336
1258.000 1.312
1261.000 1.289
1264.000 1.266
1267.000 1.231
1270.000 1.199
1273.000 1.168
1276.000 1.161
1279.000 1.142
1282.000 1.098
1285.000 1.099
1288.000 1.095
1291.000 1.084
1294.000 1.080
1297.000 1.072
1300.000 1.059
1303.000 1.058
1306.000 1.051
1309.000 1.046
1312.000 1.043
1315.000 1.034
1318.000 1.010
1321.000 1.019
1324.000 1.019
1327.000 1.017
1330.000 1.014
1333.000 1.011
1336.000 1.009
1339.000 1.003
1342.000 1.000
1345.000 0.998
1348.000 0.998
1351.000 0.995
1354.000 0.991
1357.000 0.990
1360.000 0.987
1363.000 0.987
1366.000 0.986
1369.000 0.986
1372.000 0.987
1375.000 0.982
1378.000 0.982
1381.000 0.982
1384.000 0.983
1387.000 0.981
1390.000 0.996
1393.000 0.988
1396.000 0.987
1399.000 0.991
1402.000 0.985
1405.000 0.985
1408.000 0.987
1411.000 0.989
1414.000 0.990
1417.000 0.991
1420.000 0.994
1423.000 0.999
1426.000 0.998
1429.000 1.000
1432.000 1.004
1435.000 1.005
1438.000 1.007
1441.000 1.006
1444.000 1.233
1447.000 1.263
1450.000 1.227
1453.000 1.200
1456.000 1.170
1459.000 1.156
1462.000 1.132
1465.000 1.113
1468.000 1.107
1471.000 1.097
1474.000 1.094
1477.000 1.086
1480.000 1.085
1483.000 1.082
1486.000 1.085
1489.000 1.085
1492.000 1.091
1495.000 1.098
1498.000 1.101
1501.000 1.108
1504.000 1.112
1507.000 1.121
1510.000 1.134
1513.000 1.136
1516.000 1.142
1519.000 1.147
1522.000 1.245
1525.000 1.229
1528.000 1.222
1531.000 1.215
1534.000 1.211
1537.000 1.211
1540.000 1.216
1543.000 1.221
1546.000 1.230
1549.000 1.235
1552.000 1.256
1555.000 1.253
1558.000 1.259
1561.000 1.268
1564.000 1.285
1567.000 1.299
1570.000 1.303
1573.000 1.309
1576.000 1.310
1579.000 1.311
1582.000 1.317
1585.000 1.321
1588.000 1.329
1591.000 1.335
1594.000 1.337
1597.000 1.343
1600.000 1.348
1603.000 1.351
1606.000 1.354
1609.000 1.352
1612.000 1.358
1615.000 1.358
1618.000 1.353
1621.000 1.348
1624.000 1.415
1627.000 1.445
1630.000 1.419
1633.000 1.379
1636.000 1.346
1639.000 1.337
1642.000 1.327
1645.000 1.323
1648.000 1.314
1651.000 1.313
1654.000 1.315
1657.000 1.317
1660.000 1.322
1663.000 1.336
1666.000 1.362
1669.000 1.379
1672.000 1.420
1675.000 1.447
1678.000 1.513
1681.000 1.599
1684.000 1.654
1687.000 1.776
1690.000 1.827
1693.000 1.923
1696.000 2.024
1699.000 2.079
1702.000 2.192
1705.000 2.250
1708.000 2.387
1711.000 2.524
1714.000 2.605
1717.000 2.750
1720.000 2.824
1723.000 2.975
1726.000 3.125
1729.000 3.191
1732.000 3.325
1735.000 3.398
1738.000 3.532
1741.000 3.612
1744.000 3.747
1747.000 3.894
1750.000 3.960
1753.000 4.108
1756.000 4.254
1759.000 4.330
1762.000 4.501
1765.000 4.595
1768.000 4.728
1771.000 4.892
1774.000 4.957
1777.000 5.125
1780.000 5.216
1783.000 5.412
1786.000 5.616
1789.000 5.719
1792.000 5.853
1795.000 5.924
1798.000 6.101
1801.000 6.297
1804.000 6.407
1807.000 6.615
1810.000 6.718
1813.000 6.956
1816.000 7.203
1819.000 7.333
1822.000 7.597
1825.000 7.750
1828.000 8.044
1831.000 8.359
1834.000 8.524
1837.000 8.875
1840.000 9.038
1843.000 9.313
1846.000 9.633
1849.000 9.791
1852.000 10.108
1855.000 10.286
1858.000 10.647
1861.000 11.002
1864.000 11.241
1867.000 11.635
1870.000 11.833
1873.000 12.245
1876.000 12.683
1879.000 12.921
1882.000 13.354
1885.000 13.609
1888.000 14.215
1891.000 14.772
1894.000 15.030
1897.000 15.557
1900.000 15.839
1903.000 16.340
1906.000 16.918
1909.000 17.204
1912.000 17.712
1915.000 18.012
1918.000 18.512
1921.000 18.720
1924.000 19.178
1927.000 19.602
1930.000 19.710
1933.000 20.001
1936.000 20.105
1939.000 20.316
1942.000 20.385
1945.000 20.397
1948.000 20.286
1951.000 20.219
1954.000 20.034
1957.000 19.715
1960.000 19.580
1963.000 19.265
1966.000 19.076
1969.000 18.682
1972.000 18.172
1975.000 17.894
1978.000 17.323
1981.000 17.212
1984.000 16.725
1987.000 16.261
1990.000 16.066
1993.000 15.595
1996.000 15.386
1999.000 14.926
2002.000 14.500
2005.000 14.303
2008.000 13.872
2011.000 13.664
2014.000 13.217
2017.000 12.857
2020.000 12.654
2023.000 12.294
2026.000 12.117
2029.000 11.761
2032.000 11.403
2035.000 11.244
2038.000 10.939
2041.000 10.794
2044.000 10.484
2047.000 10.231
2050.000 10.107
2053.000 9.817
2056.000 9.683
2059.000 9.443
2062.000 9.195
2065.000 9.108
2068.000 8.892
2071.000 8.770
2074.000 8.566
2077.000 8.362
2080.000 8.265
2083.000 8.056
2086.000 7.945
2089.000 7.751
2092.000 7.545
2095.000 7.445
2098.000 7.249
2101.000 7.149
2104.000 6.976
2107.000 6.892
2110.000 6.730
2113.000 6.626
2116.000 6.598
2119.000 6.440
2122.000 6.359
2125.000 6.200
2128.000 6.040
2131.000 5.959
2134.000 5.812
2137.000 5.739
2140.000 5.755
2143.000 5.608
2146.000 5.543
2149.000 5.418
2152.000 5.418
2155.000 5.410
2158.000 5.242
2161.000 5.166
2164.000 5.027
2167.000 4.955
2170.000 4.820
2173.000 4.710
2176.000 4.648
2179.000 4.546
2182.000 4.487
2185.000 4.398
2188.000 4.280
2191.000 4.248
2194.000 4.150
2197.000 4.110
2200.000 4.062
2203.000 3.993
2206.000 3.965
2209.000 3.879
2212.000 3.848
2215.000 3.768
2218.000 3.682
2221.000 3.652
2224.000 3.589
2227.000 3.554
2230.000 3.489
2233.000 3.426
2236.000 3.407
2239.000 3.359
2242.000 3.342
2245.000 3.306
2248.000 3.272
2251.000 3.240
2254.000 3.204
2257.000 3.187
2260.000 3.148
2263.000 3.124
2266.000 3.120
2269.000 3.113
2272.000 3.093
2275.000 3.060
2278.000 3.043
2281.000 3.048
2284.000 3.028
2287.000 3.018
2290.000 3.003
2293.000 2.971
2296.000 2.955
2299.000 2.932
2302.000 2.901
2305.000 2.881
2308.000 2.843
2311.000 2.836
2314.000 2.808
2317.000 2.793
2320.000 2.764
2323.000 2.737
2326.000 2.721
2329.000 2.692
2332.000 2.695
2335.000 2.659
2338.000 2.623
2341.000 2.598
2344.000 2.569
2347.000 2.552
2350.000 2.523
2353.000 2.488
2356.000 2.478
2359.000 2.445
2362.000 2.428
2365.000 2.402
2368.000 2.365
2371.000 2.348
2374.000 2.329
2377.000 2.317
2380.000 2.284
2383.000 2.266
2386.000 2.253
2389.000 2.228
2392.000 2.217
2395.000 2.195
2398.000 2.161
2401.000 2.149
2404.000 2.119
2407.000 2.104
2410.000 2.086
2413.000 2.067
2416.000 2.051
2419.000 2.032
2422.000 2.023
2425.000 2.001
2428.000 1.977
2431.000 1.969
2434.000 1.943
2437.000 1.938
2440.000 1.917
2443.000 1.892
2446.000 1.876
2449.000 1.856
2452.000 1.848
2455.000 1.826
2458.000 1.815
2461.000 1.788
2464.000 1.764
2467.000 1.754
2470.000 1.738
2473.000 1.728
2476.000 1.704
2479.000 1.686
2482.000 1.676
2485.000 1.655
2488.000 1.648
2491.000 1.672
2494.000 1.697
2497.000 1.658
2500.000 1.608
2503.000 1.590
2506.000 1.564
2509.000 1.552
2512.000 1.570
2515.000 1.595
2518.000 1.575
2521.000 1.558
2524.000 1.524
2527.000 1.513
2530.000 1.552
2533.000 1.540
2536.000 1.506
2539.000 1.477
2542.000 1.462
2545.000 1.438
2548.000 1.438
2551.000 1.425
2554.000 1.398
2557.000 1.396
2560.000 1.384
2563.000 1.384
2566.000 1.363
2569.000 1.346
2572.000 1.339
2575.000 1.335
2578.000 1.330
2581.000 1.315
2584.000 1.299
2587.000 1.292
2590.000 1.287
2593.000 1.288
2596.000 1.282
2599.000 1.268
2602.000 1.263
2605.000 1.254
2608.000 1.252
2611.000 1.239
2614.000 1.249
2617.000 1.256
2620.000 1.268
2623.000 1.271
2626.000 1.249
2629.000 1.235
2632.000 1.225
2635.000 1.209
2638.000 1.203
2641.000 1.249
2644.000 1.260
2647.000 1.243
2650.000 1.218
2653.000 1.206
2656.000 1.179
2659.000 1.161
2662.000 1.156
2665.000 1.146
2668.000 1.170
2671.000 1.160
2674.000 1.169
2677.000 1.179
2680.000 1.165
2683.000 1.156
2686.000 1.140
2689.000 1.123
2692.000 1.119
2695.000 1.111
2698.000 1.140
2701.000 1.173
2704.000 1.174
2707.000 1.186
2710.000 1.145
2713.000 1.130
2716.000 1.113
2719.000 1.097
2722.000 1.101
2725.000 1.105
2728.000 1.097
2731.000 1.081
2734.000 1.074
2737.000 1.077
2740.000 1.111
2743.000 1.102
2746.000 1.078
2749.000 1.078
2752.000 1.082
2755.000 1.115
2758.000 1.100
2761.000 1.111
2764.000 1.091
2767.000 1.083
2770.000 1.087
2773.000 1.079
2776.000 1.067
2779.000 1.107
2782.000 1.119
2785.000 1.085
2788.000 1.070
2791.000 1.044
2794.000 1.041
2797.000 1.043
2800.000 1.053
2803.000 1.066
2806.000 1.066
2809.000 1.049
2812.000 1.045
2815.000 1.034
2818.000 1.035
2821.000 1.032
2824.000 1.028
2827.000 1.033
2830.000 1.032
2833.000 1.032
2836.000 1.027
2839.000 1.030
2842.000 1.027
2845.000 1.029
2848.000 1.031
2851.000 1.033
2854.000 1.067
2857.000 1.263
2860.000 1.233
2863.000 1.198
2866.000 1.200
2869.000 1.184
2872.000 1.129
2875.000 1.103
2878.000 1.091
2881.000 1.078
2884.000 1.081
2887.000 1.090
2890.000 1.089
2893.000 1.086
2896.000 1.084
2899.000 1.083
2902.000 1.082
2905.000 1.079
2908.000 1.081
2911.000 1.078
2914.000 1.077
2917.000 1.078
2920.000 1.079
2923.000 1.114
2926.000 1.166
2929.000 1.150
2932.000 1.136
2935.000 1.122
2938.000 1.122
2941.000 1.121
2944.000 1.121
2947.000 1.163
2950.000 1.158
2953.000 1.156
2956.000 1.144
2959.000 1.147
2962.000 1.137
2965.000 1.157
2968.000 1.147
2971.000 1.206
2974.000 1.204
2977.000 1.189
2980.000 1.162
2983.000 1.150
2986.000 1.153
2989.000 1.289
2992.000 1.329
2995.000 1.248
2998.000 1.218
3001.000 1.183
3004.000 1.160
3007.000 1.165
3010.000 1.214
3013.000 1.201
3016.000 1.165
3019.000 1.177
3022.000 1.185
3025.000 1.177
3028.000 1.169
3031.000 1.177
3034.000 1.168
3037.000 1.179
3040.000 1.185
3043.000 1.188
3046.000 1.235
3049.000 1.226
3052.000 1.225
3055.000 1.231
3058.000 1.244
3061.000 1.233
3064.000 1.243
3067.000 1.252
3070.000 1.267
3073.000 1.255
3076.000 1.254
3079.000 1.253
3082.000 1.281
3085.000 1.276
3088.000 1.282
3091.000 1.332
3094.000 1.420
3097.000 1.409
3100.000 1.357
3103.000 1.340
3106.000 1.331
3109.000 1.331
3112.000 1.337
3115.000 1.341
3118.000 1.342
3121.000 1.349
3124.000 1.356
3127.000 1.364
3130.000 1.375
3133.000 1.385
3136.000 1.396
3139.000 1.411
3142.000 1.484
3145.000 1.521
3148.000 1.505
3151.000 1.520
3154.000 1.516
3157.000 1.523
3160.000 1.551
3163.000 1.553
3166.000 1.557
3169.000 1.554
3172.000 1.694
3175.000 1.685
3178.000 1.680
3181.000 1.650
3184.000 1.667
3187.000 1.681
3190.000 1.692
3193.000 1.680
3196.000 1.711
3199.000 1.724
3202.000 1.772
3205.000 1.817
3208.000 1.840
3211.000 1.897
3214.000 1.907
3217.000 1.894
3220.000 1.904
3223.000 1.928
3226.000 1.951
3229.000 1.961
3232.000 1.990
3235.000 2.034
3238.000 2.131
3241.000 2.165
3244.000 2.184
3247.000 2.205
3250.000 2.223
3253.000 2.256
3256.000 2.289
3259.000 2.330
3262.000 2.402
3265.000 2.420
3268.000 2.456
3271.000 2.499
3274.000 2.520
3277.000 2.581
3280.000 2.608
3283.000 2.682
3286.000 2.735
3289.000 2.770
3292.000 2.838
3295.000 2.878
3298.000 2.965
3301.000 3.128
3304.000 3.182
3307.000 3.264
3310.000 3.289
3313.000 3.413
3316.000 3.579
3319.000 3.632
3322.000 3.733
3325.000 3.792
3328.000 3.924
3331.000 4.061
3334.000 4.168
3337.000 4.418
3340.000 4.501
3343.000 4.664
3346.000 5.057
3349.000 5.135
3352.000 5.332
3355.000 5.447
3358.000 5.697
3361.000 5.980
3364.000 6.126
3367.000 6.453
3370.000 6.624
3373.000 7.006
3376.000 7.406
3379.000 7.624
3382.000 8.106
3385.000 8.438
3388.000 9.042
3391.000 9.548
3394.000 9.792
3397.000 10.245
3400.000 10.488
3403.000 10.818
3406.000 11.180
3409.000 11.219
3412.000 11.230
3415.000 11.139
3418.000 10.856
3421.000 10.460
3424.000 10.280
3427.000 9.770
3430.000 9.484
3433.000 9.118
3436.000 8.670
3439.000 8.383
3442.000 7.861
3445.000 7.611
3448.000 7.164
3451.000 6.754
3454.000 6.571
3457.000 6.224
3460.000 6.065
3463.000 5.768
3466.000 5.491
3469.000 5.369
3472.000 5.140
3475.000 5.031
3478.000 4.828
3481.000 4.631
3484.000 4.547
3487.000 4.409
3490.000 4.428
3493.000 4.243
3496.000 4.227
3499.000 4.103
3502.000 3.930
3505.000 3.873
3508.000 3.715
3511.000 3.595
3514.000 3.562
3517.000 3.464
3520.000 3.400
3523.000 3.286
3526.000 3.263
3529.000 3.281
3532.000 3.152
3535.000 3.102
3538.000 3.014
3541.000 2.988
3544.000 2.942
3547.000 2.874
3550.000 2.834
3553.000 2.760
3556.000 2.732
3559.000 2.666
3562.000 2.634
3565.000 2.627
3568.000 2.571
3571.000 2.538
3574.000 2.488
3577.000 2.442
3580.000 2.455
3583.000 2.418
3586.000 2.390
3589.000 2.358
3592.000 2.345
3595.000 2.323
3598.000 2.283
3601.000 2.279
3604.000 2.240
3607.000 2.202
3610.000 2.186
3613.000 2.157
3616.000 2.143
3619.000 2.113
3622.000 2.082
3625.000 2.072
3628.000 2.052
3631.000 2.071
3634.000 2.097
3637.000 2.065
3640.000 2.047
3643.000 2.022
3646.000 2.009
3649.000 1.987
3652.000 1.980
3655.000 1.972
3658.000 1.955
3661.000 1.943
3664.000 1.930
3667.000 1.924
3670.000 1.915
3673.000 1.909
3676.000 1.906
3679.000 1.904
3682.000 1.899
3685.000 1.890
3688.000 1.885
3691.000 1.874
3694.000 1.860
3697.000 1.847
3700.000 1.840
3703.000 1.831
3706.000 1.832
3709.000 1.830
3712.000 1.825
3715.000 1.827
3718.000 1.844
3721.000 1.846
3724.000 1.862
3727.000 1.853
3730.000 1.851
3733.000 1.845
3736.000 1.846
3739.000 1.839
3742.000 1.836
3745.000 1.832
3748.000 1.841
3751.000 1.848
3754.000 1.854
3757.000 1.872
3760.000 1.870
3763.000 1.873
3766.000 1.871
3769.000 1.888
3772.000 1.930
3775.000 1.948
3778.000 1.958
3781.000 1.954
3784.000 1.958
3787.000 1.953
3790.000 1.957
3793.000 1.959
3796.000 1.959
3799.000 1.964
3802.000 1.974
3805.000 1.978
3808.000 1.990
3811.000 1.996
3814.000 2.011
3817.000 2.024
3820.000 2.032
3823.000 2.056
3826.000 2.053
3829.000 2.118
3832.000 2.157
3835.000 2.177
3838.000 2.183
3841.000 2.188
3844.000 2.206
3847.000 2.227
3850.000 2.236
3853.000 2.298
3856.000 2.298
3859.000 2.350
3862.000 2.372
3865.000 2.419
3868.000 2.562
3871.000 2.556
3874.000 2.554
3877.000 2.570
3880.000 2.573
3883.000 2.613
3886.000 2.645
3889.000 2.664
3892.000 2.716
3895.000 2.750
3898.000 2.799
3901.000 2.823
3904.000 2.942
3907.000 2.960
3910.000 3.031
3913.000 3.102
3916.000 3.208
3919.000 3.267
3922.000 3.289
3925.000 3.345
3928.000 3.434
3931.000 3.521
3934.000 3.597
3937.000 3.642
3940.000 3.727
3943.000 3.858
3946.000 3.919
3949.000 4.125
3952.000 4.198
3955.000 4.351
3958.000 4.519
3961.000 4.610
3964.000 4.836
3967.000 5.000
3970.000 5.200
3973.000 5.433
3976.000 5.574
3979.000 5.827
3982.000 5.985
3985.000 6.393
3988.000 6.784
3991.000 6.931
3994.000 7.294
3997.000 7.490
4000.000 7.931
4003.000 8.342
4006.000 8.555
4009.000 9.110
4012.000 9.295
4015.000 9.627
4018.000 9.814
4021.000 9.932
4024.000 9.990
4027.000 9.941
4030.000 9.731
4033.000 9.369
4036.000 9.184
4039.000 8.738
4042.000 8.518
4045.000 8.026
4048.000 7.585
4051.000 7.373
4054.000 6.911
4057.000 6.683
4060.000 6.241
4063.000 6.041
4066.000 5.679
4069.000 5.441
4072.000 5.296
4075.000 4.990
4078.000 4.849
4081.000 4.628
4084.000 4.369
4087.000 4.251
4090.000 4.076
4093.000 3.970
4096.000 3.754
4099.000 3.582
4102.000 3.547
4105.000 3.407
4108.000 3.329
4111.000 3.232
4114.000 3.088
4117.000 3.028
4120.000 2.890
4123.000 2.851
4126.000 2.747
4129.000 2.649
4132.000 2.603
4135.000 2.531
4138.000 2.496
4141.000 2.485
4144.000 2.411
4147.000 2.366
4150.000 2.303
4153.000 2.265
4156.000 2.194
4159.000 2.165
4162.000 2.133
4165.000 2.112
4168.000 2.069
4171.000 2.006
4174.000 1.940
4177.000 1.912
4180.000 1.866
4183.000 1.844
4186.000 1.793
4189.000 1.756
4192.000 1.741
4195.000 1.735
4198.000 1.715
4201.000 1.694
4204.000 1.680
4207.000 1.646
4210.000 1.622
4213.000 1.598
4216.000 1.575
4219.000 1.555
4222.000 1.536
4225.000 1.488
4228.000 1.464
4231.000 1.422
4234.000 1.394
4237.000 1.390
4240.000 1.374
4243.000 1.354
4246.000 1.330
4249.000 1.300
4252.000 1.285
4255.000 1.269
4258.000 1.268
4261.000 1.233
4264.000 1.207
4267.000 1.213
4270.000 1.197
4273.000 1.183
4276.000 1.150
4279.000 1.112
4282.000 1.093
4285.000 1.061
4288.000 1.044
4291.000 1.018
4294.000 1.013
4297.000 1.036
4300.000 1.062
4303.000 1.057
4306.000 1.017
4309.000 0.986
4312.000 0.976
4315.000 0.951
4318.000 0.942
4321.000 0.942
4324.000 0.939
4327.000 0.933
4330.000 0.919
4333.000 0.912
4336.000 0.903
4339.000 0.929
4342.000 0.934
4345.000 0.969
4348.000 0.956
4351.000 0.937
4354.000 0.918
4357.000 0.911
4360.000 0.905
4363.000 0.903
4366.000 0.894
4369.000 0.894
4372.000 0.891
4375.000 0.894
4378.000 0.892
4381.000 0.905
4384.000 0.899
4387.000 0.895
4390.000 0.890
4393.000 0.885
4396.000 0.884
4399.000 0.896
4402.000 0.898
4405.000 0.893
4408.000 0.890
4411.000 0.895
4414.000 0.902
4417.000 0.899
4420.000 0.900
4423.000 0.897
4426.000 0.893
4429.000 0.890
4432.000 0.883
4435.000 0.885
4438.000 0.883
4441.000 0.882
4444.000 0.886
4447.000 0.889
4450.000 0.889
4453.000 0.888
4456.000 0.892
4459.000 0.895
4462.000 0.897
4465.000 0.900
4468.000 0.899
4471.000 0.905
4474.000 0.908
4477.000 0.913
4480.000 0.918
4483.000 0.919
4486.000 0.924
4489.000 0.923
4492.000 0.934
4495.000 0.948
4498.000 0.952
4501.000 0.958
4504.000 0.960
4507.000 0.962
4510.000 1.057
4513.000 1.057
4516.000 1.042
4519.000 1.041
4522.000 1.027
4525.000 1.024
4528.000 1.021
4531.000 1.027
4534.000 1.032
4537.000 1.038
4540.000 1.058
4543.000 1.062
4546.000 1.067
4549.000 1.070
4552.000 1.081
4555.000 1.092
4558.000 1.096
4561.000 1.110
4564.000 1.115
4567.000 1.129
4570.000 1.143
4573.000 1.149
4576.000 1.159
4579.000 1.168
4582.000 1.181
4585.000 1.196
4588.000 1.205
4591.000 1.221
4594.000 1.233
4597.000 1.252
4600.000 1.275
4603.000 1.350
4606.000 1.365
4609.000 1.366
4612.000 1.371
4615.000 1.380
4618.000 1.396
4621.000 1.412
4624.000 1.426
4627.000 1.458
4630.000 1.479
4633.000 1.492
4636.000 1.532
4639.000 1.553
4642.000 1.597
4645.000 1.627
4648.000 1.655
4651.000 1.716
4654.000 1.750
4657.000 1.778
4660.000 1.810
4663.000 1.846
4666.000 1.895
4669.000 1.923
4672.000 1.969
4675.000 2.021
4678.000 2.053
4681.000 2.111
4684.000 2.138
4687.000 2.215
4690.000 2.332
4693.000 2.345
4696.000 2.406
4699.000 2.447
4702.000 2.535
4705.000 2.655
4708.000 2.699
4711.000 2.775
4714.000 2.839
4717.000 2.956
4720.000 3.063
4723.000 3.128
4726.000 3.259
4729.000 3.332
4732.000 3.475
4735.000 3.615
4738.000 3.690
4741.000 3.851
4744.000 3.928
4747.000 4.094
4750.000 4.243
4753.000 4.318
4756.000 4.443
4759.000 4.502
4762.000 4.618
4765.000 4.606
4768.000 4.571
4771.000 4.429
4774.000 4.326
4777.000 4.098
4780.000 4.025
4783.000 3.726
4786.000 3.406
4789.000 3.253
4792.000 2.950
4795.000 2.804
4798.000 2.553
4801.000 2.304
4804.000 2.202
4807.000 1.993
4810.000 1.905
4813.000 1.734
4816.000 1.575
4819.000 1.495
4822.000 1.362
4825.000 1.304
4828.000 1.189
4831.000 1.096
4834.000 1.046
4837.000 0.967
4840.000 0.932
4843.000 0.863
4846.000 0.804
4849.000 0.775
4852.000 0.719
4855.000 0.693
4858.000 0.643
4861.000 0.595
4864.000 0.571
4867.000 0.532
4870.000 0.514
4873.000 0.477
4876.000 0.452
4879.000 0.438
4882.000 0.412
4885.000 0.403
4888.000 0.388
4891.000 0.379
4894.000 0.373
4897.000 0.360
4900.000 0.354
4903.000 0.345
4906.000 0.337
4909.000 0.335
4912.000 0.334
4915.000 0.331
4918.000 0.328
4921.000 0.318
4924.000 0.319
4927.000 0.319
4930.000 0.316
4933.000 0.317
4936.000 0.318
4939.000 0.319
4942.000 0.320
4945.000 0.320
4948.000 0.317
4951.000 0.315
4954.000 0.319
4957.000 0.319
4960.000 0.334
4963.000 0.360
4966.000 0.384
4969.000 0.384
4972.000 0.382
4975.000 0.379
4978.000 0.368
4981.000 0.363
4984.000 0.369
4987.000 0.358
4990.000 0.366
4993.000 0.365
4996.000 0.357
4999.000 0.366
5002.000 0.362
5005.000 0.364
5008.000 0.370
5011.000 0.381
5014.000 0.384
5017.000 0.374
5020.000 0.386
5023.000 0.391
5026.000 0.397
5029.000 0.389
5032.000 0.402
5035.000 0.406
5038.000 0.408
5041.000 0.420
5044.000 0.447
5047.000 0.453
5050.000 0.460
5053.000 0.474
5056.000 0.480
5059.000 0.485
5062.000 0.477
5065.000 0.521
5068.000 0.547
5071.000 0.529
5074.000 0.518
5077.000 0.498
5080.000 0.493
5083.000 0.490
5086.000 0.490
5089.000 0.494
5092.000 0.490
5095.000 0.488
5098.000 0.489
5101.000 0.488
5104.000 0.488
5107.000 0.501
5110.000 0.500
5113.000 0.508
5116.000 0.512
5119.000 0.510
5122.000 0.517
5125.000 0.531
5128.000 0.525
5131.000 0.522
5134.000 0.576
5137.000 0.570
5140.000 0.558
5143.000 0.558
5146.000 0.554
5149.000 0.538
5152.000 0.592
5155.000 0.577
5158.000 0.558
5161.000 0.556
5164.000 0.568
5167.000 0.556
5170.000 0.550
5173.000 0.535
5176.000 0.527
5179.000 0.561
5182.000 0.549
5185.000 0.541
5188.000 0.532
5191.000 0.528
5194.000 0.522
5197.000 0.512
5200.000 0.514
5203.000 0.511
5206.000 0.509
5209.000 0.539
5212.000 0.559
5215.000 0.551
5218.000 0.536
5221.000 0.531
5224.000 0.590
5227.000 0.572
5230.000 0.567
5233.000 0.547
5236.000 0.538
5239.000 0.526
5242.000 0.525
5245.000 0.529
5248.000 0.567
5251.000 0.556
5254.000 0.537
5257.000 0.520
5260.000 0.516
5263.000 0.504
5266.000 0.501
5269.000 0.496
5272.000 0.550
5275.000 0.550
5278.000 0.535
5281.000 0.526
5284.000 0.511
5287.000 0.505
5290.000 0.499
5293.000 0.488
5296.000 0.485
5299.000 0.481
5302.000 0.485
5305.000 0.484
5308.000 0.477
5311.000 0.482
5314.000 0.482
5317.000 0.487
5320.000 0.483
5323.000 0.495
5326.000 0.495
5329.000 0.486
5332.000 0.482
5335.000 0.479
5338.000 0.475
5341.000 0.473
5344.000 0.473
5347.000 0.469
5350.000 0.467
5353.000 0.464
5356.000 0.465
5359.000 0.467
5362.000 0.468
5365.000 0.466
5368.000 0.467
5371.000 0.461
5374.000 0.499
5377.000 0.497
5380.000 0.489
5383.000 0.479
5386.000 0.481
5389.000 0.474
5392.000 0.471
5395.000 0.468
5398.000 0.466
5401.000 0.466
5404.000 0.482
5407.000 0.471
5410.000 0.483
5413.000 0.499
5416.000 0.509
5419.000 0.505
5422.000 0.494
5425.000 0.484
5428.000 0.472
5431.000 0.470
5434.000 0.456
5437.000 0.448
5440.000 0.445
5443.000 0.469
5446.000 0.468
5449.000 0.492
5452.000 0.496
5455.000 0.486
5458.000 0.475
5461.000 0.470
5464.000 0.465
5467.000 0.441
5470.000 0.391
5473.000 0.429
5476.000 0.429
5479.000 0.472
5482.000 0.456
5485.000 0.455
5488.000 0.451
5491.000 0.451
5494.000 0.445
5497.000 0.453
5500.000 0.454
5503.000 0.450
5506.000 0.451
5509.000 0.486
5512.000 0.483
5515.000 0.486
5518.000 0.513
5521.000 0.509
5524.000 0.505
5527.000 0.502
5530.000 0.482
5533.000 0.465
5536.000 0.460
5539.000 0.499
5542.000 0.495
5545.000 0.471
5548.000 0.466
5551.000 0.487
5554.000 0.483
5557.000 0.478
5560.000 0.464
5563.000 0.481
5566.000 0.474
5569.000 0.464
5572.000 0.461
5575.000 0.481
5578.000 0.473
5581.000 0.468
5584.000 0.461
5587.000 0.456
5590.000 0.491
5593.000 0.480
5596.000 0.477
5599.000 0.468
5602.000 0.465
5605.000 0.458
5608.000 0.452
5611.000 0.465
5614.000 0.463
5617.000 0.466
5620.000 0.466
5623.000 0.459
5626.000 0.454
5629.000 0.500
5632.000 0.508
5635.000 0.497
5638.000 0.481
5641.000 0.467
5644.000 0.472
5647.000 0.467
5650.000 0.456
5653.000 0.509
5656.000 0.503
5659.000 0.502
5662.000 0.492
5665.000 0.479
5668.000 0.467
5671.000 0.477
5674.000 0.492
5677.000 0.490
5680.000 0.490
5683.000 0.476
5686.000 0.473
5689.000 0.462
5692.000 0.463
5695.000 0.455
5698.000 0.448
5701.000 0.448
5704.000 0.447
5707.000 0.445
5710.000 0.442
5713.000 0.440
5716.000 0.439
5719.000 0.438
5722.000 0.438
5725.000 0.459
5728.000 0.463
5731.000 0.463
5734.000 0.457
5737.000 0.457
5740.000 0.452
5743.000 0.446
5746.000 0.446
5749.000 0.444
5752.000 0.442
5755.000 0.440
5758.000 0.438
5761.000 0.438
5764.000 0.440
5767.000 0.441
5770.000 0.439
5773.000 0.440
5776.000 0.437
5779.000 0.443
5782.000 0.441
5785.000 0.451
5788.000 0.450
5791.000 0.448
5794.000 0.449
5797.000 0.447
5800.000 0.447
5803.000 0.446
5806.000 0.444
5809.000 0.470
5812.000 0.469
5815.000 0.463
5818.000 0.458
5821.000 0.458
5824.000 0.454
5827.000 0.453
5830.000 0.451
5833.000 0.454
5836.000 0.462
5839.000 0.466
5842.000 0.465
5845.000 0.467
5848.000 0.475
5851.000 0.484
5854.000 0.478
5857.000 0.476
5860.000 0.472
5863.000 0.468
5866.000 0.464
5869.000 0.461
5872.000 0.461
5875.000 0.461
5878.000 0.460
5881.000 0.458
5884.000 0.462
5887.000 0.465
5890.000 0.464
5893.000 0.462
5896.000 0.460
5899.000 0.460
5902.000 0.463
5905.000 0.465
5908.000 0.466
5911.000 0.467
5914.000 0.482
5917.000 0.483
5920.000 0.483
5923.000 0.478
5926.000 0.481
5929.000 0.478
5932.000 0.480
5935.000 0.474
5938.000 0.476
5941.000 0.475
5944.000 0.515
5947.000 0.525
5950.000 0.513
5953.000 0.504
5956.000 0.504
5959.000 0.522
5962.000 0.532
5965.000 0.512
5968.000 0.516
5971.000 0.507
5974.000 0.501
5977.000 0.501
5980.000 0.501
5983.000 0.505
5986.000 0.515
5989.000 0.518
5992.000 0.522
5995.000 0.508
5998.000 0.521
6001.000 0.504
6004.000 0.499
6007.000 0.496
6010.000 0.489
6013.000 0.488
6016.000 0.501
6019.000 0.526
6022.000 0.555
6025.000 0.537
6028.000 0.542
6031.000 0.522
6034.000 0.522
6037.000 0.523
6040.000 0.518
6043.000 0.515
6046.000 0.495
6049.000 0.507
6052.000 0.501
6055.000 0.499
6058.000 0.512
6061.000 0.511
6064.000 0.510
6067.000 0.503
6070.000 0.500
6073.000 0.510
6076.000 0.537
6079.000 0.536
6082.000 0.528
6085.000 0.554
6088.000 0.549
6091.000 0.542
6094.000 0.536
6097.000 0.533
6100.000 0.531
6103.000 0.529
6106.000 0.529
6109.000 0.529
6112.000 0.522
6115.000 0.537
6118.000 0.543
6121.000 0.539
6124.000 0.537
6127.000 0.536
6130.000 0.536
6133.000 0.535
6136.000 0.532
6139.000 0.535
6142.000 0.532
6145.000 0.535
6148.000 0.539
6151.000 0.541
6154.000 0.542
6157.000 0.543
6160.000 0.544
6163.000 0.547
6166.000 0.549
6169.000 0.551
6172.000 0.558
6175.000 0.557
6178.000 0.558
6181.000 0.559
6184.000 0.563
6187.000 0.565
6190.000 0.555
6193.000 0.576
6196.000 0.625
6199.000 0.624
6202.000 0.613
6205.000 0.605
6208.000 0.605
6211.000 0.637
6214.000 0.627
6217.000 0.620
6220.000 0.600
6223.000 0.596
6226.000 0.598
6229.000 0.599
6232.000 0.597
6235.000 0.613
6238.000 0.655
6241.000 0.654
6244.000 0.648
6247.000 0.649
6250.000 0.675
6253.000 0.666
6256.000 0.655
6259.000 0.651
6262.000 0.674
6265.000 0.667
6268.000 0.665
6271.000 0.659
6274.000 0.657
6277.000 0.656
6280.000 0.680
6283.000 0.713
6286.000 0.700
6289.000 0.695
6292.000 0.715
6295.000 0.719
6298.000 0.720
6301.000 0.722
6304.000 0.724
6307.000 0.752
6310.000 0.735
6313.000 0.732
6316.000 0.693
6319.000 0.690
6322.000 0.682
6325.000 0.682
6328.000 0.685
6331.000 0.754
6334.000 0.754
6337.000 0.740
6340.000 0.735
6343.000 0.733
6346.000 0.727
6349.000 0.727
6352.000 0.730
6355.000 0.745
6358.000 0.803
6361.000 0.809
6364.000 0.801
6367.000 0.795
6370.000 0.791
6373.000 0.787
6376.000 0.783
6379.000 0.781
6382.000 0.782
6385.000 0.781
6388.000 0.832
6391.000 0.829
6394.000 0.832
6397.000 0.827
6400.000 0.831
6403.000 0.833
6406.000 0.831
6409.000 0.839
6412.000 0.887
6415.000 0.894
6418.000 0.892
6421.000 0.892
6424.000 0.894
6427.000 0.989
6430.000 0.983
6433.000 0.985
6436.000 0.946
6439.000 0.931
6442.000 0.980
6445.000 0.981
6448.000 0.979
6451.000 0.979
6454.000 0.981
6457.000 1.082
6460.000 1.089
6463.000 1.087
6466.000 1.079
6469.000 1.072
6472.000 1.075
6475.000 1.078
6478.000 1.083
6481.000 1.169
6484.000 1.173
6487.000 1.179
6490.000 1.178
6493.000 1.222
6496.000 1.285
6499.000 1.280
6502.000 1.274
6505.000 1.272
6508.000 1.278
6511.000 1.290
6514.000 1.291
6517.000 1.302
6520.000 1.315
6523.000 1.337
6526.000 1.383
6529.000 1.434
6532.000 1.452
6535.000 1.460
6538.000 1.478
6541.000 1.503
6544.000 1.517
6547.000 1.543
6550.000 1.559
6553.000 1.595
6556.000 1.650
6559.000 1.668
6562.000 1.706
6565.000 1.733
6568.000 1.809
6571.000 1.959
6574.000 1.984
6577.000 2.010
6580.000 2.029
6583.000 2.031
6586.000 2.079
6589.000 2.103
6592.000 2.153
6595.000 2.217
6598.000 2.244
6601.000 2.416
6604.000 2.446
6607.000 2.553
6610.000 2.728
6613.000 2.753
6616.000 2.801
6619.000 2.842
6622.000 2.908
6625.000 2.998
6628.000 3.051
6631.000 3.145
6634.000 3.195
6637.000 3.324
6640.000 3.471
6643.000 3.559
6646.000 3.888
6649.000 4.013
6652.000 4.136
6655.000 4.255
6658.000 4.303
6661.000 4.427
6664.000 4.497
6667.000 4.632
6670.000 4.768
6673.000 4.840
6676.000 4.964
6679.000 5.024
6682.000 5.157
6685.000 5.283
6688.000 5.355
6691.000 5.503
6694.000 5.485
6697.000 5.444
6700.000 5.418
6703.000 5.402
6706.000 5.332
6709.000 5.288
6712.000 5.196
6715.000 5.086
6718.000 5.026
6721.000 4.891
6724.000 4.840
6727.000 4.677
6730.000 4.592
6733.000 4.572
6736.000 4.377
6739.000 4.247
6742.000 4.135
6745.000 4.014
6748.000 3.915
6751.000 3.769
6754.000 3.708
6757.000 3.605
6760.000 3.482
6763.000 3.433
6766.000 3.329
6769.000 3.287
6772.000 3.207
6775.000 3.132
6778.000 3.095
6781.000 3.027
6784.000 3.020
6787.000 2.988
6790.000 2.919
6793.000 2.871
6796.000 2.816
6799.000 2.784
6802.000 2.786
6805.000 2.710
6808.000 2.677
6811.000 2.635
6814.000 2.603
6817.000 2.547
6820.000 2.513
6823.000 2.484
6826.000 2.445
6829.000 2.420
6832.000 2.395
6835.000 2.398
6838.000 2.371
6841.000 2.332
6844.000 2.315
6847.000 2.274
6850.000 2.287
6853.000 2.301
6856.000 2.353
6859.000 2.324
6862.000 2.304
6865.000 2.243
6868.000 2.215
6871.000 2.182
6874.000 2.165
6877.000 2.160
6880.000 2.125
6883.000 2.108
6886.000 2.088
6889.000 2.080
6892.000 1.895
6895.000 2.064
6898.000 2.088
6901.000 2.100
6904.000 2.089
6907.000 2.066
6910.000 2.044
6913.000 2.034
6916.000 2.023
6919.000 2.018
6922.000 2.010
6925.000 2.006
6928.000 2.006
6931.000 2.148
6934.000 2.162
6937.000 2.136
6940.000 2.115
6943.000 2.088
6946.000 2.183
6949.000 2.203
6952.000 2.158
6955.000 2.148
6958.000 2.120
6961.000 2.108
6964.000 2.097
6967.000 2.106
6970.000 2.130
6973.000 2.226
6976.000 2.232
6979.000 2.221
6982.000 2.199
6985.000 2.180
6988.000 2.177
6991.000 2.179
6994.000 2.178
6997.000 2.192
7000.000 2.199
7003.000 2.208
7006.000 2.305
7009.000 2.368
7012.000 2.381
7015.000 2.384
7018.000 2.378
7021.000 2.394
7024.000 2.408
7027.000 2.432
7030.000 2.452
7033.000 2.476
7036.000 2.534
7039.000 2.536
7042.000 2.567
7045.000 2.591
7048.000 2.747
7051.000 2.793
7054.000 2.813
7057.000 2.977
7060.000 3.018
7063.000 3.028
7066.000 3.060
7069.000 3.100
7072.000 3.151
7075.000 3.214
7078.000 3.306
7081.000 3.371
7084.000 3.397
7087.000 3.461
7090.000 3.515
7093.000 3.599
7096.000 3.796
7099.000 3.853
7102.000 3.876
7105.000 3.916
7108.000 4.063
7111.000 4.165
7114.000 4.220
7117.000 4.331
7120.000 4.394
7123.000 4.531
7126.000 4.677
7129.000 4.738
7132.000 4.869
7135.000 4.939
7138.000 5.059
7141.000 5.156
7144.000 5.202
7147.000 5.262
7150.000 5.291
7153.000 5.335
7156.000 5.370
7159.000 5.392
7162.000 5.368
7165.000 5.348
7168.000 5.321
7171.000 5.308
7174.000 5.305
7177.000 5.157
7180.000 5.070
7183.000 4.905
7186.000 4.754
7189.000 4.677
7192.000 4.549
7195.000 4.483
7198.000 4.350
7201.000 4.159
7204.000 4.169
7207.000 4.006
7210.000 3.930
7213.000 3.810
7216.000 3.677
7219.000 3.616
7222.000 3.493
7225.000 3.425
7228.000 3.344
7231.000 3.223
7234.000 3.167
7237.000 3.056
7240.000 2.977
7243.000 2.957
7246.000 2.873
7249.000 2.818
7252.000 2.731
7255.000 2.688
7258.000 2.609
7261.000 2.612
7264.000 2.627
7267.000 2.581
7270.000 2.531
7273.000 2.444
7276.000 2.401
7279.000 2.306
7282.000 2.235
7285.000 2.201
7288.000 2.207
7291.000 2.261
7294.000 2.196
7297.000 2.085
7300.000 2.071
7303.000 2.011
7306.000 1.984
7309.000 1.979
7312.000 1.960
7315.000 1.954
7318.000 1.895
7321.000 1.877
7324.000 1.825
7327.000 1.791
7330.000 1.776
7333.000 1.755
7336.000 1.744
7339.000 1.675
7342.000 1.676
7345.000 1.679
7348.000 1.685
7351.000 1.701
7354.000 1.685
7357.000 1.679
7360.000 1.726
7363.000 1.706
7366.000 1.668
7369.000 1.609
7372.000 1.575
7375.000 1.561
7378.000 1.546
7381.000 1.533
7384.000 1.513
7387.000 1.502
7390.000 1.499
7393.000 1.479
7396.000 1.474
7399.000 1.461
7402.000 1.452
7405.000 1.446
7408.000 1.476
7411.000 1.530
7414.000 1.505
7417.000 1.442
7420.000 1.441
7423.000 1.428
7426.000 1.412
7429.000 1.398
7432.000 1.382
7435.000 1.354
7438.000 1.372
7441.000 1.367
7444.000 1.384
7447.000 1.381
7450.000 1.374
7453.000 1.360
7456.000 1.358
7459.000 1.380
7462.000 1.363
7465.000 1.353
7468.000 1.342
7471.000 1.336
7474.000 1.371
7477.000 1.364
7480.000 1.354
7483.000 1.346
7486.000 1.338
7489.000 1.327
7492.000 1.337
7495.000 1.339
7498.000 1.351
7501.000 1.347
7504.000 1.336
7507.000 1.326
7510.000 1.326
7513.000 1.327
7516.000 1.324
7519.000 1.357
7522.000 1.372
7525.000 1.361
7528.000 1.351
7531.000 1.347
7534.000 1.353
7537.000 1.348
7540.000 1.343
7543.000 1.343
7546.000 1.339
7549.000 1.342
7552.000 1.342
7555.000 1.354
7558.000 1.372
7561.000 1.382
7564.000 1.424
7567.000 1.409
7570.000 1.409
7573.000 1.406
7576.000 1.400
7579.000 1.402
7582.000 1.402
7585.000 1.405
7588.000 1.424
7591.000 1.447
7594.000 1.457
7597.000 1.454
7600.000 1.453
7603.000 1.460
7606.000 1.461
7609.000 1.483
7612.000 1.493
7615.000 1.495
7618.000 1.505
7621.000 1.511
7624.000 1.522
7627.000 1.531
7630.000 1.554
7633.000 1.568
7636.000 1.573
7639.000 1.591
7642.000 1.603
7645.000 1.633
7648.000 1.650
7651.000 1.661
7654.000 1.680
7657.000 1.688
7660.000 1.717
7663.000 1.748
7666.000 1.760
7669.000 1.790
7672.000 1.802
7675.000 1.866
7678.000 1.892
7681.000 1.918
7684.000 1.952
7687.000 1.972
7690.000 2.000
7693.000 2.041
7696.000 2.058
7699.000 2.107
7702.000 2.136
7705.000 2.210
7708.000 2.253
7711.000 2.272
7714.000 2.338
7717.000 2.365
7720.000 2.419
7723.000 2.476
7726.000 2.509
7729.000 2.727
7732.000 2.747
7735.000 2.844
7738.000 2.904
7741.000 2.935
7744.000 2.991
7747.000 3.011
7750.000 3.060
7753.000 3.114
7756.000 3.143
7759.000 3.194
7762.000 3.224
7765.000 3.275
7768.000 3.317
7771.000 3.324
7774.000 3.338
7777.000 3.338
7780.000 3.325
7783.000 3.285
7786.000 3.263
7789.000 3.188
7792.000 3.156
7795.000 3.070
7798.000 2.966
7801.000 2.908
7804.000 2.792
7807.000 2.731
7810.000 2.607
7813.000 2.493
7816.000 2.434
7819.000 2.317
7822.000 2.255
7825.000 2.138
7828.000 2.029
7831.000 1.976
7834.000 1.877
7837.000 1.826
7840.000 1.743
7843.000 1.707
7846.000 1.658
7849.000 1.572
7852.000 1.532
7855.000 1.455
7858.000 1.389
7861.000 1.357
7864.000 1.295
7867.000 1.270
7870.000 1.211
7873.000 1.156
7876.000 1.134
7879.000 1.085
7882.000 1.062
7885.000 1.021
7888.000 0.985
7891.000 0.968
7894.000 0.935
7897.000 0.917
7900.000 0.886
7903.000 0.853
7906.000 0.839
7909.000 0.812
7912.000 0.798
7915.000 0.772
7918.000 0.744
7921.000 0.737
7924.000 0.712
7927.000 0.703
7930.000 0.714
7933.000 0.703
7936.000 0.685
7939.000 0.666
7942.000 0.650
7945.000 0.625
7948.000 0.606
7951.000 0.602
7954.000 0.580
7957.000 0.581
7960.000 0.566
7963.000 0.549
7966.000 0.547
7969.000 0.529
7972.000 0.524
7975.000 0.534
7978.000 0.530
7981.000 0.526
7984.000 0.513
7987.000 0.508
7990.000 0.504
7993.000 0.510
7996.000 0.496
7999.000 0.498
8002.000 0.489
8005.000 0.485
8008.000 0.477
8011.000 0.480
8014.000 0.470
8017.000 0.453
8020.000 0.446
8023.000 0.439
8026.000 0.440
8029.000 0.431
8032.000 0.427
8035.000 0.406
8038.000 0.398
8041.000 0.392
8044.000 0.386
8047.000 0.377
8050.000 0.375
8053.000 0.368
8056.000 0.367
8059.000 0.358
8062.000 0.358
8065.000 0.359
8068.000 0.357
8071.000 0.353
8074.000 0.350
8077.000 0.349
8080.000 0.348
8083.000 0.349
8086.000 0.352
8089.000 0.353
8092.000 0.352
8095.000 0.354
8098.000 0.354
8101.000 0.358
8104.000 0.359
8107.000 0.363
8110.000 0.366
8113.000 0.367
8116.000 0.372
8119.000 0.376
8122.000 0.376
8125.000 0.380
8128.000 0.384
8131.000 0.382
8134.000 0.382
8137.000 0.375
8140.000 0.374
8143.000 0.372
8146.000 0.364
8149.000 0.359
8152.000 0.358
8155.000 0.358
8158.000 0.360
8161.000 0.352
8164.000 0.349
8167.000 0.346
8170.000 0.343
8173.000 0.343
8176.000 0.343
8179.000 0.359
8182.000 0.355
8185.000 0.352
8188.000 0.349
8191.000 0.345
8194.000 0.342
8197.000 0.348
8200.000 0.348
8203.000 0.349
8206.000 0.345
8209.000 0.351
8212.000 0.351
8215.000 0.347
8218.000 0.345
8221.000 0.339
8224.000 0.330
8227.000 0.332
8230.000 0.336
8233.000 0.338
8236.000 0.335
8239.000 0.358
8242.000 0.349
8245.000 0.340
8248.000 0.336
8251.000 0.334
8254.000 0.330
8257.000 0.328
8260.000 0.323
8263.000 0.321
8266.000 0.322
8269.000 0.320
8272.000 0.321
8275.000 0.321
8278.000 0.323
8281.000 0.326
8284.000 0.336
8287.000 0.333
8290.000 0.329
8293.000 0.325
8296.000 0.328
8299.000 0.322
8302.000 0.321
8305.000 0.324
8308.000 0.325
8311.000 0.323
8314.000 0.323
8317.000 0.322
8320.000 0.327
8323.000 0.328
8326.000 0.327
8329.000 0.325
8332.000 0.332
8335.000 0.330
8338.000 0.335
8341.000 0.339
8344.000 0.336
8347.000 0.333
8350.000 0.337
8353.000 0.333
8356.000 0.335
8359.000 0.334
8362.000 0.333
8365.000 0.330
8368.000 0.331
8371.000 0.332
8374.000 0.331
8377.000 0.331
8380.000 0.340
8383.000 0.340
8386.000 0.336
8389.000 0.331
8392.000 0.334
8395.000 0.329
8398.000 0.333
8401.000 0.331
8404.000 0.332
8407.000 0.331
8410.000 0.335
8413.000 0.336
8416.000 0.334
8419.000 0.336
8422.000 0.339
8425.000 0.350
8428.000 0.356
8431.000 0.355
8434.000 0.349
8437.000 0.348
8440.000 0.343
8443.000 0.342
8446.000 0.338
8449.000 0.336
8452.000 0.336
8455.000 0.334
8458.000 0.332
8461.000 0.334
8464.000 0.335
8467.000 0.338
8470.000 0.332
8473.000 0.334
8476.000 0.333
8479.000 0.336
8482.000 0.337
8485.000 0.339
8488.000 0.337
8491.000 0.336
8494.000 0.336
8497.000 0.336
8500.000 0.335
8503.000 0.338
8506.000 0.339
8509.000 0.336
8512.000 0.342
8515.000 0.348
8518.000 0.350
8521.000 0.348
8524.000 0.349
8527.000 0.348
8530.000 0.346
8533.000 0.342
8536.000 0.343
8539.000 0.345
8542.000 0.342
8545.000 0.340
8548.000 0.344
8551.000 0.341
8554.000 0.340
8557.000 0.340
8560.000 0.341
8563.000 0.340
8566.000 0.345
8569.000 0.346
8572.000 0.343
8575.000 0.341
8578.000 0.342
8581.000 0.344
8584.000 0.342
8587.000 0.348
8590.000 0.345
8593.000 0.343
8596.000 0.343
8599.000 0.342
8602.000 0.342
8605.000 0.343
8608.000 0.343
8611.000 0.341
8614.000 0.344
8617.000 0.342
8620.000 0.347
8623.000 0.346
8626.000 0.342
8629.000 0.344
8632.000 0.344
8635.000 0.343
8638.000 0.342
8641.000 0.343
8644.000 0.346
8647.000 0.350
8650.000 0.359
8653.000 0.353
8656.000 0.352
8659.000 0.350
8662.000 0.349
8665.000 0.353
8668.000 0.355
8671.000 0.344
8674.000 0.343
8677.000 0.342
8680.000 0.345
8683.000 0.345
8686.000 0.342
8689.000 0.340
8692.000 0.340
8695.000 0.345
8698.000 0.342
8701.000 0.337
8704.000 0.336
8707.000 0.338
8710.000 0.336
8713.000 0.333
8716.000 0.332
8719.000 0.335
8722.000 0.335
8725.000 0.332
8728.000 0.330
8731.000 0.334
8734.000 0.338
8737.000 0.326
8740.000 0.327
8743.000 0.326
8746.000 0.330
8749.000 0.327
8752.000 0.324
8755.000 0.325
8758.000 0.324
8761.000 0.326
8764.000 0.326
8767.000 0.328
8770.000 0.327
8773.000 0.328
8776.000 0.337
8779.000 0.342
8782.000 0.343
8785.000 0.343
8788.000 0.343
8791.000 0.344
8794.000 0.348
8797.000 0.354
8800.000 0.356
8803.000 0.360
8806.000 0.367
8809.000 0.377
8812.000 0.380
8815.000 0.383
8818.000 0.391
8821.000 0.391
8824.000 0.373
8827.000 0.359
8830.000 0.398
8833.000 0.381
8836.000 0.398
8839.000 0.395
8842.000 0.381
8845.000 0.384
8848.000 0.380
8851.000 0.379
8854.000 0.376
8857.000 0.375
8860.000 0.375
8863.000 0.374
8866.000 0.373
8869.000 0.373
8872.000 0.372
8875.000 0.372
8878.000 0.369
8881.000 0.371
8884.000 0.369
8887.000 0.368
8890.000 0.367
8893.000 0.369
8896.000 0.376
8899.000 0.374
8902.000 0.375
8905.000 0.375
8908.000 0.369
8911.000 0.377
8914.000 0.371
8917.000 0.369
8920.000 0.368
8923.000 0.364
8926.000 0.362
8929.000 0.360
8932.000 0.358
8935.000 0.357
8938.000 0.358
8941.000 0.357
8944.000 0.354
8947.000 0.352
8950.000 0.350
8953.000 0.352
8956.000 0.352
8959.000 0.364
8962.000 0.360
8965.000 0.363
8968.000 0.362
8971.000 0.356
8974.000 0.360
8977.000 0.353
8980.000 0.355
8983.000 0.355
8986.000 0.346
8989.000 0.348
8992.000 0.354
8995.000 0.364
8998.000 0.353
9001.000 0.357
9004.000 0.354
9007.000 0.350
9010.000 0.354
9013.000 0.344
9016.000 0.344
9019.000 0.364
9022.000 0.363
9025.000 0.355
9028.000 0.358
9031.000 0.351
9034.000 0.350
9037.000 0.349
9040.000 0.347
9043.000 0.344
9046.000 0.343
9049.000 0.343
9052.000 0.342
9055.000 0.343
9058.000 0.343
9061.000 0.339
9064.000 0.359
9067.000 0.359
9070.000 0.359
9073.000 0.357
9076.000 0.357
9079.000 0.354
9082.000 0.350
9085.000 0.348
9088.000 0.348
9091.000 0.344
9094.000 0.340
9097.000 0.339
9100.000 0.340
9103.000 0.338
9106.000 0.342
9109.000 0.337
9112.000 0.339
9115.000 0.349
9118.000 0.352
9121.000 0.351
9124.000 0.351
9127.000 0.346
9130.000 0.347
9133.000 0.350
9136.000 0.348
9139.000 0.347
9142.000 0.346
9145.000 0.351
9148.000 0.353
9151.000 0.347
9154.000 0.344
9157.000 0.344
9160.000 0.344
9163.000 0.342
9166.000 0.342
9169.000 0.342
9172.000 0.341
9175.000 0.340
9178.000 0.341
9181.000 0.341
9184.000 0.345
9187.000 0.343
9190.000 0.341
9193.000 0.343
9196.000 0.344
9199.000 0.354
9202.000 0.357
9205.000 0.356
9208.000 0.353
9211.000 0.355
9214.000 0.351
9217.000 0.346
9220.000 0.355
9223.000 0.366
9226.000 0.364
9229.000 0.352
9232.000 0.349
9235.000 0.350
9238.000 0.351
9241.000 0.347
9244.000 0.345
9247.000 0.341
9250.000 0.343
9253.000 0.340
9256.000 0.338
9259.000 0.334
9262.000 0.336
9265.000 0.347
9268.000 0.343
9271.000 0.340
9274.000 0.342
9277.000 0.338
9280.000 0.347
9283.000 0.345
9286.000 0.342
9289.000 0.343
9292.000 0.346
9295.000 0.347
9298.000 0.343
9301.000 0.341
9304.000 0.339
9307.000 0.337
9310.000 0.335
9313.000 0.333
9316.000 0.340
9319.000 0.335
9322.000 0.334
9325.000 0.332
9328.000 0.328
9331.000 0.334
9334.000 0.334
9337.000 0.331
9340.000 0.375
9343.000 0.355
9346.000 0.346
9349.000 0.341
9352.000 0.342
9355.000 0.340
9358.000 0.335
9361.000 0.332
9364.000 0.326
9367.000 0.326
9370.000 0.327
9373.000 0.326
9376.000 0.324
9379.000 0.320
9382.000 0.319
9385.000 0.317
9388.000 0.316
9391.000 0.314
9394.000 0.315
9397.000 0.312
9400.000 0.314
9403.000 0.317
9406.000 0.319
9409.000 0.315
9412.000 0.313
9415.000 0.307
9418.000 0.306
9421.000 0.305
9424.000 0.303
9427.000 0.305
9430.000 0.309
9433.000 0.306
9436.000 0.306
9439.000 0.304
9442.000 0.302
9445.000 0.305
9448.000 0.302
9451.000 0.302
9454.000 0.313
9457.000 0.312
9460.000 0.305
9463.000 0.301
9466.000 0.302
9469.000 0.305
9472.000 0.302
9475.000 0.299
9478.000 0.293
9481.000 0.292
9484.000 0.295
9487.000 0.298
9490.000 0.293
9493.000 0.289
9496.000 0.286
9499.000 0.286
9502.000 0.286
9505.000 0.283
9508.000 0.282
9511.000 0.277
9514.000 0.279
9517.000 0.277
9520.000 0.277
9523.000 0.277
9526.000 0.280
9529.000 0.275
9532.000 0.271
9535.000 0.273
9538.000 0.269
9541.000 0.266
9544.000 0.266
9547.000 0.266
9550.000 0.264
9553.000 0.260
9556.000 0.259
9559.000 0.258
9562.000 0.258
9565.000 0.256
9568.000 0.252
9571.000 0.250
9574.000 0.250
9577.000 0.248
9580.000 0.244
9583.000 0.240
9586.000 0.240
9589.000 0.241
9592.000 0.239
9595.000 0.235
9598.000 0.237
9601.000 0.238
9604.000 0.239
9607.000 0.233
9610.000 0.226
9613.000 0.229
9616.000 0.225
9619.000 0.218
9622.000 0.217
9625.000 0.213
9628.000 0.210
9631.000 0.208
9634.000 0.204
9637.000 0.205
9640.000 0.201
9643.000 0.202
9646.000 0.195
9649.000 0.193
9652.000 0.190
9655.000 0.188
9658.000 0.183
9661.000 0.181
9664.000 0.180
9667.000 0.176
9670.000 0.173
9673.000 0.168
9676.000 0.168
9679.000 0.166
9682.000 0.160
9685.000 0.155
9688.000 0.155
9691.000 0.149
9694.000 0.142
9697.000 0.138
9700.000 0.131
9703.000 0.132
9706.000 0.127
9709.000 0.119
9712.000 0.115
9715.000 0.112
9718.000 0.106
9721.000 0.099
9724.000 0.093
9727.000 0.090
9730.000 0.083
9733.000 0.080
9736.000 0.075
9739.000 0.068
9742.000 0.062
9745.000 0.056
9748.000 0.052
9751.000 0.046
9754.000 0.039
9757.000 0.035
9760.000 0.030
9763.000 0.031
9766.000 0.029
9769.000 0.034
9772.000 0.037
9775.000 0.044
9778.000 0.048
9781.000 0.058
9784.000 0.078
9787.000 0.082
9790.000 0.097
9793.000 0.106
9796.000 0.125
9799.000 0.142
9802.000 0.144
9805.000 0.171
9808.000 0.180
9811.000 0.196
9814.000 0.216
9817.000 0.228
9820.000 0.252
9823.000 0.262
9826.000 0.289
9829.000 0.317
9832.000 0.330
9835.000 0.353
9838.000 0.373
9841.000 0.401
9844.000 0.441
9847.000 0.457
9850.000 0.487
9853.000 0.506
9856.000 0.541
9859.000 0.590
9862.000 0.617
9865.000 0.669
9868.000 0.691
9871.000 0.750
9874.000 0.818
9877.000 0.852
9880.000 0.927
9883.000 0.973
9886.000 1.083
9889.000 1.178
9892.000 1.232
9895.000 1.356
9898.000 1.433
9901.000 1.571
9904.000 1.741
9907.000 1.841
9910.000 2.047
9913.000 2.165
9916.000 2.408
9919.000 2.786
9922.000 2.956
9925.000 3.326
9928.000 3.544
9931.000 3.989
9934.000 4.458
9937.000 4.738
9940.000 5.162
9943.000 5.408
9946.000 5.719
9949.000 5.860
9952.000 6.011
9955.000 5.885
9958.000 5.734
9961.000 5.362
9964.000 5.174
9967.000 4.717
9970.000 4.310
9973.000 4.108
9976.000 3.769
9979.000 3.632
9982.000 3.412
9985.000 3.261
9988.000 3.181
9991.000 3.045
9994.000 3.042
9997.000 2.908
10000.000 2.790
10003.000 2.731
10006.000 2.620
10009.000 2.573
10012.000 2.500
10015.000 2.459
10018.000 2.425
10021.000 2.351
10024.000 2.320
10027.000 2.245
10030.000 2.194
10033.000 2.158
10036.000 2.107
10039.000 2.088
10042.000 2.048
10045.000 2.007
10048.000 1.990
10051.000 1.954
10054.000 1.942
10057.000 1.942
10060.000 1.922
10063.000 1.907
10066.000 1.876
10069.000 1.863
10072.000 1.835
10075.000 1.808
10078.000 1.789
10081.000 1.769
10084.000 1.757
10087.000 1.735
10090.000 1.723
10093.000 1.721
10096.000 1.705
10099.000 1.701
10102.000 1.714
10105.000 1.690
10108.000 1.676
10111.000 1.665
10114.000 1.661
10117.000 1.651
10120.000 1.636
10123.000 1.635
10126.000 1.625
10129.000 1.623
10132.000 1.623
10135.000 1.616
10138.000 1.616
10141.000 1.610
10144.000 1.615
10147.000 1.619
10150.000 1.622
10153.000 1.631
10156.000 1.641
10159.000 1.645
10162.000 1.644
10165.000 1.638
10168.000 1.638
10171.000 1.637
10174.000 1.645
10177.000 1.688
10180.000 1.686
10183.000 1.685
10186.000 1.695
10189.000 1.715
10192.000 1.718
10195.000 1.713
10198.000 1.717
10201.000 1.722
10204.000 1.758
10207.000 1.767
10210.000 1.769
10213.000 1.768
10216.000 1.776
10219.000 1.781
10222.000 1.795
10225.000 1.807
10228.000 1.816
10231.000 1.835
10234.000 1.849
10237.000 1.848
10240.000 1.884
10243.000 1.891
10246.000 1.921
10249.000 1.927
10252.000 1.959
10255.000 1.991
10258.000 2.010
10261.000 2.038
10264.000 2.062
10267.000 2.094
10270.000 2.137
10273.000 2.171
10276.000 2.233
10279.000 2.250
10282.000 2.288
10285.000 2.334
10288.000 2.361
10291.000 2.421
10294.000 2.451
10297.000 2.526
10300.000 2.559
10303.000 2.622
10306.000 2.686
10309.000 2.735
10312.000 2.818
10315.000 2.866
10318.000 2.961
10321.000 3.063
10324.000 3.120
10327.000 3.242
10330.000 3.329
10333.000 3.450
10336.000 3.579
10339.000 3.651
10342.000 3.799
10345.000 3.878
10348.000 4.034
10351.000 4.193
10354.000 4.271
10357.000 4.414
10360.000 4.479
10363.000 4.600
10366.000 4.680
10369.000 4.716
10372.000 4.756
10375.000 4.755
10378.000 4.712
10381.000 4.618
10384.000 4.541
10387.000 4.374
10390.000 4.302
10393.000 4.075
10396.000 3.846
10399.000 3.740
10402.000 3.516
10405.000 3.404
10408.000 3.190
10411.000 2.986
10414.000 2.893
10417.000 2.708
10420.000 2.621
10423.000 2.458
10426.000 2.305
10429.000 2.232
10432.000 2.101
10435.000 2.035
10438.000 1.916
10441.000 1.807
10444.000 1.757
10447.000 1.662
10450.000 1.616
10453.000 1.532
10456.000 1.452
10459.000 1.413
10462.000 1.344
10465.000 1.313
10468.000 1.244
10471.000 1.187
10474.000 1.159
10477.000 1.100
10480.000 1.085
10483.000 1.038
10486.000 1.012
10489.000 0.978
10492.000 0.934
10495.000 0.908
10498.000 0.850
10501.000 0.847
10504.000 0.807
10507.000 0.782
10510.000 0.763
10513.000 0.730
10516.000 0.715
10519.000 0.683
10522.000 0.652
10525.000 0.637
10528.000 0.608
10531.000 0.601
10534.000 0.575
10537.000 0.549
10540.000 0.537
10543.000 0.521
10546.000 0.513
10549.000 0.500
10552.000 0.488
10555.000 0.484
10558.000 0.475
10561.000 0.472
10564.000 0.461
10567.000 0.453
10570.000 0.452
10573.000 0.436
10576.000 0.442
10579.000 0.434
10582.000 0.429
10585.000 0.426
10588.000 0.413
10591.000 0.404
10594.000 0.390
10597.000 0.378
10600.000 0.373
10603.000 0.365
10606.000 0.362
10609.000 0.350
10612.000 0.341
10615.000 0.335
10618.000 0.327
10621.000 0.322
10624.000 0.315
10627.000 0.308
10630.000 0.305
10633.000 0.300
10636.000 0.299
10639.000 0.295
10642.000 0.289
10645.000 0.287
10648.000 0.284
10651.000 0.282
10654.000 0.280
10657.000 0.275
10660.000 0.274
10663.000 0.270
10666.000 0.270
10669.000 0.273
10672.000 0.271
10675.000 0.261
10678.000 0.257
10681.000 0.256
10684.000 0.253
10687.000 0.246
10690.000 0.245
10693.000 0.240
10696.000 0.237
10699.000 0.233
10702.000 0.228
10705.000 0.224
10708.000 0.218
10711.000 0.217
10714.000 0.217
10717.000 0.213
10720.000 0.213
10723.000 0.211
10726.000 0.211
10729.000 0.210
10732.000 0.212
10735.000 0.213
10738.000 0.217
10741.000 0.218
10744.000 0.220
10747.000 0.226
10750.000 0.228
10753.000 0.235
10756.000 0.237
10759.000 0.244
10762.000 0.252
10765.000 0.258
10768.000 0.270
10771.000 0.277
10774.000 0.288
10777.000 0.301
10780.000 0.304
10783.000 0.317
10786.000 0.328
10789.000 0.350
10792.000 0.366
10795.000 0.377
10798.000 0.407
10801.000 0.419
10804.000 0.429
10807.000 0.451
10810.000 0.460
10813.000 0.485
10816.000 0.491
10819.000 0.519
10822.000 0.545
10825.000 0.555
10828.000 0.586
10831.000 0.609
10834.000 0.654
10837.000 0.675
10840.000 0.713
10843.000 0.755
10846.000 0.771
10849.000 0.813
10852.000 0.841
10855.000 0.893
10858.000 0.949
10861.000 0.976
10864.000 1.040
10867.000 1.076
10870.000 1.145
10873.000 1.225
10876.000 1.266
10879.000 1.353
10882.000 1.418
10885.000 1.499
10888.000 1.557
10891.000 1.604
10894.000 1.669
10897.000 1.684
10900.000 1.746
10903.000 1.792
10906.000 1.812
10909.000 1.842
10912.000 1.844
10915.000 1.851
10918.000 1.847
10921.000 1.842
10924.000 1.830
10927.000 1.820
10930.000 1.792
10933.000 1.759
10936.000 1.736
10939.000 1.690
10942.000 1.665
10945.000 1.610
10948.000 1.554
10951.000 1.529
10954.000 1.473
10957.000 1.440
10960.000 1.381
10963.000 1.335
10966.000 1.308
10969.000 1.293
10972.000 1.261
10975.000 1.215
10978.000 1.168
10981.000 1.145
10984.000 1.095
10987.000 1.080
10990.000 1.043
10993.000 1.015
10996.000 0.991
10999.000 0.961
11002.000 0.931
11005.000 0.923
11008.000 0.907
11011.000 0.902
11014.000 0.906
11017.000 0.887
11020.000 0.872
11023.000 0.874
11026.000 0.870
11029.000 0.854
11032.000 0.856
11035.000 0.822
11038.000 0.847
11041.000 0.828
11044.000 0.795
11047.000 0.784
11050.000 0.755
11053.000 0.741
11056.000 0.735
11059.000 0.721
11062.000 0.713
11065.000 0.704
11068.000 0.706
11071.000 0.704
11074.000 0.688
11077.000 0.680
11080.000 0.669
11083.000 0.660
11086.000 0.655
11089.000 0.644
11092.000 0.642
11095.000 0.636
11098.000 0.636
11101.000 0.634
11104.000 0.633
11107.000 0.625
11110.000 0.631
11113.000 0.626
11116.000 0.621
11119.000 0.612
11122.000 0.610
11125.000 0.607
11128.000 0.604
11131.000 0.599
11134.000 0.594
11137.000 0.594
11140.000 0.587
11143.000 0.587
11146.000 0.585
11149.000 0.578
11152.000 0.578
11155.000 0.572
11158.000 0.573
11161.000 0.568
11164.000 0.564
11167.000 0.565
11170.000 0.566
11173.000 0.568
11176.000 0.564
11179.000 0.556
11182.000 0.554
11185.000 0.552
11188.000 0.549
11191.000 0.547
11194.000 0.546
11197.000 0.545
11200.000 0.542
11203.000 0.535
11206.000 0.533
11209.000 0.532
11212.000 0.531
11215.000 0.526
11218.000 0.524
11221.000 0.514
11224.000 0.512
11227.000 0.512
11230.000 0.512
11233.000 0.510
11236.000 0.510
11239.000 0.510
11242.000 0.510
11245.000 0.507
11248.000 0.506
11251.000 0.512
11254.000 0.515
11257.000 0.515
11260.000 0.507
11263.000 0.504
11266.000 0.497
11269.000 0.501
11272.000 0.498
11275.000 0.497
11278.000 0.499
11281.000 0.496
11284.000 0.493
11287.000 0.494
11290.000 0.494
11293.000 0.494
11296.000 0.495
11299.000 0.498
11302.000 0.493
11305.000 0.487
11308.000 0.488
11311.000 0.484
11314.000 0.486
11317.000 0.487
11320.000 0.483
11323.000 0.485
11326.000 0.481
11329.000 0.477
11332.000 0.473
11335.000 0.481
11338.000 0.478
11341.000 0.481
11344.000 0.477
11347.000 0.474
11350.000 0.474
11353.000 0.474
11356.000 0.474
11359.000 0.472
11362.000 0.472
11365.000 0.471
11368.000 0.468
11371.000 0.470
11374.000 0.470
11377.000 0.469
11380.000 0.472
11383.000 0.472
11386.000 0.472
11389.000 0.471
11392.000 0.467
11395.000 0.469
11398.000 0.475
11401.000 0.477
11404.000 0.472
11407.000 0.469
11410.000 0.471
11413.000 0.469
11416.000 0.464
11419.000 0.463
11422.000 0.464
11425.000 0.464
11428.000 0.461
11431.000 0.457
11434.000 0.457
11437.000 0.455
11440.000 0.455
11443.000 0.452
11446.000 0.458
11449.000 0.459
11452.000 0.458
11455.000 0.460
11458.000 0.460
11461.000 0.453
11464.000 0.453
11467.000 0.452
11470.000 0.453
11473.000 0.454
11476.000 0.452
11479.000 0.454
11482.000 0.452
11485.000 0.454
11488.000 0.453
11491.000 0.450
11494.000 0.453
11497.000 0.452
11500.000 0.453
11503.000 0.456
11506.000 0.457
11509.000 0.453
11512.000 0.452
11515.000 0.452
11518.000 0.454
11521.000 0.455
11524.000 0.453
11527.000 0.449
11530.000 0.439
11533.000 0.439
11536.000 0.433
11539.000 0.448
11542.000 0.446
11545.000 0.444
11548.000 0.437
11551.000 0.438
11554.000 0.434
11557.000 0.435
11560.000 0.434
11563.000 0.433
11566.000 0.441
11569.000 0.442
11572.000 0.441
11575.000 0.441
11578.000 0.442
11581.000 0.443
11584.000 0.439
11587.000 0.436
11590.000 0.437
11593.000 0.436
11596.000 0.438
11599.000 0.439
11602.000 0.438
11605.000 0.437
11608.000 0.436
11611.000 0.439
11614.000 0.438
11617.000 0.427
11620.000 0.413
11623.000 0.409
11626.000 0.420
11629.000 0.423
11632.000 0.413
11635.000 0.416
11638.000 0.419
11641.000 0.419
11644.000 0.419
11647.000 0.408
11650.000 0.408
11653.000 0.409
11656.000 0.417
11659.000 0.420
11662.000 0.427
11665.000 0.430
11668.000 0.425
11671.000 0.442
11674.000 0.435
11677.000 0.428
11680.000 0.427
11683.000 0.426
11686.000 0.424
11689.000 0.427
11692.000 0.429
11695.000 0.424
11698.000 0.434
11701.000 0.432
11704.000 0.428
11707.000 0.427
11710.000 0.427
11713.000 0.429
11716.000 0.440
11719.000 0.437
11722.000 0.435
11725.000 0.435
11728.000 0.431
11731.000 0.431
11734.000 0.435
11737.000 0.437
11740.000 0.432
11743.000 0.432
11746.000 0.432
11749.000 0.429
11752.000 0.431
11755.000 0.431
11758.000 0.428
11761.000 0.423
11764.000 0.422
11767.000 0.425
11770.000 0.423
11773.000 0.423
11776.000 0.426
11779.000 0.423
11782.000 0.423
11785.000 0.421
11788.000 0.413
11791.000 0.411
11794.000 0.414
11797.000 0.411
11800.000 0.410
11803.000 0.411
11806.000 0.415
11809.000 0.414
11812.000 0.413
11815.000 0.415
11818.000 0.419
11821.000 0.424
11824.000 0.423
11827.000 0.421
11830.000 0.420
11833.000 0.419
11836.000 0.415
11839.000 0.415
11842.000 0.413
11845.000 0.408
11848.000 0.407
11851.000 0.410
11854.000 0.415
11857.000 0.419
11860.000 0.414
11863.000 0.414
11866.000 0.412
11869.000 0.415
11872.000 0.412
11875.000 0.413
11878.000 0.413
11881.000 0.388
11884.000 0.394
11887.000 0.387
11890.000 0.393
11893.000 0.396
11896.000 0.399
11899.000 0.400
11902.000 0.404
11905.000 0.410
11908.000 0.409
11911.000 0.401
11914.000 0.404
11917.000 0.409
11920.000 0.396
11923.000 0.378
11926.000 0.395
11929.000 0.392
11932.000 0.402
11935.000 0.401
11938.000 0.404
11941.000 0.408
11944.000 0.405
11947.000 0.406
11950.000 0.405
11953.000 0.409
11956.000 0.409
11959.000 0.407
11962.000 0.408
11965.000 0.407
11968.000 0.413
11971.000 0.415
11974.000 0.414
11977.000 0.414
11980.000 0.415
11983.000 0.418
11986.000 0.418
11989.000 0.417
11992.000 0.416
11995.000 0.424
11998.000 0.421
12001.000 0.427
