#6 Ringe
103.000 0.194
106.000 0.042
109.000 0.230
112.000 0.255
115.000 0.266
118.000 0.290
121.000 0.342
124.000 0.359
127.000 0.373
130.000 0.425
133.000 0.485
136.000 0.445
139.000 0.460
142.000 0.484
145.000 0.532
148.000 0.562
151.000 0.627
154.000 0.670
157.000 0.686
160.000 0.720
163.000 0.715
166.000 0.774
169.000 0.790
172.000 0.787
175.000 0.859
178.000 0.876
181.000 0.916
184.000 1.020
187.000 0.996
190.000 0.963
193.000 1.017
196.000 1.183
199.000 1.138
202.000 1.202
205.000 1.320
208.000 1.355
211.000 1.363
214.000 1.551
217.000 1.608
220.000 1.421
223.000 1.710
226.000 1.766
229.000 1.715
232.000 1.686
235.000 1.790
238.000 1.829
241.000 1.806
244.000 1.822
247.000 1.948
250.000 2.128
253.000 2.030
256.000 2.346
259.000 2.556
262.000 2.546
265.000 2.961
268.000 3.008
271.000 3.288
274.000 3.555
277.000 3.570
280.000 3.516
283.000 3.792
286.000 4.038
289.000 4.444
292.000 4.388
295.000 4.713
298.000 4.596
301.000 5.153
304.000 5.237
307.000 5.211
310.000 5.646
313.000 6.089
316.000 5.804
319.000 6.951
322.000 6.724
325.000 7.239
328.000 7.522
331.000 7.907
334.000 8.292
337.000 9.225
340.000 9.814
343.000 9.960
346.000 10.766
349.000 11.528
352.000 11.910
355.000 12.656
358.000 13.186
361.000 14.083
364.000 15.291
367.000 15.790
370.000 16.967
373.000 17.502
376.000 18.997
379.000 20.322
382.000 21.017
385.000 22.638
388.000 23.689
391.000 25.432
394.000 27.163
397.000 27.663
400.000 29.454
403.000 30.720
406.000 32.329
409.000 33.933
412.000 34.705
415.000 37.121
418.000 37.540
421.000 38.766
424.000 40.051
427.000 40.478
430.000 41.621
433.000 42.578
436.000 43.674
439.000 45.029
442.000 45.525
445.000 46.115
448.000 46.501
451.000 46.644
454.000 46.861
457.000 47.091
460.000 47.294
463.000 47.665
466.000 47.812
469.000 47.875
472.000 47.984
475.000 48.048
478.000 48.093
481.000 48.128
484.000 48.118
487.000 48.154
490.000 48.289
493.000 48.070
496.000 47.413
499.000 47.067
502.000 46.011
505.000 44.441
508.000 43.428
511.000 40.778
514.000 39.780
517.000 36.799
520.000 33.690
523.000 32.351
526.000 29.626
529.000 28.460
532.000 26.469
535.000 24.888
538.000 24.281
541.000 23.365
544.000 22.979
547.000 21.813
550.000 20.603
553.000 20.029
556.000 19.123
559.000 18.683
562.000 18.019
565.000 17.118
568.000 16.633
571.000 15.833
574.000 15.504
577.000 14.823
580.000 15.667
583.000 15.577
586.000 14.010
589.000 13.535
592.000 14.587
595.000 13.265
598.000 12.783
601.000 11.897
604.000 11.542
607.000 10.889
610.000 10.545
613.000 13.670
616.000 11.842
619.000 11.329
622.000 10.308
625.000 9.649
628.000 9.372
631.000 9.276
634.000 10.211
637.000 9.550
640.000 9.203
643.000 8.455
646.000 8.067
649.000 7.923
652.000 8.352
655.000 8.975
658.000 8.137
661.000 7.438
664.000 7.189
667.000 6.900
670.000 6.702
673.000 6.435
676.000 6.663
679.000 6.606
682.000 6.299
685.000 6.064
688.000 5.650
691.000 5.290
694.000 5.251
697.000 5.559
700.000 5.128
703.000 5.002
706.000 4.742
709.000 5.430
712.000 6.121
715.000 5.472
718.000 5.155
721.000 4.632
724.000 4.443
727.000 4.084
730.000 4.224
733.000 4.039
736.000 3.724
739.000 3.589
742.000 3.347
745.000 3.147
748.000 3.061
751.000 2.909
754.000 2.836
757.000 2.715
760.000 2.608
763.000 2.565
766.000 2.480
769.000 2.449
772.000 2.571
775.000 2.620
778.000 2.550
781.000 2.413
784.000 2.345
787.000 2.319
790.000 2.396
793.000 2.358
796.000 2.223
799.000 2.168
802.000 2.061
805.000 2.065
808.000 2.003
811.000 1.939
814.000 1.905
817.000 1.908
820.000 2.061
823.000 1.936
826.000 1.928
829.000 1.886
832.000 1.785
835.000 1.743
838.000 1.667
841.000 1.997
844.000 1.986
847.000 1.818
850.000 1.928
853.000 2.822
856.000 2.428
859.000 2.265
862.000 2.414
865.000 2.850
868.000 2.919
871.000 2.406
874.000 2.221
877.000 1.942
880.000 1.820
883.000 1.656
886.000 1.623
889.000 1.770
892.000 1.810
895.000 1.819
898.000 1.796
901.000 1.594
904.000 1.508
907.000 1.364
910.000 1.322
913.000 1.221
916.000 1.146
919.000 1.116
922.000 1.054
925.000 1.031
928.000 1.002
931.000 1.007
934.000 0.998
937.000 0.952
940.000 0.932
943.000 0.899
946.000 0.869
949.000 0.854
952.000 0.855
955.000 0.857
958.000 0.832
961.000 0.875
964.000 0.861
967.000 0.826
970.000 0.814
973.000 0.789
976.000 0.769
979.000 0.765
982.000 0.746
985.000 0.728
988.000 0.725
991.000 0.743
994.000 0.720
997.000 0.706
1000.000 0.698
1003.000 0.684
1006.000 0.691
1009.000 0.698
1012.000 0.681
1015.000 0.673
1018.000 0.648
1021.000 0.670
1024.000 0.698
1027.000 0.669
1030.000 0.667
1033.000 0.649
1036.000 0.643
1039.000 0.631
1042.000 0.636
1045.000 0.642
1048.000 0.625
1051.000 0.621
1054.000 0.622
1057.000 0.620
1060.000 0.622
1063.000 0.630
1066.000 0.625
1069.000 0.629
1072.000 0.623
1075.000 0.628
1078.000 0.629
1081.000 0.629
1084.000 0.641
1087.000 0.642
1090.000 0.643
1093.000 0.692
1096.000 0.721
1099.000 0.786
1102.000 0.777
1105.000 0.759
1108.000 0.737
1111.000 0.727
1114.000 0.733
1117.000 0.726
1120.000 0.724
1123.000 0.727
1126.000 0.728
1129.000 0.739
1132.000 0.752
1135.000 0.750
1138.000 0.753
1141.000 0.756
1144.000 0.769
1147.000 0.783
1150.000 0.790
1153.000 0.793
1156.000 0.799
1159.000 0.802
1162.000 0.830
1165.000 0.830
1168.000 0.836
1171.000 0.843
1174.000 0.851
1177.000 0.866
1180.000 0.870
1183.000 0.881
1186.000 0.891
1189.000 0.908
1192.000 0.921
1195.000 0.926
1198.000 0.937
1201.000 0.949
1204.000 0.962
1207.000 0.990
1210.000 1.054
1213.000 1.060
1216.000 1.064
1219.000 1.075
1222.000 1.089
1225.000 1.093
1228.000 1.119
1231.000 1.134
1234.000 1.156
1237.000 1.193
1240.000 1.197
1243.000 1.214
1246.000 1.221
1249.000 1.238
1252.000 1.257
1255.000 1.267
1258.000 1.360
1261.000 1.368
1264.000 1.379
1267.000 1.400
1270.000 1.402
1273.000 1.611
1276.000 1.693
1279.000 1.629
1282.000 1.594
1285.000 1.596
1288.000 1.943
1291.000 1.890
1294.000 1.862
1297.000 1.823
1300.000 1.792
1303.000 2.480
1306.000 2.527
1309.000 2.361
1312.000 2.340
1315.000 2.315
1318.000 2.213
1321.000 2.217
1324.000 2.216
1327.000 2.162
1330.000 2.153
1333.000 2.133
1336.000 2.118
1339.000 2.118
1342.000 2.124
1345.000 2.250
1348.000 3.178
1351.000 3.281
1354.000 3.308
1357.000 3.210
1360.000 3.660
1363.000 3.225
1366.000 3.283
1369.000 3.317
1372.000 3.172
1375.000 2.982
1378.000 2.900
1381.000 2.902
1384.000 2.992
1387.000 3.139
1390.000 3.093
1393.000 3.072
1396.000 3.072
1399.000 3.112
1402.000 3.232
1405.000 3.929
1408.000 3.881
1411.000 3.829
1414.000 3.734
1417.000 3.705
1420.000 3.688
1423.000 4.378
1426.000 4.704
1429.000 4.791
1432.000 4.700
1435.000 4.792
1438.000 4.637
1441.000 4.573
1444.000 4.959
1447.000 5.770
1450.000 5.405
1453.000 5.194
1456.000 5.475
1459.000 6.067
1462.000 5.796
1465.000 5.519
1468.000 5.461
1471.000 5.459
1474.000 5.489
1477.000 5.504
1480.000 6.576
1483.000 6.955
1486.000 6.871
1489.000 6.749
1492.000 6.728
1495.000 6.764
1498.000 6.881
1501.000 6.868
1504.000 6.992
1507.000 7.093
1510.000 7.322
1513.000 7.603
1516.000 7.758
1519.000 8.068
1522.000 8.244
1525.000 8.548
1528.000 8.887
1531.000 9.059
1534.000 9.745
1537.000 9.812
1540.000 10.081
1543.000 10.410
1546.000 10.607
1549.000 11.013
1552.000 11.230
1555.000 11.670
1558.000 12.103
1561.000 12.308
1564.000 12.748
1567.000 12.982
1570.000 13.415
1573.000 13.775
1576.000 13.939
1579.000 14.246
1582.000 14.367
1585.000 14.529
1588.000 14.684
1591.000 14.684
1594.000 14.707
1597.000 14.727
1600.000 14.637
1603.000 14.405
1606.000 14.376
1609.000 14.385
1612.000 14.058
1615.000 13.740
1618.000 13.093
1621.000 12.745
1624.000 12.241
1627.000 12.012
1630.000 11.633
1633.000 11.220
1636.000 11.010
1639.000 10.574
1642.000 10.391
1645.000 11.311
1648.000 10.292
1651.000 9.993
1654.000 9.597
1657.000 9.229
1660.000 8.728
1663.000 8.887
1666.000 9.008
1669.000 8.943
1672.000 8.665
1675.000 8.239
1678.000 8.005
1681.000 7.890
1684.000 8.012
1687.000 7.923
1690.000 7.788
1693.000 8.131
1696.000 8.354
1699.000 8.240
1702.000 8.157
1705.000 8.772
1708.000 8.597
1711.000 8.734
1714.000 8.519
1717.000 8.404
1720.000 8.264
1723.000 8.230
1726.000 8.197
1729.000 8.122
1732.000 8.116
1735.000 8.237
1738.000 8.224
1741.000 8.260
1744.000 8.121
1747.000 8.067
1750.000 8.011
1753.000 8.111
1756.000 7.970
1759.000 9.133
1762.000 8.741
1765.000 8.239
1768.000 8.077
1771.000 7.892
1774.000 7.704
1777.000 7.639
1780.000 7.587
1783.000 7.727
1786.000 7.587
1789.000 7.446
1792.000 7.400
1795.000 7.345
1798.000 7.328
1801.000 7.262
1804.000 7.151
1807.000 7.128
1810.000 7.074
1813.000 7.038
1816.000 7.022
1819.000 6.961
1822.000 6.927
1825.000 6.878
1828.000 6.864
1831.000 6.802
1834.000 6.745
1837.000 6.733
1840.000 6.696
1843.000 6.677
1846.000 6.628
1849.000 6.583
1852.000 6.559
1855.000 6.526
1858.000 6.496
1861.000 6.497
1864.000 7.331
1867.000 7.435
1870.000 7.090
1873.000 6.937
1876.000 7.042
1879.000 6.892
1882.000 6.762
1885.000 6.537
1888.000 6.676
1891.000 6.821
1894.000 6.543
1897.000 6.419
1900.000 6.228
1903.000 6.143
1906.000 6.022
1909.000 6.079
1912.000 6.284
1915.000 6.200
1918.000 6.108
1921.000 5.937
1924.000 5.785
1927.000 5.750
1930.000 5.667
1933.000 5.638
1936.000 6.256
1939.000 6.128
1942.000 6.016
1945.000 5.812
1948.000 5.724
1951.000 5.573
1954.000 5.459
1957.000 5.409
1960.000 5.378
1963.000 5.630
1966.000 5.795
1969.000 5.830
1972.000 5.772
1975.000 5.552
1978.000 5.462
1981.000 5.304
1984.000 5.185
1987.000 5.130
1990.000 5.034
1993.000 5.012
1996.000 4.957
1999.000 5.009
2002.000 5.100
2005.000 5.034
2008.000 4.980
2011.000 4.893
2014.000 4.877
2017.000 4.824
2020.000 4.844
2023.000 4.781
2026.000 4.973
2029.000 5.184
2032.000 5.242
2035.000 5.060
2038.000 4.988
2041.000 5.042
2044.000 4.934
2047.000 4.896
2050.000 4.792
2053.000 4.757
2056.000 4.699
2059.000 4.684
2062.000 4.646
2065.000 4.656
2068.000 4.665
2071.000 4.688
2074.000 4.723
2077.000 4.723
2080.000 4.870
2083.000 4.976
2086.000 4.871
2089.000 4.820
2092.000 4.780
2095.000 5.153
2098.000 5.290
2101.000 5.187
2104.000 5.222
2107.000 5.050
2110.000 4.923
2113.000 4.873
2116.000 4.769
2119.000 4.768
2122.000 4.686
2125.000 4.604
2128.000 4.585
2131.000 4.561
2134.000 4.527
2137.000 4.503
2140.000 4.450
2143.000 4.380
2146.000 4.344
2149.000 4.327
2152.000 4.293
2155.000 4.255
2158.000 4.236
2161.000 4.198
2164.000 4.179
2167.000 4.140
2170.000 4.098
2173.000 4.074
2176.000 4.030
2179.000 4.005
2182.000 3.969
2185.000 3.929
2188.000 3.916
2191.000 3.872
2194.000 3.844
2197.000 3.802
2200.000 3.751
2203.000 3.741
2206.000 3.696
2209.000 3.677
2212.000 3.630
2215.000 3.936
2218.000 4.028
2221.000 3.939
2224.000 3.844
2227.000 3.733
2230.000 3.630
2233.000 3.580
2236.000 3.490
2239.000 3.450
2242.000 3.385
2245.000 3.322
2248.000 3.330
2251.000 3.248
2254.000 3.224
2257.000 3.179
2260.000 3.155
2263.000 3.146
2266.000 3.129
2269.000 3.112
2272.000 3.071
2275.000 3.044
2278.000 3.073
2281.000 3.436
2284.000 3.361
2287.000 3.238
2290.000 3.167
2293.000 3.124
2296.000 3.044
2299.000 3.011
2302.000 2.941
2305.000 2.967
2308.000 3.161
2311.000 3.065
2314.000 3.015
2317.000 2.980
2320.000 3.007
2323.000 2.935
2326.000 2.894
2329.000 2.876
2332.000 2.813
2335.000 2.740
2338.000 2.709
2341.000 2.647
2344.000 2.621
2347.000 2.578
2350.000 2.551
2353.000 2.535
2356.000 2.617
2359.000 2.674
2362.000 2.769
2365.000 2.674
2368.000 2.631
2371.000 2.556
2374.000 2.522
2377.000 2.506
2380.000 2.449
2383.000 2.426
2386.000 2.385
2389.000 2.365
2392.000 2.326
2395.000 2.296
2398.000 2.280
2401.000 2.251
2404.000 2.243
2407.000 2.277
2410.000 2.348
2413.000 2.321
2416.000 2.284
2419.000 2.262
2422.000 2.235
2425.000 2.362
2428.000 2.317
2431.000 2.282
2434.000 2.253
2437.000 2.304
2440.000 2.300
2443.000 2.235
2446.000 2.194
2449.000 2.167
2452.000 2.127
2455.000 2.099
2458.000 2.068
2461.000 2.110
2464.000 2.093
2467.000 2.077
2470.000 2.094
2473.000 2.054
2476.000 2.013
2479.000 1.994
2482.000 1.974
2485.000 1.958
2488.000 1.943
2491.000 1.952
2494.000 1.943
2497.000 1.926
2500.000 1.913
2503.000 1.890
2506.000 1.873
2509.000 1.865
2512.000 1.844
2515.000 1.837
2518.000 1.821
2521.000 1.813
2524.000 1.806
2527.000 1.803
2530.000 1.797
2533.000 1.784
2536.000 1.773
2539.000 1.766
2542.000 1.752
2545.000 1.749
2548.000 1.742
2551.000 1.737
2554.000 1.732
2557.000 1.721
2560.000 1.726
2563.000 1.713
2566.000 1.704
2569.000 1.702
2572.000 1.689
2575.000 1.687
2578.000 1.675
2581.000 1.672
2584.000 1.666
2587.000 1.652
2590.000 1.651
2593.000 1.672
2596.000 1.782
2599.000 1.793
2602.000 1.795
2605.000 1.789
2608.000 1.753
2611.000 1.738
2614.000 1.703
2617.000 1.671
2620.000 1.660
2623.000 1.643
2626.000 1.632
2629.000 1.624
2632.000 1.609
2635.000 1.605
2638.000 1.589
2641.000 1.581
2644.000 1.577
2647.000 1.569
2650.000 1.567
2653.000 1.560
2656.000 1.553
2659.000 1.550
2662.000 1.559
2665.000 1.551
2668.000 1.547
2671.000 1.544
2674.000 1.537
2677.000 1.538
2680.000 1.530
2683.000 1.525
2686.000 1.526
2689.000 1.525
2692.000 1.517
2695.000 1.523
2698.000 1.518
2701.000 1.511
2704.000 1.509
2707.000 1.506
2710.000 1.504
2713.000 1.499
2716.000 1.502
2719.000 1.507
2722.000 1.512
2725.000 1.498
2728.000 1.497
2731.000 1.524
2734.000 1.532
2737.000 1.520
2740.000 1.575
2743.000 1.600
2746.000 1.546
2749.000 1.586
2752.000 1.597
2755.000 1.640
2758.000 1.662
2761.000 1.602
2764.000 1.571
2767.000 1.589
2770.000 1.589
2773.000 1.520
2776.000 1.519
2779.000 1.506
2782.000 1.544
2785.000 1.558
2788.000 1.537
2791.000 1.526
2794.000 1.505
2797.000 1.494
2800.000 1.482
2803.000 1.467
2806.000 1.467
2809.000 1.549
2812.000 1.577
2815.000 1.558
2818.000 1.537
2821.000 1.533
2824.000 1.631
2827.000 1.802
2830.000 1.724
2833.000 1.621
2836.000 1.573
2839.000 1.496
2842.000 1.450
2845.000 1.550
2848.000 1.598
2851.000 1.564
2854.000 1.516
2857.000 1.487
2860.000 1.524
2863.000 1.518
2866.000 1.498
2869.000 1.544
2872.000 1.516
2875.000 1.489
2878.000 1.470
2881.000 1.461
2884.000 1.545
2887.000 1.500
2890.000 1.492
2893.000 1.517
2896.000 1.503
2899.000 1.480
2902.000 1.517
2905.000 1.523
2908.000 1.497
2911.000 1.491
2914.000 1.476
2917.000 1.460
2920.000 1.456
2923.000 1.448
2926.000 1.455
2929.000 1.549
2932.000 1.522
2935.000 1.511
2938.000 1.501
2941.000 1.497
2944.000 1.483
2947.000 1.537
2950.000 1.551
2953.000 1.553
2956.000 1.534
2959.000 1.514
2962.000 1.591
2965.000 1.562
2968.000 1.533
2971.000 1.518
2974.000 1.507
2977.000 1.527
2980.000 1.559
2983.000 1.556
2986.000 1.530
2989.000 1.607
2992.000 1.616
2995.000 1.605
2998.000 1.553
3001.000 1.557
3004.000 1.557
3007.000 1.584
3010.000 1.616
3013.000 1.605
3016.000 1.608
3019.000 1.581
3022.000 1.597
3025.000 1.626
3028.000 1.665
3031.000 1.670
3034.000 1.632
3037.000 1.623
3040.000 1.667
3043.000 1.714
3046.000 1.690
3049.000 1.647
3052.000 1.657
3055.000 1.661
3058.000 1.679
3061.000 1.722
3064.000 1.717
3067.000 1.707
3070.000 1.704
3073.000 1.703
3076.000 1.693
3079.000 1.687
3082.000 1.687
3085.000 1.684
3088.000 1.685
3091.000 1.700
3094.000 1.694
3097.000 1.779
3100.000 2.142
3103.000 2.011
3106.000 1.959
3109.000 1.878
3112.000 1.846
3115.000 1.797
3118.000 1.786
3121.000 1.772
3124.000 1.780
3127.000 1.783
3130.000 1.795
3133.000 1.806
3136.000 1.813
3139.000 1.828
3142.000 1.835
3145.000 1.848
3148.000 1.865
3151.000 1.876
3154.000 1.909
3157.000 2.004
3160.000 2.081
3163.000 2.056
3166.000 2.051
3169.000 2.045
3172.000 2.037
3175.000 2.044
3178.000 2.053
3181.000 2.153
3184.000 2.120
3187.000 2.136
3190.000 2.147
3193.000 2.148
3196.000 2.168
3199.000 2.224
3202.000 2.281
3205.000 2.243
3208.000 2.246
3211.000 2.376
3214.000 2.306
3217.000 2.653
3220.000 2.675
3223.000 2.542
3226.000 2.538
3229.000 2.496
3232.000 2.451
3235.000 2.378
3238.000 2.400
3241.000 2.411
3244.000 2.537
3247.000 2.545
3250.000 2.530
3253.000 2.535
3256.000 2.561
3259.000 2.585
3262.000 2.602
3265.000 2.625
3268.000 2.671
3271.000 2.694
3274.000 2.754
3277.000 2.757
3280.000 2.789
3283.000 2.841
3286.000 2.868
3289.000 2.898
3292.000 2.913
3295.000 2.978
3298.000 3.127
3301.000 3.173
3304.000 3.226
3307.000 3.267
3310.000 3.373
3313.000 3.399
3316.000 3.475
3319.000 3.550
3322.000 3.572
3325.000 3.676
3328.000 3.666
3331.000 3.731
3334.000 3.802
3337.000 3.959
3340.000 4.029
3343.000 4.067
3346.000 4.134
3349.000 4.224
3352.000 4.244
3355.000 4.329
3358.000 4.384
3361.000 4.498
3364.000 4.614
3367.000 4.675
3370.000 4.800
3373.000 4.863
3376.000 5.139
3379.000 5.342
3382.000 5.406
3385.000 5.668
3388.000 5.737
3391.000 5.915
3394.000 6.107
3397.000 6.209
3400.000 6.415
3403.000 6.524
3406.000 6.757
3409.000 6.982
3412.000 7.105
3415.000 7.379
3418.000 7.524
3421.000 7.898
3424.000 8.208
3427.000 8.378
3430.000 8.831
3433.000 9.051
3436.000 9.414
3439.000 9.798
3442.000 10.002
3445.000 10.543
3448.000 10.797
3451.000 11.245
3454.000 11.589
3457.000 11.772
3460.000 12.089
3463.000 12.331
3466.000 12.853
3469.000 12.993
3472.000 12.957
3475.000 12.856
3478.000 12.770
3481.000 12.657
3484.000 12.403
3487.000 12.314
3490.000 11.884
3493.000 11.656
3496.000 11.174
3499.000 10.691
3502.000 10.459
3505.000 9.982
3508.000 9.746
3511.000 9.309
3514.000 8.903
3517.000 8.703
3520.000 8.488
3523.000 8.319
3526.000 7.989
3529.000 7.837
3532.000 7.728
3535.000 7.364
3538.000 7.184
3541.000 6.861
3544.000 6.568
3547.000 6.432
3550.000 6.166
3553.000 6.053
3556.000 5.824
3559.000 5.620
3562.000 5.514
3565.000 5.320
3568.000 5.237
3571.000 5.081
3574.000 4.931
3577.000 4.860
3580.000 4.780
3583.000 4.697
3586.000 4.571
3589.000 4.412
3592.000 4.497
3595.000 4.588
3598.000 4.506
3601.000 4.316
3604.000 4.147
3607.000 4.110
3610.000 3.953
3613.000 3.894
3616.000 3.854
3619.000 3.727
3622.000 3.647
3625.000 3.554
3628.000 3.532
3631.000 3.681
3634.000 3.960
3637.000 3.933
3640.000 3.749
3643.000 3.618
3646.000 3.460
3649.000 3.319
3652.000 3.233
3655.000 3.092
3658.000 3.059
3661.000 3.093
3664.000 3.030
3667.000 2.949
3670.000 2.950
3673.000 2.902
3676.000 2.835
3679.000 2.817
3682.000 2.872
3685.000 2.886
3688.000 2.798
3691.000 2.682
3694.000 2.685
3697.000 2.710
3700.000 2.600
3703.000 2.564
3706.000 2.586
3709.000 2.642
3712.000 2.522
3715.000 2.445
3718.000 2.448
3721.000 2.410
3724.000 2.381
3727.000 2.325
3730.000 2.285
3733.000 2.272
3736.000 2.245
3739.000 2.208
3742.000 2.185
3745.000 2.191
3748.000 2.242
3751.000 2.215
3754.000 2.187
3757.000 2.145
3760.000 2.150
3763.000 2.139
3766.000 2.098
3769.000 2.085
3772.000 2.037
3775.000 2.052
3778.000 2.051
3781.000 2.023
3784.000 2.005
3787.000 1.994
3790.000 1.958
3793.000 1.949
3796.000 1.950
3799.000 1.935
3802.000 1.903
3805.000 1.901
3808.000 1.882
3811.000 1.861
3814.000 1.850
3817.000 1.828
3820.000 1.805
3823.000 1.796
3826.000 1.777
3829.000 1.768
3832.000 1.829
3835.000 1.812
3838.000 1.792
3841.000 1.784
3844.000 1.799
3847.000 1.814
3850.000 1.756
3853.000 1.736
3856.000 1.702
3859.000 1.748
3862.000 1.798
3865.000 1.761
3868.000 1.728
3871.000 1.695
3874.000 1.679
3877.000 1.664
3880.000 1.635
3883.000 1.625
3886.000 1.605
3889.000 1.603
3892.000 1.589
3895.000 1.575
3898.000 1.574
3901.000 1.561
3904.000 1.554
3907.000 1.549
3910.000 1.545
3913.000 1.595
3916.000 1.590
3919.000 1.581
3922.000 1.578
3925.000 1.656
3928.000 1.654
3931.000 1.607
3934.000 1.585
3937.000 1.542
3940.000 1.516
3943.000 1.506
3946.000 1.499
3949.000 1.549
3952.000 1.534
3955.000 1.519
3958.000 1.499
3961.000 1.494
3964.000 1.485
3967.000 1.482
3970.000 1.629
3973.000 1.603
3976.000 1.559
3979.000 1.529
3982.000 1.503
3985.000 1.466
3988.000 1.470
3991.000 1.469
3994.000 1.472
3997.000 1.461
4000.000 1.444
4003.000 1.450
4006.000 1.451
4009.000 1.450
4012.000 1.440
4015.000 1.451
4018.000 1.459
4021.000 1.463
4024.000 1.443
4027.000 1.457
4030.000 1.442
4033.000 1.458
4036.000 1.464
4039.000 1.499
4042.000 1.487
4045.000 1.484
4048.000 1.470
4051.000 1.484
4054.000 1.479
4057.000 1.467
4060.000 1.460
4063.000 1.469
4066.000 1.458
4069.000 1.452
4072.000 1.453
4075.000 1.454
4078.000 1.475
4081.000 1.471
4084.000 1.470
4087.000 1.468
4090.000 1.464
4093.000 1.506
4096.000 1.484
4099.000 1.474
4102.000 1.473
4105.000 1.473
4108.000 1.474
4111.000 1.484
4114.000 1.499
4117.000 1.552
4120.000 1.544
4123.000 1.530
4126.000 1.520
4129.000 1.517
4132.000 1.511
4135.000 1.509
4138.000 1.537
4141.000 1.524
4144.000 1.519
4147.000 1.564
4150.000 1.573
4153.000 1.549
4156.000 1.573
4159.000 1.555
4162.000 1.550
4165.000 1.550
4168.000 1.582
4171.000 1.566
4174.000 1.565
4177.000 1.590
4180.000 1.586
4183.000 1.580
4186.000 1.626
4189.000 1.652
4192.000 1.653
4195.000 1.636
4198.000 1.616
4201.000 1.623
4204.000 1.626
4207.000 1.678
4210.000 1.678
4213.000 1.685
4216.000 1.680
4219.000 1.679
4222.000 1.707
4225.000 1.728
4228.000 1.734
4231.000 1.735
4234.000 1.755
4237.000 1.759
4240.000 1.762
4243.000 1.847
4246.000 1.907
4249.000 1.886
4252.000 1.856
4255.000 1.841
4258.000 1.841
4261.000 1.844
4264.000 1.844
4267.000 1.849
4270.000 1.854
4273.000 1.861
4276.000 1.874
4279.000 1.878
4282.000 1.884
4285.000 1.890
4288.000 1.897
4291.000 1.945
4294.000 1.957
4297.000 1.972
4300.000 1.975
4303.000 1.991
4306.000 2.005
4309.000 2.016
4312.000 2.084
4315.000 2.089
4318.000 2.103
4321.000 2.161
4324.000 2.174
4327.000 2.200
4330.000 2.218
4333.000 2.296
4336.000 2.326
4339.000 2.346
4342.000 2.403
4345.000 2.411
4348.000 2.510
4351.000 2.556
4354.000 2.588
4357.000 2.669
4360.000 2.692
4363.000 2.740
4366.000 2.814
4369.000 2.851
4372.000 2.923
4375.000 2.962
4378.000 3.059
4381.000 3.093
4384.000 3.193
4387.000 3.307
4390.000 3.366
4393.000 3.497
4396.000 3.543
4399.000 3.809
4402.000 3.872
4405.000 3.995
4408.000 4.122
4411.000 4.225
4414.000 4.411
4417.000 4.573
4420.000 4.681
4423.000 4.891
4426.000 4.932
4429.000 5.035
4432.000 5.161
4435.000 5.222
4438.000 5.323
4441.000 5.370
4444.000 5.440
4447.000 5.555
4450.000 5.533
4453.000 5.648
4456.000 5.570
4459.000 5.471
4462.000 5.352
4465.000 5.274
4468.000 5.097
4471.000 5.000
4474.000 4.825
4477.000 4.609
4480.000 4.501
4483.000 4.287
4486.000 4.178
4489.000 3.982
4492.000 3.874
4495.000 3.787
4498.000 3.590
4501.000 3.476
4504.000 3.344
4507.000 3.175
4510.000 3.093
4513.000 2.959
4516.000 2.906
4519.000 2.767
4522.000 2.636
4525.000 2.580
4528.000 2.466
4531.000 2.415
4534.000 2.313
4537.000 2.314
4540.000 2.263
4543.000 2.142
4546.000 2.085
4549.000 1.998
4552.000 1.921
4555.000 1.883
4558.000 1.823
4561.000 1.797
4564.000 1.755
4567.000 1.664
4570.000 1.675
4573.000 1.606
4576.000 1.563
4579.000 1.518
4582.000 1.479
4585.000 1.472
4588.000 1.444
4591.000 1.424
4594.000 1.387
4597.000 1.353
4600.000 1.341
4603.000 1.316
4606.000 1.312
4609.000 1.280
4612.000 1.275
4615.000 1.251
4618.000 1.216
4621.000 1.208
4624.000 1.191
4627.000 1.166
4630.000 1.154
4633.000 1.131
4636.000 1.127
4639.000 1.114
4642.000 1.079
4645.000 1.077
4648.000 1.128
4651.000 1.114
4654.000 1.059
4657.000 1.063
4660.000 1.093
4663.000 1.637
4666.000 1.626
4669.000 1.450
4672.000 1.266
4675.000 1.198
4678.000 1.085
4681.000 1.039
4684.000 0.966
4687.000 0.929
4690.000 0.918
4693.000 0.904
4696.000 0.897
4699.000 0.886
4702.000 0.874
4705.000 0.870
4708.000 0.847
4711.000 0.840
4714.000 0.826
4717.000 0.812
4720.000 0.808
4723.000 0.828
4726.000 0.827
4729.000 0.802
4732.000 0.786
4735.000 0.767
4738.000 0.743
4741.000 0.727
4744.000 0.706
4747.000 0.697
4750.000 0.680
4753.000 0.665
4756.000 0.651
4759.000 0.630
4762.000 0.616
4765.000 0.616
4768.000 0.618
4771.000 0.607
4774.000 0.573
4777.000 0.559
4780.000 0.532
4783.000 0.506
4786.000 0.490
4789.000 0.478
4792.000 0.459
4795.000 0.437
4798.000 0.442
4801.000 0.422
4804.000 0.388
4807.000 0.376
4810.000 0.348
4813.000 0.329
4816.000 0.320
4819.000 0.299
4822.000 0.291
4825.000 0.268
4828.000 0.248
4831.000 0.249
4834.000 0.242
4837.000 0.264
4840.000 0.238
4843.000 0.213
4846.000 0.202
4849.000 0.182
4852.000 0.177
4855.000 0.161
4858.000 0.149
4861.000 0.145
4864.000 0.159
4867.000 0.155
4870.000 0.139
4873.000 0.130
4876.000 0.126
4879.000 0.125
4882.000 0.134
4885.000 0.125
4888.000 0.141
4891.000 0.139
4894.000 0.133
4897.000 0.131
4900.000 0.125
4903.000 0.126
4906.000 0.120
4909.000 0.128
4912.000 0.130
4915.000 0.128
4918.000 0.131
4921.000 0.154
4924.000 0.300
4927.000 0.283
4930.000 0.260
4933.000 0.255
4936.000 0.234
4939.000 0.223
4942.000 0.220
4945.000 0.230
4948.000 0.254
4951.000 0.253
4954.000 0.243
4957.000 0.249
4960.000 0.248
4963.000 0.240
4966.000 0.561
4969.000 0.455
4972.000 0.423
4975.000 0.392
4978.000 0.378
4981.000 0.366
4984.000 0.473
4987.000 0.460
4990.000 0.463
4993.000 0.457
4996.000 0.424
4999.000 0.415
5002.000 0.400
5005.000 0.400
5008.000 0.495
5011.000 0.481
5014.000 0.517
5017.000 0.769
5020.000 0.743
5023.000 0.703
5026.000 0.645
5029.000 0.702
5032.000 0.675
5035.000 0.603
5038.000 0.582
5041.000 0.554
5044.000 0.770
5047.000 0.728
5050.000 0.661
5053.000 0.649
5056.000 0.622
5059.000 0.597
5062.000 0.595
5065.000 0.584
5068.000 0.906
5071.000 0.965
5074.000 0.930
5077.000 0.837
5080.000 0.921
5083.000 0.911
5086.000 1.195
5089.000 1.098
5092.000 1.055
5095.000 0.960
5098.000 0.909
5101.000 0.842
5104.000 0.788
5107.000 0.766
5110.000 0.736
5113.000 0.725
5116.000 0.716
5119.000 0.720
5122.000 0.722
5125.000 0.731
5128.000 0.733
5131.000 0.737
5134.000 0.745
5137.000 0.748
5140.000 0.751
5143.000 0.744
5146.000 1.379
5149.000 1.282
5152.000 1.221
5155.000 1.105
5158.000 1.073
5161.000 0.971
5164.000 0.893
5167.000 0.862
5170.000 0.818
5173.000 0.799
5176.000 0.787
5179.000 0.784
5182.000 0.789
5185.000 0.794
5188.000 0.792
5191.000 0.798
5194.000 0.801
5197.000 0.802
5200.000 0.797
5203.000 0.797
5206.000 0.797
5209.000 0.795
5212.000 0.798
5215.000 0.794
5218.000 0.791
5221.000 0.792
5224.000 0.792
5227.000 0.791
5230.000 0.790
5233.000 0.784
5236.000 0.776
5239.000 0.778
5242.000 0.776
5245.000 0.774
5248.000 0.773
5251.000 0.775
5254.000 0.773
5257.000 0.770
5260.000 0.768
5263.000 0.768
5266.000 0.768
5269.000 0.766
5272.000 0.767
5275.000 0.762
5278.000 0.760
5281.000 0.755
5284.000 0.756
5287.000 0.755
5290.000 0.754
5293.000 0.752
5296.000 0.751
5299.000 0.749
5302.000 0.746
5305.000 0.745
5308.000 0.741
5311.000 0.741
5314.000 0.740
5317.000 0.735
5320.000 0.736
5323.000 0.733
5326.000 0.732
5329.000 0.731
5332.000 0.724
5335.000 0.722
5338.000 0.726
5341.000 0.723
5344.000 0.725
5347.000 0.722
5350.000 0.717
5353.000 0.715
5356.000 0.714
5359.000 0.713
5362.000 0.709
5365.000 0.709
5368.000 0.704
5371.000 0.702
5374.000 0.705
5377.000 0.700
5380.000 0.699
5383.000 0.703
5386.000 0.695
5389.000 0.694
5392.000 0.693
5395.000 0.733
5398.000 0.718
5401.000 0.699
5404.000 0.695
5407.000 0.689
5410.000 0.689
5413.000 0.686
5416.000 0.682
5419.000 0.686
5422.000 0.672
5425.000 0.675
5428.000 0.672
5431.000 0.737
5434.000 0.722
5437.000 0.690
5440.000 0.775
5443.000 0.753
5446.000 0.713
5449.000 0.694
5452.000 0.671
5455.000 0.665
5458.000 0.664
5461.000 0.664
5464.000 0.664
5467.000 0.664
5470.000 0.704
5473.000 0.688
5476.000 0.661
5479.000 0.659
5482.000 0.657
5485.000 0.656
5488.000 0.652
5491.000 0.637
5494.000 0.627
5497.000 0.638
5500.000 0.637
5503.000 0.638
5506.000 0.638
5509.000 0.636
5512.000 0.645
5515.000 0.649
5518.000 0.650
5521.000 0.730
5524.000 0.711
5527.000 0.675
5530.000 0.652
5533.000 0.644
5536.000 0.643
5539.000 0.639
5542.000 0.635
5545.000 0.638
5548.000 0.638
5551.000 0.634
5554.000 0.633
5557.000 0.634
5560.000 0.634
5563.000 0.632
5566.000 0.630
5569.000 0.628
5572.000 0.630
5575.000 0.630
5578.000 0.626
5581.000 0.626
5584.000 0.628
5587.000 0.628
5590.000 0.626
5593.000 0.628
5596.000 0.628
5599.000 0.629
5602.000 0.631
5605.000 0.625
5608.000 0.626
5611.000 0.624
5614.000 0.628
5617.000 0.625
5620.000 0.627
5623.000 0.626
5626.000 0.622
5629.000 0.623
5632.000 0.624
5635.000 0.626
5638.000 0.624
5641.000 0.624
5644.000 0.621
5647.000 0.623
5650.000 0.622
5653.000 0.626
5656.000 0.622
5659.000 0.622
5662.000 0.625
5665.000 0.619
5668.000 0.621
5671.000 0.621
5674.000 0.962
5677.000 1.041
5680.000 0.846
5683.000 1.100
5686.000 1.007
5689.000 1.008
5692.000 1.021
5695.000 1.077
5698.000 0.957
5701.000 0.860
5704.000 0.812
5707.000 0.747
5710.000 0.723
5713.000 0.678
5716.000 0.656
5719.000 0.649
5722.000 0.667
5725.000 0.655
5728.000 0.649
5731.000 0.648
5734.000 0.651
5737.000 0.652
5740.000 0.650
5743.000 0.651
5746.000 0.652
5749.000 0.650
5752.000 0.651
5755.000 0.653
5758.000 0.651
5761.000 0.654
5764.000 0.658
5767.000 0.655
5770.000 0.653
5773.000 0.648
5776.000 0.653
5779.000 0.658
5782.000 0.657
5785.000 0.659
5788.000 0.658
5791.000 0.661
5794.000 0.660
5797.000 0.660
5800.000 0.661
5803.000 0.661
5806.000 0.662
5809.000 0.663
5812.000 0.662
5815.000 0.665
5818.000 0.667
5821.000 0.660
5824.000 0.655
5827.000 0.664
5830.000 0.669
5833.000 0.671
5836.000 0.667
5839.000 0.667
5842.000 0.724
5845.000 0.707
5848.000 0.686
5851.000 1.179
5854.000 1.147
5857.000 1.049
5860.000 0.985
5863.000 0.895
5866.000 0.825
5869.000 0.795
5872.000 0.756
5875.000 0.740
5878.000 0.725
5881.000 0.723
5884.000 0.723
5887.000 0.720
5890.000 0.723
5893.000 0.724
5896.000 0.726
5899.000 0.724
5902.000 0.726
5905.000 0.727
5908.000 0.727
5911.000 0.728
5914.000 0.727
5917.000 0.729
5920.000 0.731
5923.000 0.737
5926.000 0.737
5929.000 0.738
5932.000 0.739
5935.000 0.742
5938.000 0.747
5941.000 0.748
5944.000 0.751
5947.000 0.750
5950.000 0.752
5953.000 0.756
5956.000 0.754
5959.000 0.761
5962.000 0.763
5965.000 0.768
5968.000 0.760
5971.000 0.781
5974.000 0.786
5977.000 0.798
5980.000 0.800
5983.000 0.811
5986.000 0.820
5989.000 0.818
5992.000 0.822
5995.000 0.813
5998.000 0.833
6001.000 0.828
6004.000 0.827
6007.000 0.835
6010.000 0.837
6013.000 0.851
6016.000 0.856
6019.000 0.853
6022.000 0.853
6025.000 0.861
6028.000 0.856
6031.000 0.863
6034.000 0.870
6037.000 0.865
6040.000 0.866
6043.000 0.879
6046.000 0.915
6049.000 0.880
6052.000 0.976
6055.000 0.961
6058.000 0.922
6061.000 0.907
6064.000 0.900
6067.000 0.934
6070.000 0.955
6073.000 0.916
6076.000 0.912
6079.000 0.909
6082.000 0.917
6085.000 0.916
6088.000 0.921
6091.000 0.919
6094.000 0.930
6097.000 0.944
6100.000 0.937
6103.000 0.939
6106.000 0.944
6109.000 0.948
6112.000 0.955
6115.000 0.957
6118.000 0.950
6121.000 0.972
6124.000 1.004
6127.000 1.038
6130.000 1.059
6133.000 1.121
6136.000 1.123
6139.000 1.126
6142.000 1.134
6145.000 1.139
6148.000 1.150
6151.000 1.146
6154.000 1.157
6157.000 1.161
6160.000 1.163
6163.000 1.170
6166.000 1.175
6169.000 1.183
6172.000 1.191
6175.000 1.208
6178.000 1.205
6181.000 1.205
6184.000 1.218
6187.000 1.225
6190.000 1.228
6193.000 1.237
6196.000 1.237
6199.000 1.241
6202.000 1.247
6205.000 1.244
6208.000 1.258
6211.000 1.262
6214.000 1.264
6217.000 1.266
6220.000 1.271
6223.000 1.283
6226.000 1.291
6229.000 1.304
6232.000 1.310
6235.000 1.315
6238.000 1.323
6241.000 1.332
6244.000 1.339
6247.000 1.347
6250.000 1.349
6253.000 1.355
6256.000 1.359
6259.000 1.375
6262.000 1.387
6265.000 1.384
6268.000 1.398
6271.000 1.407
6274.000 1.414
6277.000 1.424
6280.000 1.437
6283.000 1.451
6286.000 1.454
6289.000 1.465
6292.000 1.484
6295.000 1.492
6298.000 1.508
6301.000 1.525
6304.000 1.536
6307.000 1.540
6310.000 1.597
6313.000 1.581
6316.000 1.585
6319.000 1.573
6322.000 1.579
6325.000 1.581
6328.000 1.585
6331.000 1.590
6334.000 1.597
6337.000 1.602
6340.000 1.612
6343.000 1.626
6346.000 1.628
6349.000 1.631
6352.000 1.643
6355.000 1.667
6358.000 1.679
6361.000 1.687
6364.000 1.700
6367.000 1.707
6370.000 1.732
6373.000 1.744
6376.000 1.750
6379.000 1.764
6382.000 1.770
6385.000 1.783
6388.000 1.798
6391.000 1.804
6394.000 1.820
6397.000 1.835
6400.000 1.851
6403.000 1.863
6406.000 1.858
6409.000 1.901
6412.000 1.901
6415.000 1.925
6418.000 1.944
6421.000 1.950
6424.000 1.969
6427.000 1.981
6430.000 1.998
6433.000 2.018
6436.000 2.030
6439.000 2.051
6442.000 2.068
6445.000 2.084
6448.000 2.107
6451.000 2.124
6454.000 2.134
6457.000 2.149
6460.000 2.178
6463.000 2.203
6466.000 2.213
6469.000 2.230
6472.000 2.244
6475.000 2.277
6478.000 2.298
6481.000 2.312
6484.000 2.342
6487.000 2.354
6490.000 2.387
6493.000 2.416
6496.000 2.433
6499.000 2.463
6502.000 2.482
6505.000 2.511
6508.000 2.544
6511.000 2.544
6514.000 2.592
6517.000 2.612
6520.000 2.650
6523.000 2.693
6526.000 2.717
6529.000 2.745
6532.000 2.763
6535.000 2.809
6538.000 2.841
6541.000 2.853
6544.000 2.912
6547.000 2.937
6550.000 2.989
6553.000 3.149
6556.000 3.131
6559.000 3.128
6562.000 3.140
6565.000 3.182
6568.000 3.241
6571.000 3.273
6574.000 3.332
6577.000 3.356
6580.000 3.416
6583.000 3.476
6586.000 3.514
6589.000 3.573
6592.000 3.610
6595.000 3.678
6598.000 3.755
6601.000 3.811
6604.000 3.896
6607.000 3.935
6610.000 3.897
6613.000 3.980
6616.000 4.019
6619.000 4.105
6622.000 4.151
6625.000 4.241
6628.000 4.335
6631.000 4.383
6634.000 4.371
6637.000 4.363
6640.000 4.529
6643.000 4.655
6646.000 4.711
6649.000 4.819
6652.000 4.867
6655.000 4.990
6658.000 5.082
6661.000 5.075
6664.000 5.214
6667.000 5.275
6670.000 5.412
6673.000 5.555
6676.000 5.637
6679.000 5.798
6682.000 5.875
6685.000 5.880
6688.000 6.054
6691.000 6.159
6694.000 6.344
6697.000 6.428
6700.000 6.665
6703.000 6.750
6706.000 6.903
6709.000 6.949
6712.000 7.031
6715.000 7.207
6718.000 7.307
6721.000 7.485
6724.000 7.664
6727.000 7.746
6730.000 7.878
6733.000 7.934
6736.000 7.906
6739.000 7.992
6742.000 8.015
6745.000 8.058
6748.000 8.073
6751.000 8.089
6754.000 8.092
6757.000 8.076
6760.000 7.943
6763.000 7.941
6766.000 7.953
6769.000 7.917
6772.000 7.845
6775.000 7.706
6778.000 7.629
6781.000 7.502
6784.000 7.403
6787.000 7.292
6790.000 7.085
6793.000 6.977
6796.000 6.819
6799.000 6.643
6802.000 6.547
6805.000 6.376
6808.000 6.285
6811.000 6.056
6814.000 5.901
6817.000 5.813
6820.000 5.669
6823.000 5.591
6826.000 5.458
6829.000 5.307
6832.000 5.242
6835.000 5.059
6838.000 4.999
6841.000 4.941
6844.000 4.875
6847.000 4.810
6850.000 4.676
6853.000 4.613
6856.000 4.511
6859.000 4.379
6862.000 4.300
6865.000 4.263
6868.000 4.273
6871.000 4.149
6874.000 4.094
6877.000 3.990
6880.000 3.893
6883.000 3.853
6886.000 3.754
6889.000 3.706
6892.000 3.628
6895.000 3.561
6898.000 3.528
6901.000 3.457
6904.000 3.422
6907.000 3.367
6910.000 3.279
6913.000 3.256
6916.000 3.221
6919.000 3.243
6922.000 3.176
6925.000 3.120
6928.000 3.093
6931.000 3.053
6934.000 3.030
6937.000 2.953
6940.000 2.908
6943.000 2.886
6946.000 2.884
6949.000 2.868
6952.000 2.828
6955.000 2.780
6958.000 2.760
6961.000 2.694
6964.000 2.684
6967.000 2.647
6970.000 2.624
6973.000 2.605
6976.000 2.576
6979.000 2.564
6982.000 2.524
6985.000 2.492
6988.000 2.463
6991.000 2.441
6994.000 2.445
6997.000 2.430
7000.000 2.407
7003.000 2.390
7006.000 2.367
7009.000 2.351
7012.000 2.317
7015.000 2.308
7018.000 2.292
7021.000 2.271
7024.000 2.273
7027.000 2.260
7030.000 2.228
7033.000 2.221
7036.000 2.216
7039.000 2.276
7042.000 2.256
7045.000 2.306
7048.000 2.300
7051.000 2.253
7054.000 2.245
7057.000 2.202
7060.000 2.212
7063.000 2.213
7066.000 2.180
7069.000 2.161
7072.000 2.143
7075.000 2.143
7078.000 2.137
7081.000 2.104
7084.000 2.102
7087.000 2.064
7090.000 2.044
7093.000 2.029
7096.000 2.023
7099.000 2.027
7102.000 2.015
7105.000 2.005
7108.000 1.994
7111.000 1.974
7114.000 1.975
7117.000 2.118
7120.000 2.109
7123.000 2.096
7126.000 2.056
7129.000 2.042
7132.000 2.003
7135.000 1.980
7138.000 1.975
7141.000 1.961
7144.000 1.983
7147.000 2.072
7150.000 2.034
7153.000 2.019
7156.000 1.998
7159.000 1.992
7162.000 1.965
7165.000 1.953
7168.000 1.946
7171.000 1.936
7174.000 1.930
7177.000 1.924
7180.000 1.918
7183.000 1.914
7186.000 1.898
7189.000 1.896
7192.000 1.887
7195.000 1.887
7198.000 1.889
7201.000 1.911
7204.000 1.904
7207.000 1.906
7210.000 1.903
7213.000 1.903
7216.000 1.909
7219.000 1.904
7222.000 1.933
7225.000 1.941
7228.000 1.938
7231.000 1.928
7234.000 1.939
7237.000 1.935
7240.000 1.934
7243.000 1.934
7246.000 1.939
7249.000 1.946
7252.000 1.946
7255.000 1.961
7258.000 1.969
7261.000 1.959
7264.000 1.962
7267.000 1.969
7270.000 1.978
7273.000 1.979
7276.000 1.991
7279.000 1.998
7282.000 2.011
7285.000 2.019
7288.000 2.017
7291.000 2.036
7294.000 2.049
7297.000 2.060
7300.000 2.065
7303.000 2.083
7306.000 2.096
7309.000 2.111
7312.000 2.114
7315.000 2.130
7318.000 2.146
7321.000 2.165
7324.000 2.178
7327.000 2.207
7330.000 2.217
7333.000 2.241
7336.000 2.245
7339.000 2.308
7342.000 2.322
7345.000 2.343
7348.000 2.394
7351.000 2.485
7354.000 2.554
7357.000 2.531
7360.000 2.616
7363.000 2.692
7366.000 2.621
7369.000 2.587
7372.000 2.582
7375.000 2.592
7378.000 2.623
7381.000 2.647
7384.000 2.659
7387.000 2.683
7390.000 2.697
7393.000 2.891
7396.000 2.925
7399.000 2.913
7402.000 2.947
7405.000 2.958
7408.000 2.892
7411.000 2.972
7414.000 3.050
7417.000 3.133
7420.000 3.135
7423.000 3.169
7426.000 3.202
7429.000 3.209
7432.000 3.328
7435.000 3.343
7438.000 3.368
7441.000 3.417
7444.000 3.430
7447.000 3.486
7450.000 3.509
7453.000 3.564
7456.000 3.616
7459.000 3.638
7462.000 3.676
7465.000 3.698
7468.000 3.756
7471.000 3.806
7474.000 3.828
7477.000 3.877
7480.000 3.894
7483.000 3.922
7486.000 3.926
7489.000 3.908
7492.000 3.891
7495.000 3.977
7498.000 3.995
7501.000 4.042
7504.000 4.083
7507.000 4.049
7510.000 4.025
7513.000 4.043
7516.000 4.138
7519.000 4.147
7522.000 4.044
7525.000 4.001
7528.000 3.906
7531.000 3.832
7534.000 3.798
7537.000 3.722
7540.000 3.723
7543.000 3.697
7546.000 3.630
7549.000 3.596
7552.000 3.525
7555.000 3.490
7558.000 3.415
7561.000 3.373
7564.000 3.363
7567.000 3.266
7570.000 3.223
7573.000 3.137
7576.000 3.059
7579.000 3.008
7582.000 2.978
7585.000 2.946
7588.000 2.987
7591.000 2.958
7594.000 2.869
7597.000 2.786
7600.000 2.742
7603.000 2.663
7606.000 2.629
7609.000 2.559
7612.000 2.466
7615.000 2.439
7618.000 2.462
7621.000 2.372
7624.000 2.344
7627.000 2.283
7630.000 2.263
7633.000 2.210
7636.000 2.236
7639.000 2.193
7642.000 2.125
7645.000 2.105
7648.000 2.068
7651.000 2.043
7654.000 1.983
7657.000 1.946
7660.000 1.930
7663.000 1.895
7666.000 1.881
7669.000 1.945
7672.000 1.895
7675.000 1.872
7678.000 1.832
7681.000 1.807
7684.000 1.761
7687.000 1.713
7690.000 1.697
7693.000 1.668
7696.000 1.649
7699.000 1.613
7702.000 1.592
7705.000 1.577
7708.000 1.551
7711.000 1.559
7714.000 1.537
7717.000 1.508
7720.000 1.533
7723.000 1.529
7726.000 1.625
7729.000 1.536
7732.000 1.475
7735.000 1.458
7738.000 1.423
7741.000 1.411
7744.000 1.388
7747.000 1.369
7750.000 1.358
7753.000 1.337
7756.000 1.335
7759.000 1.315
7762.000 1.325
7765.000 1.331
7768.000 1.302
7771.000 1.288
7774.000 1.265
7777.000 1.247
7780.000 1.238
7783.000 1.226
7786.000 1.216
7789.000 1.201
7792.000 1.186
7795.000 1.173
7798.000 1.164
7801.000 1.160
7804.000 1.143
7807.000 1.130
7810.000 1.120
7813.000 1.098
7816.000 1.123
7819.000 1.118
7822.000 1.106
7825.000 1.095
7828.000 1.083
7831.000 1.080
7834.000 1.074
7837.000 1.097
7840.000 1.089
7843.000 1.107
7846.000 1.110
7849.000 1.103
7852.000 1.081
7855.000 1.069
7858.000 1.050
7861.000 1.046
7864.000 1.023
7867.000 1.008
7870.000 1.004
7873.000 0.993
7876.000 0.990
7879.000 0.975
7882.000 0.966
7885.000 0.961
7888.000 0.949
7891.000 0.948
7894.000 0.941
7897.000 0.925
7900.000 0.929
7903.000 0.939
7906.000 0.939
7909.000 0.930
7912.000 0.922
7915.000 0.918
7918.000 0.903
7921.000 0.901
7924.000 0.897
7927.000 0.890
7930.000 0.890
7933.000 0.885
7936.000 0.881
7939.000 0.926
7942.000 0.926
7945.000 0.915
7948.000 0.897
7951.000 0.891
7954.000 0.878
7957.000 0.879
7960.000 0.862
7963.000 0.857
7966.000 0.865
7969.000 0.856
7972.000 0.849
7975.000 0.843
7978.000 0.822
7981.000 0.813
7984.000 0.812
7987.000 0.817
7990.000 0.829
7993.000 0.812
7996.000 0.810
7999.000 0.807
8002.000 0.807
8005.000 0.807
8008.000 0.807
8011.000 0.779
8014.000 0.768
8017.000 0.762
8020.000 0.765
8023.000 0.766
8026.000 0.772
8029.000 0.765
8032.000 0.777
8035.000 0.751
8038.000 0.743
8041.000 0.750
8044.000 0.759
8047.000 0.772
8050.000 0.757
8053.000 0.750
8056.000 0.753
8059.000 0.746
8062.000 0.768
8065.000 0.760
8068.000 0.755
8071.000 0.752
8074.000 0.742
8077.000 0.747
8080.000 0.749
8083.000 0.751
8086.000 0.750
8089.000 0.747
8092.000 0.749
8095.000 0.746
8098.000 0.746
8101.000 0.746
8104.000 0.743
8107.000 0.746
8110.000 0.750
8113.000 0.741
8116.000 0.741
8119.000 0.732
8122.000 0.763
8125.000 0.769
8128.000 0.759
8131.000 0.749
8134.000 0.745
8137.000 0.742
8140.000 0.735
8143.000 0.730
8146.000 0.740
8149.000 0.736
8152.000 0.734
8155.000 0.732
8158.000 0.725
8161.000 0.726
8164.000 0.720
8167.000 0.716
8170.000 0.720
8173.000 0.717
8176.000 0.714
8179.000 0.775
8182.000 1.032
8185.000 1.230
8188.000 1.093
8191.000 1.023
8194.000 0.907
8197.000 0.864
8200.000 0.795
8203.000 0.748
8206.000 0.736
8209.000 0.711
8212.000 0.703
8215.000 0.693
8218.000 0.690
8221.000 0.689
8224.000 0.685
8227.000 0.682
8230.000 0.685
8233.000 0.685
8236.000 0.682
8239.000 0.681
8242.000 0.683
8245.000 0.682
8248.000 0.680
8251.000 0.680
8254.000 0.677
8257.000 0.677
8260.000 0.673
8263.000 0.676
8266.000 0.679
8269.000 0.675
8272.000 0.672
8275.000 0.671
8278.000 0.684
8281.000 0.681
8284.000 0.669
8287.000 0.671
8290.000 0.662
8293.000 0.662
8296.000 0.654
8299.000 0.655
8302.000 0.655
8305.000 0.667
8308.000 0.692
8311.000 0.673
8314.000 0.684
8317.000 0.702
8320.000 0.699
8323.000 0.689
8326.000 0.679
8329.000 0.709
8332.000 0.708
8335.000 0.689
8338.000 0.679
8341.000 0.665
8344.000 0.677
8347.000 0.701
8350.000 0.709
8353.000 0.702
8356.000 0.696
8359.000 0.673
8362.000 0.670
8365.000 0.681
8368.000 0.690
8371.000 0.682
8374.000 0.674
8377.000 0.671
8380.000 0.665
8383.000 0.664
8386.000 0.663
8389.000 0.664
8392.000 0.660
8395.000 0.656
8398.000 0.638
8401.000 0.650
8404.000 0.653
8407.000 0.650
8410.000 0.647
8413.000 0.645
8416.000 0.645
8419.000 0.645
8422.000 0.642
8425.000 0.644
8428.000 0.644
8431.000 0.648
8434.000 0.644
8437.000 0.646
8440.000 0.633
8443.000 0.630
8446.000 0.634
8449.000 0.629
8452.000 0.629
8455.000 0.630
8458.000 0.626
8461.000 0.629
8464.000 0.627
8467.000 0.632
8470.000 0.627
8473.000 0.609
8476.000 0.620
8479.000 0.637
8482.000 0.632
8485.000 0.631
8488.000 0.630
8491.000 0.629
8494.000 0.630
8497.000 0.628
8500.000 0.628
8503.000 0.623
8506.000 0.629
8509.000 0.632
8512.000 0.637
8515.000 0.634
8518.000 0.636
8521.000 0.632
8524.000 0.634
8527.000 0.633
8530.000 0.634
8533.000 0.634
8536.000 0.631
8539.000 0.635
8542.000 0.635
8545.000 0.637
8548.000 0.638
8551.000 0.633
8554.000 0.635
8557.000 0.634
8560.000 0.630
8563.000 0.632
8566.000 0.628
8569.000 0.624
8572.000 0.627
8575.000 0.628
8578.000 0.627
8581.000 0.628
8584.000 0.630
8587.000 0.631
8590.000 0.630
8593.000 0.637
8596.000 0.636
8599.000 0.632
8602.000 0.632
8605.000 0.637
8608.000 0.633
8611.000 0.633
8614.000 0.632
8617.000 0.631
8620.000 0.631
8623.000 0.636
8626.000 0.631
8629.000 0.632
8632.000 0.629
8635.000 0.627
8638.000 0.631
8641.000 0.632
8644.000 0.631
8647.000 0.630
8650.000 0.628
8653.000 0.629
8656.000 0.628
8659.000 0.628
8662.000 0.632
8665.000 0.630
8668.000 0.628
8671.000 0.628
8674.000 0.629
8677.000 0.636
8680.000 0.648
8683.000 0.660
8686.000 0.662
8689.000 0.655
8692.000 0.653
8695.000 0.650
8698.000 0.651
8701.000 0.647
8704.000 0.644
8707.000 0.647
8710.000 0.644
8713.000 0.638
8716.000 0.639
8719.000 0.639
8722.000 0.639
8725.000 0.642
8728.000 0.641
8731.000 0.635
8734.000 0.630
8737.000 0.635
8740.000 0.641
8743.000 0.638
8746.000 0.640
8749.000 0.641
8752.000 0.642
8755.000 0.640
8758.000 0.639
8761.000 0.638
8764.000 0.639
8767.000 0.643
8770.000 0.658
8773.000 0.675
8776.000 0.664
8779.000 0.667
8782.000 0.660
8785.000 0.653
8788.000 0.649
8791.000 0.650
8794.000 0.649
8797.000 0.649
8800.000 0.642
8803.000 0.642
8806.000 0.638
8809.000 0.644
8812.000 0.646
8815.000 0.641
8818.000 0.655
8821.000 0.637
8824.000 0.660
8827.000 0.634
8830.000 0.638
8833.000 0.639
8836.000 0.661
8839.000 0.656
8842.000 0.637
8845.000 0.634
8848.000 0.625
8851.000 0.624
8854.000 0.622
8857.000 0.619
8860.000 0.624
8863.000 0.638
8866.000 0.636
8869.000 0.633
8872.000 0.631
8875.000 0.634
8878.000 0.626
8881.000 0.625
8884.000 0.625
8887.000 0.624
8890.000 0.624
8893.000 0.624
8896.000 0.620
8899.000 0.618
8902.000 0.622
8905.000 0.618
8908.000 0.620
8911.000 0.630
8914.000 0.626
8917.000 0.626
8920.000 0.622
8923.000 0.626
8926.000 0.620
8929.000 0.623
8932.000 0.620
8935.000 0.624
8938.000 0.625
8941.000 0.619
8944.000 0.625
8947.000 0.633
8950.000 0.637
8953.000 0.638
8956.000 0.632
8959.000 0.636
8962.000 0.637
8965.000 0.632
8968.000 0.634
8971.000 0.634
8974.000 0.634
8977.000 0.635
8980.000 0.632
8983.000 0.624
8986.000 0.625
8989.000 0.622
8992.000 0.623
8995.000 0.632
8998.000 0.633
9001.000 0.642
9004.000 0.641
9007.000 0.640
9010.000 0.639
9013.000 0.632
9016.000 0.651
9019.000 0.642
9022.000 0.640
9025.000 0.634
9028.000 0.649
9031.000 0.643
9034.000 0.649
9037.000 0.652
9040.000 0.652
9043.000 0.642
9046.000 0.639
9049.000 0.649
9052.000 0.648
9055.000 0.649
9058.000 0.647
9061.000 0.650
9064.000 0.643
9067.000 0.646
9070.000 0.648
9073.000 0.640
9076.000 0.638
9079.000 0.640
9082.000 0.643
9085.000 0.639
9088.000 0.638
9091.000 0.641
9094.000 0.639
9097.000 0.638
9100.000 0.637
9103.000 0.640
9106.000 0.637
9109.000 0.635
9112.000 0.638
9115.000 0.638
9118.000 0.641
9121.000 0.644
9124.000 0.641
9127.000 0.645
9130.000 0.654
9133.000 0.666
9136.000 0.664
9139.000 0.665
9142.000 0.658
9145.000 0.663
9148.000 0.697
9151.000 0.675
9154.000 0.670
9157.000 0.668
9160.000 0.663
9163.000 0.679
9166.000 0.661
9169.000 0.656
9172.000 0.652
9175.000 0.649
9178.000 0.654
9181.000 0.654
9184.000 0.653
9187.000 0.676
9190.000 0.694
9193.000 0.684
9196.000 0.676
9199.000 0.689
9202.000 0.685
9205.000 0.685
9208.000 0.681
9211.000 0.677
9214.000 0.672
9217.000 0.676
9220.000 0.677
9223.000 0.670
9226.000 0.671
9229.000 0.677
9232.000 0.680
9235.000 0.678
9238.000 0.676
9241.000 0.673
9244.000 0.678
9247.000 0.675
9250.000 0.675
9253.000 0.672
9256.000 0.675
9259.000 0.669
9262.000 0.672
9265.000 0.676
9268.000 0.681
9271.000 0.686
9274.000 0.682
9277.000 0.685
9280.000 0.684
9283.000 0.682
9286.000 0.678
9289.000 0.679
9292.000 0.679
9295.000 0.679
9298.000 0.681
9301.000 0.679
9304.000 0.670
9307.000 0.680
9310.000 0.677
9313.000 0.683
9316.000 0.696
9319.000 0.689
9322.000 0.685
9325.000 0.691
9328.000 0.689
9331.000 0.690
9334.000 0.687
9337.000 0.699
9340.000 0.701
9343.000 0.718
9346.000 0.724
9349.000 0.708
9352.000 0.705
9355.000 0.702
9358.000 0.703
9361.000 0.705
9364.000 0.711
9367.000 0.728
9370.000 0.726
9373.000 0.725
9376.000 0.726
9379.000 0.723
9382.000 0.727
9385.000 0.732
9388.000 0.731
9391.000 0.730
9394.000 0.744
9397.000 0.739
9400.000 0.738
9403.000 0.737
9406.000 0.738
9409.000 0.741
9412.000 0.738
9415.000 0.739
9418.000 0.736
9421.000 0.737
9424.000 0.738
9427.000 0.737
9430.000 0.735
9433.000 0.733
9436.000 0.728
9439.000 0.747
9442.000 0.740
9445.000 0.740
9448.000 0.735
9451.000 0.736
9454.000 0.742
9457.000 0.743
9460.000 0.748
9463.000 0.747
9466.000 0.733
9469.000 0.760
9472.000 0.756
9475.000 0.754
9478.000 0.760
9481.000 0.753
9484.000 0.759
9487.000 0.759
9490.000 0.757
9493.000 0.764
9496.000 0.763
9499.000 0.764
9502.000 0.764
9505.000 0.767
9508.000 0.765
9511.000 0.771
9514.000 0.778
9517.000 0.779
9520.000 0.784
9523.000 0.788
9526.000 0.788
9529.000 0.795
9532.000 0.795
9535.000 0.792
9538.000 0.797
9541.000 0.799
9544.000 0.799
9547.000 0.807
9550.000 0.830
9553.000 0.825
9556.000 0.831
9559.000 0.815
9562.000 0.823
9565.000 0.823
9568.000 0.821
9571.000 0.821
9574.000 0.826
9577.000 0.830
9580.000 0.831
9583.000 0.835
9586.000 0.839
9589.000 0.838
9592.000 0.839
9595.000 0.842
9598.000 0.851
9601.000 0.854
9604.000 0.860
9607.000 0.859
9610.000 0.855
9613.000 0.870
9616.000 0.868
9619.000 0.873
9622.000 0.875
9625.000 0.874
9628.000 0.888
9631.000 0.918
9634.000 0.903
9637.000 0.905
9640.000 0.903
9643.000 0.907
9646.000 0.908
9649.000 0.913
9652.000 0.917
9655.000 0.911
9658.000 0.919
9661.000 0.923
9664.000 0.954
9667.000 0.953
9670.000 0.954
9673.000 0.947
9676.000 0.952
9679.000 0.955
9682.000 0.952
9685.000 0.955
9688.000 0.960
9691.000 0.966
9694.000 0.971
9697.000 0.972
9700.000 0.982
9703.000 0.993
9706.000 0.997
9709.000 1.002
9712.000 1.000
9715.000 1.008
9718.000 1.013
9721.000 1.015
9724.000 1.028
9727.000 1.056
9730.000 1.057
9733.000 1.047
9736.000 1.050
9739.000 1.053
9742.000 1.058
9745.000 1.079
9748.000 1.090
9751.000 1.088
9754.000 1.096
9757.000 1.095
9760.000 1.101
9763.000 1.111
9766.000 1.120
9769.000 1.122
9772.000 1.127
9775.000 1.151
9778.000 1.152
9781.000 1.157
9784.000 1.175
9787.000 1.180
9790.000 1.185
9793.000 1.195
9796.000 1.203
9799.000 1.211
9802.000 1.226
9805.000 1.253
9808.000 1.255
9811.000 1.280
9814.000 1.284
9817.000 1.286
9820.000 1.305
9823.000 1.314
9826.000 1.317
9829.000 1.341
9832.000 1.342
9835.000 1.364
9838.000 1.385
9841.000 1.395
9844.000 1.412
9847.000 1.422
9850.000 1.445
9853.000 1.473
9856.000 1.479
9859.000 1.507
9862.000 1.518
9865.000 1.548
9868.000 1.585
9871.000 1.601
9874.000 1.626
9877.000 1.642
9880.000 1.676
9883.000 1.699
9886.000 1.697
9889.000 1.754
9892.000 1.773
9895.000 1.805
9898.000 1.847
9901.000 1.868
9904.000 1.914
9907.000 1.943
9910.000 2.008
9913.000 2.026
9916.000 2.079
9919.000 2.132
9922.000 2.161
9925.000 2.234
9928.000 2.263
9931.000 2.325
9934.000 2.398
9937.000 2.438
9940.000 2.496
9943.000 2.536
9946.000 2.623
9949.000 2.711
9952.000 2.756
9955.000 2.867
9958.000 2.972
9961.000 3.100
9964.000 3.218
9967.000 3.273
9970.000 3.393
9973.000 3.456
9976.000 3.530
9979.000 3.726
9982.000 3.797
9985.000 3.993
9988.000 4.083
9991.000 4.268
9994.000 4.431
9997.000 4.536
10000.000 4.742
10003.000 4.838
10006.000 5.029
10009.000 5.206
10012.000 5.296
10015.000 5.439
10018.000 5.490
10021.000 5.562
10024.000 5.580
10027.000 5.581
10030.000 5.527
10033.000 5.567
10036.000 5.428
10039.000 5.204
10042.000 5.099
10045.000 4.865
10048.000 4.736
10051.000 4.478
10054.000 4.228
10057.000 4.129
10060.000 3.966
10063.000 3.843
10066.000 3.623
10069.000 3.454
10072.000 3.347
10075.000 3.149
10078.000 3.059
10081.000 2.890
10084.000 2.733
10087.000 2.657
10090.000 2.538
10093.000 2.495
10096.000 2.377
10099.000 2.275
10102.000 2.220
10105.000 2.130
10108.000 2.089
10111.000 2.016
10114.000 1.926
10117.000 1.889
10120.000 1.816
10123.000 1.784
10126.000 1.714
10129.000 1.657
10132.000 1.628
10135.000 1.572
10138.000 1.546
10141.000 1.495
10144.000 1.450
10147.000 1.429
10150.000 1.418
10153.000 1.397
10156.000 1.342
10159.000 1.301
10162.000 1.281
10165.000 1.245
10168.000 1.224
10171.000 1.190
10174.000 1.161
10177.000 1.147
10180.000 1.122
10183.000 1.103
10186.000 1.074
10189.000 1.047
10192.000 1.035
10195.000 1.008
10198.000 0.996
10201.000 0.973
10204.000 0.952
10207.000 0.940
10210.000 0.920
10213.000 0.912
10216.000 0.893
10219.000 0.876
10222.000 0.865
10225.000 0.853
10228.000 0.848
10231.000 0.852
10234.000 0.852
10237.000 0.841
10240.000 0.816
10243.000 0.812
10246.000 0.793
10249.000 0.774
10252.000 0.774
10255.000 0.757
10258.000 0.752
10261.000 0.738
10264.000 0.729
10267.000 0.720
10270.000 0.714
10273.000 0.710
10276.000 0.696
10279.000 0.691
10282.000 0.681
10285.000 0.673
10288.000 0.668
10291.000 0.657
10294.000 0.653
10297.000 0.650
10300.000 0.646
10303.000 0.641
10306.000 0.643
10309.000 0.635
10312.000 0.625
10315.000 0.617
10318.000 0.614
10321.000 0.611
10324.000 0.608
10327.000 0.613
10330.000 0.610
10333.000 0.603
10336.000 0.591
10339.000 0.593
10342.000 0.603
10345.000 0.591
10348.000 0.589
10351.000 0.577
10354.000 0.582
10357.000 0.581
10360.000 0.573
10363.000 0.586
10366.000 0.583
10369.000 0.578
10372.000 0.570
10375.000 0.568
10378.000 0.566
10381.000 0.566
10384.000 0.562
10387.000 0.558
10390.000 0.568
10393.000 0.584
10396.000 0.578
10399.000 0.594
10402.000 0.589
10405.000 0.581
10408.000 0.582
10411.000 0.588
10414.000 0.588
10417.000 0.584
10420.000 0.586
10423.000 0.586
10426.000 0.590
10429.000 0.588
10432.000 0.590
10435.000 0.588
10438.000 0.595
10441.000 0.597
10444.000 0.598
10447.000 0.603
10450.000 0.604
10453.000 0.607
10456.000 0.613
10459.000 0.613
10462.000 0.620
10465.000 0.631
10468.000 0.632
10471.000 0.642
10474.000 0.642
10477.000 0.647
10480.000 0.655
10483.000 0.658
10486.000 0.672
10489.000 0.696
10492.000 0.702
10495.000 0.706
10498.000 0.711
10501.000 0.720
10504.000 0.722
10507.000 0.733
10510.000 0.744
10513.000 0.749
10516.000 0.763
10519.000 0.768
10522.000 0.786
10525.000 0.798
10528.000 0.804
10531.000 0.821
10534.000 0.826
10537.000 0.848
10540.000 0.865
10543.000 0.876
10546.000 0.892
10549.000 0.896
10552.000 0.914
10555.000 0.937
10558.000 0.944
10561.000 0.961
10564.000 0.969
10567.000 0.993
10570.000 1.015
10573.000 1.025
10576.000 1.052
10579.000 1.080
10582.000 1.099
10585.000 1.122
10588.000 1.135
10591.000 1.165
10594.000 1.181
10597.000 1.205
10600.000 1.242
10603.000 1.259
10606.000 1.297
10609.000 1.317
10612.000 1.382
10615.000 1.428
10618.000 1.472
10621.000 1.538
10624.000 1.542
10627.000 1.608
10630.000 1.633
10633.000 1.690
10636.000 1.757
10639.000 1.796
10642.000 1.874
10645.000 1.914
10648.000 2.000
10651.000 2.085
10654.000 2.136
10657.000 2.242
10660.000 2.293
10663.000 2.441
10666.000 2.549
10669.000 2.601
10672.000 2.776
10675.000 2.828
10678.000 2.905
10681.000 3.041
10684.000 3.101
10687.000 3.211
10690.000 3.275
10693.000 3.387
10696.000 3.488
10699.000 3.537
10702.000 3.601
10705.000 3.621
10708.000 3.685
10711.000 3.717
10714.000 3.727
10717.000 3.710
10720.000 3.693
10723.000 3.639
10726.000 3.563
10729.000 3.519
10732.000 3.454
10735.000 3.385
10738.000 3.299
10741.000 3.178
10744.000 3.112
10747.000 2.984
10750.000 2.927
10753.000 2.809
10756.000 2.699
10759.000 2.648
10762.000 2.543
10765.000 2.530
10768.000 2.426
10771.000 2.339
10774.000 2.290
10777.000 2.216
10780.000 2.190
10783.000 2.126
10786.000 2.065
10789.000 2.021
10792.000 1.983
10795.000 1.945
10798.000 1.880
10801.000 1.855
10804.000 1.798
10807.000 1.731
10810.000 1.712
10813.000 1.665
10816.000 1.644
10819.000 1.611
10822.000 1.576
10825.000 1.558
10828.000 1.521
10831.000 1.539
10834.000 1.505
10837.000 1.472
10840.000 1.450
10843.000 1.413
10846.000 1.397
10849.000 1.348
10852.000 1.321
10855.000 1.304
10858.000 1.282
10861.000 1.269
10864.000 1.251
10867.000 1.229
10870.000 1.218
10873.000 1.203
10876.000 1.195
10879.000 1.176
10882.000 1.156
10885.000 1.154
10888.000 1.131
10891.000 1.122
10894.000 1.118
10897.000 1.100
10900.000 1.090
10903.000 1.068
10906.000 1.064
10909.000 1.049
10912.000 1.032
10915.000 1.027
10918.000 1.008
10921.000 0.998
10924.000 0.984
10927.000 0.972
10930.000 0.985
10933.000 0.963
10936.000 0.952
10939.000 0.935
10942.000 0.931
10945.000 0.928
10948.000 0.913
10951.000 0.910
10954.000 0.914
10957.000 0.895
10960.000 0.895
10963.000 0.893
10966.000 0.880
10969.000 0.872
10972.000 0.864
10975.000 0.861
10978.000 0.856
10981.000 0.854
10984.000 0.837
10987.000 0.831
10990.000 0.832
10993.000 0.825
10996.000 0.785
10999.000 0.812
11002.000 0.795
11005.000 0.788
11008.000 0.787
11011.000 0.787
11014.000 0.790
11017.000 0.784
11020.000 0.785
11023.000 0.789
11026.000 0.780
11029.000 0.795
11032.000 0.766
11035.000 0.807
11038.000 0.843
11041.000 0.822
11044.000 0.780
11047.000 0.759
11050.000 0.747
11053.000 0.738
11056.000 0.734
11059.000 0.734
11062.000 0.738
11065.000 0.734
11068.000 0.725
11071.000 0.724
11074.000 0.718
11077.000 0.705
11080.000 0.702
11083.000 0.694
11086.000 0.688
11089.000 0.678
11092.000 0.676
11095.000 0.674
11098.000 0.670
11101.000 0.671
11104.000 0.668
11107.000 0.667
11110.000 0.667
11113.000 0.664
11116.000 0.662
11119.000 0.660
11122.000 0.659
11125.000 0.676
11128.000 0.664
11131.000 0.650
11134.000 0.653
11137.000 0.642
11140.000 0.641
11143.000 0.636
11146.000 0.630
11149.000 0.611
11152.000 0.617
11155.000 0.621
11158.000 0.621
11161.000 0.618
11164.000 0.619
11167.000 0.618
11170.000 0.619
11173.000 0.612
11176.000 0.610
11179.000 0.610
11182.000 0.612
11185.000 0.608
11188.000 0.605
11191.000 0.603
11194.000 0.581
11197.000 0.575
11200.000 0.572
11203.000 0.576
11206.000 0.578
11209.000 0.582
11212.000 0.586
11215.000 0.586
11218.000 0.586
11221.000 0.583
11224.000 0.583
11227.000 0.586
11230.000 0.586
11233.000 0.584
11236.000 0.586
11239.000 0.585
11242.000 0.587
11245.000 0.585
11248.000 0.580
11251.000 0.578
11254.000 0.576
11257.000 0.577
11260.000 0.572
11263.000 0.568
11266.000 0.553
11269.000 0.560
11272.000 0.561
11275.000 0.560
11278.000 0.559
11281.000 0.558
11284.000 0.545
11287.000 0.556
11290.000 0.551
11293.000 0.551
11296.000 0.547
11299.000 0.546
11302.000 0.544
11305.000 0.544
11308.000 0.541
11311.000 0.544
11314.000 0.546
11317.000 0.544
11320.000 0.544
11323.000 0.542
11326.000 0.541
11329.000 0.540
11332.000 0.541
11335.000 0.538
11338.000 0.537
11341.000 0.539
11344.000 0.538
11347.000 0.536
11350.000 0.515
11353.000 0.506
11356.000 0.496
11359.000 0.502
11362.000 0.502
11365.000 0.508
11368.000 0.513
11371.000 0.514
11374.000 0.517
11377.000 0.517
11380.000 0.517
11383.000 0.523
11386.000 0.523
11389.000 0.522
11392.000 0.523
11395.000 0.521
11398.000 0.519
11401.000 0.519
11404.000 0.521
11407.000 0.521
11410.000 0.520
11413.000 0.522
11416.000 0.519
11419.000 0.517
11422.000 0.501
11425.000 0.511
11428.000 0.497
11431.000 0.506
11434.000 0.508
11437.000 0.498
11440.000 0.496
11443.000 0.497
11446.000 0.499
11449.000 0.500
11452.000 0.501
11455.000 0.510
11458.000 0.506
11461.000 0.504
11464.000 0.501
11467.000 0.503
11470.000 0.503
11473.000 0.500
11476.000 0.501
11479.000 0.497
11482.000 0.503
11485.000 0.503
11488.000 0.504
11491.000 0.494
11494.000 0.484
11497.000 0.488
11500.000 0.489
11503.000 0.491
11506.000 0.492
11509.000 0.496
11512.000 0.493
11515.000 0.495
11518.000 0.495
11521.000 0.494
11524.000 0.494
11527.000 0.493
11530.000 0.493
11533.000 0.493
11536.000 0.492
11539.000 0.491
11542.000 0.469
11545.000 0.490
11548.000 0.491
11551.000 0.478
11554.000 0.476
11557.000 0.468
11560.000 0.471
11563.000 0.478
11566.000 0.480
11569.000 0.476
11572.000 0.479
11575.000 0.472
11578.000 0.465
11581.000 0.458
11584.000 0.466
11587.000 0.466
11590.000 0.462
11593.000 0.461
11596.000 0.463
11599.000 0.466
11602.000 0.467
11605.000 0.471
11608.000 0.469
11611.000 0.470
11614.000 0.473
11617.000 0.475
11620.000 0.476
11623.000 0.474
11626.000 0.471
11629.000 0.470
11632.000 0.475
11635.000 0.476
11638.000 0.479
11641.000 0.481
11644.000 0.480
11647.000 0.478
11650.000 0.478
11653.000 0.478
11656.000 0.476
11659.000 0.473
11662.000 0.476
11665.000 0.476
11668.000 0.474
11671.000 0.473
11674.000 0.474
11677.000 0.475
11680.000 0.481
11683.000 0.477
11686.000 0.477
11689.000 0.475
11692.000 0.475
11695.000 0.472
11698.000 0.477
11701.000 0.473
11704.000 0.470
11707.000 0.472
11710.000 0.469
11713.000 0.472
11716.000 0.469
11719.000 0.478
11722.000 0.472
11725.000 0.475
11728.000 0.475
11731.000 0.471
11734.000 0.469
11737.000 0.469
11740.000 0.467
11743.000 0.466
11746.000 0.458
11749.000 0.461
11752.000 0.459
11755.000 0.465
11758.000 0.469
11761.000 0.467
11764.000 0.464
11767.000 0.468
11770.000 0.470
11773.000 0.469
11776.000 0.467
11779.000 0.471
11782.000 0.476
11785.000 0.469
11788.000 0.470
11791.000 0.467
11794.000 0.466
11797.000 0.459
11800.000 0.461
11803.000 0.462
11806.000 0.463
11809.000 0.461
11812.000 0.457
11815.000 0.459
11818.000 0.458
11821.000 0.456
11824.000 0.460
11827.000 0.461
11830.000 0.461
11833.000 0.462
11836.000 0.466
11839.000 0.567
11842.000 0.583
11845.000 0.587
11848.000 0.564
11851.000 0.528
11854.000 0.496
11857.000 0.485
11860.000 0.464
11863.000 0.474
11866.000 0.465
11869.000 0.462
11872.000 0.457
11875.000 0.461
11878.000 0.453
11881.000 0.451
11884.000 0.449
11887.000 0.442
11890.000 0.441
11893.000 0.439
11896.000 0.438
11899.000 0.440
11902.000 0.447
11905.000 0.443
11908.000 0.445
11911.000 0.445
11914.000 0.445
11917.000 0.449
11920.000 0.465
11923.000 0.463
11926.000 0.455
11929.000 0.449
11932.000 0.450
11935.000 0.448
11938.000 0.449
11941.000 0.447
11944.000 0.448
11947.000 0.445
11950.000 0.447
11953.000 0.447
11956.000 0.448
11959.000 0.455
11962.000 0.450
11965.000 0.442
11968.000 0.444
11971.000 0.444
11974.000 0.446
11977.000 0.445
11980.000 0.442
11983.000 0.443
11986.000 0.445
11989.000 0.441
11992.000 0.442
11995.000 0.445
11998.000 0.444
12001.000 0.449
