103.000 0.085
106.000 0.731
109.000 0.379
112.000 0.397
115.000 0.482
118.000 0.547
121.000 0.600
124.000 0.626
127.000 0.739
130.000 0.865
133.000 0.920
136.000 0.801
139.000 1.592
142.000 1.554
145.000 2.224
148.000 1.630
151.000 1.690
154.000 1.648
157.000 1.629
160.000 1.679
163.000 1.740
166.000 1.885
169.000 1.980
172.000 2.137
175.000 2.277
178.000 2.579
181.000 2.992
184.000 3.065
187.000 3.496
190.000 3.687
193.000 4.228
196.000 5.307
199.000 5.677
202.000 7.434
205.000 8.087
208.000 10.070
211.000 12.863
214.000 13.852
217.000 16.179
220.000 17.561
223.000 19.405
226.000 21.378
229.000 22.398
232.000 23.860
235.000 24.708
238.000 25.810
241.000 26.544
244.000 26.735
247.000 27.000
250.000 26.916
253.000 26.446
256.000 25.756
259.000 25.298
262.000 23.976
265.000 23.281
268.000 21.615
271.000 20.802
274.000 20.159
277.000 19.095
280.000 18.679
283.000 17.801
286.000 16.938
289.000 16.714
292.000 16.130
295.000 16.007
298.000 15.503
301.000 15.242
304.000 15.026
307.000 14.606
310.000 14.425
313.000 13.969
316.000 13.367
319.000 13.173
322.000 12.560
325.000 12.221
328.000 11.647
331.000 11.189
334.000 10.958
337.000 10.508
340.000 10.346
343.000 10.076
346.000 9.923
349.000 9.875
352.000 9.994
355.000 10.147
358.000 10.404
361.000 10.628
364.000 10.937
367.000 11.164
370.000 11.292
373.000 11.580
376.000 11.729
379.000 12.064
382.000 12.419
385.000 12.615
388.000 12.984
391.000 13.177
394.000 13.587
397.000 14.047
400.000 14.270
403.000 14.664
406.000 14.942
409.000 15.350
412.000 15.798
415.000 15.993
418.000 16.532
421.000 16.699
424.000 17.057
427.000 17.405
430.000 17.536
433.000 17.691
436.000 17.807
439.000 17.873
442.000 18.018
445.000 18.094
448.000 18.042
451.000 17.944
454.000 17.753
457.000 17.450
460.000 17.354
463.000 17.097
466.000 16.839
469.000 16.573
472.000 16.054
475.000 15.875
478.000 15.507
481.000 15.170
484.000 14.755
487.000 14.300
490.000 14.107
493.000 13.670
496.000 13.450
499.000 13.146
502.000 12.718
505.000 12.524
508.000 12.196
511.000 12.043
514.000 11.748
517.000 11.479
520.000 11.313
523.000 10.996
526.000 10.811
529.000 10.585
532.000 10.331
535.000 10.234
538.000 10.020
541.000 9.905
544.000 9.679
547.000 9.524
550.000 9.430
553.000 9.303
556.000 9.123
559.000 9.044
562.000 8.904
565.000 9.011
568.000 9.011
571.000 9.046
574.000 8.751
577.000 8.581
580.000 8.515
583.000 8.553
586.000 8.445
589.000 8.372
592.000 8.301
595.000 8.286
598.000 8.305
601.000 8.369
604.000 8.350
607.000 8.227
610.000 8.193
613.000 8.171
616.000 8.214
619.000 8.243
622.000 8.224
625.000 8.237
628.000 8.330
631.000 8.302
634.000 8.455
637.000 8.462
640.000 9.169
643.000 8.592
646.000 9.148
649.000 9.946
652.000 9.371
655.000 9.180
658.000 9.295
661.000 9.353
664.000 9.752
667.000 9.974
670.000 10.136
673.000 10.888
676.000 10.722
679.000 11.299
682.000 11.812
685.000 12.035
688.000 12.570
691.000 12.884
694.000 13.655
697.000 14.334
700.000 15.174
703.000 16.132
706.000 16.443
709.000 16.934
712.000 17.233
715.000 17.672
718.000 17.710
721.000 17.618
724.000 17.090
727.000 16.676
730.000 15.654
733.000 14.471
736.000 13.969
739.000 12.700
742.000 12.080
745.000 11.062
748.000 10.082
751.000 9.458
754.000 8.578
757.000 8.380
760.000 7.551
763.000 6.936
766.000 6.626
769.000 6.035
772.000 5.874
775.000 5.334
778.000 4.998
781.000 4.787
784.000 4.431
787.000 4.289
790.000 3.989
793.000 4.112
796.000 3.977
799.000 3.535
802.000 3.417
805.000 3.195
808.000 3.025
811.000 2.961
814.000 2.829
817.000 2.746
820.000 2.579
823.000 2.383
826.000 2.291
829.000 2.113
832.000 2.032
835.000 1.897
838.000 1.775
841.000 1.724
844.000 1.627
847.000 1.578
850.000 1.484
853.000 1.403
856.000 1.373
859.000 1.300
862.000 1.268
865.000 1.207
868.000 1.150
871.000 1.122
874.000 1.074
877.000 1.048
880.000 1.005
883.000 0.959
886.000 0.940
889.000 0.905
892.000 0.887
895.000 0.852
898.000 0.820
901.000 0.808
904.000 0.778
907.000 0.759
910.000 0.737
913.000 0.712
916.000 0.697
919.000 0.684
922.000 0.672
925.000 0.646
928.000 0.633
931.000 0.620
934.000 0.598
937.000 0.587
940.000 0.568
943.000 0.554
946.000 0.541
949.000 0.523
952.000 0.515
955.000 0.498
958.000 0.485
961.000 0.481
964.000 0.462
967.000 0.456
970.000 0.442
973.000 0.426
976.000 0.418
979.000 0.408
982.000 0.408
985.000 0.391
988.000 0.383
991.000 0.377
994.000 0.368
997.000 0.360
1000.000 0.355
1003.000 0.347
1006.000 0.340
1009.000 0.333
1012.000 0.325
1015.000 0.309
1018.000 0.302
1021.000 0.297
1024.000 0.290
1027.000 0.280
1030.000 0.276
1033.000 0.268
1036.000 0.268
1039.000 0.265
1042.000 0.264
1045.000 0.255
1048.000 0.235
1051.000 0.238
1054.000 0.243
1057.000 0.248
1060.000 0.250
1063.000 0.249
1066.000 0.253
1069.000 0.264
1072.000 0.266
1075.000 0.274
1078.000 0.271
1081.000 0.288
1084.000 0.299
1087.000 0.308
1090.000 0.322
1093.000 0.333
1096.000 0.349
1099.000 0.368
1102.000 0.380
1105.000 0.401
1108.000 0.416
1111.000 0.446
1114.000 0.522
1117.000 0.585
1120.000 0.612
1123.000 0.624
1126.000 0.642
1129.000 0.680
1132.000 0.700
1135.000 0.733
1138.000 0.759
1141.000 0.803
1144.000 0.854
1147.000 0.883
1150.000 0.952
1153.000 0.985
1156.000 1.228
1159.000 1.319
1162.000 1.355
1165.000 1.449
1168.000 1.513
1171.000 1.669
1174.000 1.874
1177.000 1.996
1180.000 2.298
1183.000 2.466
1186.000 2.753
1189.000 3.083
1192.000 3.260
1195.000 3.661
1198.000 3.951
1201.000 4.477
1204.000 5.138
1207.000 5.559
1210.000 6.471
1213.000 6.992
1216.000 8.114
1219.000 9.231
1222.000 9.826
1225.000 10.784
1228.000 11.226
1231.000 11.531
1234.000 11.155
1237.000 10.862
1240.000 9.614
1243.000 9.007
1246.000 7.893
1249.000 6.910
1252.000 6.367
1255.000 5.652
1258.000 5.347
1261.000 4.916
1264.000 4.593
1267.000 4.477
1270.000 4.128
1273.000 4.119
1276.000 3.915
1279.000 3.754
1282.000 3.679
1285.000 3.529
1288.000 3.461
1291.000 3.335
1294.000 3.195
1297.000 3.136
1300.000 3.060
1303.000 3.023
1306.000 2.941
1309.000 2.845
1312.000 2.800
1315.000 2.743
1318.000 2.709
1321.000 2.658
1324.000 2.599
1327.000 2.564
1330.000 2.525
1333.000 2.505
1336.000 2.552
1339.000 2.451
1342.000 2.405
1345.000 2.368
1348.000 2.332
1351.000 2.306
1354.000 2.285
1357.000 2.267
1360.000 2.245
1363.000 2.281
1366.000 2.220
1369.000 2.382
1372.000 2.365
1375.000 2.270
1378.000 2.227
1381.000 2.162
1384.000 2.119
1387.000 2.112
1390.000 2.095
1393.000 2.095
1396.000 2.079
1399.000 2.154
1402.000 2.287
1405.000 2.235
1408.000 2.207
1411.000 2.119
1414.000 2.097
1417.000 2.047
1420.000 2.031
1423.000 2.028
1426.000 2.039
1429.000 2.032
1432.000 2.034
1435.000 2.037
1438.000 2.038
1441.000 2.042
1444.000 2.041
1447.000 2.048
1450.000 2.051
1453.000 2.054
1456.000 2.058
1459.000 2.060
1462.000 2.159
1465.000 2.368
1468.000 2.332
1471.000 2.243
1474.000 2.213
1477.000 2.163
1480.000 2.444
1483.000 2.519
1486.000 2.413
1489.000 2.369
1492.000 2.302
1495.000 2.251
1498.000 2.230
1501.000 2.324
1504.000 2.457
1507.000 2.397
1510.000 2.338
1513.000 2.320
1516.000 2.296
1519.000 2.290
1522.000 2.300
1525.000 2.322
1528.000 2.327
1531.000 2.356
1534.000 2.369
1537.000 2.389
1540.000 2.416
1543.000 2.432
1546.000 2.455
1549.000 2.466
1552.000 2.504
1555.000 2.557
1558.000 2.531
1561.000 2.542
1564.000 2.556
1567.000 2.754
1570.000 2.758
1573.000 2.740
1576.000 2.703
1579.000 2.695
1582.000 2.711
1585.000 2.708
1588.000 2.712
1591.000 2.752
1594.000 2.762
1597.000 2.798
1600.000 3.025
1603.000 3.058
1606.000 3.005
1609.000 2.987
1612.000 2.978
1615.000 2.961
1618.000 2.955
1621.000 3.000
1624.000 3.074
1627.000 3.053
1630.000 3.060
1633.000 3.067
1636.000 3.098
1639.000 3.105
1642.000 3.135
1645.000 3.175
1648.000 3.197
1651.000 3.280
1654.000 3.405
1657.000 3.435
1660.000 3.454
1663.000 3.484
1666.000 3.588
1669.000 3.648
1672.000 3.821
1675.000 3.966
1678.000 4.071
1681.000 4.342
1684.000 4.486
1687.000 4.852
1690.000 5.217
1693.000 5.507
1696.000 6.164
1699.000 6.492
1702.000 7.466
1705.000 8.379
1708.000 8.989
1711.000 10.553
1714.000 11.437
1717.000 13.695
1720.000 15.877
1723.000 17.068
1726.000 19.622
1729.000 20.913
1732.000 23.758
1735.000 26.819
1738.000 27.830
1741.000 29.558
1744.000 30.168
1747.000 30.735
1750.000 29.730
1753.000 28.623
1756.000 25.684
1759.000 24.295
1762.000 21.213
1765.000 18.458
1768.000 17.076
1771.000 15.043
1774.000 14.212
1777.000 12.899
1780.000 12.341
1783.000 11.600
1786.000 11.151
1789.000 11.111
1792.000 10.889
1795.000 10.966
1798.000 10.290
1801.000 9.600
1804.000 9.312
1807.000 8.799
1810.000 8.638
1813.000 8.336
1816.000 8.068
1819.000 7.918
1822.000 7.819
1825.000 7.629
1828.000 7.306
1831.000 7.145
1834.000 7.004
1837.000 6.790
1840.000 6.672
1843.000 6.518
1846.000 6.352
1849.000 6.472
1852.000 6.965
1855.000 6.926
1858.000 6.646
1861.000 6.299
1864.000 6.129
1867.000 5.876
1870.000 5.766
1873.000 5.583
1876.000 5.597
1879.000 5.515
1882.000 5.346
1885.000 5.269
1888.000 5.502
1891.000 5.561
1894.000 5.447
1897.000 5.220
1900.000 5.128
1903.000 4.973
1906.000 4.842
1909.000 4.805
1912.000 5.340
1915.000 5.216
1918.000 5.052
1921.000 4.868
1924.000 4.805
1927.000 4.680
1930.000 4.648
1933.000 4.537
1936.000 4.486
1939.000 4.445
1942.000 4.443
1945.000 4.442
1948.000 4.368
1951.000 4.332
1954.000 4.331
1957.000 4.302
1960.000 4.297
1963.000 4.264
1966.000 4.243
1969.000 4.232
1972.000 4.213
1975.000 4.269
1978.000 4.608
1981.000 4.503
1984.000 4.431
1987.000 4.336
1990.000 4.292
1993.000 4.230
1996.000 4.201
1999.000 4.191
2002.000 4.169
2005.000 4.174
2008.000 4.445
2011.000 4.488
2014.000 4.459
2017.000 4.358
2020.000 4.335
2023.000 4.271
2026.000 4.285
2029.000 4.431
2032.000 4.469
2035.000 4.431
2038.000 4.719
2041.000 4.882
2044.000 4.792
2047.000 4.658
2050.000 4.890
2053.000 4.889
2056.000 4.734
2059.000 4.673
2062.000 5.049
2065.000 4.956
2068.000 4.793
2071.000 4.694
2074.000 4.657
2077.000 4.611
2080.000 4.590
2083.000 4.617
2086.000 4.897
2089.000 4.882
2092.000 4.883
2095.000 4.856
2098.000 5.004
2101.000 5.470
2104.000 5.369
2107.000 5.254
2110.000 5.215
2113.000 5.157
2116.000 5.131
2119.000 5.218
2122.000 5.415
2125.000 5.400
2128.000 5.382
2131.000 5.367
2134.000 5.384
2137.000 5.427
2140.000 5.454
2143.000 5.533
2146.000 5.591
2149.000 5.715
2152.000 5.861
2155.000 5.994
2158.000 6.170
2161.000 6.212
2164.000 6.657
2167.000 6.736
2170.000 6.786
2173.000 6.920
2176.000 6.997
2179.000 7.241
2182.000 7.486
2185.000 7.629
2188.000 7.920
2191.000 8.087
2194.000 8.536
2197.000 9.216
2200.000 9.380
2203.000 9.758
2206.000 9.964
2209.000 10.493
2212.000 11.109
2215.000 11.426
2218.000 12.102
2221.000 12.464
2224.000 13.206
2227.000 13.900
2230.000 14.224
2233.000 14.776
2236.000 15.034
2239.000 15.325
2242.000 15.329
2245.000 15.184
2248.000 14.652
2251.000 14.271
2254.000 13.368
2257.000 12.652
2260.000 12.102
2263.000 11.001
2266.000 10.509
2269.000 9.723
2272.000 8.944
2275.000 8.554
2278.000 7.871
2281.000 7.572
2284.000 7.034
2287.000 6.586
2290.000 6.362
2293.000 5.950
2296.000 5.795
2299.000 5.421
2302.000 5.073
2305.000 4.899
2308.000 4.845
2311.000 4.690
2314.000 4.531
2317.000 4.539
2320.000 4.205
2323.000 3.922
2326.000 3.806
2329.000 3.565
2332.000 3.462
2335.000 3.268
2338.000 3.218
2341.000 3.139
2344.000 2.973
2347.000 2.891
2350.000 2.744
2353.000 2.601
2356.000 2.535
2359.000 2.386
2362.000 2.315
2365.000 2.318
2368.000 2.261
2371.000 2.180
2374.000 2.026
2377.000 1.974
2380.000 1.858
2383.000 1.753
2386.000 1.715
2389.000 1.630
2392.000 1.595
2395.000 1.523
2398.000 1.456
2401.000 1.462
2404.000 1.511
2407.000 1.464
2410.000 1.394
2413.000 1.368
2416.000 1.336
2419.000 1.273
2422.000 1.246
2425.000 1.201
2428.000 1.209
2431.000 1.193
2434.000 1.153
2437.000 1.127
2440.000 1.088
2443.000 1.052
2446.000 1.041
2449.000 1.024
2452.000 1.083
2455.000 1.047
2458.000 1.008
2461.000 0.989
2464.000 0.951
2467.000 0.938
2470.000 0.911
2473.000 0.887
2476.000 0.878
2479.000 0.856
2482.000 0.847
2485.000 0.836
2488.000 0.820
2491.000 0.813
2494.000 0.800
2497.000 0.794
2500.000 0.781
2503.000 0.771
2506.000 0.767
2509.000 0.756
2512.000 0.752
2515.000 0.742
2518.000 0.752
2521.000 0.835
2524.000 0.810
2527.000 0.796
2530.000 0.766
2533.000 0.748
2536.000 0.735
2539.000 0.720
2542.000 0.715
2545.000 0.699
2548.000 0.685
2551.000 0.680
2554.000 0.668
2557.000 0.661
2560.000 0.653
2563.000 0.644
2566.000 0.641
2569.000 0.634
2572.000 0.631
2575.000 0.625
2578.000 0.615
2581.000 0.612
2584.000 0.604
2587.000 0.601
2590.000 0.592
2593.000 0.586
2596.000 0.585
2599.000 0.582
2602.000 0.577
2605.000 0.572
2608.000 0.562
2611.000 0.562
2614.000 0.557
2617.000 0.555
2620.000 0.549
2623.000 0.543
2626.000 0.539
2629.000 0.532
2632.000 0.529
2635.000 0.578
2638.000 0.583
2641.000 0.588
2644.000 0.574
2647.000 0.566
2650.000 0.551
2653.000 0.536
2656.000 0.531
2659.000 0.521
2662.000 0.515
2665.000 0.512
2668.000 0.543
2671.000 0.630
2674.000 0.634
2677.000 0.631
2680.000 0.605
2683.000 0.582
2686.000 0.544
2689.000 0.515
2692.000 0.502
2695.000 0.487
2698.000 0.480
2701.000 0.473
2704.000 0.517
2707.000 0.508
2710.000 0.493
2713.000 0.488
2716.000 0.478
2719.000 0.471
2722.000 0.466
2725.000 0.460
2728.000 0.459
2731.000 0.452
2734.000 0.450
2737.000 0.449
2740.000 0.446
2743.000 0.441
2746.000 0.439
2749.000 0.436
2752.000 0.436
2755.000 0.436
2758.000 0.435
2761.000 0.433
2764.000 0.430
2767.000 0.461
2770.000 0.478
2773.000 0.472
2776.000 0.460
2779.000 0.454
2782.000 0.448
2785.000 0.441
2788.000 0.437
2791.000 0.433
2794.000 0.430
2797.000 0.430
2800.000 0.445
2803.000 0.442
2806.000 0.434
2809.000 0.429
2812.000 0.427
2815.000 0.424
2818.000 0.422
2821.000 0.421
2824.000 0.417
2827.000 0.418
2830.000 0.415
2833.000 0.415
2836.000 0.415
2839.000 0.414
2842.000 0.412
2845.000 0.411
2848.000 0.410
2851.000 0.412
2854.000 0.426
2857.000 0.424
2860.000 0.422
2863.000 0.420
2866.000 0.453
2869.000 0.449
2872.000 0.446
2875.000 0.437
2878.000 0.432
2881.000 0.429
2884.000 0.432
2887.000 0.444
2890.000 0.442
2893.000 0.439
2896.000 0.433
2899.000 0.430
2902.000 0.428
2905.000 0.425
2908.000 0.424
2911.000 0.422
2914.000 0.424
2917.000 0.423
2920.000 0.433
2923.000 0.435
2926.000 0.432
2929.000 0.429
2932.000 0.427
2935.000 0.429
2938.000 0.429
2941.000 0.429
2944.000 0.430
2947.000 0.433
2950.000 0.429
2953.000 0.430
2956.000 0.431
2959.000 0.447
2962.000 0.453
2965.000 0.443
2968.000 0.448
2971.000 0.447
2974.000 0.444
2977.000 0.446
2980.000 0.447
2983.000 0.442
2986.000 0.450
2989.000 0.449
2992.000 0.440
2995.000 0.440
2998.000 0.447
3001.000 0.454
3004.000 0.449
3007.000 0.447
3010.000 0.459
3013.000 0.460
3016.000 0.453
3019.000 0.464
3022.000 0.463
3025.000 0.468
3028.000 0.461
3031.000 0.471
3034.000 0.472
3037.000 0.470
3040.000 0.475
3043.000 0.480
3046.000 0.529
3049.000 0.524
3052.000 0.542
3055.000 0.533
3058.000 0.532
3061.000 0.529
3064.000 0.532
3067.000 0.546
3070.000 0.532
3073.000 0.537
3076.000 0.535
3079.000 0.535
3082.000 0.532
3085.000 0.534
3088.000 0.537
3091.000 0.539
3094.000 0.543
3097.000 0.543
3100.000 0.548
3103.000 0.551
3106.000 0.557
3109.000 0.558
3112.000 0.565
3115.000 0.570
3118.000 0.575
3121.000 0.585
3124.000 0.589
3127.000 0.599
3130.000 0.609
3133.000 0.616
3136.000 0.641
3139.000 0.643
3142.000 0.649
3145.000 0.657
3148.000 0.664
3151.000 0.697
3154.000 0.701
3157.000 0.732
3160.000 0.762
3163.000 0.762
3166.000 0.753
3169.000 0.758
3172.000 0.775
3175.000 0.794
3178.000 0.802
3181.000 0.810
3184.000 0.823
3187.000 0.845
3190.000 0.867
3193.000 0.888
3196.000 0.897
3199.000 0.907
3202.000 0.928
3205.000 0.952
3208.000 0.953
3211.000 0.975
3214.000 0.990
3217.000 1.015
3220.000 1.046
3223.000 1.061
3226.000 1.091
3229.000 1.101
3232.000 1.133
3235.000 1.195
3238.000 1.216
3241.000 1.268
3244.000 1.319
3247.000 1.396
3250.000 1.391
3253.000 1.403
3256.000 1.433
3259.000 1.465
3262.000 1.510
3265.000 1.554
3268.000 1.576
3271.000 1.630
3274.000 1.658
3277.000 1.721
3280.000 1.792
3283.000 1.822
3286.000 1.909
3289.000 1.966
3292.000 2.053
3295.000 2.163
3298.000 2.212
3301.000 2.333
3304.000 2.392
3307.000 2.535
3310.000 2.698
3313.000 2.791
3316.000 3.172
3319.000 3.280
3322.000 3.533
3325.000 3.839
3328.000 4.023
3331.000 4.404
3334.000 4.665
3337.000 5.354
3340.000 6.112
3343.000 6.532
3346.000 7.492
3349.000 8.030
3352.000 9.341
3355.000 10.608
3358.000 11.209
3361.000 12.216
3364.000 12.511
3367.000 12.654
3370.000 11.841
3373.000 11.138
3376.000 9.819
3379.000 9.144
3382.000 7.891
3385.000 7.356
3388.000 6.621
3391.000 6.233
3394.000 5.971
3397.000 5.505
3400.000 5.297
3403.000 4.927
3406.000 4.810
3409.000 4.633
3412.000 4.363
3415.000 4.225
3418.000 3.976
3421.000 3.763
3424.000 3.669
3427.000 3.505
3430.000 3.431
3433.000 3.292
3436.000 3.171
3439.000 3.117
3442.000 3.019
3445.000 2.974
3448.000 2.893
3451.000 2.823
3454.000 2.792
3457.000 2.732
3460.000 2.706
3463.000 2.650
3466.000 2.739
3469.000 2.747
3472.000 2.684
3475.000 2.651
3478.000 2.650
3481.000 2.611
3484.000 2.588
3487.000 2.587
3490.000 2.550
3493.000 2.510
3496.000 2.473
3499.000 2.457
3502.000 2.431
3505.000 2.421
3508.000 2.409
3511.000 2.398
3514.000 2.392
3517.000 2.389
3520.000 2.389
3523.000 2.388
3526.000 2.395
3529.000 2.397
3532.000 2.410
3535.000 2.420
3538.000 2.441
3541.000 2.546
3544.000 2.617
3547.000 2.643
3550.000 2.649
3553.000 2.656
3556.000 2.667
3559.000 2.685
3562.000 2.792
3565.000 2.796
3568.000 2.872
3571.000 2.919
3574.000 2.929
3577.000 2.957
3580.000 2.979
3583.000 3.025
3586.000 3.087
3589.000 3.121
3592.000 3.245
3595.000 3.286
3598.000 3.466
3601.000 3.546
3604.000 3.625
3607.000 3.784
3610.000 3.831
3613.000 3.935
3616.000 4.066
3619.000 4.141
3622.000 4.304
3625.000 4.397
3628.000 4.594
3631.000 4.825
3634.000 4.953
3637.000 5.246
3640.000 5.392
3643.000 5.746
3646.000 6.162
3649.000 6.425
3652.000 7.061
3655.000 7.410
3658.000 8.012
3661.000 8.663
3664.000 8.998
3667.000 9.635
3670.000 9.922
3673.000 10.391
3676.000 10.599
3679.000 10.639
3682.000 10.511
3685.000 10.517
3688.000 10.241
3691.000 9.721
3694.000 9.400
3697.000 8.748
3700.000 8.422
3703.000 7.776
3706.000 7.198
3709.000 6.919
3712.000 6.397
3715.000 6.192
3718.000 5.741
3721.000 5.334
3724.000 5.158
3727.000 5.009
3730.000 4.842
3733.000 4.526
3736.000 4.374
3739.000 4.112
3742.000 3.887
3745.000 3.781
3748.000 3.590
3751.000 3.499
3754.000 3.333
3757.000 3.180
3760.000 3.118
3763.000 2.984
3766.000 2.931
3769.000 2.818
3772.000 2.711
3775.000 2.670
3778.000 2.600
3781.000 2.556
3784.000 2.470
3787.000 2.402
3790.000 2.375
3793.000 2.306
3796.000 2.274
3799.000 2.210
3802.000 2.158
3805.000 2.130
3808.000 2.092
3811.000 2.079
3814.000 2.031
3817.000 1.982
3820.000 1.961
3823.000 1.914
3826.000 1.894
3829.000 1.859
3832.000 1.827
3835.000 1.808
3838.000 1.819
3841.000 1.799
3844.000 1.786
3847.000 1.753
3850.000 1.743
3853.000 1.700
3856.000 1.682
3859.000 1.651
3862.000 1.624
3865.000 1.610
3868.000 1.581
3871.000 1.567
3874.000 1.550
3877.000 1.573
3880.000 1.621
3883.000 1.584
3886.000 1.561
3889.000 1.540
3892.000 1.520
3895.000 1.522
3898.000 1.519
3901.000 1.508
3904.000 1.492
3907.000 1.476
3910.000 1.483
3913.000 1.498
3916.000 1.490
3919.000 1.507
3922.000 1.529
3925.000 1.528
3928.000 1.526
3931.000 1.515
3934.000 1.567
3937.000 1.599
3940.000 1.583
3943.000 1.539
3946.000 1.531
3949.000 1.518
3952.000 1.562
3955.000 1.568
3958.000 1.539
3961.000 1.528
3964.000 1.524
3967.000 1.534
3970.000 1.537
3973.000 1.543
3976.000 1.547
3979.000 1.566
3982.000 1.585
3985.000 1.593
3988.000 1.594
3991.000 1.610
3994.000 1.620
3997.000 1.670
4000.000 1.684
4003.000 1.706
4006.000 1.712
4009.000 1.732
4012.000 1.749
4015.000 1.774
4018.000 1.787
4021.000 1.830
4024.000 1.859
4027.000 1.876
4030.000 1.876
4033.000 1.903
4036.000 1.932
4039.000 2.026
4042.000 2.043
4045.000 2.058
4048.000 2.101
4051.000 2.114
4054.000 2.165
4057.000 2.221
4060.000 2.263
4063.000 2.321
4066.000 2.361
4069.000 2.454
4072.000 2.538
4075.000 2.583
4078.000 2.686
4081.000 2.744
4084.000 2.936
4087.000 3.052
4090.000 3.225
4093.000 3.350
4096.000 3.428
4099.000 3.610
4102.000 3.709
4105.000 3.926
4108.000 4.183
4111.000 4.323
4114.000 4.627
4117.000 4.824
4120.000 5.206
4123.000 5.526
4126.000 5.677
4129.000 5.955
4132.000 6.075
4135.000 6.289
4138.000 6.345
4141.000 6.380
4144.000 6.206
4147.000 6.142
4150.000 5.837
4153.000 5.485
4156.000 5.306
4159.000 4.844
4162.000 4.622
4165.000 4.288
4168.000 3.919
4171.000 3.742
4174.000 3.435
4177.000 3.299
4180.000 3.085
4183.000 2.872
4186.000 2.754
4189.000 2.556
4192.000 2.471
4195.000 2.318
4198.000 2.186
4201.000 2.116
4204.000 1.998
4207.000 1.942
4210.000 1.839
4213.000 1.748
4216.000 1.706
4219.000 1.628
4222.000 1.591
4225.000 1.520
4228.000 1.460
4231.000 1.428
4234.000 1.371
4237.000 1.346
4240.000 1.348
4243.000 1.283
4246.000 1.255
4249.000 1.207
4252.000 1.183
4255.000 1.141
4258.000 1.094
4261.000 1.070
4264.000 1.029
4267.000 1.010
4270.000 0.965
4273.000 0.951
4276.000 0.912
4279.000 0.875
4282.000 0.861
4285.000 0.835
4288.000 0.819
4291.000 0.790
4294.000 0.763
4297.000 0.751
4300.000 0.728
4303.000 0.718
4306.000 0.696
4309.000 0.674
4312.000 0.670
4315.000 0.656
4318.000 0.643
4321.000 0.625
4324.000 0.604
4327.000 0.597
4330.000 0.584
4333.000 0.579
4336.000 0.568
4339.000 0.557
4342.000 0.553
4345.000 0.541
4348.000 0.540
4351.000 0.533
4354.000 0.527
4357.000 0.523
4360.000 0.518
4363.000 0.518
4366.000 0.513
4369.000 0.512
4372.000 0.509
4375.000 0.509
4378.000 0.505
4381.000 0.503
4384.000 0.503
4387.000 0.502
4390.000 0.529
4393.000 0.575
4396.000 0.573
4399.000 0.559
4402.000 0.554
4405.000 0.545
4408.000 0.542
4411.000 0.542
4414.000 0.545
4417.000 0.543
4420.000 0.590
4423.000 0.616
4426.000 0.626
4429.000 0.617
4432.000 0.608
4435.000 0.599
4438.000 0.597
4441.000 0.588
4444.000 0.588
4447.000 0.587
4450.000 0.587
4453.000 0.588
4456.000 0.593
4459.000 0.599
4462.000 0.604
4465.000 0.615
4468.000 0.617
4471.000 0.631
4474.000 0.644
4477.000 0.651
4480.000 0.667
4483.000 0.677
4486.000 0.695
4489.000 0.717
4492.000 0.727
4495.000 0.756
4498.000 0.768
4501.000 0.809
4504.000 0.841
4507.000 0.857
4510.000 0.891
4513.000 0.906
4516.000 1.027
4519.000 1.047
4522.000 1.056
4525.000 1.084
4528.000 1.105
4531.000 1.157
4534.000 1.230
4537.000 1.254
4540.000 1.313
4543.000 1.347
4546.000 1.428
4549.000 1.520
4552.000 1.573
4555.000 1.688
4558.000 1.751
4561.000 1.899
4564.000 2.071
4567.000 2.172
4570.000 2.398
4573.000 2.530
4576.000 2.824
4579.000 3.188
4582.000 3.401
4585.000 3.872
4588.000 4.124
4591.000 4.669
4594.000 5.237
4597.000 5.493
4600.000 5.939
4603.000 6.072
4606.000 6.121
4609.000 5.914
4612.000 5.669
4615.000 5.238
4618.000 4.944
4621.000 4.375
4624.000 4.165
4627.000 3.831
4630.000 3.546
4633.000 3.411
4636.000 3.171
4639.000 3.067
4642.000 2.868
4645.000 2.691
4648.000 2.618
4651.000 2.469
4654.000 2.400
4657.000 2.281
4660.000 2.166
4663.000 2.115
4666.000 2.012
4669.000 1.971
4672.000 1.880
4675.000 1.803
4678.000 1.770
4681.000 1.712
4684.000 1.680
4687.000 1.624
4690.000 1.585
4693.000 1.555
4696.000 1.548
4699.000 1.513
4702.000 1.452
4705.000 1.402
4708.000 1.379
4711.000 1.339
4714.000 1.316
4717.000 1.282
4720.000 1.284
4723.000 1.272
4726.000 1.216
4729.000 1.194
4732.000 1.156
4735.000 1.119
4738.000 1.104
4741.000 1.072
4744.000 1.061
4747.000 1.033
4750.000 1.011
4753.000 0.995
4756.000 0.969
4759.000 0.958
4762.000 0.940
4765.000 0.916
4768.000 0.905
4771.000 0.889
4774.000 0.881
4777.000 0.864
4780.000 0.861
4783.000 0.954
4786.000 0.960
4789.000 0.933
4792.000 0.892
4795.000 0.856
4798.000 0.843
4801.000 0.813
4804.000 0.803
4807.000 0.786
4810.000 0.766
4813.000 0.761
4816.000 0.755
4819.000 0.752
4822.000 0.772
4825.000 0.766
4828.000 1.046
4831.000 1.204
4834.000 1.230
4837.000 1.212
4840.000 1.083
4843.000 1.020
4846.000 0.911
4849.000 0.873
4852.000 0.849
4855.000 1.120
4858.000 1.128
4861.000 1.085
4864.000 1.023
4867.000 0.934
4870.000 0.870
4873.000 0.847
4876.000 0.813
4879.000 0.805
4882.000 0.810
4885.000 0.823
4888.000 0.828
4891.000 0.852
4894.000 0.868
4897.000 0.900
4900.000 0.935
4903.000 0.959
4906.000 1.006
4909.000 1.010
4912.000 1.042
4915.000 1.066
4918.000 1.097
4921.000 1.138
4924.000 1.194
4927.000 1.252
4930.000 1.262
4933.000 1.288
4936.000 1.352
4939.000 1.424
4942.000 1.479
4945.000 1.554
4948.000 1.572
4951.000 1.634
4954.000 1.677
4957.000 1.748
4960.000 1.918
4963.000 2.006
4966.000 2.138
4969.000 2.192
4972.000 2.318
4975.000 2.568
4978.000 2.686
4981.000 2.951
4984.000 3.098
4987.000 3.479
4990.000 3.653
4993.000 4.111
4996.000 4.390
4999.000 4.432
5002.000 4.352
5005.000 4.216
5008.000 3.848
5011.000 3.486
5014.000 3.309
5017.000 2.983
5020.000 2.841
5023.000 2.576
5026.000 2.281
5029.000 2.155
5032.000 1.947
5035.000 1.853
5038.000 1.686
5041.000 1.535
5044.000 1.459
5047.000 1.336
5050.000 1.287
5053.000 1.185
5056.000 1.099
5059.000 1.052
5062.000 0.984
5065.000 0.948
5068.000 0.882
5071.000 0.824
5074.000 0.795
5077.000 0.746
5080.000 0.719
5083.000 0.662
5086.000 0.620
5089.000 0.601
5092.000 0.566
5095.000 0.548
5098.000 0.509
5101.000 0.466
5104.000 0.447
5107.000 0.419
5110.000 0.428
5113.000 0.390
5116.000 0.361
5119.000 0.348
5122.000 0.337
5125.000 0.326
5128.000 0.301
5131.000 0.282
5134.000 0.275
5137.000 0.260
5140.000 0.256
5143.000 0.244
5146.000 0.236
5149.000 0.237
5152.000 0.236
5155.000 0.234
5158.000 0.223
5161.000 0.218
5164.000 0.214
5167.000 0.210
5170.000 0.213
5173.000 0.214
5176.000 0.208
5179.000 0.207
5182.000 0.205
5185.000 0.204
5188.000 0.204
5191.000 0.202
5194.000 0.203
5197.000 0.202
5200.000 0.236
5203.000 0.231
5206.000 0.225
5209.000 0.224
5212.000 0.221
5215.000 0.220
5218.000 0.218
5221.000 0.217
5224.000 0.216
5227.000 0.217
5230.000 0.218
5233.000 0.234
5236.000 0.266
5239.000 0.266
5242.000 0.267
5245.000 0.262
5248.000 0.255
5251.000 0.251
5254.000 0.250
5257.000 0.249
5260.000 0.248
5263.000 0.247
5266.000 0.249
5269.000 0.248
5272.000 0.285
5275.000 0.384
5278.000 0.395
5281.000 0.357
5284.000 0.341
5287.000 0.316
5290.000 0.308
5293.000 0.293
5296.000 0.282
5299.000 0.281
5302.000 0.280
5305.000 0.282
5308.000 0.284
5311.000 0.307
5314.000 0.311
5317.000 0.313
5320.000 0.314
5323.000 0.310
5326.000 0.306
5329.000 0.306
5332.000 0.353
5335.000 0.348
5338.000 0.360
5341.000 0.369
5344.000 0.362
5347.000 0.353
5350.000 0.352
5353.000 0.348
5356.000 0.346
5359.000 0.342
5362.000 0.339
5365.000 0.339
5368.000 0.338
5371.000 0.337
5374.000 0.332
5377.000 0.334
5380.000 0.334
5383.000 0.334
5386.000 0.332
5389.000 0.375
5392.000 0.399
5395.000 0.391
5398.000 0.382
5401.000 0.382
5404.000 0.376
5407.000 0.372
5410.000 0.365
5413.000 0.361
5416.000 0.359
5419.000 0.353
5422.000 0.349
5425.000 0.358
5428.000 0.388
5431.000 0.392
5434.000 0.378
5437.000 0.372
5440.000 0.370
5443.000 0.384
5446.000 0.386
5449.000 0.379
5452.000 0.403
5455.000 0.405
5458.000 0.403
5461.000 0.400
5464.000 0.386
5467.000 0.378
5470.000 0.373
5473.000 0.390
5476.000 0.403
5479.000 0.393
5482.000 0.381
5485.000 0.378
5488.000 0.370
5491.000 0.369
5494.000 0.366
5497.000 0.363
5500.000 0.360
5503.000 0.362
5506.000 0.356
5509.000 0.354
5512.000 0.378
5515.000 0.386
5518.000 0.439
5521.000 0.429
5524.000 0.413
5527.000 0.395
5530.000 0.388
5533.000 0.380
5536.000 0.375
5539.000 0.403
5542.000 0.415
5545.000 0.410
5548.000 0.400
5551.000 0.393
5554.000 0.383
5557.000 0.392
5560.000 0.408
5563.000 0.401
5566.000 0.398
5569.000 0.405
5572.000 0.396
5575.000 0.389
5578.000 0.382
5581.000 0.378
5584.000 0.383
5587.000 0.381
5590.000 0.379
5593.000 0.375
5596.000 0.373
5599.000 0.384
5602.000 0.420
5605.000 0.417
5608.000 0.408
5611.000 0.398
5614.000 0.394
5617.000 0.387
5620.000 0.398
5623.000 0.396
5626.000 0.392
5629.000 0.379
5632.000 0.374
5635.000 0.373
5638.000 0.382
5641.000 0.384
5644.000 0.378
5647.000 0.374
5650.000 0.372
5653.000 0.372
5656.000 0.369
5659.000 0.369
5662.000 0.412
5665.000 0.420
5668.000 0.411
5671.000 0.406
5674.000 0.391
5677.000 0.387
5680.000 0.383
5683.000 0.377
5686.000 0.378
5689.000 0.375
5692.000 0.370
5695.000 0.374
5698.000 0.371
5701.000 0.369
5704.000 0.370
5707.000 0.377
5710.000 0.427
5713.000 0.421
5716.000 0.415
5719.000 0.404
5722.000 0.397
5725.000 0.404
5728.000 0.402
5731.000 0.400
5734.000 0.391
5737.000 0.384
5740.000 0.385
5743.000 0.381
5746.000 0.380
5749.000 0.377
5752.000 0.373
5755.000 0.373
5758.000 0.373
5761.000 0.370
5764.000 0.369
5767.000 0.370
5770.000 0.374
5773.000 0.371
5776.000 0.372
5779.000 0.374
5782.000 0.376
5785.000 0.373
5788.000 0.373
5791.000 0.372
5794.000 0.374
5797.000 0.378
5800.000 0.379
5803.000 0.389
5806.000 0.390
5809.000 0.386
5812.000 0.385
5815.000 0.381
5818.000 0.378
5821.000 0.376
5824.000 0.376
5827.000 0.376
5830.000 0.378
5833.000 0.386
5836.000 0.384
5839.000 0.383
5842.000 0.384
5845.000 0.381
5848.000 0.382
5851.000 0.382
5854.000 0.383
5857.000 0.375
5860.000 0.376
5863.000 0.372
5866.000 0.374
5869.000 0.424
5872.000 0.423
5875.000 0.413
5878.000 0.403
5881.000 0.397
5884.000 0.392
5887.000 0.393
5890.000 0.412
5893.000 0.406
5896.000 0.402
5899.000 0.396
5902.000 0.393
5905.000 0.390
5908.000 0.389
5911.000 0.389
5914.000 0.399
5917.000 0.406
5920.000 0.400
5923.000 0.394
5926.000 0.391
5929.000 0.391
5932.000 0.385
5935.000 0.389
5938.000 0.387
5941.000 0.398
5944.000 0.622
5947.000 0.635
5950.000 0.621
5953.000 0.541
5956.000 0.512
5959.000 0.465
5962.000 0.444
5965.000 0.418
5968.000 0.395
5971.000 0.389
5974.000 0.386
5977.000 0.384
5980.000 0.387
5983.000 0.386
5986.000 0.381
5989.000 0.378
5992.000 0.388
5995.000 0.389
5998.000 0.381
6001.000 0.379
6004.000 0.413
6007.000 0.409
6010.000 0.397
6013.000 0.400
6016.000 0.417
6019.000 0.409
6022.000 0.412
6025.000 0.411
6028.000 0.427
6031.000 0.440
6034.000 0.437
6037.000 0.431
6040.000 0.420
6043.000 0.409
6046.000 0.402
6049.000 0.407
6052.000 0.396
6055.000 0.397
6058.000 0.402
6061.000 0.393
6064.000 0.398
6067.000 0.397
6070.000 0.395
6073.000 0.394
6076.000 0.395
6079.000 0.406
6082.000 0.406
6085.000 0.400
6088.000 0.395
6091.000 0.395
6094.000 0.402
6097.000 0.403
6100.000 0.399
6103.000 0.398
6106.000 0.396
6109.000 0.397
6112.000 0.393
6115.000 0.397
6118.000 0.398
6121.000 0.398
6124.000 0.396
6127.000 0.398
6130.000 0.396
6133.000 0.396
6136.000 0.399
6139.000 0.399
6142.000 0.400
6145.000 0.400
6148.000 0.404
6151.000 0.402
6154.000 0.399
6157.000 0.401
6160.000 0.402
6163.000 0.403
6166.000 0.401
6169.000 0.407
6172.000 0.407
6175.000 0.407
6178.000 0.406
6181.000 0.414
6184.000 0.447
6187.000 0.439
6190.000 0.431
6193.000 0.427
6196.000 0.421
6199.000 0.420
6202.000 0.418
6205.000 0.416
6208.000 0.417
6211.000 0.416
6214.000 0.421
6217.000 0.418
6220.000 0.428
6223.000 0.431
6226.000 0.428
6229.000 0.426
6232.000 0.424
6235.000 0.416
6238.000 0.420
6241.000 0.420
6244.000 0.420
6247.000 0.425
6250.000 0.441
6253.000 0.438
6256.000 0.436
6259.000 0.434
6262.000 0.450
6265.000 0.447
6268.000 0.462
6271.000 0.466
6274.000 0.463
6277.000 0.454
6280.000 0.448
6283.000 0.449
6286.000 0.443
6289.000 0.439
6292.000 0.454
6295.000 0.463
6298.000 0.466
6301.000 0.459
6304.000 0.456
6307.000 0.446
6310.000 0.462
6313.000 0.464
6316.000 0.450
6319.000 0.449
6322.000 0.441
6325.000 0.443
6328.000 0.441
6331.000 0.440
6334.000 0.446
6337.000 0.461
6340.000 0.454
6343.000 0.453
6346.000 0.465
6349.000 0.464
6352.000 0.463
6355.000 0.459
6358.000 0.458
6361.000 0.461
6364.000 0.459
6367.000 0.463
6370.000 0.461
6373.000 0.473
6376.000 0.501
6379.000 0.499
6382.000 0.495
6385.000 0.490
6388.000 0.499
6391.000 0.500
6394.000 0.497
6397.000 0.498
6400.000 0.496
6403.000 0.496
6406.000 0.493
6409.000 0.507
6412.000 0.523
6415.000 0.522
6418.000 0.522
6421.000 0.518
6424.000 0.518
6427.000 0.519
6430.000 0.523
6433.000 0.521
6436.000 0.527
6439.000 0.530
6442.000 0.536
6445.000 0.548
6448.000 0.556
6451.000 0.561
6454.000 0.561
6457.000 0.564
6460.000 0.572
6463.000 0.574
6466.000 0.583
6469.000 0.585
6472.000 0.596
6475.000 0.605
6478.000 0.611
6481.000 0.625
6484.000 0.630
6487.000 0.640
6490.000 0.652
6493.000 0.664
6496.000 0.670
6499.000 0.682
6502.000 0.691
6505.000 0.703
6508.000 0.715
6511.000 0.730
6514.000 0.739
6517.000 0.764
6520.000 0.784
6523.000 0.794
6526.000 0.816
6529.000 0.826
6532.000 0.852
6535.000 0.890
6538.000 0.899
6541.000 0.928
6544.000 0.941
6547.000 0.976
6550.000 1.013
6553.000 1.031
6556.000 1.074
6559.000 1.094
6562.000 1.140
6565.000 1.189
6568.000 1.216
6571.000 1.279
6574.000 1.311
6577.000 1.377
6580.000 1.461
6583.000 1.515
6586.000 1.632
6589.000 1.675
6592.000 1.767
6595.000 1.844
6598.000 1.957
6601.000 2.133
6604.000 2.190
6607.000 2.365
6610.000 2.433
6613.000 2.624
6616.000 2.860
6619.000 2.996
6622.000 5.086
6625.000 5.339
6628.000 5.127
6631.000 4.984
6634.000 4.945
6637.000 4.932
6640.000 4.990
6643.000 5.209
6646.000 5.421
6649.000 5.479
6652.000 5.449
6655.000 5.362
6658.000 5.126
6661.000 4.906
6664.000 4.816
6667.000 4.734
6670.000 4.607
6673.000 4.359
6676.000 4.140
6679.000 4.037
6682.000 3.833
6685.000 3.739
6688.000 3.571
6691.000 3.426
6694.000 3.354
6697.000 3.229
6700.000 3.172
6703.000 3.061
6706.000 2.957
6709.000 2.908
6712.000 2.831
6715.000 2.799
6718.000 2.743
6721.000 2.691
6724.000 2.661
6727.000 2.620
6730.000 2.599
6733.000 2.567
6736.000 2.552
6739.000 2.536
6742.000 2.510
6745.000 2.498
6748.000 2.489
6751.000 2.489
6754.000 2.490
6757.000 2.493
6760.000 2.497
6763.000 2.511
6766.000 2.526
6769.000 2.532
6772.000 2.559
6775.000 2.571
6778.000 2.608
6781.000 2.649
6784.000 2.672
6787.000 2.725
6790.000 2.759
6793.000 2.809
6796.000 2.878
6799.000 2.905
6802.000 2.976
6805.000 3.012
6808.000 3.094
6811.000 3.181
6814.000 3.244
6817.000 3.342
6820.000 3.398
6823.000 3.506
6826.000 3.644
6829.000 3.718
6832.000 3.863
6835.000 3.943
6838.000 4.112
6841.000 4.279
6844.000 4.371
6847.000 4.544
6850.000 4.634
6853.000 4.803
6856.000 4.962
6859.000 5.038
6862.000 5.157
6865.000 5.202
6868.000 5.300
6871.000 5.346
6874.000 5.351
6877.000 5.323
6880.000 5.300
6883.000 5.202
6886.000 5.069
6889.000 4.990
6892.000 4.809
6895.000 4.714
6898.000 4.525
6901.000 4.328
6904.000 4.239
6907.000 4.058
6910.000 3.973
6913.000 3.803
6916.000 3.649
6919.000 3.574
6922.000 3.434
6925.000 3.365
6928.000 3.233
6931.000 3.114
6934.000 3.056
6937.000 2.949
6940.000 2.893
6943.000 2.801
6946.000 2.758
6949.000 2.675
6952.000 2.597
6955.000 2.564
6958.000 2.500
6961.000 2.469
6964.000 2.419
6967.000 2.361
6970.000 2.335
6973.000 2.289
6976.000 2.266
6979.000 2.215
6982.000 2.163
6985.000 2.155
6988.000 2.105
6991.000 2.098
6994.000 2.068
6997.000 2.035
7000.000 2.025
7003.000 2.013
7006.000 2.003
7009.000 1.987
7012.000 1.953
7015.000 1.944
7018.000 1.933
7021.000 1.922
7024.000 1.913
7027.000 1.906
7030.000 1.893
7033.000 1.890
7036.000 1.888
7039.000 1.881
7042.000 1.873
7045.000 1.867
7048.000 1.870
7051.000 1.864
7054.000 1.873
7057.000 1.866
7060.000 1.866
7063.000 1.868
7066.000 1.880
7069.000 1.882
7072.000 1.893
7075.000 1.890
7078.000 1.899
7081.000 1.905
7084.000 1.915
7087.000 1.923
7090.000 1.936
7093.000 1.948
7096.000 1.962
7099.000 1.976
7102.000 2.017
7105.000 2.025
7108.000 2.039
7111.000 2.048
7114.000 2.065
7117.000 2.093
7120.000 2.107
7123.000 2.137
7126.000 2.155
7129.000 2.195
7132.000 2.230
7135.000 2.252
7138.000 2.292
7141.000 2.308
7144.000 2.356
7147.000 2.403
7150.000 2.433
7153.000 2.484
7156.000 2.511
7159.000 2.570
7162.000 2.637
7165.000 2.667
7168.000 2.737
7171.000 2.777
7174.000 2.855
7177.000 2.946
7180.000 2.989
7183.000 3.086
7186.000 3.127
7189.000 3.233
7192.000 3.344
7195.000 3.425
7198.000 3.537
7201.000 3.593
7204.000 3.703
7207.000 3.822
7210.000 3.881
7213.000 4.067
7216.000 4.157
7219.000 4.366
7222.000 4.440
7225.000 4.475
7228.000 4.538
7231.000 4.568
7234.000 4.609
7237.000 4.641
7240.000 4.641
7243.000 4.624
7246.000 4.601
7249.000 4.550
7252.000 4.501
7255.000 4.461
7258.000 4.342
7261.000 4.263
7264.000 4.037
7267.000 3.939
7270.000 3.838
7273.000 3.748
7276.000 3.643
7279.000 3.456
7282.000 3.133
7285.000 3.111
7288.000 2.855
7291.000 2.833
7294.000 2.698
7297.000 2.655
7300.000 2.591
7303.000 2.481
7306.000 2.434
7309.000 2.334
7312.000 2.291
7315.000 2.281
7318.000 2.182
7321.000 2.147
7324.000 2.085
7327.000 2.044
7330.000 1.964
7333.000 1.895
7336.000 1.860
7339.000 1.806
7342.000 1.781
7345.000 1.730
7348.000 1.703
7351.000 1.674
7354.000 1.671
7357.000 1.655
7360.000 1.561
7363.000 1.608
7366.000 1.597
7369.000 1.527
7372.000 1.498
7375.000 1.460
7378.000 1.408
7381.000 1.383
7384.000 1.339
7387.000 1.324
7390.000 1.299
7393.000 1.277
7396.000 1.269
7399.000 1.239
7402.000 1.233
7405.000 1.212
7408.000 1.201
7411.000 1.218
7414.000 1.220
7417.000 1.207
7420.000 1.160
7423.000 1.155
7426.000 1.145
7429.000 1.130
7432.000 1.115
7435.000 1.098
7438.000 1.123
7441.000 1.114
7444.000 1.099
7447.000 1.093
7450.000 1.076
7453.000 1.062
7456.000 1.059
7459.000 1.053
7462.000 1.079
7465.000 1.075
7468.000 1.063
7471.000 1.059
7474.000 1.046
7477.000 1.044
7480.000 1.039
7483.000 1.084
7486.000 1.101
7489.000 1.079
7492.000 1.079
7495.000 1.070
7498.000 1.066
7501.000 1.075
7504.000 1.079
7507.000 1.079
7510.000 1.084
7513.000 1.106
7516.000 1.105
7519.000 1.109
7522.000 1.113
7525.000 1.118
7528.000 1.129
7531.000 1.135
7534.000 1.150
7537.000 1.155
7540.000 1.196
7543.000 1.246
7546.000 1.264
7549.000 1.287
7552.000 1.290
7555.000 1.300
7558.000 1.320
7561.000 1.331
7564.000 1.399
7567.000 1.427
7570.000 1.477
7573.000 1.506
7576.000 1.522
7579.000 1.556
7582.000 1.570
7585.000 1.665
7588.000 1.711
7591.000 1.733
7594.000 1.786
7597.000 1.817
7600.000 1.880
7603.000 1.955
7606.000 1.993
7609.000 2.074
7612.000 2.113
7615.000 2.198
7618.000 2.289
7621.000 3.000
7624.000 3.789
7627.000 3.840
7630.000 3.607
7633.000 3.324
7636.000 3.203
7639.000 2.997
7642.000 2.902
7645.000 3.942
7648.000 4.023
7651.000 3.811
7654.000 3.307
7657.000 3.098
7660.000 2.793
7663.000 2.645
7666.000 2.402
7669.000 2.222
7672.000 2.916
7675.000 3.090
7678.000 3.035
7681.000 2.618
7684.000 2.271
7687.000 2.133
7690.000 1.906
7693.000 1.809
7696.000 1.658
7699.000 1.568
7702.000 1.538
7705.000 1.477
7708.000 1.449
7711.000 1.409
7714.000 1.362
7717.000 1.339
7720.000 1.301
7723.000 1.283
7726.000 1.250
7729.000 1.218
7732.000 1.199
7735.000 1.171
7738.000 1.157
7741.000 1.135
7744.000 1.110
7747.000 1.101
7750.000 1.077
7753.000 1.066
7756.000 1.041
7759.000 1.423
7762.000 1.536
7765.000 1.512
7768.000 1.501
7771.000 1.338
7774.000 1.199
7777.000 1.148
7780.000 1.056
7783.000 1.015
7786.000 0.969
7789.000 0.949
7792.000 0.942
7795.000 0.932
7798.000 0.929
7801.000 0.925
7804.000 0.920
7807.000 0.918
7810.000 0.914
7813.000 0.911
7816.000 0.911
7819.000 0.907
7822.000 0.905
7825.000 0.905
7828.000 0.904
7831.000 0.903
7834.000 0.904
7837.000 0.907
7840.000 0.911
7843.000 0.913
7846.000 0.909
7849.000 0.917
7852.000 0.919
7855.000 0.927
7858.000 0.928
7861.000 0.938
7864.000 0.940
7867.000 0.947
7870.000 0.955
7873.000 0.962
7876.000 0.970
7879.000 0.978
7882.000 0.992
7885.000 1.004
7888.000 1.013
7891.000 1.034
7894.000 1.053
7897.000 1.061
7900.000 1.087
7903.000 1.101
7906.000 1.126
7909.000 1.154
7912.000 1.174
7915.000 1.209
7918.000 1.229
7921.000 1.271
7924.000 1.313
7927.000 1.342
7930.000 1.395
7933.000 1.425
7936.000 1.484
7939.000 1.552
7942.000 1.585
7945.000 1.649
7948.000 1.678
7951.000 1.739
7954.000 1.787
7957.000 1.810
7960.000 1.825
7963.000 1.812
7966.000 1.781
7969.000 1.702
7972.000 1.649
7975.000 1.538
7978.000 1.477
7981.000 1.359
7984.000 1.250
7987.000 1.219
7990.000 1.122
7993.000 1.122
7996.000 1.030
7999.000 0.961
8002.000 0.918
8005.000 0.849
8008.000 0.817
8011.000 0.758
8014.000 0.743
8017.000 0.681
8020.000 0.642
8023.000 0.627
8026.000 0.596
8029.000 0.577
8032.000 0.551
8035.000 0.524
8038.000 0.511
8041.000 0.495
8044.000 0.484
8047.000 0.460
8050.000 0.451
8053.000 0.443
8056.000 0.435
8059.000 0.430
8062.000 0.417
8065.000 0.407
8068.000 0.401
8071.000 0.387
8074.000 0.379
8077.000 0.372
8080.000 0.366
8083.000 0.363
8086.000 0.370
8089.000 0.370
8092.000 0.361
8095.000 0.351
8098.000 0.350
8101.000 0.343
8104.000 0.341
8107.000 0.338
8110.000 0.340
8113.000 0.340
8116.000 0.339
8119.000 0.338
8122.000 0.344
8125.000 0.351
8128.000 0.353
8131.000 0.353
8134.000 0.354
8137.000 0.358
8140.000 0.360
8143.000 0.360
8146.000 0.364
8149.000 0.366
8152.000 0.371
8155.000 0.373
8158.000 0.377
8161.000 0.381
8164.000 0.385
8167.000 0.389
8170.000 0.390
8173.000 0.391
8176.000 0.391
8179.000 0.389
8182.000 0.378
8185.000 0.371
8188.000 0.367
8191.000 0.374
8194.000 0.372
8197.000 0.366
8200.000 0.363
8203.000 0.360
8206.000 0.373
8209.000 0.371
8212.000 0.371
8215.000 0.367
8218.000 0.364
8221.000 0.364
8224.000 0.362
8227.000 0.360
8230.000 0.363
8233.000 0.359
8236.000 0.363
8239.000 0.365
8242.000 0.362
8245.000 0.361
8248.000 0.361
8251.000 0.361
8254.000 0.365
8257.000 0.362
8260.000 0.362
8263.000 0.362
8266.000 0.363
8269.000 0.363
8272.000 0.365
8275.000 0.366
8278.000 0.366
8281.000 0.364
8284.000 0.367
8287.000 0.372
8290.000 0.380
8293.000 0.387
8296.000 0.380
8299.000 0.376
8302.000 0.372
8305.000 0.373
8308.000 0.372
8311.000 0.372
8314.000 0.369
8317.000 0.370
8320.000 0.368
8323.000 0.365
8326.000 0.363
8329.000 0.363
8332.000 0.367
8335.000 0.368
8338.000 0.372
8341.000 0.381
8344.000 0.375
8347.000 0.374
8350.000 0.374
8353.000 0.381
8356.000 0.383
8359.000 0.380
8362.000 0.383
8365.000 0.380
8368.000 0.375
8371.000 0.376
8374.000 0.375
8377.000 0.374
8380.000 0.376
8383.000 0.382
8386.000 0.384
8389.000 0.382
8392.000 0.380
8395.000 0.378
8398.000 0.385
8401.000 0.382
8404.000 0.377
8407.000 0.379
8410.000 0.380
8413.000 0.378
8416.000 0.376
8419.000 0.375
8422.000 0.376
8425.000 0.375
8428.000 0.419
8431.000 0.616
8434.000 0.609
8437.000 0.564
8440.000 0.551
8443.000 0.525
8446.000 0.491
8449.000 0.468
8452.000 0.432
8455.000 0.419
8458.000 0.394
8461.000 0.384
8464.000 0.667
8467.000 0.637
8470.000 0.620
8473.000 0.547
8476.000 0.491
8479.000 0.469
8482.000 0.432
8485.000 0.419
8488.000 0.399
8491.000 0.386
8494.000 0.383
8497.000 0.381
8500.000 0.380
8503.000 0.378
8506.000 0.380
8509.000 0.379
8512.000 0.381
8515.000 0.380
8518.000 0.382
8521.000 0.380
8524.000 0.380
8527.000 0.380
8530.000 0.380
8533.000 0.380
8536.000 0.381
8539.000 0.384
8542.000 0.383
8545.000 0.380
8548.000 0.379
8551.000 0.382
8554.000 0.380
8557.000 0.380
8560.000 0.381
8563.000 0.381
8566.000 0.380
8569.000 0.382
8572.000 0.383
8575.000 0.382
8578.000 0.381
8581.000 0.381
8584.000 0.383
8587.000 0.382
8590.000 0.383
8593.000 0.383
8596.000 0.383
8599.000 0.383
8602.000 0.385
8605.000 0.384
8608.000 0.384
8611.000 0.379
8614.000 0.385
8617.000 0.382
8620.000 0.380
8623.000 0.383
8626.000 0.384
8629.000 0.386
8632.000 0.383
8635.000 0.385
8638.000 0.387
8641.000 0.385
8644.000 0.385
8647.000 0.385
8650.000 0.387
8653.000 0.387
8656.000 0.388
8659.000 0.388
8662.000 0.386
8665.000 0.384
8668.000 0.385
8671.000 0.387
8674.000 0.386
8677.000 0.384
8680.000 0.386
8683.000 0.386
8686.000 0.387
8689.000 0.388
8692.000 0.387
8695.000 0.390
8698.000 0.389
8701.000 0.389
8704.000 0.389
8707.000 0.390
8710.000 0.388
8713.000 0.388
8716.000 0.388
8719.000 0.385
8722.000 0.386
8725.000 0.389
8728.000 0.389
8731.000 0.388
8734.000 0.392
8737.000 0.412
8740.000 0.405
8743.000 0.402
8746.000 0.399
8749.000 0.392
8752.000 0.393
8755.000 0.394
8758.000 0.392
8761.000 0.392
8764.000 0.391
8767.000 0.390
8770.000 0.387
8773.000 0.389
8776.000 0.391
8779.000 0.392
8782.000 0.396
8785.000 0.397
8788.000 0.423
8791.000 0.421
8794.000 0.413
8797.000 0.409
8800.000 0.406
8803.000 0.408
8806.000 0.405
8809.000 0.403
8812.000 0.404
8815.000 0.409
8818.000 0.417
8821.000 0.411
8824.000 0.395
8827.000 0.388
8830.000 0.419
8833.000 0.404
8836.000 0.423
8839.000 0.416
8842.000 0.414
8845.000 0.405
8848.000 0.407
8851.000 0.406
8854.000 0.405
8857.000 0.401
8860.000 0.403
8863.000 0.403
8866.000 0.403
8869.000 0.401
8872.000 0.400
8875.000 0.400
8878.000 0.400
8881.000 0.403
8884.000 0.400
8887.000 0.401
8890.000 0.398
8893.000 0.396
8896.000 0.398
8899.000 0.397
8902.000 0.398
8905.000 0.396
8908.000 0.395
8911.000 0.394
8914.000 0.396
8917.000 0.395
8920.000 0.397
8923.000 0.400
8926.000 0.400
8929.000 0.398
8932.000 0.398
8935.000 0.401
8938.000 0.400
8941.000 0.396
8944.000 0.403
8947.000 0.404
8950.000 0.399
8953.000 0.401
8956.000 0.399
8959.000 0.399
8962.000 0.399
8965.000 0.399
8968.000 0.397
8971.000 0.396
8974.000 0.395
8977.000 0.394
8980.000 0.398
8983.000 0.401
8986.000 0.397
8989.000 0.398
8992.000 0.404
8995.000 0.403
8998.000 0.395
9001.000 0.403
9004.000 0.406
9007.000 0.406
9010.000 0.402
9013.000 0.392
9016.000 0.399
9019.000 0.396
9022.000 0.405
9025.000 0.404
9028.000 0.400
9031.000 0.405
9034.000 0.399
9037.000 0.397
9040.000 0.400
9043.000 0.402
9046.000 0.406
9049.000 0.398
9052.000 0.403
9055.000 0.402
9058.000 0.400
9061.000 0.398
9064.000 0.399
9067.000 0.401
9070.000 0.403
9073.000 0.401
9076.000 0.404
9079.000 0.405
9082.000 0.402
9085.000 0.403
9088.000 0.404
9091.000 0.402
9094.000 0.402
9097.000 0.402
9100.000 0.401
9103.000 0.402
9106.000 0.403
9109.000 0.403
9112.000 0.402
9115.000 0.404
9118.000 0.403
9121.000 0.403
9124.000 0.401
9127.000 0.402
9130.000 0.402
9133.000 0.404
9136.000 0.402
9139.000 0.401
9142.000 0.400
9145.000 0.400
9148.000 0.402
9151.000 0.401
9154.000 0.404
9157.000 0.402
9160.000 0.404
9163.000 0.401
9166.000 0.399
9169.000 0.400
9172.000 0.400
9175.000 0.401
9178.000 0.403
9181.000 0.401
9184.000 0.404
9187.000 0.404
9190.000 0.405
9193.000 0.408
9196.000 0.403
9199.000 0.405
9202.000 0.407
9205.000 0.405
9208.000 0.405
9211.000 0.403
9214.000 0.404
9217.000 0.403
9220.000 0.401
9223.000 0.402
9226.000 0.404
9229.000 0.401
9232.000 0.403
9235.000 0.405
9238.000 0.404
9241.000 0.402
9244.000 0.403
9247.000 0.402
9250.000 0.398
9253.000 0.403
9256.000 0.402
9259.000 0.401
9262.000 0.402
9265.000 0.400
9268.000 0.403
9271.000 0.403
9274.000 0.400
9277.000 0.403
9280.000 0.405
9283.000 0.405
9286.000 0.404
9289.000 0.404
9292.000 0.403
9295.000 0.401
9298.000 0.402
9301.000 0.399
9304.000 0.401
9307.000 0.402
9310.000 0.402
9313.000 0.396
9316.000 0.403
9319.000 0.402
9322.000 0.401
9325.000 0.404
9328.000 0.403
9331.000 0.401
9334.000 0.399
9337.000 0.400
9340.000 0.397
9343.000 0.397
9346.000 0.396
9349.000 0.400
9352.000 0.401
9355.000 0.400
9358.000 0.402
9361.000 0.397
9364.000 0.400
9367.000 0.402
9370.000 0.403
9373.000 0.404
9376.000 0.403
9379.000 0.403
9382.000 0.403
9385.000 0.400
9388.000 0.397
9391.000 0.401
9394.000 0.399
9397.000 0.398
9400.000 0.396
9403.000 0.397
9406.000 0.400
9409.000 0.399
9412.000 0.400
9415.000 0.399
9418.000 0.400
9421.000 0.401
9424.000 0.399
9427.000 0.399
9430.000 0.399
9433.000 0.399
9436.000 0.399
9439.000 0.397
9442.000 0.396
9445.000 0.399
9448.000 0.398
9451.000 0.398
9454.000 0.396
9457.000 0.397
9460.000 0.393
9463.000 0.394
9466.000 0.393
9469.000 0.395
9472.000 0.395
9475.000 0.390
9478.000 0.392
9481.000 0.392
9484.000 0.393
9487.000 0.395
9490.000 0.393
9493.000 0.394
9496.000 0.392
9499.000 0.392
9502.000 0.390
9505.000 0.391
9508.000 0.389
9511.000 0.391
9514.000 0.392
9517.000 0.392
9520.000 0.390
9523.000 0.390
9526.000 0.389
9529.000 0.386
9532.000 0.387
9535.000 0.390
9538.000 0.387
9541.000 0.388
9544.000 0.388
9547.000 0.386
9550.000 0.385
9553.000 0.384
9556.000 0.387
9559.000 0.385
9562.000 0.384
9565.000 0.384
9568.000 0.384
9571.000 0.382
9574.000 0.378
9577.000 0.379
9580.000 0.380
9583.000 0.380
9586.000 0.377
9589.000 0.377
9592.000 0.376
9595.000 0.383
9598.000 0.382
9601.000 0.382
9604.000 0.384
9607.000 0.379
9610.000 0.377
9613.000 0.378
9616.000 0.377
9619.000 0.378
9622.000 0.374
9625.000 0.374
9628.000 0.373
9631.000 0.369
9634.000 0.367
9637.000 0.365
9640.000 0.362
9643.000 0.364
9646.000 0.359
9649.000 0.357
9652.000 0.357
9655.000 0.355
9658.000 0.353
9661.000 0.358
9664.000 0.359
9667.000 0.366
9670.000 0.358
9673.000 0.356
9676.000 0.350
9679.000 0.349
9682.000 0.341
9685.000 0.341
9688.000 0.342
9691.000 0.339
9694.000 0.338
9697.000 0.336
9700.000 0.330
9703.000 0.331
9706.000 0.324
9709.000 0.322
9712.000 0.320
9715.000 0.315
9718.000 0.313
9721.000 0.311
9724.000 0.308
9727.000 0.307
9730.000 0.301
9733.000 0.302
9736.000 0.296
9739.000 0.292
9742.000 0.288
9745.000 0.289
9748.000 0.284
9751.000 0.281
9754.000 0.275
9757.000 0.269
9760.000 0.263
9763.000 0.263
9766.000 0.252
9769.000 0.248
9772.000 0.239
9775.000 0.232
9778.000 0.228
9781.000 0.219
9784.000 0.213
9787.000 0.203
9790.000 0.192
9793.000 0.184
9796.000 0.174
9799.000 0.167
9802.000 0.153
9805.000 0.140
9808.000 0.133
9811.000 0.118
9814.000 0.111
9817.000 0.096
9820.000 0.081
9823.000 0.075
9826.000 0.065
9829.000 0.065
9832.000 0.073
9835.000 0.092
9838.000 0.106
9841.000 0.142
9844.000 0.166
9847.000 0.218
9850.000 0.291
9853.000 0.333
9856.000 0.440
9859.000 0.500
9862.000 0.652
9865.000 0.830
9868.000 0.933
9871.000 1.172
9874.000 1.319
9877.000 1.640
9880.000 1.993
9883.000 2.183
9886.000 2.604
9889.000 2.829
9892.000 3.313
9895.000 3.824
9898.000 4.088
9901.000 4.601
9904.000 4.827
9907.000 5.214
9910.000 5.471
9913.000 5.493
9916.000 5.497
9919.000 5.412
9922.000 5.168
9925.000 4.868
9928.000 4.701
9931.000 4.353
9934.000 4.167
9937.000 3.801
9940.000 3.440
9943.000 3.273
9946.000 2.958
9949.000 2.816
9952.000 2.561
9955.000 2.335
9958.000 2.243
9961.000 2.089
9964.000 2.034
9967.000 1.945
9970.000 1.879
9973.000 1.840
9976.000 1.788
9979.000 1.772
9982.000 1.751
9985.000 1.748
9988.000 1.754
9991.000 1.753
9994.000 1.754
9997.000 1.766
10000.000 1.774
10003.000 1.768
10006.000 1.775
10009.000 1.780
10012.000 1.808
10015.000 1.813
10018.000 1.836
10021.000 1.858
10024.000 1.879
10027.000 1.904
10030.000 1.926
10033.000 1.963
10036.000 2.007
10039.000 2.026
10042.000 2.078
10045.000 2.111
10048.000 2.172
10051.000 2.236
10054.000 2.269
10057.000 2.342
10060.000 2.390
10063.000 2.482
10066.000 2.594
10069.000 2.652
10072.000 2.770
10075.000 2.851
10078.000 2.999
10081.000 3.128
10084.000 3.196
10087.000 3.348
10090.000 3.432
10093.000 3.589
10096.000 3.752
10099.000 3.822
10102.000 3.952
10105.000 3.999
10108.000 4.067
10111.000 4.059
10114.000 4.026
10117.000 3.933
10120.000 3.848
10123.000 3.654
10126.000 3.425
10129.000 3.303
10132.000 3.065
10135.000 2.943
10138.000 2.709
10141.000 2.490
10144.000 2.390
10147.000 2.207
10150.000 2.111
10153.000 1.950
10156.000 1.878
10159.000 1.756
10162.000 1.656
10165.000 1.598
10168.000 1.483
10171.000 1.437
10174.000 1.340
10177.000 1.264
10180.000 1.228
10183.000 1.162
10186.000 1.150
10189.000 1.086
10192.000 1.028
10195.000 1.005
10198.000 0.951
10201.000 0.928
10204.000 0.882
10207.000 0.850
10210.000 0.833
10213.000 0.798
10216.000 0.784
10219.000 0.758
10222.000 0.738
10225.000 0.727
10228.000 0.712
10231.000 0.726
10234.000 0.708
10237.000 0.691
10240.000 0.683
10243.000 0.671
10246.000 0.673
10249.000 0.664
10252.000 0.659
10255.000 0.649
10258.000 0.643
10261.000 0.633
10264.000 0.628
10267.000 0.620
10270.000 0.618
10273.000 0.617
10276.000 0.614
10279.000 0.616
10282.000 0.614
10285.000 0.611
10288.000 0.613
10291.000 0.616
10294.000 0.620
10297.000 0.630
10300.000 0.631
10303.000 0.639
10306.000 0.643
10309.000 0.653
10312.000 0.668
10315.000 0.676
10318.000 0.690
10321.000 0.696
10324.000 0.756
10327.000 1.035
10330.000 1.038
10333.000 0.968
10336.000 0.947
10339.000 0.914
10342.000 0.897
10345.000 0.893
10348.000 0.905
10351.000 0.919
10354.000 0.957
10357.000 1.005
10360.000 1.033
10363.000 1.084
10366.000 1.114
10369.000 1.182
10372.000 1.253
10375.000 1.289
10378.000 1.372
10381.000 1.418
10384.000 1.531
10387.000 1.637
10390.000 1.679
10393.000 1.814
10396.000 1.878
10399.000 2.045
10402.000 2.222
10405.000 2.318
10408.000 2.528
10411.000 2.635
10414.000 2.859
10417.000 3.086
10420.000 3.191
10423.000 3.370
10426.000 3.437
10429.000 3.513
10432.000 3.505
10435.000 3.472
10438.000 3.412
10441.000 3.382
10444.000 3.298
10447.000 3.181
10450.000 3.118
10453.000 2.985
10456.000 2.906
10459.000 2.766
10462.000 2.619
10465.000 2.556
10468.000 2.426
10471.000 2.338
10474.000 2.230
10477.000 2.128
10480.000 2.080
10483.000 1.994
10486.000 1.949
10489.000 1.888
10492.000 1.818
10495.000 1.780
10498.000 1.725
10501.000 1.696
10504.000 1.647
10507.000 1.621
10510.000 1.575
10513.000 1.536
10516.000 1.513
10519.000 1.482
10522.000 1.466
10525.000 1.429
10528.000 1.402
10531.000 1.387
10534.000 1.365
10537.000 1.350
10540.000 1.331
10543.000 1.313
10546.000 1.301
10549.000 1.295
10552.000 1.297
10555.000 1.267
10558.000 1.245
10561.000 1.240
10564.000 1.229
10567.000 1.225
10570.000 1.218
10573.000 1.214
10576.000 1.214
10579.000 1.223
10582.000 1.218
10585.000 1.212
10588.000 1.204
10591.000 1.198
10594.000 1.193
10597.000 1.191
10600.000 1.183
10603.000 1.184
10606.000 1.182
10609.000 1.178
10612.000 1.177
10615.000 1.176
10618.000 1.178
10621.000 1.173
10624.000 1.173
10627.000 1.176
10630.000 1.179
10633.000 1.173
10636.000 1.179
10639.000 1.180
10642.000 1.178
10645.000 1.187
10648.000 1.194
10651.000 1.195
10654.000 1.204
10657.000 1.206
10660.000 1.214
10663.000 1.224
10666.000 1.229
10669.000 1.234
10672.000 1.250
10675.000 1.267
10678.000 1.276
10681.000 1.288
10684.000 1.321
10687.000 1.326
10690.000 1.342
10693.000 1.350
10696.000 1.365
10699.000 1.387
10702.000 1.395
10705.000 1.417
10708.000 1.445
10711.000 1.457
10714.000 1.480
10717.000 1.495
10720.000 1.524
10723.000 1.555
10726.000 1.566
10729.000 1.587
10732.000 1.597
10735.000 1.624
10738.000 1.669
10741.000 1.675
10744.000 1.687
10747.000 1.705
10750.000 1.729
10753.000 1.758
10756.000 1.778
10759.000 1.810
10762.000 1.834
10765.000 1.878
10768.000 1.923
10771.000 1.946
10774.000 1.988
10777.000 2.001
10780.000 2.014
10783.000 1.987
10786.000 1.967
10789.000 1.911
10792.000 1.864
10795.000 1.761
10798.000 1.640
10801.000 1.577
10804.000 1.450
10807.000 1.382
10810.000 1.258
10813.000 1.136
10816.000 1.082
10819.000 0.979
10822.000 0.929
10825.000 0.840
10828.000 0.757
10831.000 0.719
10834.000 0.648
10837.000 0.618
10840.000 0.561
10843.000 0.503
10846.000 0.481
10849.000 0.436
10852.000 0.417
10855.000 0.378
10858.000 0.346
10861.000 0.331
10864.000 0.302
10867.000 0.287
10870.000 0.259
10873.000 0.245
10876.000 0.222
10879.000 0.199
10882.000 0.190
10885.000 0.170
10888.000 0.160
10891.000 0.142
10894.000 0.128
10897.000 0.120
10900.000 0.107
10903.000 0.101
10906.000 0.088
10909.000 0.076
10912.000 0.072
10915.000 0.063
10918.000 0.059
10921.000 0.050
10924.000 0.043
10927.000 0.040
10930.000 0.034
10933.000 0.030
10936.000 0.026
10939.000 0.022
10942.000 0.021
10945.000 0.016
10948.000 0.014
10951.000 0.013
10954.000 0.009
10957.000 0.013
10960.000 0.013
10963.000 0.011
10966.000 0.017
10969.000 0.017
10972.000 0.019
10975.000 0.022
10978.000 0.025
10981.000 0.033
10984.000 0.034
10987.000 0.039
10990.000 0.046
10993.000 0.047
10996.000 0.055
10999.000 0.063
11002.000 0.070
11005.000 0.077
11008.000 0.083
11011.000 0.096
11014.000 0.105
11017.000 0.115
11020.000 0.130
11023.000 0.147
11026.000 0.172
11029.000 0.197
11032.000 0.229
11035.000 0.270
11038.000 0.316
11041.000 0.406
11044.000 0.506
11047.000 0.562
11050.000 0.689
11053.000 0.746
11056.000 0.875
11059.000 1.013
11062.000 1.068
11065.000 1.183
11068.000 1.235
11071.000 1.321
11074.000 1.371
11077.000 1.383
11080.000 1.379
11083.000 1.368
11086.000 1.321
11089.000 1.257
11092.000 1.214
11095.000 1.136
11098.000 1.093
11101.000 1.013
11104.000 0.943
11107.000 0.907
11110.000 0.834
11113.000 0.803
11116.000 0.740
11119.000 0.696
11122.000 0.673
11125.000 0.670
11128.000 0.663
11131.000 0.635
11134.000 0.614
11137.000 0.606
11140.000 0.591
11143.000 0.585
11146.000 0.575
11149.000 0.562
11152.000 0.558
11155.000 0.546
11158.000 0.543
11161.000 0.540
11164.000 0.533
11167.000 0.529
11170.000 0.532
11173.000 0.529
11176.000 0.519
11179.000 0.516
11182.000 0.511
11185.000 0.505
11188.000 0.506
11191.000 0.500
11194.000 0.494
11197.000 0.494
11200.000 0.485
11203.000 0.488
11206.000 0.484
11209.000 0.481
11212.000 0.477
11215.000 0.474
11218.000 0.476
11221.000 0.473
11224.000 0.470
11227.000 0.467
11230.000 0.463
11233.000 0.462
11236.000 0.456
11239.000 0.459
11242.000 0.454
11245.000 0.454
11248.000 0.452
11251.000 0.454
11254.000 0.455
11257.000 0.457
11260.000 0.452
11263.000 0.449
11266.000 0.448
11269.000 0.445
11272.000 0.448
11275.000 0.450
11278.000 0.448
11281.000 0.445
11284.000 0.445
11287.000 0.441
11290.000 0.443
11293.000 0.442
11296.000 0.447
11299.000 0.446
11302.000 0.448
11305.000 0.445
11308.000 0.444
11311.000 0.442
11314.000 0.436
11317.000 0.433
11320.000 0.436
11323.000 0.434
11326.000 0.436
11329.000 0.434
11332.000 0.434
11335.000 0.436
11338.000 0.435
11341.000 0.435
11344.000 0.435
11347.000 0.433
11350.000 0.430
11353.000 0.430
11356.000 0.431
11359.000 0.433
11362.000 0.433
11365.000 0.431
11368.000 0.432
11371.000 0.427
11374.000 0.429
11377.000 0.428
11380.000 0.432
11383.000 0.428
11386.000 0.429
11389.000 0.431
11392.000 0.426
11395.000 0.424
11398.000 0.424
11401.000 0.423
11404.000 0.422
11407.000 0.428
11410.000 0.427
11413.000 0.424
11416.000 0.421
11419.000 0.422
11422.000 0.421
11425.000 0.425
11428.000 0.424
11431.000 0.422
11434.000 0.423
11437.000 0.420
11440.000 0.421
11443.000 0.422
11446.000 0.418
11449.000 0.422
11452.000 0.421
11455.000 0.419
11458.000 0.420
11461.000 0.419
11464.000 0.420
11467.000 0.422
11470.000 0.420
11473.000 0.423
11476.000 0.419
11479.000 0.420
11482.000 0.419
11485.000 0.418
11488.000 0.419
11491.000 0.424
11494.000 0.421
11497.000 0.421
11500.000 0.421
11503.000 0.420
11506.000 0.418
11509.000 0.419
11512.000 0.418
11515.000 0.418
11518.000 0.421
11521.000 0.419
11524.000 0.418
11527.000 0.421
11530.000 0.420
11533.000 0.420
11536.000 0.417
11539.000 0.415
11542.000 0.414
11545.000 0.415
11548.000 0.417
11551.000 0.421
11554.000 0.420
11557.000 0.420
11560.000 0.419
11563.000 0.416
11566.000 0.417
11569.000 0.416
11572.000 0.417
11575.000 0.413
11578.000 0.413
11581.000 0.411
11584.000 0.415
11587.000 0.412
11590.000 0.412
11593.000 0.417
11596.000 0.411
11599.000 0.413
11602.000 0.413
11605.000 0.416
11608.000 0.413
11611.000 0.412
11614.000 0.414
11617.000 0.411
11620.000 0.410
11623.000 0.412
11626.000 0.412
11629.000 0.411
11632.000 0.415
11635.000 0.412
11638.000 0.415
11641.000 0.410
11644.000 0.413
11647.000 0.409
11650.000 0.407
11653.000 0.407
11656.000 0.414
11659.000 0.408
11662.000 0.411
11665.000 0.415
11668.000 0.413
11671.000 0.412
11674.000 0.413
11677.000 0.412
11680.000 0.411
11683.000 0.413
11686.000 0.414
11689.000 0.413
11692.000 0.412
11695.000 0.411
11698.000 0.418
11701.000 0.413
11704.000 0.410
11707.000 0.410
11710.000 0.414
11713.000 0.412
11716.000 0.409
11719.000 0.412
11722.000 0.411
11725.000 0.415
11728.000 0.414
11731.000 0.412
11734.000 0.411
11737.000 0.413
11740.000 0.413
11743.000 0.412
11746.000 0.410
11749.000 0.408
11752.000 0.413
11755.000 0.413
11758.000 0.412
11761.000 0.414
11764.000 0.410
11767.000 0.410
11770.000 0.412
11773.000 0.407
11776.000 0.405
11779.000 0.404
11782.000 0.408
11785.000 0.404
11788.000 0.405
11791.000 0.403
11794.000 0.404
11797.000 0.403
11800.000 0.406
11803.000 0.409
11806.000 0.409
11809.000 0.406
11812.000 0.408
11815.000 0.409
11818.000 0.407
11821.000 0.406
11824.000 0.403
11827.000 0.405
11830.000 0.406
11833.000 0.405
11836.000 0.405
11839.000 0.409
11842.000 0.405
11845.000 0.403
11848.000 0.405
11851.000 0.400
11854.000 0.400
11857.000 0.402
11860.000 0.402
11863.000 0.400
11866.000 0.402
11869.000 0.399
11872.000 0.400
11875.000 0.402
11878.000 0.401
11881.000 0.404
11884.000 0.403
11887.000 0.402
11890.000 0.403
11893.000 0.402
11896.000 0.400
11899.000 0.400
11902.000 0.399
11905.000 0.399
11908.000 0.405
11911.000 0.406
11914.000 0.408
11917.000 0.405
11920.000 0.406
11923.000 0.403
11926.000 0.401
11929.000 0.401
11932.000 0.399
11935.000 0.402
11938.000 0.400
11941.000 0.400
11944.000 0.398
11947.000 0.400
11950.000 0.429
11953.000 0.531
11956.000 0.542
11959.000 0.537
11962.000 0.491
11965.000 0.477
11968.000 0.443
11971.000 0.430
11974.000 0.411
11977.000 0.403
11980.000 0.399
11983.000 0.520
11986.000 0.502
11989.000 0.474
11992.000 0.476
11995.000 0.487
11998.000 0.493
12001.000 0.500
