103.000 0.076
106.000 0.099
109.000 0.470
112.000 0.518
115.000 0.527
118.000 0.542
121.000 0.744
124.000 0.847
127.000 0.793
130.000 0.933
133.000 1.006
136.000 1.196
139.000 1.235
142.000 1.271
145.000 1.515
148.000 1.565
151.000 1.763
154.000 1.976
157.000 1.982
160.000 2.485
163.000 2.351
166.000 2.685
169.000 2.998
172.000 3.278
175.000 3.768
178.000 4.136
181.000 5.242
184.000 5.528
187.000 6.179
190.000 7.632
193.000 8.891
196.000 10.682
199.000 11.667
202.000 13.969
205.000 16.097
208.000 17.041
211.000 18.396
214.000 18.679
217.000 19.130
220.000 18.976
223.000 18.973
226.000 18.204
229.000 17.616
232.000 16.719
235.000 15.685
238.000 15.171
241.000 14.911
244.000 14.228
247.000 13.460
250.000 12.632
253.000 12.235
256.000 11.756
259.000 11.583
262.000 11.255
265.000 10.970
268.000 10.805
271.000 10.494
274.000 10.358
277.000 10.335
280.000 10.224
283.000 10.362
286.000 10.098
289.000 10.262
292.000 10.066
295.000 10.437
298.000 10.184
301.000 10.295
304.000 10.406
307.000 10.458
310.000 10.394
313.000 10.291
316.000 10.208
319.000 10.241
322.000 10.076
325.000 9.891
328.000 9.745
331.000 9.649
334.000 9.537
337.000 9.336
340.000 9.153
343.000 9.239
346.000 9.207
349.000 9.016
352.000 8.982
355.000 8.966
358.000 8.977
361.000 8.977
364.000 8.993
367.000 9.040
370.000 9.214
373.000 9.432
376.000 9.825
379.000 10.075
382.000 10.541
385.000 11.146
388.000 11.447
391.000 12.199
394.000 12.510
397.000 13.052
400.000 13.556
403.000 13.805
406.000 14.401
409.000 14.684
412.000 15.276
415.000 15.853
418.000 16.106
421.000 16.586
424.000 16.836
427.000 17.281
430.000 17.681
433.000 17.788
436.000 18.051
439.000 18.113
442.000 18.296
445.000 18.437
448.000 18.502
451.000 18.587
454.000 18.562
457.000 18.523
460.000 18.373
463.000 18.244
466.000 18.038
469.000 17.894
472.000 17.638
475.000 17.409
478.000 17.233
481.000 16.930
484.000 16.843
487.000 16.544
490.000 16.317
493.000 16.194
496.000 15.916
499.000 15.816
502.000 15.615
505.000 15.442
508.000 15.396
511.000 15.208
514.000 15.147
517.000 15.041
520.000 14.977
523.000 14.949
526.000 14.912
529.000 14.928
532.000 14.919
535.000 15.142
538.000 15.022
541.000 15.136
544.000 15.211
547.000 15.016
550.000 15.066
553.000 15.491
556.000 15.685
559.000 15.791
562.000 16.062
565.000 16.235
568.000 16.546
571.000 16.982
574.000 17.152
577.000 17.635
580.000 17.934
583.000 18.452
586.000 18.876
589.000 19.055
592.000 19.636
595.000 19.799
598.000 20.461
601.000 20.842
604.000 21.113
607.000 21.550
610.000 21.436
613.000 21.504
616.000 21.081
619.000 20.856
622.000 20.079
625.000 19.466
628.000 18.448
631.000 17.139
634.000 16.471
637.000 15.232
640.000 14.585
643.000 13.430
646.000 12.288
649.000 11.782
652.000 10.795
655.000 10.434
658.000 9.633
661.000 8.825
664.000 8.502
667.000 7.951
670.000 7.663
673.000 7.169
676.000 6.689
679.000 6.486
682.000 6.101
685.000 5.881
688.000 5.484
691.000 5.116
694.000 4.962
697.000 4.644
700.000 4.508
703.000 4.248
706.000 4.027
709.000 3.907
712.000 3.705
715.000 3.613
718.000 3.427
721.000 3.234
724.000 3.132
727.000 2.926
730.000 2.836
733.000 2.655
736.000 2.498
739.000 2.423
742.000 2.295
745.000 2.229
748.000 2.117
751.000 2.014
754.000 1.968
757.000 1.877
760.000 1.839
763.000 1.759
766.000 1.692
769.000 1.661
772.000 1.598
775.000 1.565
778.000 1.513
781.000 1.459
784.000 1.435
787.000 1.391
790.000 1.371
793.000 1.331
796.000 1.310
799.000 1.299
802.000 1.273
805.000 1.263
808.000 1.244
811.000 1.229
814.000 1.213
817.000 1.187
820.000 1.177
823.000 1.151
826.000 1.125
829.000 1.113
832.000 1.095
835.000 1.085
838.000 1.059
841.000 1.041
844.000 1.031
847.000 1.009
850.000 1.000
853.000 0.982
856.000 0.972
859.000 0.964
862.000 0.952
865.000 0.943
868.000 0.932
871.000 0.914
874.000 0.909
877.000 0.898
880.000 0.891
883.000 0.889
886.000 0.878
889.000 0.868
892.000 0.869
895.000 0.856
898.000 0.862
901.000 0.842
904.000 0.843
907.000 0.842
910.000 0.833
913.000 0.827
916.000 0.830
919.000 0.821
922.000 0.833
925.000 0.847
928.000 0.815
931.000 0.816
934.000 0.808
937.000 0.809
940.000 0.809
943.000 0.807
946.000 0.811
949.000 0.809
952.000 0.823
955.000 0.816
958.000 0.826
961.000 0.822
964.000 0.840
967.000 0.846
970.000 0.850
973.000 0.883
976.000 0.887
979.000 0.905
982.000 0.915
985.000 0.942
988.000 0.957
991.000 0.978
994.000 1.023
997.000 1.055
1000.000 1.084
1003.000 1.150
1006.000 1.176
1009.000 1.234
1012.000 1.302
1015.000 1.354
1018.000 1.446
1021.000 1.498
1024.000 1.621
1027.000 1.749
1030.000 1.834
1033.000 1.982
1036.000 2.072
1039.000 2.178
1042.000 2.228
1045.000 2.253
1048.000 2.213
1051.000 2.200
1054.000 2.212
1057.000 2.110
1060.000 2.080
1063.000 1.989
1066.000 1.954
1069.000 1.799
1072.000 1.680
1075.000 1.604
1078.000 1.492
1081.000 1.443
1084.000 1.349
1087.000 1.313
1090.000 1.240
1093.000 1.177
1096.000 1.148
1099.000 1.097
1102.000 1.076
1105.000 1.033
1108.000 0.996
1111.000 0.984
1114.000 0.953
1117.000 0.927
1120.000 0.913
1123.000 0.894
1126.000 0.886
1129.000 0.867
1132.000 0.853
1135.000 0.850
1138.000 0.833
1141.000 0.829
1144.000 0.813
1147.000 0.806
1150.000 0.800
1153.000 0.789
1156.000 0.783
1159.000 0.780
1162.000 0.772
1165.000 0.771
1168.000 0.767
1171.000 0.764
1174.000 0.761
1177.000 0.759
1180.000 0.759
1183.000 0.756
1186.000 0.755
1189.000 0.755
1192.000 0.757
1195.000 0.758
1198.000 0.758
1201.000 0.755
1204.000 0.757
1207.000 0.763
1210.000 0.763
1213.000 0.767
1216.000 0.768
1219.000 0.771
1222.000 0.777
1225.000 0.781
1228.000 0.785
1231.000 0.795
1234.000 0.800
1237.000 0.807
1240.000 0.808
1243.000 0.814
1246.000 0.821
1249.000 0.832
1252.000 0.841
1255.000 0.846
1258.000 0.860
1261.000 0.866
1264.000 0.882
1267.000 0.888
1270.000 0.903
1273.000 0.921
1276.000 0.933
1279.000 0.950
1282.000 0.960
1285.000 0.983
1288.000 1.005
1291.000 1.019
1294.000 1.045
1297.000 1.060
1300.000 1.091
1303.000 1.126
1306.000 1.155
1309.000 1.190
1312.000 1.204
1315.000 1.245
1318.000 1.306
1321.000 1.332
1324.000 1.357
1327.000 1.370
1330.000 1.403
1333.000 1.445
1336.000 1.461
1339.000 1.507
1342.000 1.531
1345.000 1.584
1348.000 1.679
1351.000 1.750
1354.000 1.788
1357.000 1.858
1360.000 1.905
1363.000 1.952
1366.000 1.983
1369.000 2.038
1372.000 2.079
1375.000 2.148
1378.000 2.225
1381.000 2.261
1384.000 2.348
1387.000 2.387
1390.000 2.557
1393.000 2.651
1396.000 2.672
1399.000 2.753
1402.000 2.920
1405.000 2.984
1408.000 3.124
1411.000 3.171
1414.000 3.306
1417.000 3.438
1420.000 3.624
1423.000 3.807
1426.000 3.914
1429.000 4.145
1432.000 4.290
1435.000 4.589
1438.000 4.836
1441.000 5.140
1444.000 5.484
1447.000 5.684
1450.000 6.149
1453.000 6.387
1456.000 6.900
1459.000 7.421
1462.000 7.733
1465.000 8.234
1468.000 8.538
1471.000 8.973
1474.000 9.165
1477.000 9.209
1480.000 9.092
1483.000 8.936
1486.000 8.707
1489.000 8.370
1492.000 8.197
1495.000 7.786
1498.000 7.568
1501.000 7.130
1504.000 6.690
1507.000 6.462
1510.000 6.062
1513.000 5.888
1516.000 5.556
1519.000 5.266
1522.000 5.101
1525.000 4.800
1528.000 4.675
1531.000 4.453
1534.000 4.215
1537.000 4.103
1540.000 3.916
1543.000 3.820
1546.000 3.644
1549.000 3.499
1552.000 3.419
1555.000 3.301
1558.000 3.232
1561.000 3.079
1564.000 2.961
1567.000 2.934
1570.000 2.836
1573.000 2.819
1576.000 2.710
1579.000 2.636
1582.000 2.589
1585.000 2.513
1588.000 2.464
1591.000 2.388
1594.000 2.326
1597.000 2.303
1600.000 2.231
1603.000 2.199
1606.000 2.162
1609.000 2.247
1612.000 2.187
1615.000 2.071
1618.000 2.073
1621.000 1.961
1624.000 1.876
1627.000 1.843
1630.000 1.776
1633.000 1.747
1636.000 1.829
1639.000 1.734
1642.000 1.689
1645.000 1.706
1648.000 1.714
1651.000 1.633
1654.000 1.566
1657.000 1.534
1660.000 1.512
1663.000 1.492
1666.000 1.460
1669.000 1.437
1672.000 1.438
1675.000 1.442
1678.000 1.447
1681.000 1.473
1684.000 1.510
1687.000 1.542
1690.000 1.598
1693.000 1.632
1696.000 1.861
1699.000 1.976
1702.000 2.090
1705.000 2.204
1708.000 2.217
1711.000 2.242
1714.000 2.277
1717.000 2.303
1720.000 2.360
1723.000 2.392
1726.000 2.496
1729.000 2.569
1732.000 2.609
1735.000 2.700
1738.000 2.745
1741.000 2.833
1744.000 2.926
1747.000 2.976
1750.000 3.063
1753.000 3.122
1756.000 3.211
1759.000 3.343
1762.000 3.390
1765.000 3.492
1768.000 3.538
1771.000 3.633
1774.000 3.745
1777.000 3.807
1780.000 3.911
1783.000 3.970
1786.000 4.085
1789.000 4.161
1792.000 4.304
1795.000 4.781
1798.000 4.911
1801.000 4.936
1804.000 4.979
1807.000 5.019
1810.000 5.256
1813.000 5.290
1816.000 5.400
1819.000 5.455
1822.000 5.601
1825.000 5.889
1828.000 6.128
1831.000 6.554
1834.000 6.663
1837.000 6.782
1840.000 6.964
1843.000 7.063
1846.000 7.500
1849.000 7.781
1852.000 8.017
1855.000 8.389
1858.000 8.555
1861.000 8.878
1864.000 9.084
1867.000 9.549
1870.000 10.047
1873.000 10.322
1876.000 10.905
1879.000 11.221
1882.000 11.851
1885.000 12.600
1888.000 12.933
1891.000 13.607
1894.000 13.925
1897.000 14.592
1900.000 14.942
1903.000 15.082
1906.000 15.341
1909.000 15.470
1912.000 15.433
1915.000 15.284
1918.000 15.162
1921.000 14.913
1924.000 15.042
1927.000 14.397
1930.000 13.632
1933.000 13.257
1936.000 12.629
1939.000 12.331
1942.000 11.749
1945.000 11.186
1948.000 10.924
1951.000 10.443
1954.000 10.202
1957.000 9.745
1960.000 9.325
1963.000 9.356
1966.000 8.970
1969.000 8.749
1972.000 8.314
1975.000 7.980
1978.000 7.835
1981.000 7.545
1984.000 7.402
1987.000 7.158
1990.000 6.923
1993.000 6.804
1996.000 6.613
1999.000 6.708
2002.000 6.453
2005.000 6.230
2008.000 6.526
2011.000 6.273
2014.000 6.121
2017.000 5.874
2020.000 5.655
2023.000 5.582
2026.000 5.613
2029.000 5.830
2032.000 5.780
2035.000 5.520
2038.000 5.405
2041.000 5.198
2044.000 5.111
2047.000 4.947
2050.000 4.828
2053.000 4.782
2056.000 4.699
2059.000 4.658
2062.000 4.581
2065.000 4.535
2068.000 4.528
2071.000 4.545
2074.000 4.510
2077.000 4.407
2080.000 4.331
2083.000 4.314
2086.000 4.259
2089.000 4.301
2092.000 4.237
2095.000 4.184
2098.000 4.180
2101.000 4.160
2104.000 4.126
2107.000 4.069
2110.000 4.035
2113.000 4.042
2116.000 4.037
2119.000 4.093
2122.000 4.014
2125.000 3.958
2128.000 3.949
2131.000 3.913
2134.000 3.900
2137.000 3.887
2140.000 3.957
2143.000 3.939
2146.000 3.894
2149.000 3.886
2152.000 3.897
2155.000 3.889
2158.000 3.900
2161.000 3.985
2164.000 4.056
2167.000 4.011
2170.000 3.985
2173.000 3.956
2176.000 3.985
2179.000 3.983
2182.000 3.992
2185.000 3.994
2188.000 4.239
2191.000 4.201
2194.000 4.181
2197.000 4.154
2200.000 4.147
2203.000 4.163
2206.000 4.203
2209.000 4.221
2212.000 4.263
2215.000 4.303
2218.000 4.369
2221.000 4.436
2224.000 4.463
2227.000 4.551
2230.000 4.607
2233.000 4.861
2236.000 4.907
2239.000 4.944
2242.000 5.030
2245.000 5.080
2248.000 5.221
2251.000 5.402
2254.000 5.499
2257.000 5.701
2260.000 5.808
2263.000 6.397
2266.000 6.680
2269.000 6.785
2272.000 7.024
2275.000 7.161
2278.000 7.479
2281.000 7.986
2284.000 8.314
2287.000 8.988
2290.000 9.244
2293.000 9.670
2296.000 10.044
2299.000 10.204
2302.000 10.424
2305.000 10.457
2308.000 10.368
2311.000 9.959
2314.000 9.646
2317.000 8.923
2320.000 8.536
2323.000 7.690
2326.000 6.928
2329.000 6.548
2332.000 5.900
2335.000 5.601
2338.000 5.053
2341.000 4.575
2344.000 4.359
2347.000 3.974
2350.000 3.803
2353.000 3.493
2356.000 3.268
2359.000 3.138
2362.000 3.157
2365.000 3.039
2368.000 2.744
2371.000 2.500
2374.000 2.409
2377.000 2.214
2380.000 2.130
2383.000 1.969
2386.000 1.831
2389.000 1.767
2392.000 1.614
2395.000 1.540
2398.000 1.408
2401.000 1.297
2404.000 1.251
2407.000 1.158
2410.000 1.118
2413.000 1.043
2416.000 0.974
2419.000 0.944
2422.000 0.907
2425.000 0.971
2428.000 0.899
2431.000 0.833
2434.000 0.807
2437.000 0.756
2440.000 0.735
2443.000 0.693
2446.000 0.655
2449.000 0.640
2452.000 0.607
2455.000 0.591
2458.000 0.566
2461.000 0.543
2464.000 0.533
2467.000 0.513
2470.000 0.502
2473.000 0.480
2476.000 0.463
2479.000 0.455
2482.000 0.440
2485.000 0.433
2488.000 0.416
2491.000 0.401
2494.000 0.395
2497.000 0.381
2500.000 0.375
2503.000 0.363
2506.000 0.359
2509.000 0.346
2512.000 0.339
2515.000 0.336
2518.000 0.325
2521.000 0.323
2524.000 0.322
2527.000 0.314
2530.000 0.310
2533.000 0.303
2536.000 0.301
2539.000 0.293
2542.000 0.287
2545.000 0.284
2548.000 0.280
2551.000 0.281
2554.000 0.275
2557.000 0.301
2560.000 0.295
2563.000 0.285
2566.000 0.282
2569.000 0.273
2572.000 0.266
2575.000 0.265
2578.000 0.259
2581.000 0.257
2584.000 0.255
2587.000 0.250
2590.000 0.250
2593.000 0.249
2596.000 0.247
2599.000 0.246
2602.000 0.242
2605.000 0.244
2608.000 0.239
2611.000 0.240
2614.000 0.240
2617.000 0.238
2620.000 0.239
2623.000 0.241
2626.000 0.239
2629.000 0.238
2632.000 0.235
2635.000 0.233
2638.000 0.232
2641.000 0.235
2644.000 0.238
2647.000 0.233
2650.000 0.234
2653.000 0.231
2656.000 0.229
2659.000 0.231
2662.000 0.229
2665.000 0.230
2668.000 0.227
2671.000 0.227
2674.000 0.225
2677.000 0.229
2680.000 0.227
2683.000 0.228
2686.000 0.226
2689.000 0.225
2692.000 0.225
2695.000 0.224
2698.000 0.223
2701.000 0.221
2704.000 0.222
2707.000 0.221
2710.000 0.224
2713.000 0.225
2716.000 0.231
2719.000 0.230
2722.000 0.227
2725.000 0.226
2728.000 0.226
2731.000 0.225
2734.000 0.222
2737.000 0.222
2740.000 0.224
2743.000 0.222
2746.000 0.220
2749.000 0.221
2752.000 0.221
2755.000 0.220
2758.000 0.221
2761.000 0.221
2764.000 0.221
2767.000 0.223
2770.000 0.222
2773.000 0.220
2776.000 0.220
2779.000 0.220
2782.000 0.220
2785.000 0.220
2788.000 0.219
2791.000 0.221
2794.000 0.218
2797.000 0.221
2800.000 0.220
2803.000 0.220
2806.000 0.221
2809.000 0.220
2812.000 0.221
2815.000 0.221
2818.000 0.222
2821.000 0.220
2824.000 0.222
2827.000 0.223
2830.000 0.222
2833.000 0.223
2836.000 0.222
2839.000 0.220
2842.000 0.222
2845.000 0.222
2848.000 0.222
2851.000 0.223
2854.000 0.221
2857.000 0.221
2860.000 0.223
2863.000 0.222
2866.000 0.223
2869.000 0.222
2872.000 0.220
2875.000 0.222
2878.000 0.222
2881.000 0.222
2884.000 0.221
2887.000 0.222
2890.000 0.222
2893.000 0.222
2896.000 0.223
2899.000 0.246
2902.000 0.245
2905.000 0.249
2908.000 0.246
2911.000 0.250
2914.000 0.244
2917.000 0.243
2920.000 0.238
2923.000 0.240
2926.000 0.235
2929.000 0.233
2932.000 0.256
2935.000 0.246
2938.000 0.245
2941.000 0.244
2944.000 0.244
2947.000 0.253
2950.000 0.256
2953.000 0.256
2956.000 0.248
2959.000 0.246
2962.000 0.252
2965.000 0.266
2968.000 0.262
2971.000 0.262
2974.000 0.256
2977.000 0.254
2980.000 0.257
2983.000 0.254
2986.000 0.249
2989.000 0.251
2992.000 0.255
2995.000 0.259
2998.000 0.248
3001.000 0.256
3004.000 0.258
3007.000 0.259
3010.000 0.262
3013.000 0.254
3016.000 0.256
3019.000 0.262
3022.000 0.264
3025.000 0.267
3028.000 0.273
3031.000 0.268
3034.000 0.268
3037.000 0.285
3040.000 0.294
3043.000 0.297
3046.000 0.299
3049.000 0.293
3052.000 0.295
3055.000 0.291
3058.000 0.298
3061.000 0.293
3064.000 0.299
3067.000 0.291
3070.000 0.293
3073.000 0.324
3076.000 0.327
3079.000 0.341
3082.000 0.334
3085.000 0.330
3088.000 0.327
3091.000 0.335
3094.000 0.342
3097.000 0.340
3100.000 0.338
3103.000 0.342
3106.000 0.343
3109.000 0.343
3112.000 0.344
3115.000 0.345
3118.000 0.349
3121.000 0.354
3124.000 0.383
3127.000 0.388
3130.000 0.391
3133.000 0.395
3136.000 0.396
3139.000 0.393
3142.000 0.395
3145.000 0.399
3148.000 0.407
3151.000 0.415
3154.000 0.453
3157.000 0.465
3160.000 0.464
3163.000 0.467
3166.000 0.470
3169.000 0.477
3172.000 0.480
3175.000 0.491
3178.000 0.509
3181.000 0.518
3184.000 0.561
3187.000 0.566
3190.000 0.578
3193.000 0.591
3196.000 0.607
3199.000 0.651
3202.000 0.655
3205.000 0.666
3208.000 0.680
3211.000 0.690
3214.000 0.708
3217.000 0.713
3220.000 0.741
3223.000 0.791
3226.000 0.811
3229.000 0.828
3232.000 0.838
3235.000 0.874
3238.000 0.891
3241.000 0.925
3244.000 0.944
3247.000 0.953
3250.000 1.005
3253.000 1.066
3256.000 1.117
3259.000 1.152
3262.000 1.164
3265.000 1.200
3268.000 1.224
3271.000 1.272
3274.000 1.327
3277.000 1.370
3280.000 1.458
3283.000 1.495
3286.000 1.566
3289.000 1.656
3292.000 1.704
3295.000 1.798
3298.000 1.857
3301.000 1.982
3304.000 2.147
3307.000 2.224
3310.000 2.408
3313.000 2.590
3316.000 2.861
3319.000 3.164
3322.000 3.363
3325.000 3.732
3328.000 3.948
3331.000 4.457
3334.000 5.116
3337.000 5.479
3340.000 6.287
3343.000 6.734
3346.000 7.814
3349.000 8.805
3352.000 9.231
3355.000 9.836
3358.000 9.963
3361.000 10.021
3364.000 9.475
3367.000 9.031
3370.000 7.914
3373.000 7.370
3376.000 6.428
3379.000 5.724
3382.000 5.522
3385.000 5.150
3388.000 4.969
3391.000 4.651
3394.000 4.483
3397.000 4.239
3400.000 4.021
3403.000 3.931
3406.000 3.807
3409.000 3.792
3412.000 3.628
3415.000 3.461
3418.000 3.392
3421.000 3.282
3424.000 3.250
3427.000 3.201
3430.000 3.104
3433.000 3.056
3436.000 2.966
3439.000 2.932
3442.000 2.864
3445.000 2.838
3448.000 2.813
3451.000 2.768
3454.000 2.748
3457.000 2.714
3460.000 2.696
3463.000 2.687
3466.000 2.673
3469.000 2.668
3472.000 2.668
3475.000 2.684
3478.000 2.695
3481.000 2.689
3484.000 2.697
3487.000 2.707
3490.000 2.724
3493.000 2.743
3496.000 2.757
3499.000 2.774
3502.000 2.826
3505.000 2.857
3508.000 2.878
3511.000 2.923
3514.000 2.949
3517.000 3.016
3520.000 3.088
3523.000 3.123
3526.000 3.347
3529.000 3.405
3532.000 3.478
3535.000 3.548
3538.000 3.575
3541.000 3.666
3544.000 3.719
3547.000 3.832
3550.000 3.970
3553.000 4.058
3556.000 4.236
3559.000 4.329
3562.000 4.560
3565.000 4.880
3568.000 4.992
3571.000 5.280
3574.000 5.518
3577.000 5.811
3580.000 6.094
3583.000 6.255
3586.000 6.681
3589.000 6.835
3592.000 7.072
3595.000 7.422
3598.000 7.533
3601.000 7.643
3604.000 7.668
3607.000 7.541
3610.000 7.323
3613.000 7.215
3616.000 6.892
3619.000 6.712
3622.000 6.405
3625.000 5.953
3628.000 5.743
3631.000 5.340
3634.000 5.144
3637.000 4.797
3640.000 4.489
3643.000 4.337
3646.000 4.058
3649.000 3.939
3652.000 3.711
3655.000 3.508
3658.000 3.408
3661.000 3.278
3664.000 3.203
3667.000 3.039
3670.000 2.927
3673.000 2.892
3676.000 2.810
3679.000 2.759
3682.000 2.633
3685.000 2.525
3688.000 2.474
3691.000 2.359
3694.000 2.311
3697.000 2.223
3700.000 2.154
3703.000 2.214
3706.000 2.117
3709.000 2.091
3712.000 2.029
3715.000 1.968
3718.000 1.937
3721.000 1.895
3724.000 1.854
3727.000 1.811
3730.000 1.792
3733.000 1.758
3736.000 1.718
3739.000 1.701
3742.000 1.674
3745.000 1.719
3748.000 1.696
3751.000 1.667
3754.000 1.665
3757.000 1.635
3760.000 1.626
3763.000 1.596
3766.000 1.573
3769.000 1.563
3772.000 1.549
3775.000 1.540
3778.000 1.526
3781.000 1.513
3784.000 1.511
3787.000 1.503
3790.000 1.502
3793.000 1.501
3796.000 1.500
3799.000 1.498
3802.000 1.498
3805.000 1.498
3808.000 1.502
3811.000 1.517
3814.000 1.632
3817.000 1.621
3820.000 1.601
3823.000 1.579
3826.000 1.582
3829.000 1.586
3832.000 1.595
3835.000 1.601
3838.000 1.615
3841.000 1.636
3844.000 1.641
3847.000 1.660
3850.000 1.678
3853.000 1.696
3856.000 1.728
3859.000 1.739
3862.000 1.770
3865.000 1.790
3868.000 1.827
3871.000 1.867
3874.000 1.891
3877.000 1.936
3880.000 1.963
3883.000 2.083
3886.000 2.141
3889.000 2.166
3892.000 2.229
3895.000 2.262
3898.000 2.333
3901.000 2.411
3904.000 2.453
3907.000 2.560
3910.000 2.636
3913.000 2.905
3916.000 3.061
3919.000 3.103
3922.000 3.183
3925.000 3.248
3928.000 3.427
3931.000 3.626
3934.000 3.729
3937.000 3.976
3940.000 4.198
3943.000 4.489
3946.000 4.828
3949.000 5.034
3952.000 5.463
3955.000 5.680
3958.000 6.090
3961.000 6.476
3964.000 6.833
3967.000 7.112
3970.000 7.105
3973.000 7.143
3976.000 7.012
3979.000 6.906
3982.000 6.600
3985.000 6.404
3988.000 5.984
3991.000 5.549
3994.000 5.316
3997.000 4.929
4000.000 4.728
4003.000 4.381
4006.000 4.065
4009.000 3.925
4012.000 3.670
4015.000 3.567
4018.000 3.379
4021.000 3.219
4024.000 3.092
4027.000 2.901
4030.000 2.805
4033.000 2.667
4036.000 2.521
4039.000 2.461
4042.000 2.350
4045.000 2.294
4048.000 2.187
4051.000 2.109
4054.000 2.077
4057.000 2.049
4060.000 2.006
4063.000 1.929
4066.000 1.859
4069.000 1.862
4072.000 1.808
4075.000 1.776
4078.000 1.717
4081.000 1.665
4084.000 1.638
4087.000 1.587
4090.000 1.569
4093.000 1.527
4096.000 1.492
4099.000 1.476
4102.000 1.443
4105.000 1.425
4108.000 1.395
4111.000 1.381
4114.000 1.355
4117.000 1.392
4120.000 1.387
4123.000 1.346
4126.000 1.334
4129.000 1.308
4132.000 1.366
4135.000 1.342
4138.000 1.311
4141.000 1.293
4144.000 1.265
4147.000 1.268
4150.000 1.249
4153.000 1.228
4156.000 1.219
4159.000 1.209
4162.000 1.194
4165.000 1.184
4168.000 1.177
4171.000 1.174
4174.000 1.169
4177.000 1.181
4180.000 1.174
4183.000 1.166
4186.000 1.163
4189.000 1.156
4192.000 1.151
4195.000 1.149
4198.000 1.152
4201.000 1.147
4204.000 1.147
4207.000 1.159
4210.000 1.196
4213.000 1.201
4216.000 1.194
4219.000 1.220
4222.000 1.237
4225.000 1.220
4228.000 1.200
4231.000 1.194
4234.000 1.189
4237.000 1.196
4240.000 1.197
4243.000 1.203
4246.000 1.206
4249.000 1.215
4252.000 1.224
4255.000 1.228
4258.000 1.241
4261.000 1.247
4264.000 1.259
4267.000 1.272
4270.000 1.278
4273.000 1.295
4276.000 1.303
4279.000 1.329
4282.000 1.347
4285.000 1.361
4288.000 1.384
4291.000 1.394
4294.000 1.423
4297.000 1.454
4300.000 1.473
4303.000 1.536
4306.000 1.577
4309.000 1.621
4312.000 1.738
4315.000 1.764
4318.000 1.813
4321.000 1.837
4324.000 1.909
4327.000 2.003
4330.000 2.052
4333.000 2.169
4336.000 2.235
4339.000 2.374
4342.000 2.533
4345.000 2.619
4348.000 2.810
4351.000 2.914
4354.000 3.163
4357.000 3.470
4360.000 3.568
4363.000 3.718
4366.000 3.769
4369.000 3.846
4372.000 3.893
4375.000 3.835
4378.000 3.659
4381.000 3.545
4384.000 3.273
4387.000 2.984
4390.000 2.849
4393.000 2.574
4396.000 2.444
4399.000 2.209
4402.000 2.007
4405.000 1.920
4408.000 1.755
4411.000 1.688
4414.000 1.566
4417.000 1.444
4420.000 1.406
4423.000 1.306
4426.000 1.253
4429.000 1.166
4432.000 1.086
4435.000 1.054
4438.000 0.995
4441.000 0.964
4444.000 0.917
4447.000 0.867
4450.000 0.850
4453.000 0.843
4456.000 0.826
4459.000 0.790
4462.000 0.755
4465.000 0.760
4468.000 0.720
4471.000 0.700
4474.000 0.657
4477.000 0.641
4480.000 0.611
4483.000 0.582
4486.000 0.568
4489.000 0.548
4492.000 0.533
4495.000 0.516
4498.000 0.504
4501.000 0.496
4504.000 0.484
4507.000 0.486
4510.000 0.489
4513.000 0.481
4516.000 0.477
4519.000 0.462
4522.000 0.458
4525.000 0.450
4528.000 0.441
4531.000 0.435
4534.000 0.444
4537.000 0.444
4540.000 0.435
4543.000 0.427
4546.000 0.423
4549.000 0.420
4552.000 0.422
4555.000 0.417
4558.000 0.417
4561.000 0.419
4564.000 0.490
4567.000 0.486
4570.000 0.475
4573.000 0.469
4576.000 0.462
4579.000 0.458
4582.000 0.468
4585.000 0.469
4588.000 0.466
4591.000 0.468
4594.000 0.471
4597.000 0.471
4600.000 0.479
4603.000 0.486
4606.000 0.491
4609.000 0.503
4612.000 0.511
4615.000 0.527
4618.000 0.550
4621.000 0.552
4624.000 0.572
4627.000 0.582
4630.000 0.635
4633.000 0.652
4636.000 0.658
4639.000 0.713
4642.000 0.770
4645.000 0.780
4648.000 0.793
4651.000 0.797
4654.000 0.820
4657.000 0.832
4660.000 0.866
4663.000 0.904
4666.000 0.925
4669.000 1.015
4672.000 1.048
4675.000 1.094
4678.000 1.156
4681.000 1.203
4684.000 1.333
4687.000 1.420
4690.000 1.466
4693.000 1.518
4696.000 1.548
4699.000 1.616
4702.000 1.658
4705.000 1.775
4708.000 1.937
4711.000 2.031
4714.000 2.191
4717.000 2.288
4720.000 2.506
4723.000 2.763
4726.000 2.900
4729.000 3.198
4732.000 3.353
4735.000 3.759
4738.000 4.073
4741.000 4.193
4744.000 4.324
4747.000 4.296
4750.000 4.088
4753.000 3.800
4756.000 3.672
4759.000 3.418
4762.000 3.279
4765.000 2.999
4768.000 2.731
4771.000 2.607
4774.000 2.367
4777.000 2.260
4780.000 2.060
4783.000 1.887
4786.000 1.812
4789.000 1.675
4792.000 1.610
4795.000 1.531
4798.000 1.434
4801.000 1.378
4804.000 1.295
4807.000 1.254
4810.000 1.188
4813.000 1.152
4816.000 1.124
4819.000 1.072
4822.000 1.046
4825.000 1.001
4828.000 0.989
4831.000 0.966
4834.000 0.927
4837.000 0.910
4840.000 0.886
4843.000 0.873
4846.000 0.854
4849.000 0.880
4852.000 0.862
4855.000 0.838
4858.000 0.826
4861.000 0.812
4864.000 0.806
4867.000 0.800
4870.000 0.807
4873.000 0.804
4876.000 0.804
4879.000 0.801
4882.000 0.804
4885.000 0.802
4888.000 0.803
4891.000 0.804
4894.000 0.814
4897.000 0.814
4900.000 0.829
4903.000 0.831
4906.000 0.836
4909.000 0.862
4912.000 0.861
4915.000 0.854
4918.000 0.857
4921.000 0.864
4924.000 0.877
4927.000 0.879
4930.000 0.890
4933.000 0.899
4936.000 0.904
4939.000 0.921
4942.000 0.957
4945.000 1.002
4948.000 1.010
4951.000 1.024
4954.000 1.022
4957.000 1.030
4960.000 1.048
4963.000 1.083
4966.000 1.122
4969.000 1.149
4972.000 1.166
4975.000 1.190
4978.000 1.199
4981.000 1.218
4984.000 1.274
4987.000 1.319
4990.000 1.406
4993.000 1.418
4996.000 1.465
4999.000 1.525
5002.000 1.572
5005.000 1.646
5008.000 1.676
5011.000 1.751
5014.000 1.838
5017.000 1.907
5020.000 2.024
5023.000 2.108
5026.000 2.317
5029.000 2.478
5032.000 2.586
5035.000 2.806
5038.000 2.917
5041.000 3.156
5044.000 3.369
5047.000 3.428
5050.000 3.486
5053.000 3.424
5056.000 3.264
5059.000 3.045
5062.000 2.982
5065.000 2.671
5068.000 2.513
5071.000 2.189
5074.000 1.913
5077.000 1.790
5080.000 1.571
5083.000 1.473
5086.000 1.295
5089.000 1.175
5092.000 1.105
5095.000 0.976
5098.000 0.924
5101.000 0.825
5104.000 0.738
5107.000 0.697
5110.000 0.628
5113.000 0.594
5116.000 0.537
5119.000 0.473
5122.000 0.443
5125.000 0.389
5128.000 0.363
5131.000 0.323
5134.000 0.287
5137.000 0.271
5140.000 0.243
5143.000 0.232
5146.000 0.212
5149.000 0.201
5152.000 0.194
5155.000 0.184
5158.000 0.180
5161.000 0.170
5164.000 0.162
5167.000 0.158
5170.000 0.154
5173.000 0.155
5176.000 0.153
5179.000 0.152
5182.000 0.153
5185.000 0.154
5188.000 0.160
5191.000 0.168
5194.000 0.171
5197.000 0.172
5200.000 0.175
5203.000 0.174
5206.000 0.196
5209.000 0.198
5212.000 0.196
5215.000 0.199
5218.000 0.200
5221.000 0.200
5224.000 0.204
5227.000 0.215
5230.000 0.222
5233.000 0.224
5236.000 0.225
5239.000 0.226
5242.000 0.227
5245.000 0.230
5248.000 0.231
5251.000 0.235
5254.000 0.236
5257.000 0.239
5260.000 0.243
5263.000 0.244
5266.000 0.249
5269.000 0.253
5272.000 0.255
5275.000 0.262
5278.000 0.262
5281.000 0.269
5284.000 0.270
5287.000 0.274
5290.000 0.277
5293.000 0.281
5296.000 0.283
5299.000 0.287
5302.000 0.292
5305.000 0.296
5308.000 0.298
5311.000 0.304
5314.000 0.305
5317.000 0.309
5320.000 0.315
5323.000 0.316
5326.000 0.323
5329.000 0.324
5332.000 0.368
5335.000 0.374
5338.000 0.370
5341.000 0.360
5344.000 0.358
5347.000 0.354
5350.000 0.349
5353.000 0.351
5356.000 0.342
5359.000 0.344
5362.000 0.342
5365.000 0.351
5368.000 0.367
5371.000 0.381
5374.000 0.375
5377.000 0.364
5380.000 0.362
5383.000 0.357
5386.000 0.354
5389.000 0.353
5392.000 0.352
5395.000 0.353
5398.000 0.350
5401.000 0.350
5404.000 0.350
5407.000 0.349
5410.000 0.347
5413.000 0.349
5416.000 0.349
5419.000 0.359
5422.000 0.378
5425.000 0.379
5428.000 0.370
5431.000 0.370
5434.000 0.366
5437.000 0.364
5440.000 0.358
5443.000 0.358
5446.000 0.358
5449.000 0.360
5452.000 0.359
5455.000 0.359
5458.000 0.362
5461.000 0.365
5464.000 0.371
5467.000 0.373
5470.000 0.371
5473.000 0.367
5476.000 0.362
5479.000 0.391
5482.000 0.393
5485.000 0.397
5488.000 0.394
5491.000 0.387
5494.000 0.383
5497.000 0.376
5500.000 0.372
5503.000 0.371
5506.000 0.370
5509.000 0.368
5512.000 0.369
5515.000 0.373
5518.000 0.375
5521.000 0.390
5524.000 0.389
5527.000 0.387
5530.000 0.381
5533.000 0.374
5536.000 0.372
5539.000 0.370
5542.000 0.393
5545.000 0.403
5548.000 0.405
5551.000 0.394
5554.000 0.392
5557.000 0.386
5560.000 0.381
5563.000 0.379
5566.000 0.372
5569.000 0.372
5572.000 0.372
5575.000 0.372
5578.000 0.374
5581.000 0.379
5584.000 0.378
5587.000 0.384
5590.000 0.385
5593.000 0.379
5596.000 0.378
5599.000 0.379
5602.000 0.380
5605.000 0.380
5608.000 0.394
5611.000 0.402
5614.000 0.394
5617.000 0.387
5620.000 0.389
5623.000 0.379
5626.000 0.377
5629.000 0.378
5632.000 0.376
5635.000 0.377
5638.000 0.390
5641.000 0.394
5644.000 0.391
5647.000 0.388
5650.000 0.385
5653.000 0.379
5656.000 0.372
5659.000 0.375
5662.000 0.377
5665.000 0.377
5668.000 0.376
5671.000 0.377
5674.000 0.374
5677.000 0.373
5680.000 0.379
5683.000 0.404
5686.000 0.409
5689.000 0.401
5692.000 0.393
5695.000 0.391
5698.000 0.388
5701.000 0.385
5704.000 0.384
5707.000 0.377
5710.000 0.380
5713.000 0.378
5716.000 0.380
5719.000 0.376
5722.000 0.378
5725.000 0.379
5728.000 0.378
5731.000 0.376
5734.000 0.378
5737.000 0.382
5740.000 0.380
5743.000 0.382
5746.000 0.383
5749.000 0.381
5752.000 0.396
5755.000 0.394
5758.000 0.387
5761.000 0.387
5764.000 0.384
5767.000 0.380
5770.000 0.378
5773.000 0.376
5776.000 0.376
5779.000 0.391
5782.000 0.417
5785.000 0.415
5788.000 0.402
5791.000 0.396
5794.000 0.389
5797.000 0.388
5800.000 0.385
5803.000 0.381
5806.000 0.379
5809.000 0.377
5812.000 0.384
5815.000 0.394
5818.000 0.399
5821.000 0.397
5824.000 0.389
5827.000 0.385
5830.000 0.383
5833.000 0.380
5836.000 0.378
5839.000 0.376
5842.000 0.378
5845.000 0.376
5848.000 0.374
5851.000 0.375
5854.000 0.379
5857.000 0.382
5860.000 0.382
5863.000 0.380
5866.000 0.378
5869.000 0.379
5872.000 0.389
5875.000 0.387
5878.000 0.388
5881.000 0.384
5884.000 0.391
5887.000 0.393
5890.000 0.390
5893.000 0.387
5896.000 0.391
5899.000 0.388
5902.000 0.394
5905.000 0.393
5908.000 0.389
5911.000 0.388
5914.000 0.389
5917.000 0.387
5920.000 0.387
5923.000 0.387
5926.000 0.402
5929.000 0.401
5932.000 0.396
5935.000 0.394
5938.000 0.410
5941.000 0.419
5944.000 0.414
5947.000 0.410
5950.000 0.405
5953.000 0.401
5956.000 0.401
5959.000 0.398
5962.000 0.393
5965.000 0.398
5968.000 0.392
5971.000 0.395
5974.000 0.400
5977.000 0.400
5980.000 0.393
5983.000 0.396
5986.000 0.410
5989.000 0.405
5992.000 0.413
5995.000 0.411
5998.000 0.416
6001.000 0.404
6004.000 0.401
6007.000 0.426
6010.000 0.425
6013.000 0.413
6016.000 0.418
6019.000 0.400
6022.000 0.429
6025.000 0.438
6028.000 0.423
6031.000 0.427
6034.000 0.405
6037.000 0.398
6040.000 0.398
6043.000 0.417
6046.000 0.427
6049.000 0.423
6052.000 0.420
6055.000 0.410
6058.000 0.404
6061.000 0.399
6064.000 0.399
6067.000 0.407
6070.000 0.420
6073.000 0.417
6076.000 0.421
6079.000 0.408
6082.000 0.403
6085.000 0.401
6088.000 0.397
6091.000 0.399
6094.000 0.393
6097.000 0.397
6100.000 0.393
6103.000 0.394
6106.000 0.393
6109.000 0.395
6112.000 0.395
6115.000 0.393
6118.000 0.395
6121.000 0.394
6124.000 0.391
6127.000 0.393
6130.000 0.392
6133.000 0.393
6136.000 0.391
6139.000 0.393
6142.000 0.398
6145.000 0.393
6148.000 0.403
6151.000 0.405
6154.000 0.404
6157.000 0.408
6160.000 0.402
6163.000 0.401
6166.000 0.400
6169.000 0.399
6172.000 0.402
6175.000 0.396
6178.000 0.398
6181.000 0.400
6184.000 0.400
6187.000 0.398
6190.000 0.401
6193.000 0.398
6196.000 0.398
6199.000 0.399
6202.000 0.401
6205.000 0.402
6208.000 0.404
6211.000 0.407
6214.000 0.404
6217.000 0.404
6220.000 0.405
6223.000 0.407
6226.000 0.407
6229.000 0.403
6232.000 0.407
6235.000 0.409
6238.000 0.416
6241.000 0.415
6244.000 0.413
6247.000 0.410
6250.000 0.414
6253.000 0.414
6256.000 0.416
6259.000 0.416
6262.000 0.419
6265.000 0.426
6268.000 0.427
6271.000 0.423
6274.000 0.452
6277.000 0.449
6280.000 0.441
6283.000 0.430
6286.000 0.430
6289.000 0.428
6292.000 0.430
6295.000 0.467
6298.000 0.463
6301.000 0.461
6304.000 0.449
6307.000 0.473
6310.000 0.462
6313.000 0.455
6316.000 0.449
6319.000 0.436
6322.000 0.435
6325.000 0.451
6328.000 0.471
6331.000 0.462
6334.000 0.456
6337.000 0.452
6340.000 0.446
6343.000 0.445
6346.000 0.443
6349.000 0.443
6352.000 0.445
6355.000 0.441
6358.000 0.442
6361.000 0.440
6364.000 0.455
6367.000 0.452
6370.000 0.450
6373.000 0.449
6376.000 0.466
6379.000 0.477
6382.000 0.474
6385.000 0.466
6388.000 0.463
6391.000 0.460
6394.000 0.459
6397.000 0.456
6400.000 0.500
6403.000 0.493
6406.000 0.487
6409.000 0.485
6412.000 0.482
6415.000 0.480
6418.000 0.479
6421.000 0.478
6424.000 0.479
6427.000 0.478
6430.000 0.481
6433.000 0.480
6436.000 0.485
6439.000 0.484
6442.000 0.483
6445.000 0.493
6448.000 0.494
6451.000 0.493
6454.000 0.498
6457.000 0.498
6460.000 0.503
6463.000 0.508
6466.000 0.522
6469.000 0.531
6472.000 0.536
6475.000 0.541
6478.000 0.550
6481.000 0.566
6484.000 0.572
6487.000 0.574
6490.000 0.573
6493.000 0.578
6496.000 0.581
6499.000 0.587
6502.000 0.594
6505.000 0.602
6508.000 0.611
6511.000 0.622
6514.000 0.638
6517.000 0.683
6520.000 0.731
6523.000 0.737
6526.000 0.736
6529.000 0.745
6532.000 0.748
6535.000 0.761
6538.000 0.770
6541.000 0.786
6544.000 0.807
6547.000 0.819
6550.000 0.852
6553.000 0.886
6556.000 0.925
6559.000 0.956
6562.000 0.975
6565.000 1.016
6568.000 1.039
6571.000 1.090
6574.000 1.150
6577.000 1.182
6580.000 1.255
6583.000 1.292
6586.000 1.377
6589.000 1.469
6592.000 1.519
6595.000 1.635
6598.000 1.710
6601.000 1.870
6604.000 2.051
6607.000 2.145
6610.000 2.362
6613.000 2.486
6616.000 2.785
6619.000 3.112
6622.000 3.289
6625.000 3.663
6628.000 3.857
6631.000 4.243
6634.000 4.613
6637.000 4.777
6640.000 5.011
6643.000 5.073
6646.000 5.002
6649.000 4.732
6652.000 4.573
6655.000 4.265
6658.000 4.117
6661.000 3.893
6664.000 3.721
6667.000 3.633
6670.000 3.468
6673.000 3.393
6676.000 3.254
6679.000 3.129
6682.000 3.069
6685.000 2.963
6688.000 2.915
6691.000 2.819
6694.000 2.758
6697.000 2.727
6700.000 2.679
6703.000 2.658
6706.000 2.616
6709.000 2.586
6712.000 2.578
6715.000 2.565
6718.000 2.564
6721.000 2.566
6724.000 2.576
6727.000 2.582
6730.000 2.599
6733.000 2.615
6736.000 2.650
6739.000 2.692
6742.000 2.710
6745.000 2.768
6748.000 2.797
6751.000 2.862
6754.000 2.941
6757.000 2.984
6760.000 3.097
6763.000 3.171
6766.000 3.277
6769.000 3.404
6772.000 3.474
6775.000 3.616
6778.000 3.693
6781.000 3.866
6784.000 3.948
6787.000 4.125
6790.000 4.298
6793.000 4.361
6796.000 4.528
6799.000 4.603
6802.000 4.738
6805.000 4.847
6808.000 4.897
6811.000 4.940
6814.000 4.942
6817.000 4.908
6820.000 4.831
6823.000 4.775
6826.000 4.644
6829.000 4.562
6832.000 4.394
6835.000 4.213
6838.000 4.123
6841.000 3.944
6844.000 3.861
6847.000 3.694
6850.000 3.547
6853.000 3.480
6856.000 3.343
6859.000 3.276
6862.000 3.158
6865.000 3.043
6868.000 2.987
6871.000 2.887
6874.000 2.848
6877.000 2.753
6880.000 2.669
6883.000 2.641
6886.000 2.573
6889.000 2.573
6892.000 2.530
6895.000 2.462
6898.000 2.431
6901.000 2.371
6904.000 2.355
6907.000 2.309
6910.000 2.275
6913.000 2.267
6916.000 2.236
6919.000 2.220
6922.000 2.191
6925.000 2.172
6928.000 2.168
6931.000 2.153
6934.000 2.147
6937.000 2.133
6940.000 2.217
6943.000 2.206
6946.000 2.184
6949.000 2.187
6952.000 2.186
6955.000 2.163
6958.000 2.164
6961.000 2.184
6964.000 2.197
6967.000 2.196
6970.000 2.190
6973.000 2.196
6976.000 2.217
6979.000 2.225
6982.000 2.267
6985.000 2.269
6988.000 2.293
6991.000 2.315
6994.000 2.330
6997.000 2.363
7000.000 2.411
7003.000 2.443
7006.000 2.500
7009.000 2.518
7012.000 2.563
7015.000 2.614
7018.000 2.648
7021.000 2.705
7024.000 2.737
7027.000 2.806
7030.000 2.882
7033.000 2.919
7036.000 3.007
7039.000 3.060
7042.000 3.186
7045.000 3.284
7048.000 3.338
7051.000 3.485
7054.000 3.540
7057.000 3.654
7060.000 3.786
7063.000 3.853
7066.000 3.985
7069.000 4.053
7072.000 4.210
7075.000 4.357
7078.000 4.431
7081.000 4.557
7084.000 4.622
7087.000 4.736
7090.000 4.860
7093.000 4.895
7096.000 4.938
7099.000 4.938
7102.000 4.912
7105.000 4.845
7108.000 4.800
7111.000 4.674
7114.000 4.600
7117.000 4.475
7120.000 4.278
7123.000 4.192
7126.000 4.002
7129.000 3.903
7132.000 3.705
7135.000 3.528
7138.000 3.428
7141.000 3.263
7144.000 3.179
7147.000 3.027
7150.000 2.952
7153.000 2.813
7156.000 2.714
7159.000 2.654
7162.000 2.528
7165.000 2.473
7168.000 2.370
7171.000 2.277
7174.000 2.247
7177.000 2.228
7180.000 2.180
7183.000 2.082
7186.000 1.997
7189.000 1.957
7192.000 1.890
7195.000 1.852
7198.000 1.793
7201.000 1.740
7204.000 1.739
7207.000 1.682
7210.000 1.661
7213.000 1.614
7216.000 1.572
7219.000 1.552
7222.000 1.527
7225.000 1.528
7228.000 1.494
7231.000 1.461
7234.000 1.447
7237.000 1.425
7240.000 1.412
7243.000 1.395
7246.000 1.422
7249.000 1.403
7252.000 1.371
7255.000 1.366
7258.000 1.349
7261.000 1.323
7264.000 1.318
7267.000 1.323
7270.000 1.342
7273.000 1.327
7276.000 1.307
7279.000 1.303
7282.000 1.287
7285.000 1.281
7288.000 1.276
7291.000 1.274
7294.000 1.274
7297.000 1.274
7300.000 1.277
7303.000 1.286
7306.000 1.308
7309.000 1.309
7312.000 1.339
7315.000 1.344
7318.000 1.339
7321.000 1.347
7324.000 1.348
7327.000 1.355
7330.000 1.360
7333.000 1.389
7336.000 1.398
7339.000 1.418
7342.000 1.446
7345.000 1.466
7348.000 1.513
7351.000 1.539
7354.000 1.629
7357.000 1.612
7360.000 1.673
7363.000 1.808
7366.000 1.823
7369.000 1.822
7372.000 1.820
7375.000 1.819
7378.000 1.839
7381.000 1.857
7384.000 1.947
7387.000 2.037
7390.000 2.065
7393.000 2.143
7396.000 2.172
7399.000 2.236
7402.000 2.306
7405.000 2.343
7408.000 2.417
7411.000 2.459
7414.000 2.542
7417.000 2.662
7420.000 2.697
7423.000 2.764
7426.000 2.788
7429.000 2.836
7432.000 2.870
7435.000 2.876
7438.000 2.879
7441.000 2.870
7444.000 2.847
7447.000 2.804
7450.000 2.774
7453.000 2.703
7456.000 2.657
7459.000 2.577
7462.000 2.492
7465.000 2.449
7468.000 2.360
7471.000 2.316
7474.000 2.258
7477.000 2.163
7480.000 2.121
7483.000 2.056
7486.000 2.008
7489.000 1.934
7492.000 1.861
7495.000 1.826
7498.000 1.765
7501.000 1.738
7504.000 1.693
7507.000 1.643
7510.000 1.618
7513.000 1.572
7516.000 1.552
7519.000 1.511
7522.000 1.472
7525.000 1.455
7528.000 1.429
7531.000 1.414
7534.000 1.388
7537.000 1.366
7540.000 1.697
7543.000 2.046
7546.000 2.069
7549.000 1.938
7552.000 1.702
7555.000 1.606
7558.000 1.455
7561.000 1.394
7564.000 1.300
7567.000 1.244
7570.000 1.227
7573.000 1.230
7576.000 1.224
7579.000 1.246
7582.000 1.230
7585.000 1.221
7588.000 1.208
7591.000 1.203
7594.000 1.190
7597.000 1.199
7600.000 1.200
7603.000 1.198
7606.000 1.194
7609.000 1.191
7612.000 1.189
7615.000 1.195
7618.000 1.199
7621.000 1.197
7624.000 1.209
7627.000 1.212
7630.000 1.215
7633.000 1.224
7636.000 1.228
7639.000 1.237
7642.000 1.248
7645.000 1.249
7648.000 1.265
7651.000 1.273
7654.000 1.294
7657.000 1.317
7660.000 1.325
7663.000 1.340
7666.000 1.355
7669.000 1.386
7672.000 1.417
7675.000 1.454
7678.000 1.472
7681.000 1.485
7684.000 1.512
7687.000 1.533
7690.000 1.567
7693.000 1.609
7696.000 1.631
7699.000 1.681
7702.000 1.705
7705.000 1.764
7708.000 1.926
7711.000 1.948
7714.000 2.003
7717.000 2.029
7720.000 2.090
7723.000 2.148
7726.000 2.179
7729.000 2.250
7732.000 2.280
7735.000 2.362
7738.000 2.454
7741.000 2.579
7744.000 2.643
7747.000 2.652
7750.000 2.672
7753.000 2.715
7756.000 2.757
7759.000 2.695
7762.000 2.655
7765.000 2.568
7768.000 2.461
7771.000 2.400
7774.000 2.271
7777.000 2.210
7780.000 2.086
7783.000 1.956
7786.000 1.901
7789.000 1.790
7792.000 1.730
7795.000 1.633
7798.000 1.557
7801.000 1.512
7804.000 1.418
7807.000 1.379
7810.000 1.289
7813.000 1.219
7816.000 1.187
7819.000 1.124
7822.000 1.104
7825.000 1.053
7828.000 1.007
7831.000 0.985
7834.000 0.946
7837.000 0.935
7840.000 0.893
7843.000 0.854
7846.000 0.838
7849.000 0.806
7852.000 0.790
7855.000 0.757
7858.000 0.731
7861.000 0.717
7864.000 0.695
7867.000 0.686
7870.000 0.663
7873.000 0.645
7876.000 0.638
7879.000 0.618
7882.000 0.617
7885.000 0.603
7888.000 0.589
7891.000 0.582
7894.000 0.578
7897.000 0.574
7900.000 0.561
7903.000 0.555
7906.000 0.550
7909.000 0.549
7912.000 0.551
7915.000 0.539
7918.000 0.532
7921.000 0.532
7924.000 0.520
7927.000 0.522
7930.000 0.512
7933.000 0.498
7936.000 0.500
7939.000 0.498
7942.000 0.498
7945.000 0.490
7948.000 0.484
7951.000 0.485
7954.000 0.487
7957.000 0.485
7960.000 0.484
7963.000 0.489
7966.000 0.489
7969.000 0.498
7972.000 0.500
7975.000 0.500
7978.000 0.512
7981.000 0.523
7984.000 0.521
7987.000 0.530
7990.000 0.540
7993.000 0.558
7996.000 0.589
7999.000 0.618
8002.000 0.644
8005.000 0.667
8008.000 0.658
8011.000 0.651
8014.000 0.632
8017.000 0.630
8020.000 0.602
8023.000 0.581
8026.000 0.579
8029.000 0.559
8032.000 0.554
8035.000 0.543
8038.000 0.537
8041.000 0.524
8044.000 0.518
8047.000 0.508
8050.000 0.490
8053.000 0.486
8056.000 0.485
8059.000 0.487
8062.000 0.485
8065.000 0.473
8068.000 0.470
8071.000 0.462
8074.000 0.452
8077.000 0.448
8080.000 0.445
8083.000 0.441
8086.000 0.441
8089.000 0.441
8092.000 0.441
8095.000 0.440
8098.000 0.441
8101.000 0.439
8104.000 0.436
8107.000 0.436
8110.000 0.432
8113.000 0.432
8116.000 0.431
8119.000 0.431
8122.000 0.431
8125.000 0.430
8128.000 0.427
8131.000 0.429
8134.000 0.425
8137.000 0.419
8140.000 0.424
8143.000 0.426
8146.000 0.417
8149.000 0.410
8152.000 0.409
8155.000 0.405
8158.000 0.403
8161.000 0.402
8164.000 0.399
8167.000 0.393
8170.000 0.392
8173.000 0.389
8176.000 0.384
8179.000 0.383
8182.000 0.384
8185.000 0.385
8188.000 0.388
8191.000 0.401
8194.000 0.402
8197.000 0.403
8200.000 0.407
8203.000 0.408
8206.000 0.406
8209.000 0.409
8212.000 0.414
8215.000 0.408
8218.000 0.411
8221.000 0.430
8224.000 0.429
8227.000 0.425
8230.000 0.427
8233.000 0.422
8236.000 0.417
8239.000 0.411
8242.000 0.411
8245.000 0.409
8248.000 0.410
8251.000 0.409
8254.000 0.408
8257.000 0.407
8260.000 0.414
8263.000 0.414
8266.000 0.412
8269.000 0.415
8272.000 0.410
8275.000 0.408
8278.000 0.409
8281.000 0.407
8284.000 0.405
8287.000 0.406
8290.000 0.407
8293.000 0.407
8296.000 0.406
8299.000 0.406
8302.000 0.405
8305.000 0.409
8308.000 0.407
8311.000 0.406
8314.000 0.404
8317.000 0.401
8320.000 0.417
8323.000 0.424
8326.000 0.422
8329.000 0.419
8332.000 0.416
8335.000 0.411
8338.000 0.411
8341.000 0.411
8344.000 0.407
8347.000 0.407
8350.000 0.420
8353.000 0.424
8356.000 0.423
8359.000 0.416
8362.000 0.419
8365.000 0.416
8368.000 0.415
8371.000 0.411
8374.000 0.410
8377.000 0.411
8380.000 0.409
8383.000 0.412
8386.000 0.406
8389.000 0.409
8392.000 0.408
8395.000 0.406
8398.000 0.406
8401.000 0.412
8404.000 0.424
8407.000 0.422
8410.000 0.420
8413.000 0.419
8416.000 0.418
8419.000 0.423
8422.000 0.420
8425.000 0.415
8428.000 0.417
8431.000 0.414
8434.000 0.411
8437.000 0.410
8440.000 0.410
8443.000 0.410
8446.000 0.407
8449.000 0.407
8452.000 0.409
8455.000 0.422
8458.000 0.422
8461.000 0.430
8464.000 0.425
8467.000 0.421
8470.000 0.414
8473.000 0.413
8476.000 0.410
8479.000 0.409
8482.000 0.412
8485.000 0.416
8488.000 0.414
8491.000 0.412
8494.000 0.409
8497.000 0.410
8500.000 0.407
8503.000 0.410
8506.000 0.410
8509.000 0.409
8512.000 0.409
8515.000 0.406
8518.000 0.406
8521.000 0.407
8524.000 0.410
8527.000 0.412
8530.000 0.409
8533.000 0.409
8536.000 0.411
8539.000 0.411
8542.000 0.410
8545.000 0.408
8548.000 0.411
8551.000 0.413
8554.000 0.415
8557.000 0.414
8560.000 0.413
8563.000 0.411
8566.000 0.416
8569.000 0.413
8572.000 0.411
8575.000 0.414
8578.000 0.412
8581.000 0.412
8584.000 0.411
8587.000 0.410
8590.000 0.410
8593.000 0.408
8596.000 0.413
8599.000 0.410
8602.000 0.411
8605.000 0.410
8608.000 0.412
8611.000 0.420
8614.000 0.419
8617.000 0.420
8620.000 0.416
8623.000 0.416
8626.000 0.414
8629.000 0.413
8632.000 0.413
8635.000 0.413
8638.000 0.411
8641.000 0.410
8644.000 0.409
8647.000 0.419
8650.000 0.424
8653.000 0.420
8656.000 0.417
8659.000 0.420
8662.000 0.423
8665.000 0.421
8668.000 0.416
8671.000 0.412
8674.000 0.412
8677.000 0.412
8680.000 0.414
8683.000 0.414
8686.000 0.413
8689.000 0.414
8692.000 0.430
8695.000 0.420
8698.000 0.421
8701.000 0.414
8704.000 0.413
8707.000 0.414
8710.000 0.415
8713.000 0.423
8716.000 0.431
8719.000 0.428
8722.000 0.426
8725.000 0.421
8728.000 0.419
8731.000 0.420
8734.000 0.425
8737.000 0.418
8740.000 0.418
8743.000 0.420
8746.000 0.417
8749.000 0.413
8752.000 0.417
8755.000 0.415
8758.000 0.415
8761.000 0.422
8764.000 0.421
8767.000 0.420
8770.000 0.420
8773.000 0.421
8776.000 0.418
8779.000 0.417
8782.000 0.413
8785.000 0.413
8788.000 0.413
8791.000 0.414
8794.000 0.411
8797.000 0.413
8800.000 0.412
8803.000 0.414
8806.000 0.414
8809.000 0.413
8812.000 0.414
8815.000 0.417
8818.000 0.436
8821.000 0.434
8824.000 0.432
8827.000 0.430
8830.000 0.442
8833.000 0.412
8836.000 0.437
8839.000 0.419
8842.000 0.580
8845.000 0.610
8848.000 0.631
8851.000 0.567
8854.000 0.534
8857.000 0.603
8860.000 0.608
8863.000 0.604
8866.000 0.541
8869.000 0.514
8872.000 0.436
8875.000 0.582
8878.000 0.584
8881.000 0.572
8884.000 0.572
8887.000 0.576
8890.000 0.576
8893.000 0.547
8896.000 0.498
8899.000 0.475
8902.000 0.441
8905.000 0.429
8908.000 0.405
8911.000 0.405
8914.000 0.400
8917.000 0.402
8920.000 0.400
8923.000 0.398
8926.000 0.401
8929.000 0.398
8932.000 0.400
8935.000 0.401
8938.000 0.403
8941.000 0.406
8944.000 0.405
8947.000 0.405
8950.000 0.403
8953.000 0.402
8956.000 0.401
8959.000 0.405
8962.000 0.403
8965.000 0.400
8968.000 0.401
8971.000 0.406
8974.000 0.405
8977.000 0.407
8980.000 0.405
8983.000 0.399
8986.000 0.403
8989.000 0.399
8992.000 0.400
8995.000 0.407
8998.000 0.400
9001.000 0.407
9004.000 0.409
9007.000 0.405
9010.000 0.404
9013.000 0.401
9016.000 0.411
9019.000 0.411
9022.000 0.410
9025.000 0.410
9028.000 0.411
9031.000 0.407
9034.000 0.409
9037.000 0.411
9040.000 0.409
9043.000 0.409
9046.000 0.401
9049.000 0.408
9052.000 0.403
9055.000 0.405
9058.000 0.409
9061.000 0.405
9064.000 0.405
9067.000 0.409
9070.000 0.408
9073.000 0.408
9076.000 0.406
9079.000 0.403
9082.000 0.411
9085.000 0.405
9088.000 0.405
9091.000 0.407
9094.000 0.401
9097.000 0.400
9100.000 0.402
9103.000 0.404
9106.000 0.404
9109.000 0.403
9112.000 0.403
9115.000 0.397
9118.000 0.415
9121.000 0.418
9124.000 0.410
9127.000 0.410
9130.000 0.407
9133.000 0.408
9136.000 0.408
9139.000 0.409
9142.000 0.408
9145.000 0.409
9148.000 0.408
9151.000 0.410
9154.000 0.409
9157.000 0.426
9160.000 0.439
9163.000 0.432
9166.000 0.421
9169.000 0.417
9172.000 0.419
9175.000 0.417
9178.000 0.416
9181.000 0.415
9184.000 0.412
9187.000 0.413
9190.000 0.410
9193.000 0.409
9196.000 0.412
9199.000 0.415
9202.000 0.412
9205.000 0.409
9208.000 0.411
9211.000 0.412
9214.000 0.413
9217.000 0.415
9220.000 0.420
9223.000 0.418
9226.000 0.410
9229.000 0.414
9232.000 0.413
9235.000 0.412
9238.000 0.413
9241.000 0.413
9244.000 0.415
9247.000 0.412
9250.000 0.413
9253.000 0.412
9256.000 0.414
9259.000 0.415
9262.000 0.409
9265.000 0.413
9268.000 0.411
9271.000 0.409
9274.000 0.412
9277.000 0.489
9280.000 0.551
9283.000 0.582
9286.000 0.579
9289.000 0.583
9292.000 0.579
9295.000 0.548
9298.000 0.500
9301.000 0.462
9304.000 0.449
9307.000 0.427
9310.000 0.419
9313.000 0.420
9316.000 0.418
9319.000 0.416
9322.000 0.415
9325.000 0.414
9328.000 0.413
9331.000 0.414
9334.000 0.421
9337.000 0.414
9340.000 0.415
9343.000 0.420
9346.000 0.418
9349.000 0.420
9352.000 0.417
9355.000 0.416
9358.000 0.413
9361.000 0.414
9364.000 0.413
9367.000 0.415
9370.000 0.418
9373.000 0.417
9376.000 0.418
9379.000 0.417
9382.000 0.417
9385.000 0.416
9388.000 0.417
9391.000 0.416
9394.000 0.416
9397.000 0.421
9400.000 0.419
9403.000 0.428
9406.000 0.426
9409.000 0.425
9412.000 0.420
9415.000 0.423
9418.000 0.421
9421.000 0.426
9424.000 0.425
9427.000 0.422
9430.000 0.424
9433.000 0.424
9436.000 0.424
9439.000 0.420
9442.000 0.421
9445.000 0.419
9448.000 0.418
9451.000 0.419
9454.000 0.419
9457.000 0.424
9460.000 0.423
9463.000 0.420
9466.000 0.418
9469.000 0.420
9472.000 0.423
9475.000 0.422
9478.000 0.419
9481.000 0.420
9484.000 0.423
9487.000 0.427
9490.000 0.427
9493.000 0.424
9496.000 0.431
9499.000 0.430
9502.000 0.425
9505.000 0.422
9508.000 0.425
9511.000 0.425
9514.000 0.425
9517.000 0.424
9520.000 0.425
9523.000 0.436
9526.000 0.436
9529.000 0.433
9532.000 0.432
9535.000 0.434
9538.000 0.431
9541.000 0.429
9544.000 0.434
9547.000 0.428
9550.000 0.428
9553.000 0.427
9556.000 0.428
9559.000 0.424
9562.000 0.557
9565.000 0.605
9568.000 0.617
9571.000 0.617
9574.000 0.621
9577.000 0.572
9580.000 0.543
9583.000 0.499
9586.000 0.471
9589.000 0.458
9592.000 0.442
9595.000 0.437
9598.000 0.434
9601.000 0.443
9604.000 0.445
9607.000 0.442
9610.000 0.443
9613.000 0.444
9616.000 0.444
9619.000 0.440
9622.000 0.436
9625.000 0.444
9628.000 0.438
9631.000 0.438
9634.000 0.440
9637.000 0.436
9640.000 0.429
9643.000 0.432
9646.000 0.432
9649.000 0.433
9652.000 0.439
9655.000 0.439
9658.000 0.442
9661.000 0.444
9664.000 0.449
9667.000 0.447
9670.000 0.451
9673.000 0.450
9676.000 0.450
9679.000 0.452
9682.000 0.453
9685.000 0.456
9688.000 0.459
9691.000 0.459
9694.000 0.461
9697.000 0.465
9700.000 0.465
9703.000 0.466
9706.000 0.467
9709.000 0.469
9712.000 0.472
9715.000 0.475
9718.000 0.477
9721.000 0.479
9724.000 0.487
9727.000 0.487
9730.000 0.490
9733.000 0.489
9736.000 0.491
9739.000 0.494
9742.000 0.497
9745.000 0.498
9748.000 0.502
9751.000 0.505
9754.000 0.510
9757.000 0.511
9760.000 0.517
9763.000 0.519
9766.000 0.521
9769.000 0.531
9772.000 0.537
9775.000 0.539
9778.000 0.552
9781.000 0.553
9784.000 0.561
9787.000 0.571
9790.000 0.578
9793.000 0.587
9796.000 0.595
9799.000 0.609
9802.000 0.623
9805.000 0.630
9808.000 0.655
9811.000 0.666
9814.000 0.672
9817.000 0.677
9820.000 0.693
9823.000 0.716
9826.000 0.723
9829.000 0.751
9832.000 0.767
9835.000 0.798
9838.000 0.829
9841.000 0.847
9844.000 0.889
9847.000 0.910
9850.000 0.961
9853.000 1.018
9856.000 1.051
9859.000 1.125
9862.000 1.164
9865.000 1.254
9868.000 1.371
9871.000 1.431
9874.000 1.565
9877.000 1.636
9880.000 1.784
9883.000 1.911
9886.000 1.954
9889.000 2.034
9892.000 1.972
9895.000 1.906
9898.000 1.824
9901.000 1.789
9904.000 1.672
9907.000 1.604
9910.000 1.472
9913.000 1.353
9916.000 1.302
9919.000 1.206
9922.000 1.173
9925.000 1.094
9928.000 1.032
9931.000 1.004
9934.000 0.958
9937.000 0.937
9940.000 0.901
9943.000 0.881
9946.000 0.870
9949.000 0.863
9952.000 0.858
9955.000 0.852
9958.000 0.854
9961.000 0.855
9964.000 0.866
9967.000 0.875
9970.000 0.904
9973.000 0.931
9976.000 0.948
9979.000 0.985
9982.000 1.002
9985.000 1.050
9988.000 1.100
9991.000 1.144
9994.000 1.213
9997.000 1.256
10000.000 1.333
10003.000 1.445
10006.000 1.503
10009.000 1.632
10012.000 1.701
10015.000 1.858
10018.000 2.070
10021.000 2.156
10024.000 2.435
10027.000 2.567
10030.000 2.843
10033.000 3.137
10036.000 3.278
10039.000 3.511
10042.000 3.581
10045.000 3.670
10048.000 3.631
10051.000 3.561
10054.000 3.393
10057.000 3.299
10060.000 3.151
10063.000 3.024
10066.000 2.958
10069.000 2.818
10072.000 2.755
10075.000 2.618
10078.000 2.489
10081.000 2.432
10084.000 2.325
10087.000 2.271
10090.000 2.180
10093.000 2.096
10096.000 2.060
10099.000 1.986
10102.000 1.951
10105.000 1.893
10108.000 1.838
10111.000 1.812
10114.000 1.785
10117.000 1.764
10120.000 1.728
10123.000 1.682
10126.000 1.662
10129.000 1.634
10132.000 1.620
10135.000 1.593
10138.000 1.572
10141.000 1.564
10144.000 1.547
10147.000 1.537
10150.000 1.525
10153.000 1.510
10156.000 1.506
10159.000 1.496
10162.000 1.496
10165.000 1.490
10168.000 1.491
10171.000 1.494
10174.000 1.496
10177.000 1.497
10180.000 1.503
10183.000 1.500
10186.000 1.515
10189.000 1.524
10192.000 1.527
10195.000 1.536
10198.000 1.545
10201.000 1.555
10204.000 1.578
10207.000 1.590
10210.000 1.608
10213.000 1.620
10216.000 1.649
10219.000 1.674
10222.000 1.687
10225.000 1.719
10228.000 1.734
10231.000 1.783
10234.000 1.883
10237.000 1.907
10240.000 1.957
10243.000 1.997
10246.000 2.063
10249.000 2.136
10252.000 2.172
10255.000 2.243
10258.000 2.297
10261.000 2.390
10264.000 2.492
10267.000 2.541
10270.000 2.655
10273.000 2.737
10276.000 2.888
10279.000 3.028
10282.000 3.089
10285.000 3.189
10288.000 3.232
10291.000 3.314
10294.000 3.355
10297.000 3.361
10300.000 3.330
10303.000 3.286
10306.000 3.168
10309.000 3.001
10312.000 2.911
10315.000 2.712
10318.000 2.612
10321.000 2.428
10324.000 2.228
10327.000 2.128
10330.000 1.965
10333.000 1.873
10336.000 1.719
10339.000 1.588
10342.000 1.529
10345.000 1.404
10348.000 1.348
10351.000 1.241
10354.000 1.152
10357.000 1.111
10360.000 1.036
10363.000 0.998
10366.000 0.935
10369.000 0.882
10372.000 0.853
10375.000 0.803
10378.000 0.786
10381.000 0.746
10384.000 0.701
10387.000 0.683
10390.000 0.651
10393.000 0.637
10396.000 0.601
10399.000 0.581
10402.000 0.568
10405.000 0.561
10408.000 0.546
10411.000 0.523
10414.000 0.505
10417.000 0.497
10420.000 0.479
10423.000 0.472
10426.000 0.457
10429.000 0.443
10432.000 0.435
10435.000 0.423
10438.000 0.416
10441.000 0.410
10444.000 0.401
10447.000 0.398
10450.000 0.399
10453.000 0.396
10456.000 0.393
10459.000 0.392
10462.000 0.392
10465.000 0.396
10468.000 0.396
10471.000 0.404
10474.000 0.409
10477.000 0.413
10480.000 0.423
10483.000 0.428
10486.000 0.441
10489.000 0.451
10492.000 0.458
10495.000 0.470
10498.000 0.476
10501.000 0.489
10504.000 0.514
10507.000 0.526
10510.000 0.552
10513.000 0.566
10516.000 0.596
10519.000 0.626
10522.000 0.647
10525.000 0.684
10528.000 0.702
10531.000 0.751
10534.000 0.780
10537.000 0.823
10540.000 0.885
10543.000 0.912
10546.000 0.973
10549.000 1.009
10552.000 1.081
10555.000 1.159
10558.000 1.202
10561.000 1.331
10564.000 1.351
10567.000 1.449
10570.000 1.541
10573.000 1.593
10576.000 1.700
10579.000 1.757
10582.000 1.873
10585.000 1.983
10588.000 2.030
10591.000 2.108
10594.000 2.145
10597.000 2.191
10600.000 2.229
10603.000 2.246
10606.000 2.262
10609.000 2.256
10612.000 2.224
10615.000 2.189
10618.000 2.159
10621.000 2.092
10624.000 2.063
10627.000 1.994
10630.000 1.920
10633.000 1.884
10636.000 1.815
10639.000 1.782
10642.000 1.714
10645.000 1.666
10648.000 1.637
10651.000 1.579
10654.000 1.553
10657.000 1.504
10660.000 1.464
10663.000 1.435
10666.000 1.402
10669.000 1.381
10672.000 1.348
10675.000 1.303
10678.000 1.287
10681.000 1.274
10684.000 1.257
10687.000 1.228
10690.000 1.203
10693.000 1.190
10696.000 1.166
10699.000 1.155
10702.000 1.136
10705.000 1.117
10708.000 1.108
10711.000 1.091
10714.000 1.087
10717.000 1.071
10720.000 1.062
10723.000 1.053
10726.000 1.043
10729.000 1.042
10732.000 1.037
10735.000 1.030
10738.000 1.027
10741.000 1.031
10744.000 1.034
10747.000 1.035
10750.000 1.029
10753.000 1.029
10756.000 1.025
10759.000 1.024
10762.000 1.024
10765.000 1.022
10768.000 1.026
10771.000 1.025
10774.000 1.026
10777.000 1.035
10780.000 1.045
10783.000 1.040
10786.000 1.051
10789.000 1.052
10792.000 1.059
10795.000 1.063
10798.000 1.069
10801.000 1.082
10804.000 1.087
10807.000 1.091
10810.000 1.105
10813.000 1.110
10816.000 1.120
10819.000 1.123
10822.000 1.139
10825.000 1.156
10828.000 1.164
10831.000 1.193
10834.000 1.200
10837.000 1.226
10840.000 1.255
10843.000 1.264
10846.000 1.294
10849.000 1.314
10852.000 1.339
10855.000 1.335
10858.000 1.376
10861.000 1.398
10864.000 1.410
10867.000 1.420
10870.000 1.416
10873.000 1.417
10876.000 1.389
10879.000 1.373
10882.000 1.319
10885.000 1.283
10888.000 1.206
10891.000 1.120
10894.000 1.072
10897.000 0.976
10900.000 0.934
10903.000 0.860
10906.000 0.774
10909.000 0.730
10912.000 0.634
10915.000 0.612
10918.000 0.553
10921.000 0.497
10924.000 0.468
10927.000 0.392
10930.000 0.472
10933.000 0.454
10936.000 0.379
10939.000 0.348
10942.000 0.289
10945.000 0.266
10948.000 0.223
10951.000 0.190
10954.000 0.178
10957.000 0.156
10960.000 0.142
10963.000 0.124
10966.000 0.112
10969.000 0.102
10972.000 0.091
10975.000 0.085
10978.000 0.079
10981.000 0.076
10984.000 0.070
10987.000 0.069
10990.000 0.068
10993.000 0.069
10996.000 0.071
10999.000 0.071
11002.000 0.069
11005.000 0.068
11008.000 0.069
11011.000 0.074
11014.000 0.077
11017.000 0.075
11020.000 0.076
11023.000 0.078
11026.000 0.078
11029.000 0.080
11032.000 0.079
11035.000 0.081
11038.000 0.084
11041.000 0.084
11044.000 0.084
11047.000 0.091
11050.000 0.094
11053.000 0.099
11056.000 0.109
11059.000 0.116
11062.000 0.129
11065.000 0.142
11068.000 0.170
11071.000 0.208
11074.000 0.230
11077.000 0.279
11080.000 0.314
11083.000 0.371
11086.000 0.460
11089.000 0.499
11092.000 0.595
11095.000 0.639
11098.000 0.723
11101.000 0.796
11104.000 0.817
11107.000 0.864
11110.000 0.869
11113.000 0.866
11116.000 0.844
11119.000 0.826
11122.000 0.784
11125.000 0.760
11128.000 0.720
11131.000 0.674
11134.000 0.653
11137.000 0.616
11140.000 0.597
11143.000 0.569
11146.000 0.545
11149.000 0.537
11152.000 0.520
11155.000 0.519
11158.000 0.514
11161.000 0.511
11164.000 0.509
11167.000 0.498
11170.000 0.498
11173.000 0.492
11176.000 0.487
11179.000 0.483
11182.000 0.478
11185.000 0.477
11188.000 0.473
11191.000 0.466
11194.000 0.463
11197.000 0.458
11200.000 0.457
11203.000 0.458
11206.000 0.455
11209.000 0.457
11212.000 0.453
11215.000 0.454
11218.000 0.450
11221.000 0.449
11224.000 0.449
11227.000 0.447
11230.000 0.446
11233.000 0.445
11236.000 0.440
11239.000 0.443
11242.000 0.438
11245.000 0.438
11248.000 0.434
11251.000 0.444
11254.000 0.442
11257.000 0.441
11260.000 0.441
11263.000 0.438
11266.000 0.436
11269.000 0.432
11272.000 0.429
11275.000 0.429
11278.000 0.427
11281.000 0.429
11284.000 0.430
11287.000 0.426
11290.000 0.426
11293.000 0.427
11296.000 0.426
11299.000 0.426
11302.000 0.426
11305.000 0.428
11308.000 0.429
11311.000 0.426
11314.000 0.420
11317.000 0.419
11320.000 0.418
11323.000 0.421
11326.000 0.421
11329.000 0.422
11332.000 0.423
11335.000 0.422
11338.000 0.424
11341.000 0.423
11344.000 0.419
11347.000 0.420
11350.000 0.421
11353.000 0.417
11356.000 0.417
11359.000 0.422
11362.000 0.421
11365.000 0.423
11368.000 0.422
11371.000 0.422
11374.000 0.417
11377.000 0.420
11380.000 0.417
11383.000 0.420
11386.000 0.416
11389.000 0.418
11392.000 0.418
11395.000 0.419
11398.000 0.416
11401.000 0.416
11404.000 0.413
11407.000 0.415
11410.000 0.415
11413.000 0.416
11416.000 0.413
11419.000 0.416
11422.000 0.415
11425.000 0.414
11428.000 0.413
11431.000 0.412
11434.000 0.413
11437.000 0.414
11440.000 0.410
11443.000 0.410
11446.000 0.410
11449.000 0.408
11452.000 0.413
11455.000 0.412
11458.000 0.411
11461.000 0.412
11464.000 0.410
11467.000 0.407
11470.000 0.409
11473.000 0.408
11476.000 0.411
11479.000 0.409
11482.000 0.409
11485.000 0.413
11488.000 0.409
11491.000 0.410
11494.000 0.412
11497.000 0.411
11500.000 0.412
11503.000 0.413
11506.000 0.413
11509.000 0.413
11512.000 0.412
11515.000 0.414
11518.000 0.412
11521.000 0.411
11524.000 0.414
11527.000 0.410
11530.000 0.412
11533.000 0.411
11536.000 0.412
11539.000 0.414
11542.000 0.409
11545.000 0.409
11548.000 0.410
11551.000 0.407
11554.000 0.414
11557.000 0.410
11560.000 0.408
11563.000 0.410
11566.000 0.408
11569.000 0.403
11572.000 0.407
11575.000 0.406
11578.000 0.406
11581.000 0.406
11584.000 0.407
11587.000 0.407
11590.000 0.405
11593.000 0.406
11596.000 0.405
11599.000 0.409
11602.000 0.414
11605.000 0.412
11608.000 0.409
11611.000 0.405
11614.000 0.409
11617.000 0.409
11620.000 0.413
11623.000 0.410
11626.000 0.407
11629.000 0.404
11632.000 0.408
11635.000 0.405
11638.000 0.408
11641.000 0.406
11644.000 0.404
11647.000 0.405
11650.000 0.407
11653.000 0.405
11656.000 0.406
11659.000 0.409
11662.000 0.407
11665.000 0.405
11668.000 0.409
11671.000 0.409
11674.000 0.410
11677.000 0.409
11680.000 0.411
11683.000 0.409
11686.000 0.411
11689.000 0.412
11692.000 0.406
11695.000 0.408
11698.000 0.417
11701.000 0.412
11704.000 0.406
11707.000 0.406
11710.000 0.406
11713.000 0.406
11716.000 0.413
11719.000 0.408
11722.000 0.414
11725.000 0.408
11728.000 0.411
11731.000 0.411
11734.000 0.410
11737.000 0.410
11740.000 0.409
11743.000 0.406
11746.000 0.407
11749.000 0.408
11752.000 0.406
11755.000 0.407
11758.000 0.406
11761.000 0.406
11764.000 0.404
11767.000 0.406
11770.000 0.404
11773.000 0.402
11776.000 0.402
11779.000 0.400
11782.000 0.402
11785.000 0.399
11788.000 0.400
11791.000 0.402
11794.000 0.401
11797.000 0.400
11800.000 0.403
11803.000 0.401
11806.000 0.400
11809.000 0.399
11812.000 0.397
11815.000 0.397
11818.000 0.395
11821.000 0.393
11824.000 0.395
11827.000 0.397
11830.000 0.396
11833.000 0.393
11836.000 0.396
11839.000 0.398
11842.000 0.398
11845.000 0.400
11848.000 0.399
11851.000 0.399
11854.000 0.397
11857.000 0.397
11860.000 0.397
11863.000 0.398
11866.000 0.400
11869.000 0.399
11872.000 0.402
11875.000 0.400
11878.000 0.397
11881.000 0.396
11884.000 0.397
11887.000 0.398
11890.000 0.396
11893.000 0.399
11896.000 0.397
11899.000 0.399
11902.000 0.397
11905.000 0.396
11908.000 0.397
11911.000 0.396
11914.000 0.396
11917.000 0.397
11920.000 0.398
11923.000 0.398
11926.000 0.404
11929.000 0.401
11932.000 0.399
11935.000 0.399
11938.000 0.397
11941.000 0.399
11944.000 0.402
11947.000 0.400
11950.000 0.403
11953.000 0.403
11956.000 0.400
11959.000 0.397
11962.000 0.399
11965.000 0.395
11968.000 0.396
11971.000 0.398
11974.000 0.397
11977.000 0.399
11980.000 0.402
11983.000 0.400
11986.000 0.398
11989.000 0.398
11992.000 0.397
11995.000 0.403
11998.000 0.399
12001.000 0.404
