103.000 0.066
106.000 0.088
109.000 0.963
112.000 0.876
115.000 0.954
118.000 1.039
121.000 1.561
124.000 1.787
127.000 2.529
130.000 3.190
133.000 3.669
136.000 4.310
139.000 4.525
142.000 5.114
145.000 5.790
148.000 6.058
151.000 6.497
154.000 6.664
157.000 6.627
160.000 6.595
163.000 6.477
166.000 6.138
169.000 5.970
172.000 5.645
175.000 5.261
178.000 5.174
181.000 4.894
184.000 4.814
187.000 4.596
190.000 4.355
193.000 4.347
196.000 4.302
199.000 4.351
202.000 4.128
205.000 4.075
208.000 4.115
211.000 4.191
214.000 4.258
217.000 4.272
220.000 4.463
223.000 4.546
226.000 4.492
229.000 4.533
232.000 4.570
235.000 5.599
238.000 3.907
241.000 4.859
244.000 4.709
247.000 4.674
250.000 4.812
253.000 4.767
256.000 4.831
259.000 4.514
262.000 4.453
265.000 4.568
268.000 4.318
271.000 4.349
274.000 4.373
277.000 4.405
280.000 4.196
283.000 4.606
286.000 4.402
289.000 4.413
292.000 4.429
295.000 4.395
298.000 4.457
301.000 4.608
304.000 4.703
307.000 4.828
310.000 4.909
313.000 4.912
316.000 5.127
319.000 5.308
322.000 5.733
325.000 5.603
328.000 5.974
331.000 6.457
334.000 6.414
337.000 6.901
340.000 7.193
343.000 7.476
346.000 8.613
349.000 8.584
352.000 9.992
355.000 9.931
358.000 11.288
361.000 12.711
364.000 13.532
367.000 15.101
370.000 15.944
373.000 17.625
376.000 19.488
379.000 20.516
382.000 22.692
385.000 23.904
388.000 26.727
391.000 29.950
394.000 31.470
397.000 35.090
400.000 36.784
403.000 40.994
406.000 45.123
409.000 47.119
412.000 51.113
415.000 54.847
418.000 56.487
421.000 58.019
424.000 61.053
427.000 62.554
430.000 62.558
433.000 63.320
436.000 63.166
439.000 61.950
442.000 57.728
445.000 55.485
448.000 51.968
451.000 46.668
454.000 44.686
457.000 41.190
460.000 39.426
463.000 36.287
466.000 33.654
469.000 32.298
472.000 29.336
475.000 27.948
478.000 25.421
481.000 22.898
484.000 21.865
487.000 19.847
490.000 18.974
493.000 17.270
496.000 15.930
499.000 15.355
502.000 14.471
505.000 13.968
508.000 13.202
511.000 12.421
514.000 12.178
517.000 11.298
520.000 10.910
523.000 10.587
526.000 9.853
529.000 9.536
532.000 8.903
535.000 8.619
538.000 8.117
541.000 7.724
544.000 7.507
547.000 7.156
550.000 7.000
553.000 6.788
556.000 6.471
559.000 6.339
562.000 6.226
565.000 6.211
568.000 6.139
571.000 5.906
574.000 6.045
577.000 6.440
580.000 5.991
583.000 5.599
586.000 5.486
589.000 5.275
592.000 5.155
595.000 5.171
598.000 6.528
601.000 5.851
604.000 5.462
607.000 5.163
610.000 5.051
613.000 4.812
616.000 4.867
619.000 4.753
622.000 4.732
625.000 4.725
628.000 4.750
631.000 4.826
634.000 4.700
637.000 4.762
640.000 4.762
643.000 4.803
646.000 4.877
649.000 5.024
652.000 4.981
655.000 4.918
658.000 5.220
661.000 5.240
664.000 5.324
667.000 5.711
670.000 5.900
673.000 5.862
676.000 5.938
679.000 6.140
682.000 6.624
685.000 7.866
688.000 8.321
691.000 8.141
694.000 7.962
697.000 8.434
700.000 10.611
703.000 10.789
706.000 11.641
709.000 12.221
712.000 14.048
715.000 14.366
718.000 15.160
721.000 15.352
724.000 15.004
727.000 14.127
730.000 13.415
733.000 11.708
736.000 10.904
739.000 9.553
742.000 8.403
745.000 7.747
748.000 7.273
751.000 6.855
754.000 6.032
757.000 5.542
760.000 5.259
763.000 4.842
766.000 4.605
769.000 4.290
772.000 4.000
775.000 3.868
778.000 3.581
781.000 3.497
784.000 3.311
787.000 3.130
790.000 2.982
793.000 2.768
796.000 2.672
799.000 2.484
802.000 2.340
805.000 2.259
808.000 2.133
811.000 2.090
814.000 2.357
817.000 1.985
820.000 2.026
823.000 1.890
826.000 1.846
829.000 1.722
832.000 1.635
835.000 1.593
838.000 1.550
841.000 1.568
844.000 1.576
847.000 1.544
850.000 1.484
853.000 1.462
856.000 1.406
859.000 1.341
862.000 1.293
865.000 1.274
868.000 1.233
871.000 1.215
874.000 1.189
877.000 1.165
880.000 1.153
883.000 1.131
886.000 1.132
889.000 1.120
892.000 1.108
895.000 1.105
898.000 1.095
901.000 1.091
904.000 1.087
907.000 1.087
910.000 1.091
913.000 1.087
916.000 1.086
919.000 1.095
922.000 1.090
925.000 1.097
928.000 1.109
931.000 1.116
934.000 1.125
937.000 1.125
940.000 1.139
943.000 1.150
946.000 1.158
949.000 1.183
952.000 1.191
955.000 1.216
958.000 1.251
961.000 1.271
964.000 1.292
967.000 1.320
970.000 1.356
973.000 1.415
976.000 1.448
979.000 1.531
982.000 1.569
985.000 1.652
988.000 1.813
991.000 1.874
994.000 2.031
997.000 2.135
1000.000 2.306
1003.000 2.509
1006.000 2.576
1009.000 2.710
1012.000 2.747
1015.000 2.780
1018.000 2.754
1021.000 2.724
1024.000 2.565
1027.000 2.443
1030.000 2.230
1033.000 1.956
1036.000 1.821
1039.000 1.592
1042.000 1.503
1045.000 1.313
1048.000 1.174
1051.000 1.120
1054.000 1.006
1057.000 0.944
1060.000 0.852
1063.000 0.787
1066.000 0.750
1069.000 0.670
1072.000 0.654
1075.000 0.605
1078.000 0.567
1081.000 0.551
1084.000 0.520
1087.000 0.512
1090.000 0.485
1093.000 0.457
1096.000 0.474
1099.000 0.610
1102.000 0.610
1105.000 0.464
1108.000 0.502
1111.000 0.935
1114.000 0.690
1117.000 0.664
1120.000 0.585
1123.000 0.532
1126.000 0.535
1129.000 0.786
1132.000 0.597
1135.000 0.546
1138.000 0.513
1141.000 0.500
1144.000 0.650
1147.000 0.520
1150.000 0.475
1153.000 0.464
1156.000 0.459
1159.000 0.490
1162.000 0.490
1165.000 0.486
1168.000 0.478
1171.000 0.480
1174.000 0.488
1177.000 0.494
1180.000 0.507
1183.000 0.512
1186.000 0.518
1189.000 0.548
1192.000 0.555
1195.000 0.646
1198.000 0.751
1201.000 0.743
1204.000 0.730
1207.000 0.714
1210.000 0.759
1213.000 0.782
1216.000 0.770
1219.000 0.795
1222.000 0.850
1225.000 0.873
1228.000 0.893
1231.000 0.904
1234.000 0.928
1237.000 0.949
1240.000 0.990
1243.000 1.100
1246.000 1.086
1249.000 1.134
1252.000 1.174
1255.000 1.180
1258.000 1.468
1261.000 1.675
1264.000 1.889
1267.000 2.006
1270.000 2.085
1273.000 2.215
1276.000 2.322
1279.000 2.620
1282.000 2.783
1285.000 3.169
1288.000 3.657
1291.000 3.955
1294.000 4.731
1297.000 5.164
1300.000 6.197
1303.000 6.793
1306.000 7.958
1309.000 9.109
1312.000 9.580
1315.000 10.374
1318.000 10.224
1321.000 9.685
1324.000 8.428
1327.000 7.768
1330.000 6.579
1333.000 6.056
1336.000 5.166
1339.000 4.472
1342.000 4.200
1345.000 3.823
1348.000 3.636
1351.000 3.477
1354.000 3.212
1357.000 3.104
1360.000 2.961
1363.000 2.891
1366.000 2.760
1369.000 2.640
1372.000 2.596
1375.000 2.497
1378.000 2.463
1381.000 2.396
1384.000 2.326
1387.000 2.290
1390.000 2.422
1393.000 2.339
1396.000 2.238
1399.000 2.149
1402.000 2.122
1405.000 2.079
1408.000 2.062
1411.000 2.044
1414.000 2.033
1417.000 2.034
1420.000 1.998
1423.000 1.979
1426.000 1.960
1429.000 1.949
1432.000 1.948
1435.000 2.022
1438.000 1.998
1441.000 1.969
1444.000 1.956
1447.000 1.949
1450.000 1.964
1453.000 1.986
1456.000 1.996
1459.000 2.006
1462.000 2.013
1465.000 2.066
1468.000 2.068
1471.000 2.075
1474.000 2.104
1477.000 2.124
1480.000 2.151
1483.000 2.173
1486.000 2.247
1489.000 2.263
1492.000 2.283
1495.000 2.338
1498.000 2.361
1501.000 2.424
1504.000 2.486
1507.000 2.515
1510.000 2.590
1513.000 2.625
1516.000 2.706
1519.000 2.801
1522.000 2.842
1525.000 2.952
1528.000 3.137
1531.000 3.743
1534.000 3.693
1537.000 3.684
1540.000 3.710
1543.000 3.732
1546.000 3.810
1549.000 3.907
1552.000 3.966
1555.000 4.232
1558.000 4.678
1561.000 4.812
1564.000 4.961
1567.000 5.028
1570.000 5.160
1573.000 5.490
1576.000 7.084
1579.000 7.233
1582.000 7.163
1585.000 7.212
1588.000 7.294
1591.000 7.870
1594.000 8.126
1597.000 8.177
1600.000 8.278
1603.000 8.325
1606.000 8.401
1609.000 8.380
1612.000 8.357
1615.000 8.184
1618.000 8.021
1621.000 7.581
1624.000 7.086
1627.000 6.860
1630.000 6.275
1633.000 6.219
1636.000 5.751
1639.000 5.171
1642.000 4.909
1645.000 4.479
1648.000 4.302
1651.000 3.922
1654.000 3.778
1657.000 3.654
1660.000 3.382
1663.000 3.282
1666.000 3.096
1669.000 3.026
1672.000 2.913
1675.000 2.831
1678.000 2.798
1681.000 2.733
1684.000 2.705
1687.000 2.711
1690.000 2.719
1693.000 2.732
1696.000 3.057
1699.000 3.028
1702.000 2.982
1705.000 2.959
1708.000 2.958
1711.000 2.967
1714.000 2.976
1717.000 3.016
1720.000 3.145
1723.000 3.199
1726.000 3.543
1729.000 3.569
1732.000 3.496
1735.000 3.455
1738.000 3.435
1741.000 3.416
1744.000 3.417
1747.000 3.432
1750.000 3.472
1753.000 3.503
1756.000 3.553
1759.000 3.575
1762.000 3.636
1765.000 3.710
1768.000 3.750
1771.000 3.812
1774.000 3.854
1777.000 3.934
1780.000 4.018
1783.000 4.066
1786.000 4.173
1789.000 4.234
1792.000 4.349
1795.000 4.464
1798.000 4.534
1801.000 4.678
1804.000 4.756
1807.000 4.924
1810.000 5.105
1813.000 5.189
1816.000 5.394
1819.000 5.501
1822.000 5.726
1825.000 5.977
1828.000 6.133
1831.000 6.433
1834.000 6.592
1837.000 6.938
1840.000 7.328
1843.000 7.535
1846.000 7.984
1849.000 8.226
1852.000 8.750
1855.000 9.331
1858.000 9.647
1861.000 10.300
1864.000 10.668
1867.000 11.454
1870.000 12.269
1873.000 12.687
1876.000 13.519
1879.000 13.924
1882.000 14.635
1885.000 15.146
1888.000 15.304
1891.000 15.516
1894.000 15.594
1897.000 15.665
1900.000 15.433
1903.000 15.241
1906.000 14.730
1909.000 14.451
1912.000 13.813
1915.000 13.115
1918.000 12.777
1921.000 12.098
1924.000 11.752
1927.000 11.121
1930.000 10.523
1933.000 10.252
1936.000 9.746
1939.000 9.506
1942.000 9.054
1945.000 8.644
1948.000 8.451
1951.000 8.104
1954.000 7.932
1957.000 7.631
1960.000 7.356
1963.000 7.231
1966.000 7.005
1969.000 6.892
1972.000 6.672
1975.000 6.481
1978.000 6.409
1981.000 6.253
1984.000 6.169
1987.000 6.030
1990.000 5.912
1993.000 5.845
1996.000 5.747
1999.000 5.696
2002.000 5.624
2005.000 5.554
2008.000 5.515
2011.000 5.438
2014.000 5.401
2017.000 5.359
2020.000 5.335
2023.000 5.297
2026.000 5.252
2029.000 5.239
2032.000 5.208
2035.000 5.205
2038.000 5.195
2041.000 5.190
2044.000 5.191
2047.000 5.197
2050.000 5.204
2053.000 5.223
2056.000 5.255
2059.000 5.264
2062.000 5.307
2065.000 5.317
2068.000 5.378
2071.000 5.549
2074.000 5.570
2077.000 5.594
2080.000 5.622
2083.000 5.705
2086.000 5.800
2089.000 5.852
2092.000 6.003
2095.000 6.071
2098.000 6.229
2101.000 6.392
2104.000 6.488
2107.000 6.672
2110.000 6.762
2113.000 6.988
2116.000 7.222
2119.000 7.358
2122.000 7.707
2125.000 7.826
2128.000 8.122
2131.000 8.428
2134.000 8.613
2137.000 8.956
2140.000 9.150
2143.000 9.546
2146.000 9.942
2149.000 10.170
2152.000 10.564
2155.000 10.768
2158.000 11.114
2161.000 11.412
2164.000 11.550
2167.000 11.746
2170.000 11.808
2173.000 11.851
2176.000 11.721
2179.000 11.588
2182.000 11.195
2185.000 10.936
2188.000 10.384
2191.000 10.084
2194.000 9.444
2197.000 8.819
2200.000 8.511
2203.000 7.962
2206.000 7.674
2209.000 7.104
2212.000 6.580
2215.000 6.469
2218.000 6.000
2221.000 5.783
2224.000 5.374
2227.000 5.022
2230.000 4.884
2233.000 4.613
2236.000 4.467
2239.000 4.222
2242.000 4.007
2245.000 3.905
2248.000 3.722
2251.000 3.645
2254.000 3.483
2257.000 3.332
2260.000 3.287
2263.000 3.179
2266.000 3.114
2269.000 2.997
2272.000 2.901
2275.000 2.860
2278.000 2.773
2281.000 2.731
2284.000 2.666
2287.000 2.590
2290.000 2.559
2293.000 2.504
2296.000 2.484
2299.000 2.437
2302.000 2.418
2305.000 2.429
2308.000 2.413
2311.000 2.408
2314.000 2.399
2317.000 2.409
2320.000 2.411
2323.000 2.430
2326.000 2.455
2329.000 2.465
2332.000 2.508
2335.000 2.530
2338.000 2.580
2341.000 2.609
2344.000 2.705
2347.000 2.796
2350.000 2.851
2353.000 2.971
2356.000 3.043
2359.000 3.225
2362.000 3.439
2365.000 3.555
2368.000 3.820
2371.000 3.981
2374.000 4.371
2377.000 4.875
2380.000 5.175
2383.000 5.852
2386.000 6.223
2389.000 6.978
2392.000 7.582
2395.000 7.700
2398.000 7.401
2401.000 7.013
2404.000 6.058
2407.000 5.171
2410.000 4.805
2413.000 4.179
2416.000 3.892
2419.000 3.393
2422.000 2.980
2425.000 2.803
2428.000 2.490
2431.000 2.355
2434.000 2.120
2437.000 1.921
2440.000 1.836
2443.000 1.683
2446.000 1.615
2449.000 1.490
2452.000 1.353
2455.000 1.287
2458.000 1.171
2461.000 1.132
2464.000 1.077
2467.000 0.984
2470.000 0.945
2473.000 0.870
2476.000 0.838
2479.000 0.781
2482.000 0.734
2485.000 0.711
2488.000 0.673
2491.000 0.654
2494.000 0.623
2497.000 0.594
2500.000 0.583
2503.000 0.635
2506.000 0.638
2509.000 0.599
2512.000 0.561
2515.000 0.542
2518.000 0.517
2521.000 0.504
2524.000 0.482
2527.000 0.464
2530.000 0.456
2533.000 0.438
2536.000 0.433
2539.000 0.422
2542.000 0.414
2545.000 0.404
2548.000 0.394
2551.000 0.391
2554.000 0.382
2557.000 0.379
2560.000 0.372
2563.000 0.365
2566.000 0.361
2569.000 0.356
2572.000 0.355
2575.000 0.348
2578.000 0.344
2581.000 0.341
2584.000 0.336
2587.000 0.335
2590.000 0.328
2593.000 0.326
2596.000 0.324
2599.000 0.321
2602.000 0.322
2605.000 0.317
2608.000 0.313
2611.000 0.314
2614.000 0.311
2617.000 0.309
2620.000 0.307
2623.000 0.304
2626.000 0.303
2629.000 0.301
2632.000 0.299
2635.000 0.298
2638.000 0.295
2641.000 0.297
2644.000 0.294
2647.000 0.293
2650.000 0.292
2653.000 0.292
2656.000 0.292
2659.000 0.288
2662.000 0.289
2665.000 0.288
2668.000 0.286
2671.000 0.286
2674.000 0.283
2677.000 0.283
2680.000 0.281
2683.000 0.282
2686.000 0.281
2689.000 0.280
2692.000 0.279
2695.000 0.277
2698.000 0.276
2701.000 0.276
2704.000 0.276
2707.000 0.275
2710.000 0.274
2713.000 0.272
2716.000 0.273
2719.000 0.272
2722.000 0.299
2725.000 0.300
2728.000 0.293
2731.000 0.289
2734.000 0.284
2737.000 0.282
2740.000 0.279
2743.000 0.274
2746.000 0.274
2749.000 0.272
2752.000 0.271
2755.000 0.269
2758.000 0.267
2761.000 0.267
2764.000 0.268
2767.000 0.269
2770.000 0.266
2773.000 0.263
2776.000 0.264
2779.000 0.287
2782.000 0.285
2785.000 0.281
2788.000 0.276
2791.000 0.274
2794.000 0.271
2797.000 0.270
2800.000 0.267
2803.000 0.302
2806.000 0.301
2809.000 0.288
2812.000 0.283
2815.000 0.279
2818.000 0.276
2821.000 0.272
2824.000 0.270
2827.000 0.268
2830.000 0.267
2833.000 0.264
2836.000 0.264
2839.000 0.263
2842.000 0.263
2845.000 0.261
2848.000 0.260
2851.000 0.262
2854.000 0.284
2857.000 0.283
2860.000 0.275
2863.000 0.272
2866.000 0.271
2869.000 0.267
2872.000 0.265
2875.000 0.265
2878.000 0.269
2881.000 0.283
2884.000 0.283
2887.000 0.280
2890.000 0.276
2893.000 0.270
2896.000 0.269
2899.000 0.266
2902.000 0.267
2905.000 0.263
2908.000 0.265
2911.000 0.264
2914.000 0.263
2917.000 0.265
2920.000 0.262
2923.000 0.265
2926.000 0.263
2929.000 0.282
2932.000 0.282
2935.000 0.283
2938.000 0.280
2941.000 0.274
2944.000 0.272
2947.000 0.275
2950.000 0.276
2953.000 0.272
2956.000 0.275
2959.000 0.276
2962.000 0.270
2965.000 0.290
2968.000 0.284
2971.000 0.281
2974.000 0.282
2977.000 0.282
2980.000 0.275
2983.000 0.278
2986.000 0.277
2989.000 0.282
2992.000 0.274
2995.000 0.283
2998.000 0.275
3001.000 0.287
3004.000 0.281
3007.000 0.283
3010.000 0.288
3013.000 0.289
3016.000 0.276
3019.000 0.282
3022.000 0.279
3025.000 0.283
3028.000 0.279
3031.000 0.283
3034.000 0.282
3037.000 0.283
3040.000 0.282
3043.000 0.280
3046.000 0.286
3049.000 0.285
3052.000 0.284
3055.000 0.286
3058.000 0.288
3061.000 0.285
3064.000 0.292
3067.000 0.291
3070.000 0.288
3073.000 0.289
3076.000 0.292
3079.000 0.290
3082.000 0.295
3085.000 0.294
3088.000 0.293
3091.000 0.294
3094.000 0.295
3097.000 0.295
3100.000 0.295
3103.000 0.295
3106.000 0.297
3109.000 0.296
3112.000 0.298
3115.000 0.299
3118.000 0.299
3121.000 0.300
3124.000 0.299
3127.000 0.302
3130.000 0.303
3133.000 0.303
3136.000 0.306
3139.000 0.307
3142.000 0.309
3145.000 0.312
3148.000 0.314
3151.000 0.315
3154.000 0.315
3157.000 0.318
3160.000 0.321
3163.000 0.321
3166.000 0.322
3169.000 0.324
3172.000 0.325
3175.000 0.329
3178.000 0.330
3181.000 0.332
3184.000 0.338
3187.000 0.337
3190.000 0.342
3193.000 0.347
3196.000 0.350
3199.000 0.361
3202.000 0.363
3205.000 0.366
3208.000 0.370
3211.000 0.375
3214.000 0.383
3217.000 0.385
3220.000 0.396
3223.000 0.402
3226.000 0.410
3229.000 0.426
3232.000 0.432
3235.000 0.451
3238.000 0.460
3241.000 0.479
3244.000 0.499
3247.000 0.511
3250.000 0.542
3253.000 0.554
3256.000 0.581
3259.000 0.593
3262.000 0.624
3265.000 0.662
3268.000 0.675
3271.000 0.712
3274.000 0.734
3277.000 0.779
3280.000 0.839
3283.000 0.872
3286.000 0.938
3289.000 0.978
3292.000 1.078
3295.000 1.200
3298.000 1.273
3301.000 1.448
3304.000 1.549
3307.000 1.831
3310.000 2.234
3313.000 2.434
3316.000 2.965
3319.000 3.273
3322.000 4.022
3325.000 4.965
3328.000 5.503
3331.000 6.706
3334.000 7.352
3337.000 8.505
3340.000 9.390
3343.000 9.639
3346.000 9.736
3349.000 9.533
3352.000 8.578
3355.000 7.289
3358.000 6.681
3361.000 5.631
3364.000 5.193
3367.000 4.476
3370.000 3.954
3373.000 3.747
3376.000 3.420
3379.000 3.303
3382.000 3.172
3385.000 3.142
3388.000 3.124
3391.000 3.104
3394.000 3.114
3397.000 3.117
3400.000 3.142
3403.000 3.173
3406.000 3.225
3409.000 3.247
3412.000 3.310
3415.000 3.393
3418.000 3.459
3421.000 3.583
3424.000 3.658
3427.000 3.823
3430.000 4.046
3433.000 4.171
3436.000 4.428
3439.000 4.570
3442.000 4.929
3445.000 5.404
3448.000 5.647
3451.000 6.272
3454.000 6.629
3457.000 7.448
3460.000 8.379
3463.000 8.820
3466.000 9.589
3469.000 9.834
3472.000 9.943
3475.000 9.445
3478.000 9.033
3481.000 8.156
3484.000 7.779
3487.000 7.075
3490.000 6.421
3493.000 6.118
3496.000 5.577
3499.000 5.329
3502.000 4.896
3505.000 4.519
3508.000 4.354
3511.000 4.053
3514.000 3.921
3517.000 3.685
3520.000 3.484
3523.000 3.396
3526.000 3.233
3529.000 3.162
3532.000 3.030
3535.000 2.913
3538.000 2.858
3541.000 2.760
3544.000 2.722
3547.000 2.639
3550.000 2.579
3553.000 2.548
3556.000 2.489
3559.000 2.460
3562.000 2.420
3565.000 2.371
3568.000 2.356
3571.000 2.336
3574.000 2.322
3577.000 2.302
3580.000 2.284
3583.000 2.286
3586.000 2.279
3589.000 2.285
3592.000 2.286
3595.000 2.288
3598.000 2.308
3601.000 2.313
3604.000 2.319
3607.000 2.332
3610.000 2.366
3613.000 2.378
3616.000 2.421
3619.000 2.440
3622.000 2.489
3625.000 2.509
3628.000 2.574
3631.000 2.645
3634.000 2.685
3637.000 2.767
3640.000 2.818
3643.000 2.923
3646.000 3.042
3649.000 3.106
3652.000 3.262
3655.000 3.347
3658.000 3.535
3661.000 3.743
3664.000 3.876
3667.000 4.231
3670.000 4.373
3673.000 4.671
3676.000 5.023
3679.000 5.204
3682.000 5.556
3685.000 5.778
3688.000 6.084
3691.000 6.276
3694.000 6.339
3697.000 6.380
3700.000 6.336
3703.000 6.135
3706.000 5.789
3709.000 5.580
3712.000 5.144
3715.000 4.929
3718.000 4.515
3721.000 4.138
3724.000 3.959
3727.000 3.639
3730.000 3.489
3733.000 3.255
3736.000 3.013
3739.000 2.910
3742.000 2.721
3745.000 2.633
3748.000 2.497
3751.000 2.362
3754.000 2.305
3757.000 2.191
3760.000 2.143
3763.000 2.047
3766.000 1.964
3769.000 1.930
3772.000 1.861
3775.000 1.830
3778.000 1.770
3781.000 1.719
3784.000 1.696
3787.000 1.667
3790.000 1.643
3793.000 1.610
3796.000 1.577
3799.000 1.561
3802.000 1.534
3805.000 1.525
3808.000 1.508
3811.000 1.494
3814.000 1.488
3817.000 1.477
3820.000 1.554
3823.000 1.533
3826.000 1.556
3829.000 1.550
3832.000 1.512
3835.000 1.500
3838.000 1.503
3841.000 1.504
3844.000 1.510
3847.000 1.515
3850.000 1.517
3853.000 1.541
3856.000 1.572
3859.000 1.583
3862.000 1.616
3865.000 1.630
3868.000 1.670
3871.000 1.711
3874.000 1.740
3877.000 1.793
3880.000 1.820
3883.000 1.884
3886.000 1.948
3889.000 1.995
3892.000 2.075
3895.000 2.123
3898.000 2.234
3901.000 2.351
3904.000 2.415
3907.000 2.564
3910.000 2.648
3913.000 2.834
3916.000 3.056
3919.000 3.304
3922.000 3.647
3925.000 3.778
3928.000 4.127
3931.000 4.581
3934.000 4.837
3937.000 5.401
3940.000 5.700
3943.000 6.272
3946.000 6.703
3949.000 6.817
3952.000 6.758
3955.000 6.589
3958.000 6.011
3961.000 5.427
3964.000 5.179
3967.000 4.697
3970.000 4.477
3973.000 4.067
3976.000 3.879
3979.000 3.696
3982.000 3.359
3985.000 3.223
3988.000 2.966
3991.000 2.851
3994.000 2.641
3997.000 2.465
4000.000 2.386
4003.000 2.266
4006.000 2.203
4009.000 2.109
4012.000 2.010
4015.000 1.962
4018.000 1.878
4021.000 1.848
4024.000 1.773
4027.000 1.706
4030.000 1.664
4033.000 1.611
4036.000 1.588
4039.000 1.589
4042.000 1.568
4045.000 1.531
4048.000 1.467
4051.000 1.505
4054.000 1.436
4057.000 1.389
4060.000 1.371
4063.000 1.348
4066.000 1.337
4069.000 1.309
4072.000 1.285
4075.000 1.277
4078.000 1.338
4081.000 1.323
4084.000 1.297
4087.000 1.274
4090.000 1.274
4093.000 1.316
4096.000 1.296
4099.000 1.268
4102.000 1.256
4105.000 1.257
4108.000 1.249
4111.000 1.254
4114.000 1.252
4117.000 1.257
4120.000 1.261
4123.000 1.271
4126.000 1.278
4129.000 1.289
4132.000 1.317
4135.000 1.339
4138.000 1.369
4141.000 1.377
4144.000 1.393
4147.000 1.406
4150.000 1.437
4153.000 1.469
4156.000 1.486
4159.000 1.532
4162.000 1.554
4165.000 1.622
4168.000 1.725
4171.000 1.749
4174.000 1.817
4177.000 1.854
4180.000 1.936
4183.000 2.042
4186.000 2.096
4189.000 2.223
4192.000 2.297
4195.000 2.462
4198.000 2.654
4201.000 2.765
4204.000 3.013
4207.000 3.237
4210.000 3.564
4213.000 3.791
4216.000 3.849
4219.000 3.886
4222.000 3.861
4225.000 3.736
4228.000 3.547
4231.000 3.417
4234.000 3.135
4237.000 2.984
4240.000 2.684
4243.000 2.413
4246.000 2.287
4249.000 2.070
4252.000 1.967
4255.000 1.783
4258.000 1.634
4261.000 1.569
4264.000 1.461
4267.000 1.400
4270.000 1.322
4273.000 1.225
4276.000 1.180
4279.000 1.109
4282.000 1.073
4285.000 1.008
4288.000 0.969
4291.000 0.940
4294.000 0.909
4297.000 0.900
4300.000 0.838
4303.000 0.796
4306.000 0.776
4309.000 0.738
4312.000 0.724
4315.000 0.704
4318.000 0.676
4321.000 0.667
4324.000 0.660
4327.000 0.658
4330.000 0.638
4333.000 0.618
4336.000 0.622
4339.000 0.657
4342.000 0.665
4345.000 0.648
4348.000 0.627
4351.000 0.618
4354.000 0.621
4357.000 0.615
4360.000 0.602
4363.000 0.598
4366.000 0.595
4369.000 0.593
4372.000 0.596
4375.000 0.596
4378.000 0.601
4381.000 0.604
4384.000 0.614
4387.000 0.618
4390.000 0.643
4393.000 0.685
4396.000 0.697
4399.000 0.781
4402.000 0.836
4405.000 0.830
4408.000 0.825
4411.000 0.827
4414.000 0.850
4417.000 0.846
4420.000 0.953
4423.000 1.010
4426.000 1.007
4429.000 1.014
4432.000 1.027
4435.000 1.059
4438.000 1.111
4441.000 1.150
4444.000 1.293
4447.000 1.417
4450.000 1.496
4453.000 1.598
4456.000 1.665
4459.000 1.846
4462.000 1.957
4465.000 2.241
4468.000 2.588
4471.000 2.785
4474.000 3.217
4477.000 3.443
4480.000 3.863
4483.000 4.102
4486.000 4.141
4489.000 4.011
4492.000 3.830
4495.000 3.407
4498.000 2.975
4501.000 2.785
4504.000 2.469
4507.000 2.344
4510.000 2.160
4513.000 2.113
4516.000 1.942
4519.000 1.804
4522.000 1.739
4525.000 1.619
4528.000 1.577
4531.000 1.501
4534.000 1.427
4537.000 1.396
4540.000 1.341
4543.000 1.310
4546.000 1.260
4549.000 1.226
4552.000 1.206
4555.000 1.180
4558.000 1.161
4561.000 1.130
4564.000 1.104
4567.000 1.095
4570.000 1.070
4573.000 1.060
4576.000 1.045
4579.000 1.035
4582.000 1.028
4585.000 1.016
4588.000 1.012
4591.000 1.003
4594.000 0.997
4597.000 0.993
4600.000 0.991
4603.000 0.989
4606.000 0.986
4609.000 0.982
4612.000 0.983
4615.000 0.986
4618.000 0.988
4621.000 0.993
4624.000 1.000
4627.000 1.001
4630.000 1.009
4633.000 1.015
4636.000 1.027
4639.000 1.033
4642.000 1.040
4645.000 1.055
4648.000 1.066
4651.000 1.081
4654.000 1.099
4657.000 1.111
4660.000 1.150
4663.000 1.152
4666.000 1.177
4669.000 1.221
4672.000 1.238
4675.000 1.266
4678.000 1.282
4681.000 1.332
4684.000 1.418
4687.000 1.487
4690.000 1.521
4693.000 1.529
4696.000 1.568
4699.000 1.631
4702.000 1.668
4705.000 1.754
4708.000 1.806
4711.000 1.971
4714.000 2.067
4717.000 2.128
4720.000 2.248
4723.000 2.311
4726.000 2.436
4729.000 2.546
4732.000 2.596
4735.000 2.636
4738.000 2.636
4741.000 2.558
4744.000 2.366
4747.000 2.250
4750.000 1.993
4753.000 1.867
4756.000 1.627
4759.000 1.407
4762.000 1.318
4765.000 1.145
4768.000 1.072
4771.000 0.938
4774.000 0.826
4777.000 0.778
4780.000 0.697
4783.000 0.660
4786.000 0.589
4789.000 0.529
4792.000 0.504
4795.000 0.465
4798.000 0.466
4801.000 0.417
4804.000 0.380
4807.000 0.363
4810.000 0.328
4813.000 0.312
4816.000 0.280
4819.000 0.256
4822.000 0.240
4825.000 0.219
4828.000 0.211
4831.000 0.193
4834.000 0.182
4837.000 0.176
4840.000 0.168
4843.000 0.170
4846.000 0.161
4849.000 0.150
4852.000 0.146
4855.000 0.138
4858.000 0.136
4861.000 0.132
4864.000 0.128
4867.000 0.129
4870.000 0.127
4873.000 0.128
4876.000 0.130
4879.000 0.132
4882.000 0.138
4885.000 0.150
4888.000 0.156
4891.000 0.173
4894.000 0.183
4897.000 0.210
4900.000 0.246
4903.000 0.268
4906.000 0.334
4909.000 0.372
4912.000 0.457
4915.000 0.554
4918.000 0.621
4921.000 0.774
4924.000 0.867
4927.000 1.096
4930.000 1.411
4933.000 1.585
4936.000 1.963
4939.000 2.175
4942.000 2.641
4945.000 3.116
4948.000 3.359
4951.000 3.802
4954.000 4.010
4957.000 4.271
4960.000 4.391
4963.000 4.360
4966.000 4.148
4969.000 3.978
4972.000 3.580
4975.000 3.165
4978.000 2.952
4981.000 2.537
4984.000 2.348
4987.000 2.040
4990.000 1.844
4993.000 1.726
4996.000 1.550
4999.000 1.462
5002.000 1.348
5005.000 1.287
5008.000 1.262
5011.000 1.229
5014.000 1.207
5017.000 1.193
5020.000 1.175
5023.000 1.168
5026.000 1.143
5029.000 1.150
5032.000 1.120
5035.000 1.121
5038.000 1.113
5041.000 1.103
5044.000 1.103
5047.000 1.109
5050.000 1.103
5053.000 1.110
5056.000 1.114
5059.000 1.108
5062.000 1.132
5065.000 1.134
5068.000 1.145
5071.000 1.172
5074.000 1.178
5077.000 1.191
5080.000 1.218
5083.000 1.227
5086.000 1.264
5089.000 1.291
5092.000 1.334
5095.000 1.384
5098.000 1.402
5101.000 1.440
5104.000 1.457
5107.000 1.509
5110.000 1.528
5113.000 1.527
5116.000 1.489
5119.000 1.453
5122.000 1.342
5125.000 1.183
5128.000 1.092
5131.000 0.904
5134.000 0.808
5137.000 0.643
5140.000 0.498
5143.000 0.435
5146.000 0.318
5149.000 0.272
5152.000 0.194
5155.000 0.132
5158.000 0.104
5161.000 0.064
5164.000 0.050
5167.000 0.048
5170.000 0.075
5173.000 0.084
5176.000 0.105
5179.000 0.112
5182.000 0.135
5185.000 0.157
5188.000 0.168
5191.000 0.188
5194.000 0.199
5197.000 0.222
5200.000 0.274
5203.000 0.294
5206.000 0.303
5209.000 0.303
5212.000 0.300
5215.000 0.297
5218.000 0.294
5221.000 0.287
5224.000 0.287
5227.000 0.286
5230.000 0.286
5233.000 0.290
5236.000 0.298
5239.000 0.297
5242.000 0.317
5245.000 0.331
5248.000 0.336
5251.000 0.334
5254.000 0.330
5257.000 0.329
5260.000 0.329
5263.000 0.326
5266.000 0.334
5269.000 0.345
5272.000 0.349
5275.000 0.344
5278.000 0.340
5281.000 0.338
5284.000 0.337
5287.000 0.336
5290.000 0.339
5293.000 0.342
5296.000 0.345
5299.000 0.343
5302.000 0.350
5305.000 0.349
5308.000 0.350
5311.000 0.363
5314.000 0.364
5317.000 0.358
5320.000 0.358
5323.000 0.356
5326.000 0.362
5329.000 0.363
5332.000 0.371
5335.000 0.385
5338.000 0.382
5341.000 0.369
5344.000 0.364
5347.000 0.362
5350.000 0.362
5353.000 0.360
5356.000 0.357
5359.000 0.357
5362.000 0.353
5365.000 0.357
5368.000 0.360
5371.000 0.361
5374.000 0.359
5377.000 0.360
5380.000 0.361
5383.000 0.358
5386.000 0.360
5389.000 0.360
5392.000 0.362
5395.000 0.361
5398.000 0.373
5401.000 0.371
5404.000 0.365
5407.000 0.368
5410.000 0.368
5413.000 0.364
5416.000 0.362
5419.000 0.361
5422.000 0.362
5425.000 0.360
5428.000 0.367
5431.000 0.371
5434.000 0.379
5437.000 0.373
5440.000 0.374
5443.000 0.368
5446.000 0.370
5449.000 0.367
5452.000 0.367
5455.000 0.366
5458.000 0.368
5461.000 0.373
5464.000 0.371
5467.000 0.379
5470.000 0.373
5473.000 0.370
5476.000 0.371
5479.000 0.370
5482.000 0.369
5485.000 0.367
5488.000 0.365
5491.000 0.381
5494.000 0.391
5497.000 0.385
5500.000 0.382
5503.000 0.376
5506.000 0.376
5509.000 0.375
5512.000 0.371
5515.000 0.379
5518.000 0.388
5521.000 0.384
5524.000 0.407
5527.000 0.415
5530.000 0.423
5533.000 0.405
5536.000 0.393
5539.000 0.388
5542.000 0.384
5545.000 0.378
5548.000 0.373
5551.000 0.372
5554.000 0.372
5557.000 0.373
5560.000 0.370
5563.000 0.374
5566.000 0.374
5569.000 0.367
5572.000 0.368
5575.000 0.363
5578.000 0.373
5581.000 0.406
5584.000 0.403
5587.000 0.396
5590.000 0.409
5593.000 0.418
5596.000 0.416
5599.000 0.404
5602.000 0.390
5605.000 0.389
5608.000 0.378
5611.000 0.377
5614.000 0.374
5617.000 0.369
5620.000 0.370
5623.000 0.389
5626.000 0.418
5629.000 0.421
5632.000 0.419
5635.000 0.420
5638.000 0.407
5641.000 0.409
5644.000 0.419
5647.000 0.423
5650.000 0.418
5653.000 0.403
5656.000 0.399
5659.000 0.392
5662.000 0.386
5665.000 0.382
5668.000 0.376
5671.000 0.371
5674.000 0.372
5677.000 0.384
5680.000 0.386
5683.000 0.389
5686.000 0.397
5689.000 0.396
5692.000 0.386
5695.000 0.384
5698.000 0.377
5701.000 0.378
5704.000 0.371
5707.000 0.369
5710.000 0.368
5713.000 0.371
5716.000 0.372
5719.000 0.370
5722.000 0.368
5725.000 0.366
5728.000 0.366
5731.000 0.365
5734.000 0.368
5737.000 0.363
5740.000 0.365
5743.000 0.378
5746.000 0.379
5749.000 0.398
5752.000 0.398
5755.000 0.392
5758.000 0.383
5761.000 0.381
5764.000 0.411
5767.000 0.405
5770.000 0.407
5773.000 0.395
5776.000 0.399
5779.000 0.395
5782.000 0.386
5785.000 0.387
5788.000 0.382
5791.000 0.422
5794.000 0.421
5797.000 0.413
5800.000 0.408
5803.000 0.399
5806.000 0.395
5809.000 0.388
5812.000 0.386
5815.000 0.383
5818.000 0.381
5821.000 0.378
5824.000 0.378
5827.000 0.382
5830.000 0.384
5833.000 0.396
5836.000 0.403
5839.000 0.396
5842.000 0.392
5845.000 0.397
5848.000 0.392
5851.000 0.388
5854.000 0.385
5857.000 0.383
5860.000 0.380
5863.000 0.383
5866.000 0.382
5869.000 0.381
5872.000 0.387
5875.000 0.391
5878.000 0.389
5881.000 0.399
5884.000 0.418
5887.000 0.415
5890.000 0.413
5893.000 0.412
5896.000 0.405
5899.000 0.402
5902.000 0.394
5905.000 0.391
5908.000 0.393
5911.000 0.392
5914.000 0.388
5917.000 0.384
5920.000 0.388
5923.000 0.390
5926.000 0.389
5929.000 0.394
5932.000 0.387
5935.000 0.433
5938.000 0.422
5941.000 0.417
5944.000 0.408
5947.000 0.401
5950.000 0.405
5953.000 0.396
5956.000 0.399
5959.000 0.401
5962.000 0.397
5965.000 0.393
5968.000 0.398
5971.000 0.399
5974.000 0.418
5977.000 0.433
5980.000 0.425
5983.000 0.408
5986.000 0.413
5989.000 0.402
5992.000 0.401
5995.000 0.405
5998.000 0.395
6001.000 0.408
6004.000 0.406
6007.000 0.404
6010.000 0.396
6013.000 0.390
6016.000 0.397
6019.000 0.380
6022.000 0.393
6025.000 0.392
6028.000 0.381
6031.000 0.391
6034.000 0.382
6037.000 0.378
6040.000 0.380
6043.000 0.382
6046.000 0.385
6049.000 0.378
6052.000 0.384
6055.000 0.381
6058.000 0.386
6061.000 0.381
6064.000 0.385
6067.000 0.385
6070.000 0.382
6073.000 0.387
6076.000 0.387
6079.000 0.379
6082.000 0.382
6085.000 0.381
6088.000 0.409
6091.000 0.405
6094.000 0.397
6097.000 0.393
6100.000 0.395
6103.000 0.405
6106.000 0.401
6109.000 0.393
6112.000 0.393
6115.000 0.412
6118.000 0.405
6121.000 0.408
6124.000 0.398
6127.000 0.397
6130.000 0.389
6133.000 0.384
6136.000 0.385
6139.000 0.382
6142.000 0.380
6145.000 0.381
6148.000 0.382
6151.000 0.384
6154.000 0.381
6157.000 0.381
6160.000 0.381
6163.000 0.380
6166.000 0.383
6169.000 0.382
6172.000 0.383
6175.000 0.383
6178.000 0.384
6181.000 0.382
6184.000 0.384
6187.000 0.382
6190.000 0.411
6193.000 0.409
6196.000 0.405
6199.000 0.395
6202.000 0.393
6205.000 0.391
6208.000 0.389
6211.000 0.386
6214.000 0.387
6217.000 0.387
6220.000 0.388
6223.000 0.385
6226.000 0.384
6229.000 0.388
6232.000 0.393
6235.000 0.389
6238.000 0.390
6241.000 0.388
6244.000 0.385
6247.000 0.386
6250.000 0.416
6253.000 0.425
6256.000 0.414
6259.000 0.408
6262.000 0.411
6265.000 0.413
6268.000 0.412
6271.000 0.404
6274.000 0.403
6277.000 0.398
6280.000 0.395
6283.000 0.393
6286.000 0.395
6289.000 0.394
6292.000 0.392
6295.000 0.392
6298.000 0.390
6301.000 0.393
6304.000 0.394
6307.000 0.394
6310.000 0.415
6313.000 0.414
6316.000 0.406
6319.000 0.395
6322.000 0.394
6325.000 0.396
6328.000 0.397
6331.000 0.395
6334.000 0.421
6337.000 0.429
6340.000 0.420
6343.000 0.414
6346.000 0.411
6349.000 0.415
6352.000 0.413
6355.000 0.406
6358.000 0.408
6361.000 0.408
6364.000 0.448
6367.000 0.438
6370.000 0.426
6373.000 0.420
6376.000 0.417
6379.000 0.440
6382.000 0.429
6385.000 0.432
6388.000 0.427
6391.000 0.439
6394.000 0.430
6397.000 0.429
6400.000 0.441
6403.000 0.438
6406.000 0.433
6409.000 0.421
6412.000 0.421
6415.000 0.414
6418.000 0.410
6421.000 0.407
6424.000 0.438
6427.000 0.440
6430.000 0.440
6433.000 0.438
6436.000 0.430
6439.000 0.422
6442.000 0.422
6445.000 0.419
6448.000 0.416
6451.000 0.413
6454.000 0.412
6457.000 0.415
6460.000 0.413
6463.000 0.409
6466.000 0.412
6469.000 0.410
6472.000 0.414
6475.000 0.416
6478.000 0.416
6481.000 0.421
6484.000 0.421
6487.000 0.422
6490.000 0.432
6493.000 0.432
6496.000 0.435
6499.000 0.438
6502.000 0.446
6505.000 0.443
6508.000 0.450
6511.000 0.487
6514.000 0.489
6517.000 0.489
6520.000 0.491
6523.000 0.494
6526.000 0.496
6529.000 0.501
6532.000 0.505
6535.000 0.516
6538.000 0.524
6541.000 0.533
6544.000 0.547
6547.000 0.562
6550.000 0.574
6553.000 0.586
6556.000 0.613
6559.000 0.623
6562.000 0.656
6565.000 0.680
6568.000 0.700
6571.000 0.735
6574.000 0.752
6577.000 0.805
6580.000 0.893
6583.000 0.920
6586.000 0.983
6589.000 1.036
6592.000 1.137
6595.000 1.238
6598.000 1.316
6601.000 1.543
6604.000 1.631
6607.000 1.836
6610.000 2.083
6613.000 2.224
6616.000 2.547
6619.000 2.714
6622.000 3.018
6625.000 3.238
6628.000 3.297
6631.000 3.286
6634.000 3.257
6637.000 3.040
6640.000 2.778
6643.000 2.652
6646.000 2.465
6649.000 2.390
6652.000 2.282
6655.000 2.242
6658.000 2.216
6661.000 2.338
6664.000 2.305
6667.000 2.297
6670.000 2.264
6673.000 2.251
6676.000 2.250
6679.000 2.258
6682.000 2.284
6685.000 2.337
6688.000 2.362
6691.000 2.440
6694.000 2.482
6697.000 2.557
6700.000 2.644
6703.000 2.701
6706.000 2.784
6709.000 2.819
6712.000 2.876
6715.000 2.923
6718.000 2.928
6721.000 2.922
6724.000 2.916
6727.000 2.897
6730.000 2.869
6733.000 2.855
6736.000 2.817
6739.000 2.800
6742.000 2.748
6745.000 2.691
6748.000 2.656
6751.000 2.603
6754.000 2.574
6757.000 2.538
6760.000 2.499
6763.000 2.470
6766.000 2.435
6769.000 2.414
6772.000 2.386
6775.000 2.375
6778.000 2.369
6781.000 2.365
6784.000 2.366
6787.000 2.375
6790.000 2.388
6793.000 2.387
6796.000 2.404
6799.000 2.410
6802.000 2.524
6805.000 2.517
6808.000 2.515
6811.000 2.528
6814.000 2.539
6817.000 2.564
6820.000 2.606
6823.000 2.647
6826.000 2.695
6829.000 2.727
6832.000 2.795
6835.000 2.825
6838.000 2.890
6841.000 2.965
6844.000 3.008
6847.000 3.089
6850.000 3.132
6853.000 3.218
6856.000 3.297
6859.000 3.340
6862.000 3.412
6865.000 3.452
6868.000 3.576
6871.000 3.584
6874.000 3.583
6877.000 3.568
6880.000 3.556
6883.000 3.525
6886.000 3.459
6889.000 3.458
6892.000 3.460
6895.000 3.395
6898.000 3.267
6901.000 3.136
6904.000 3.071
6907.000 2.938
6910.000 2.891
6913.000 2.766
6916.000 2.670
6919.000 2.638
6922.000 2.521
6925.000 2.470
6928.000 2.380
6931.000 2.318
6934.000 2.275
6937.000 2.173
6940.000 2.134
6943.000 2.067
6946.000 2.034
6949.000 2.023
6952.000 1.936
6955.000 1.926
6958.000 1.873
6961.000 1.846
6964.000 1.833
6967.000 1.828
6970.000 1.827
6973.000 1.773
6976.000 1.749
6979.000 1.744
6982.000 1.726
6985.000 1.719
6988.000 1.705
6991.000 1.720
6994.000 1.719
6997.000 1.714
7000.000 1.713
7003.000 1.723
7006.000 1.775
7009.000 1.804
7012.000 1.815
7015.000 1.818
7018.000 1.818
7021.000 1.846
7024.000 1.864
7027.000 1.911
7030.000 1.919
7033.000 1.962
7036.000 2.186
7039.000 2.215
7042.000 2.249
7045.000 2.259
7048.000 2.305
7051.000 2.381
7054.000 2.410
7057.000 2.464
7060.000 2.496
7063.000 2.572
7066.000 2.634
7069.000 2.672
7072.000 2.741
7075.000 2.767
7078.000 2.830
7081.000 2.851
7084.000 2.862
7087.000 2.864
7090.000 2.854
7093.000 2.814
7096.000 2.771
7099.000 2.746
7102.000 2.685
7105.000 2.645
7108.000 2.567
7111.000 2.490
7114.000 2.449
7117.000 2.369
7120.000 2.325
7123.000 2.260
7126.000 2.181
7129.000 2.151
7132.000 2.085
7135.000 2.055
7138.000 2.004
7141.000 1.953
7144.000 1.929
7147.000 1.894
7150.000 1.870
7153.000 1.831
7156.000 1.790
7159.000 1.777
7162.000 1.748
7165.000 1.739
7168.000 1.810
7171.000 1.774
7174.000 1.751
7177.000 1.718
7180.000 1.707
7183.000 1.683
7186.000 1.678
7189.000 1.661
7192.000 1.658
7195.000 1.659
7198.000 1.692
7201.000 1.734
7204.000 1.734
7207.000 1.727
7210.000 1.726
7213.000 1.735
7216.000 1.741
7219.000 1.783
7222.000 1.791
7225.000 1.808
7228.000 1.830
7231.000 1.847
7234.000 1.870
7237.000 1.921
7240.000 1.958
7243.000 2.056
7246.000 2.077
7249.000 2.120
7252.000 2.167
7255.000 2.202
7258.000 2.298
7261.000 2.364
7264.000 2.429
7267.000 2.507
7270.000 2.550
7273.000 2.648
7276.000 2.695
7279.000 2.801
7282.000 2.917
7285.000 2.970
7288.000 3.083
7291.000 3.138
7294.000 3.231
7297.000 3.313
7300.000 3.341
7303.000 3.401
7306.000 3.411
7309.000 3.409
7312.000 3.355
7315.000 3.315
7318.000 3.216
7321.000 3.155
7324.000 3.019
7327.000 2.883
7330.000 2.814
7333.000 2.668
7336.000 2.595
7339.000 2.465
7342.000 2.335
7345.000 2.284
7348.000 2.168
7351.000 2.143
7354.000 2.058
7357.000 1.922
7360.000 1.846
7363.000 1.847
7366.000 1.785
7369.000 1.672
7372.000 1.586
7375.000 1.548
7378.000 1.497
7381.000 1.529
7384.000 1.477
7387.000 1.404
7390.000 1.377
7393.000 1.338
7396.000 1.300
7399.000 1.269
7402.000 1.230
7405.000 1.216
7408.000 1.198
7411.000 1.187
7414.000 1.165
7417.000 1.149
7420.000 1.182
7423.000 1.148
7426.000 1.136
7429.000 1.117
7432.000 1.107
7435.000 1.104
7438.000 1.097
7441.000 1.094
7444.000 1.099
7447.000 1.102
7450.000 1.101
7453.000 1.102
7456.000 1.104
7459.000 1.116
7462.000 1.133
7465.000 1.141
7468.000 1.164
7471.000 1.177
7474.000 1.205
7477.000 1.235
7480.000 1.255
7483.000 1.301
7486.000 1.323
7489.000 1.371
7492.000 1.434
7495.000 1.464
7498.000 1.540
7501.000 1.589
7504.000 1.672
7507.000 1.765
7510.000 1.809
7513.000 1.915
7516.000 1.958
7519.000 2.062
7522.000 2.145
7525.000 2.214
7528.000 2.299
7531.000 2.319
7534.000 2.332
7537.000 2.327
7540.000 2.291
7543.000 2.232
7546.000 2.193
7549.000 2.111
7552.000 2.068
7555.000 1.974
7558.000 1.880
7561.000 1.832
7564.000 1.742
7567.000 1.698
7570.000 1.619
7573.000 1.556
7576.000 1.526
7579.000 1.465
7582.000 1.437
7585.000 1.383
7588.000 1.337
7591.000 1.319
7594.000 1.287
7597.000 1.269
7600.000 1.238
7603.000 1.215
7606.000 1.202
7609.000 1.179
7612.000 1.172
7615.000 1.158
7618.000 1.143
7621.000 1.140
7624.000 1.131
7627.000 1.133
7630.000 1.122
7633.000 1.116
7636.000 1.118
7639.000 1.114
7642.000 1.115
7645.000 1.123
7648.000 1.131
7651.000 1.133
7654.000 1.147
7657.000 1.152
7660.000 1.166
7663.000 1.179
7666.000 1.181
7669.000 1.197
7672.000 1.207
7675.000 1.226
7678.000 1.254
7681.000 1.271
7684.000 1.301
7687.000 1.318
7690.000 1.347
7693.000 1.393
7696.000 1.418
7699.000 1.476
7702.000 1.529
7705.000 1.592
7708.000 1.644
7711.000 1.669
7714.000 1.738
7717.000 1.773
7720.000 1.855
7723.000 1.931
7726.000 1.976
7729.000 2.061
7732.000 2.105
7735.000 2.171
7738.000 2.233
7741.000 2.251
7744.000 2.253
7747.000 2.242
7750.000 2.190
7753.000 2.105
7756.000 2.057
7759.000 1.935
7762.000 1.876
7765.000 1.742
7768.000 1.620
7771.000 1.564
7774.000 1.453
7777.000 1.395
7780.000 1.300
7783.000 1.216
7786.000 1.175
7789.000 1.099
7792.000 1.065
7795.000 1.003
7798.000 0.943
7801.000 0.919
7804.000 0.873
7807.000 0.854
7810.000 0.815
7813.000 0.780
7816.000 0.762
7819.000 0.730
7822.000 0.720
7825.000 0.691
7828.000 0.670
7831.000 0.658
7834.000 0.642
7837.000 0.630
7840.000 0.616
7843.000 0.611
7846.000 0.612
7849.000 0.594
7852.000 0.586
7855.000 0.570
7858.000 0.562
7861.000 0.555
7864.000 0.548
7867.000 0.545
7870.000 0.540
7873.000 0.545
7876.000 0.558
7879.000 0.559
7882.000 0.562
7885.000 0.562
7888.000 0.560
7891.000 0.562
7894.000 0.573
7897.000 0.579
7900.000 0.589
7903.000 0.601
7906.000 0.633
7909.000 0.658
7912.000 0.673
7915.000 0.715
7918.000 0.737
7921.000 0.778
7924.000 0.823
7927.000 0.832
7930.000 0.842
7933.000 0.836
7936.000 0.819
7939.000 0.805
7942.000 0.791
7945.000 0.767
7948.000 0.757
7951.000 0.732
7954.000 0.711
7957.000 0.700
7960.000 0.677
7963.000 0.677
7966.000 0.664
7969.000 0.667
7972.000 0.657
7975.000 0.640
7978.000 0.634
7981.000 0.623
7984.000 0.609
7987.000 0.616
7990.000 0.612
7993.000 0.603
7996.000 0.603
7999.000 0.616
8002.000 0.622
8005.000 0.624
8008.000 0.625
8011.000 0.642
8014.000 0.644
8017.000 0.649
8020.000 0.681
8023.000 0.707
8026.000 0.715
8029.000 0.718
8032.000 0.728
8035.000 0.727
8038.000 0.728
8041.000 0.732
8044.000 0.738
8047.000 0.734
8050.000 0.728
8053.000 0.719
8056.000 0.690
8059.000 0.652
8062.000 0.635
8065.000 0.606
8068.000 0.591
8071.000 0.547
8074.000 0.539
8077.000 0.509
8080.000 0.484
8083.000 0.474
8086.000 0.457
8089.000 0.451
8092.000 0.429
8095.000 0.416
8098.000 0.408
8101.000 0.398
8104.000 0.396
8107.000 0.389
8110.000 0.388
8113.000 0.389
8116.000 0.389
8119.000 0.390
8122.000 0.395
8125.000 0.397
8128.000 0.399
8131.000 0.403
8134.000 0.404
8137.000 0.406
8140.000 0.418
8143.000 0.424
8146.000 0.412
8149.000 0.407
8152.000 0.401
8155.000 0.394
8158.000 0.394
8161.000 0.390
8164.000 0.390
8167.000 0.393
8170.000 0.394
8173.000 0.398
8176.000 0.401
8179.000 0.398
8182.000 0.401
8185.000 0.403
8188.000 0.399
8191.000 0.384
8194.000 0.400
8197.000 0.616
8200.000 0.616
8203.000 0.593
8206.000 0.538
8209.000 0.510
8212.000 0.466
8215.000 0.431
8218.000 0.421
8221.000 0.399
8224.000 0.392
8227.000 0.384
8230.000 0.381
8233.000 0.382
8236.000 0.381
8239.000 0.382
8242.000 0.382
8245.000 0.386
8248.000 0.398
8251.000 0.391
8254.000 0.389
8257.000 0.387
8260.000 0.387
8263.000 0.385
8266.000 0.383
8269.000 0.384
8272.000 0.385
8275.000 0.384
8278.000 0.384
8281.000 0.387
8284.000 0.383
8287.000 0.383
8290.000 0.386
8293.000 0.383
8296.000 0.387
8299.000 0.384
8302.000 0.385
8305.000 0.385
8308.000 0.387
8311.000 0.383
8314.000 0.383
8317.000 0.382
8320.000 0.385
8323.000 0.386
8326.000 0.385
8329.000 0.388
8332.000 0.389
8335.000 0.386
8338.000 0.387
8341.000 0.381
8344.000 0.385
8347.000 0.387
8350.000 0.384
8353.000 0.384
8356.000 0.386
8359.000 0.389
8362.000 0.387
8365.000 0.388
8368.000 0.387
8371.000 0.389
8374.000 0.386
8377.000 0.385
8380.000 0.389
8383.000 0.389
8386.000 0.393
8389.000 0.393
8392.000 0.393
8395.000 0.393
8398.000 0.392
8401.000 0.394
8404.000 0.393
8407.000 0.393
8410.000 0.389
8413.000 0.391
8416.000 0.391
8419.000 0.391
8422.000 0.389
8425.000 0.392
8428.000 0.394
8431.000 0.391
8434.000 0.390
8437.000 0.390
8440.000 0.392
8443.000 0.391
8446.000 0.391
8449.000 0.388
8452.000 0.392
8455.000 0.393
8458.000 0.391
8461.000 0.390
8464.000 0.391
8467.000 0.395
8470.000 0.392
8473.000 0.391
8476.000 0.393
8479.000 0.392
8482.000 0.390
8485.000 0.392
8488.000 0.390
8491.000 0.393
8494.000 0.393
8497.000 0.392
8500.000 0.395
8503.000 0.393
8506.000 0.393
8509.000 0.394
8512.000 0.393
8515.000 0.391
8518.000 0.395
8521.000 0.396
8524.000 0.398
8527.000 0.398
8530.000 0.397
8533.000 0.396
8536.000 0.398
8539.000 0.399
8542.000 0.394
8545.000 0.395
8548.000 0.397
8551.000 0.396
8554.000 0.393
8557.000 0.395
8560.000 0.396
8563.000 0.395
8566.000 0.397
8569.000 0.396
8572.000 0.396
8575.000 0.397
8578.000 0.396
8581.000 0.393
8584.000 0.393
8587.000 0.396
8590.000 0.393
8593.000 0.397
8596.000 0.397
8599.000 0.395
8602.000 0.398
8605.000 0.399
8608.000 0.399
8611.000 0.399
8614.000 0.398
8617.000 0.396
8620.000 0.395
8623.000 0.397
8626.000 0.396
8629.000 0.397
8632.000 0.396
8635.000 0.397
8638.000 0.399
8641.000 0.397
8644.000 0.398
8647.000 0.401
8650.000 0.405
8653.000 0.403
8656.000 0.402
8659.000 0.402
8662.000 0.403
8665.000 0.400
8668.000 0.402
8671.000 0.400
8674.000 0.402
8677.000 0.400
8680.000 0.400
8683.000 0.400
8686.000 0.402
8689.000 0.401
8692.000 0.400
8695.000 0.402
8698.000 0.406
8701.000 0.403
8704.000 0.406
8707.000 0.400
8710.000 0.400
8713.000 0.401
8716.000 0.409
8719.000 0.408
8722.000 0.406
8725.000 0.405
8728.000 0.406
8731.000 0.404
8734.000 0.411
8737.000 0.408
8740.000 0.404
8743.000 0.405
8746.000 0.402
8749.000 0.404
8752.000 0.403
8755.000 0.402
8758.000 0.402
8761.000 0.403
8764.000 0.402
8767.000 0.406
8770.000 0.403
8773.000 0.409
8776.000 0.406
8779.000 0.405
8782.000 0.406
8785.000 0.409
8788.000 0.408
8791.000 0.412
8794.000 0.411
8797.000 0.411
8800.000 0.410
8803.000 0.411
8806.000 0.410
8809.000 0.409
8812.000 0.410
8815.000 0.414
8818.000 0.426
8821.000 0.422
8824.000 0.397
8827.000 0.433
8830.000 0.440
8833.000 0.434
8836.000 0.408
8839.000 0.409
8842.000 0.412
8845.000 0.407
8848.000 0.406
8851.000 0.405
8854.000 0.403
8857.000 0.404
8860.000 0.404
8863.000 0.407
8866.000 0.409
8869.000 0.411
8872.000 0.412
8875.000 0.416
8878.000 0.416
8881.000 0.417
8884.000 0.415
8887.000 0.418
8890.000 0.418
8893.000 0.417
8896.000 0.418
8899.000 0.417
8902.000 0.418
8905.000 0.415
8908.000 0.414
8911.000 0.410
8914.000 0.412
8917.000 0.419
8920.000 0.413
8923.000 0.409
8926.000 0.409
8929.000 0.411
8932.000 0.403
8935.000 0.404
8938.000 0.403
8941.000 0.401
8944.000 0.403
8947.000 0.401
8950.000 0.396
8953.000 0.398
8956.000 0.395
8959.000 0.399
8962.000 0.398
8965.000 0.395
8968.000 0.412
8971.000 0.415
8974.000 0.409
8977.000 0.410
8980.000 0.412
8983.000 0.404
8986.000 0.414
8989.000 0.408
8992.000 0.411
8995.000 0.416
8998.000 0.410
9001.000 0.422
9004.000 0.422
9007.000 0.422
9010.000 0.422
9013.000 0.413
9016.000 0.421
9019.000 0.416
9022.000 0.422
9025.000 0.416
9028.000 0.419
9031.000 0.415
9034.000 0.415
9037.000 0.421
9040.000 0.421
9043.000 0.414
9046.000 0.416
9049.000 0.415
9052.000 0.415
9055.000 0.413
9058.000 0.407
9061.000 0.409
9064.000 0.406
9067.000 0.411
9070.000 0.409
9073.000 0.407
9076.000 0.403
9079.000 0.406
9082.000 0.404
9085.000 0.405
9088.000 0.403
9091.000 0.406
9094.000 0.407
9097.000 0.407
9100.000 0.404
9103.000 0.404
9106.000 0.407
9109.000 0.405
9112.000 0.408
9115.000 0.408
9118.000 0.414
9121.000 0.413
9124.000 0.414
9127.000 0.414
9130.000 0.415
9133.000 0.414
9136.000 0.415
9139.000 0.415
9142.000 0.415
9145.000 0.416
9148.000 0.415
9151.000 0.414
9154.000 0.415
9157.000 0.416
9160.000 0.415
9163.000 0.414
9166.000 0.415
9169.000 0.414
9172.000 0.411
9175.000 0.412
9178.000 0.412
9181.000 0.412
9184.000 0.415
9187.000 0.409
9190.000 0.412
9193.000 0.413
9196.000 0.412
9199.000 0.412
9202.000 0.413
9205.000 0.414
9208.000 0.414
9211.000 0.417
9214.000 0.415
9217.000 0.433
9220.000 0.432
9223.000 0.428
9226.000 0.423
9229.000 0.424
9232.000 0.423
9235.000 0.421
9238.000 0.418
9241.000 0.423
9244.000 0.422
9247.000 0.418
9250.000 0.419
9253.000 0.418
9256.000 0.419
9259.000 0.418
9262.000 0.431
9265.000 0.427
9268.000 0.422
9271.000 0.420
9274.000 0.419
9277.000 0.419
9280.000 0.417
9283.000 0.416
9286.000 0.420
9289.000 0.422
9292.000 0.420
9295.000 0.418
9298.000 0.430
9301.000 0.429
9304.000 0.426
9307.000 0.425
9310.000 0.423
9313.000 0.420
9316.000 0.427
9319.000 0.433
9322.000 0.430
9325.000 0.425
9328.000 0.424
9331.000 0.423
9334.000 0.425
9337.000 0.421
9340.000 0.423
9343.000 0.423
9346.000 0.419
9349.000 0.417
9352.000 0.420
9355.000 0.422
9358.000 0.418
9361.000 0.420
9364.000 0.416
9367.000 0.419
9370.000 0.431
9373.000 0.428
9376.000 0.425
9379.000 0.424
9382.000 0.423
9385.000 0.421
9388.000 0.421
9391.000 0.422
9394.000 0.421
9397.000 0.420
9400.000 0.419
9403.000 0.418
9406.000 0.420
9409.000 0.419
9412.000 0.417
9415.000 0.417
9418.000 0.420
9421.000 0.418
9424.000 0.418
9427.000 0.428
9430.000 0.431
9433.000 0.432
9436.000 0.429
9439.000 0.426
9442.000 0.423
9445.000 0.427
9448.000 0.423
9451.000 0.420
9454.000 0.429
9457.000 0.424
9460.000 0.429
9463.000 0.429
9466.000 0.432
9469.000 0.426
9472.000 0.419
9475.000 0.420
9478.000 0.419
9481.000 0.418
9484.000 0.420
9487.000 0.419
9490.000 0.420
9493.000 0.418
9496.000 0.417
9499.000 0.418
9502.000 0.421
9505.000 0.420
9508.000 0.415
9511.000 0.416
9514.000 0.414
9517.000 0.414
9520.000 0.416
9523.000 0.414
9526.000 0.418
9529.000 0.419
9532.000 0.419
9535.000 0.419
9538.000 0.419
9541.000 0.415
9544.000 0.415
9547.000 0.415
9550.000 0.417
9553.000 0.417
9556.000 0.416
9559.000 0.415
9562.000 0.417
9565.000 0.415
9568.000 0.416
9571.000 0.414
9574.000 0.417
9577.000 0.416
9580.000 0.417
9583.000 0.418
9586.000 0.421
9589.000 0.418
9592.000 0.414
9595.000 0.417
9598.000 0.419
9601.000 0.421
9604.000 0.421
9607.000 0.418
9610.000 0.418
9613.000 0.421
9616.000 0.421
9619.000 0.420
9622.000 0.423
9625.000 0.425
9628.000 0.419
9631.000 0.420
9634.000 0.419
9637.000 0.419
9640.000 0.414
9643.000 0.419
9646.000 0.419
9649.000 0.416
9652.000 0.416
9655.000 0.419
9658.000 0.416
9661.000 0.413
9664.000 0.414
9667.000 0.413
9670.000 0.415
9673.000 0.413
9676.000 0.412
9679.000 0.412
9682.000 0.416
9685.000 0.416
9688.000 0.416
9691.000 0.413
9694.000 0.411
9697.000 0.412
9700.000 0.413
9703.000 0.412
9706.000 0.411
9709.000 0.416
9712.000 0.417
9715.000 0.412
9718.000 0.410
9721.000 0.408
9724.000 0.406
9727.000 0.405
9730.000 0.404
9733.000 0.404
9736.000 0.403
9739.000 0.401
9742.000 0.403
9745.000 0.408
9748.000 0.408
9751.000 0.406
9754.000 0.401
9757.000 0.401
9760.000 0.398
9763.000 0.393
9766.000 0.390
9769.000 0.392
9772.000 0.389
9775.000 0.383
9778.000 0.382
9781.000 0.384
9784.000 0.377
9787.000 0.374
9790.000 0.371
9793.000 0.368
9796.000 0.364
9799.000 0.360
9802.000 0.357
9805.000 0.355
9808.000 0.340
9811.000 0.338
9814.000 0.329
9817.000 0.324
9820.000 0.311
9823.000 0.300
9826.000 0.292
9829.000 0.286
9832.000 0.282
9835.000 0.274
9838.000 0.276
9841.000 0.280
9844.000 0.308
9847.000 0.334
9850.000 0.405
9853.000 0.537
9856.000 0.626
9859.000 0.883
9862.000 1.054
9865.000 1.445
9868.000 1.851
9871.000 2.031
9874.000 2.323
9877.000 2.431
9880.000 2.537
9883.000 2.516
9886.000 2.484
9889.000 2.384
9892.000 2.326
9895.000 2.211
9898.000 2.098
9901.000 2.044
9904.000 1.952
9907.000 1.921
9910.000 1.860
9913.000 1.821
9916.000 1.810
9919.000 1.821
9922.000 1.847
9925.000 1.909
9928.000 1.986
9931.000 2.028
9934.000 2.132
9937.000 2.182
9940.000 2.267
9943.000 2.340
9946.000 2.374
9949.000 2.385
9952.000 2.360
9955.000 2.328
9958.000 2.197
9961.000 2.113
9964.000 1.940
9967.000 1.846
9970.000 1.664
9973.000 1.499
9976.000 1.426
9979.000 1.296
9982.000 1.233
9985.000 1.133
9988.000 1.042
9991.000 1.013
9994.000 0.948
9997.000 0.941
10000.000 0.894
10003.000 0.863
10006.000 0.848
10009.000 0.820
10012.000 0.807
10015.000 0.799
10018.000 0.791
10021.000 0.802
10024.000 0.810
10027.000 0.809
10030.000 0.844
10033.000 0.855
10036.000 0.906
10039.000 0.948
10042.000 0.970
10045.000 1.038
10048.000 1.065
10051.000 1.145
10054.000 1.245
10057.000 1.310
10060.000 1.455
10063.000 1.534
10066.000 1.723
10069.000 1.943
10072.000 2.064
10075.000 2.323
10078.000 2.446
10081.000 2.695
10084.000 2.893
10087.000 2.961
10090.000 3.005
10093.000 2.982
10096.000 2.891
10099.000 2.712
10102.000 2.619
10105.000 2.452
10108.000 2.390
10111.000 2.270
10114.000 2.160
10117.000 2.111
10120.000 2.017
10123.000 1.975
10126.000 1.896
10129.000 1.827
10132.000 1.794
10135.000 1.735
10138.000 1.710
10141.000 1.662
10144.000 1.616
10147.000 1.599
10150.000 1.565
10153.000 1.550
10156.000 1.524
10159.000 1.507
10162.000 1.492
10165.000 1.484
10168.000 1.479
10171.000 1.476
10174.000 1.492
10177.000 1.485
10180.000 1.492
10183.000 1.497
10186.000 1.503
10189.000 1.515
10192.000 1.517
10195.000 1.533
10198.000 1.540
10201.000 1.561
10204.000 1.599
10207.000 1.613
10210.000 1.646
10213.000 1.661
10216.000 1.705
10219.000 1.762
10222.000 1.788
10225.000 1.846
10228.000 1.881
10231.000 1.951
10234.000 2.043
10237.000 2.114
10240.000 2.208
10243.000 2.269
10246.000 2.375
10249.000 2.472
10252.000 2.515
10255.000 2.610
10258.000 2.650
10261.000 2.719
10264.000 2.730
10267.000 2.721
10270.000 2.646
10273.000 2.588
10276.000 2.482
10279.000 2.325
10282.000 2.224
10285.000 2.016
10288.000 1.912
10291.000 1.725
10294.000 1.561
10297.000 1.485
10300.000 1.341
10303.000 1.277
10306.000 1.161
10309.000 1.057
10312.000 1.015
10315.000 0.930
10318.000 0.894
10321.000 0.825
10324.000 0.768
10327.000 0.741
10330.000 0.691
10333.000 0.673
10336.000 0.634
10339.000 0.613
10342.000 0.597
10345.000 0.564
10348.000 0.555
10351.000 0.529
10354.000 0.511
10357.000 0.504
10360.000 0.492
10363.000 0.488
10366.000 0.481
10369.000 0.478
10372.000 0.484
10375.000 0.480
10378.000 0.488
10381.000 0.497
10384.000 0.507
10387.000 0.510
10390.000 0.524
10393.000 0.531
10396.000 0.545
10399.000 0.560
10402.000 0.596
10405.000 0.619
10408.000 0.631
10411.000 0.678
10414.000 0.705
10417.000 0.756
10420.000 0.814
10423.000 0.849
10426.000 0.924
10429.000 0.966
10432.000 1.067
10435.000 1.188
10438.000 1.258
10441.000 1.418
10444.000 1.500
10447.000 1.699
10450.000 1.909
10453.000 2.017
10456.000 2.213
10459.000 2.300
10462.000 2.423
10465.000 2.471
10468.000 2.459
10471.000 2.377
10474.000 2.352
10477.000 2.197
10480.000 2.043
10483.000 1.985
10486.000 1.895
10489.000 1.850
10492.000 1.765
10495.000 1.707
10498.000 1.667
10501.000 1.595
10504.000 1.556
10507.000 1.496
10510.000 1.446
10513.000 1.419
10516.000 1.372
10519.000 1.351
10522.000 1.314
10525.000 1.278
10528.000 1.265
10531.000 1.239
10534.000 1.226
10537.000 1.210
10540.000 1.197
10543.000 1.187
10546.000 1.180
10549.000 1.175
10552.000 1.158
10555.000 1.150
10558.000 1.149
10561.000 1.145
10564.000 1.147
10567.000 1.145
10570.000 1.148
10573.000 1.150
10576.000 1.161
10579.000 1.166
10582.000 1.166
10585.000 1.167
10588.000 1.170
10591.000 1.173
10594.000 1.175
10597.000 1.179
10600.000 1.183
10603.000 1.189
10606.000 1.200
10609.000 1.206
10612.000 1.222
10615.000 1.237
10618.000 1.261
10621.000 1.282
10624.000 1.301
10627.000 1.326
10630.000 1.340
10633.000 1.371
10636.000 1.401
10639.000 1.424
10642.000 1.463
10645.000 1.480
10648.000 1.525
10651.000 1.574
10654.000 1.595
10657.000 1.648
10660.000 1.667
10663.000 1.748
10666.000 1.774
10669.000 1.770
10672.000 1.716
10675.000 1.697
10678.000 1.645
10681.000 1.544
10684.000 1.489
10687.000 1.351
10690.000 1.283
10693.000 1.155
10696.000 1.025
10699.000 0.966
10702.000 0.877
10705.000 0.821
10708.000 0.727
10711.000 0.644
10714.000 0.605
10717.000 0.536
10720.000 0.503
10723.000 0.451
10726.000 0.397
10729.000 0.378
10732.000 0.334
10735.000 0.316
10738.000 0.284
10741.000 0.254
10744.000 0.238
10747.000 0.213
10750.000 0.198
10753.000 0.177
10756.000 0.158
10759.000 0.150
10762.000 0.137
10765.000 0.133
10768.000 0.124
10771.000 0.117
10774.000 0.115
10777.000 0.110
10780.000 0.110
10783.000 0.113
10786.000 0.118
10789.000 0.121
10792.000 0.130
10795.000 0.136
10798.000 0.154
10801.000 0.176
10804.000 0.185
10807.000 0.215
10810.000 0.233
10813.000 0.282
10816.000 0.334
10819.000 0.363
10822.000 0.417
10825.000 0.451
10828.000 0.523
10831.000 0.606
10834.000 0.646
10837.000 0.738
10840.000 0.786
10843.000 0.885
10846.000 0.984
10849.000 1.033
10852.000 1.129
10855.000 1.174
10858.000 1.264
10861.000 1.340
10864.000 1.374
10867.000 1.426
10870.000 1.445
10873.000 1.493
10876.000 1.471
10879.000 1.447
10882.000 1.371
10885.000 1.333
10888.000 1.248
10891.000 1.163
10894.000 1.125
10897.000 1.052
10900.000 1.020
10903.000 0.959
10906.000 0.927
10909.000 0.917
10912.000 0.895
10915.000 0.887
10918.000 0.873
10921.000 0.857
10924.000 0.845
10927.000 0.836
10930.000 0.832
10933.000 0.826
10936.000 0.824
10939.000 0.814
10942.000 0.806
10945.000 0.802
10948.000 0.790
10951.000 0.786
10954.000 0.806
10957.000 0.795
10960.000 0.791
10963.000 0.790
10966.000 0.787
10969.000 0.794
10972.000 0.784
10975.000 0.790
10978.000 0.794
10981.000 0.798
10984.000 0.795
10987.000 0.801
10990.000 0.803
10993.000 0.812
10996.000 0.812
10999.000 0.821
11002.000 0.830
11005.000 0.838
11008.000 0.844
11011.000 0.853
11014.000 0.856
11017.000 0.859
11020.000 0.876
11023.000 0.860
11026.000 0.837
11029.000 0.807
11032.000 0.735
11035.000 0.693
11038.000 0.643
11041.000 0.603
11044.000 0.513
11047.000 0.430
11050.000 0.398
11053.000 0.339
11056.000 0.308
11059.000 0.268
11062.000 0.243
11065.000 0.232
11068.000 0.216
11071.000 0.208
11074.000 0.205
11077.000 0.204
11080.000 0.201
11083.000 0.204
11086.000 0.205
11089.000 0.208
11092.000 0.215
11095.000 0.214
11098.000 0.222
11101.000 0.224
11104.000 0.228
11107.000 0.232
11110.000 0.237
11113.000 0.245
11116.000 0.247
11119.000 0.249
11122.000 0.264
11125.000 0.270
11128.000 0.286
11131.000 0.296
11134.000 0.316
11137.000 0.346
11140.000 0.363
11143.000 0.391
11146.000 0.404
11149.000 0.426
11152.000 0.439
11155.000 0.442
11158.000 0.449
11161.000 0.450
11164.000 0.452
11167.000 0.455
11170.000 0.454
11173.000 0.450
11176.000 0.450
11179.000 0.457
11182.000 0.453
11185.000 0.453
11188.000 0.446
11191.000 0.442
11194.000 0.439
11197.000 0.436
11200.000 0.434
11203.000 0.432
11206.000 0.434
11209.000 0.433
11212.000 0.431
11215.000 0.429
11218.000 0.424
11221.000 0.425
11224.000 0.423
11227.000 0.422
11230.000 0.418
11233.000 0.417
11236.000 0.416
11239.000 0.417
11242.000 0.421
11245.000 0.422
11248.000 0.420
11251.000 0.419
11254.000 0.419
11257.000 0.417
11260.000 0.413
11263.000 0.416
11266.000 0.415
11269.000 0.417
11272.000 0.417
11275.000 0.418
11278.000 0.419
11281.000 0.417
11284.000 0.422
11287.000 0.422
11290.000 0.417
11293.000 0.415
11296.000 0.415
11299.000 0.413
11302.000 0.415
11305.000 0.413
11308.000 0.411
11311.000 0.409
11314.000 0.410
11317.000 0.410
11320.000 0.415
11323.000 0.416
11326.000 0.414
11329.000 0.414
11332.000 0.414
11335.000 0.416
11338.000 0.414
11341.000 0.414
11344.000 0.410
11347.000 0.411
11350.000 0.420
11353.000 0.420
11356.000 0.417
11359.000 0.417
11362.000 0.418
11365.000 0.417
11368.000 0.416
11371.000 0.414
11374.000 0.420
11377.000 0.420
11380.000 0.416
11383.000 0.419
11386.000 0.418
11389.000 0.415
11392.000 0.415
11395.000 0.411
11398.000 0.412
11401.000 0.412
11404.000 0.412
11407.000 0.411
11410.000 0.409
11413.000 0.408
11416.000 0.409
11419.000 0.410
11422.000 0.410
11425.000 0.409
11428.000 0.409
11431.000 0.408
11434.000 0.408
11437.000 0.410
11440.000 0.409
11443.000 0.413
11446.000 0.413
11449.000 0.410
11452.000 0.410
11455.000 0.408
11458.000 0.410
11461.000 0.409
11464.000 0.408
11467.000 0.406
11470.000 0.404
11473.000 0.406
11476.000 0.409
11479.000 0.411
11482.000 0.410
11485.000 0.407
11488.000 0.408
11491.000 0.408
11494.000 0.409
11497.000 0.411
11500.000 0.409
11503.000 0.409
11506.000 0.406
11509.000 0.410
11512.000 0.408
11515.000 0.410
11518.000 0.419
11521.000 0.417
11524.000 0.415
11527.000 0.415
11530.000 0.416
11533.000 0.412
11536.000 0.411
11539.000 0.410
11542.000 0.410
11545.000 0.409
11548.000 0.409
11551.000 0.407
11554.000 0.408
11557.000 0.412
11560.000 0.411
11563.000 0.408
11566.000 0.408
11569.000 0.411
11572.000 0.411
11575.000 0.413
11578.000 0.408
11581.000 0.406
11584.000 0.405
11587.000 0.404
11590.000 0.406
11593.000 0.403
11596.000 0.403
11599.000 0.404
11602.000 0.404
11605.000 0.407
11608.000 0.405
11611.000 0.405
11614.000 0.408
11617.000 0.406
11620.000 0.410
11623.000 0.408
11626.000 0.408
11629.000 0.408
11632.000 0.407
11635.000 0.407
11638.000 0.403
11641.000 0.407
11644.000 0.409
11647.000 0.408
11650.000 0.403
11653.000 0.407
11656.000 0.410
11659.000 0.407
11662.000 0.412
11665.000 0.408
11668.000 0.405
11671.000 0.407
11674.000 0.408
11677.000 0.413
11680.000 0.411
11683.000 0.411
11686.000 0.411
11689.000 0.412
11692.000 0.409
11695.000 0.408
11698.000 0.411
11701.000 0.409
11704.000 0.401
11707.000 0.400
11710.000 0.400
11713.000 0.402
11716.000 0.406
11719.000 0.413
11722.000 0.415
11725.000 0.412
11728.000 0.415
11731.000 0.412
11734.000 0.414
11737.000 0.408
11740.000 0.410
11743.000 0.408
11746.000 0.408
11749.000 0.408
11752.000 0.404
11755.000 0.404
11758.000 0.406
11761.000 0.406
11764.000 0.400
11767.000 0.402
11770.000 0.402
11773.000 0.402
11776.000 0.401
11779.000 0.404
11782.000 0.405
11785.000 0.404
11788.000 0.404
11791.000 0.403
11794.000 0.406
11797.000 0.407
11800.000 0.403
11803.000 0.402
11806.000 0.402
11809.000 0.399
11812.000 0.399
11815.000 0.399
11818.000 0.398
11821.000 0.399
11824.000 0.402
11827.000 0.403
11830.000 0.401
11833.000 0.399
11836.000 0.397
11839.000 0.395
11842.000 0.396
11845.000 0.395
11848.000 0.396
11851.000 0.394
11854.000 0.396
11857.000 0.395
11860.000 0.394
11863.000 0.394
11866.000 0.395
11869.000 0.402
11872.000 0.397
11875.000 0.399
11878.000 0.397
11881.000 0.396
11884.000 0.398
11887.000 0.397
11890.000 0.397
11893.000 0.397
11896.000 0.396
11899.000 0.396
11902.000 0.398
11905.000 0.396
11908.000 0.394
11911.000 0.394
11914.000 0.395
11917.000 0.393
11920.000 0.393
11923.000 0.394
11926.000 0.395
11929.000 0.394
11932.000 0.394
11935.000 0.395
11938.000 0.395
11941.000 0.395
11944.000 0.395
11947.000 0.395
11950.000 0.393
11953.000 0.395
11956.000 0.396
11959.000 0.392
11962.000 0.400
11965.000 0.394
11968.000 0.397
11971.000 0.397
11974.000 0.393
11977.000 0.396
11980.000 0.396
11983.000 0.395
11986.000 0.399
11989.000 0.403
11992.000 0.400
11995.000 0.401
11998.000 0.400
12001.000 0.407
