103.000 0.050
106.000 0.056
109.000 0.270
112.000 0.313
115.000 0.372
118.000 0.374
121.000 0.392
124.000 0.383
127.000 0.487
130.000 0.536
133.000 0.571
136.000 0.611
139.000 0.597
142.000 0.637
145.000 0.715
148.000 0.788
151.000 0.853
154.000 0.868
157.000 0.859
160.000 0.950
163.000 0.984
166.000 0.911
169.000 1.019
172.000 1.086
175.000 1.079
178.000 1.170
181.000 1.116
184.000 1.189
187.000 1.362
190.000 1.302
193.000 1.463
196.000 1.456
199.000 4.337
202.000 3.442
205.000 2.661
208.000 2.471
211.000 2.219
214.000 2.207
217.000 2.301
220.000 2.210
223.000 2.447
226.000 2.465
229.000 2.630
232.000 2.572
235.000 2.600
238.000 2.614
241.000 2.604
244.000 2.737
247.000 3.034
250.000 3.045
253.000 3.620
256.000 3.461
259.000 3.728
262.000 4.145
265.000 4.189
268.000 4.170
271.000 4.280
274.000 5.064
277.000 5.087
280.000 4.950
283.000 5.488
286.000 5.517
289.000 5.837
292.000 6.146
295.000 5.944
298.000 6.631
301.000 6.530
304.000 6.555
307.000 6.960
310.000 7.204
313.000 7.792
316.000 8.189
319.000 8.364
322.000 8.653
325.000 9.355
328.000 9.512
331.000 10.044
334.000 10.493
337.000 11.004
340.000 11.388
343.000 13.520
346.000 14.223
349.000 15.164
352.000 16.746
355.000 17.421
358.000 19.445
361.000 20.125
364.000 21.820
367.000 23.733
370.000 24.674
373.000 26.694
376.000 27.345
379.000 29.137
382.000 31.499
385.000 32.477
388.000 34.486
391.000 35.529
394.000 37.572
397.000 38.567
400.000 40.785
403.000 42.624
406.000 43.631
409.000 45.528
412.000 46.504
415.000 48.226
418.000 49.641
421.000 50.305
424.000 51.461
427.000 51.980
430.000 52.373
433.000 52.223
436.000 52.431
439.000 52.991
442.000 53.294
445.000 53.718
448.000 54.011
451.000 54.118
454.000 54.295
457.000 54.396
460.000 54.503
463.000 54.605
466.000 54.609
469.000 54.653
472.000 54.629
475.000 54.694
478.000 54.581
481.000 54.599
484.000 54.425
487.000 54.156
490.000 53.502
493.000 52.470
496.000 51.780
499.000 50.205
502.000 49.224
505.000 46.908
508.000 44.242
511.000 42.919
514.000 39.716
517.000 38.158
520.000 34.988
523.000 32.533
526.000 31.434
529.000 29.873
532.000 29.167
535.000 27.735
538.000 26.253
541.000 25.709
544.000 24.514
547.000 23.845
550.000 22.678
553.000 21.483
556.000 21.040
559.000 20.008
562.000 19.533
565.000 18.654
568.000 17.776
571.000 17.356
574.000 16.527
577.000 16.149
580.000 15.413
583.000 14.790
586.000 14.452
589.000 13.659
592.000 13.271
595.000 12.555
598.000 11.936
601.000 11.688
604.000 11.111
607.000 10.859
610.000 10.418
613.000 9.992
616.000 9.771
619.000 9.355
622.000 9.268
625.000 8.936
628.000 8.643
631.000 8.446
634.000 8.395
637.000 8.110
640.000 7.798
643.000 7.573
646.000 7.455
649.000 7.231
652.000 7.110
655.000 6.897
658.000 6.673
661.000 6.592
664.000 6.426
667.000 6.334
670.000 6.143
673.000 5.930
676.000 5.791
679.000 5.561
682.000 5.448
685.000 5.225
688.000 5.018
691.000 4.913
694.000 4.724
697.000 4.635
700.000 4.460
703.000 4.294
706.000 4.216
709.000 4.061
712.000 3.991
715.000 3.862
718.000 3.733
721.000 3.667
724.000 3.543
727.000 3.483
730.000 3.371
733.000 3.266
736.000 3.213
739.000 3.110
742.000 3.064
745.000 2.968
748.000 2.881
751.000 2.823
754.000 2.752
757.000 2.713
760.000 2.633
763.000 2.598
766.000 2.540
769.000 2.460
772.000 2.442
775.000 2.340
778.000 2.343
781.000 2.281
784.000 2.225
787.000 2.198
790.000 2.151
793.000 2.128
796.000 2.093
799.000 2.063
802.000 2.054
805.000 2.022
808.000 2.013
811.000 1.976
814.000 1.939
817.000 1.922
820.000 1.867
823.000 1.932
826.000 1.874
829.000 1.822
832.000 1.798
835.000 1.749
838.000 1.724
841.000 1.679
844.000 1.645
847.000 1.622
850.000 1.589
853.000 1.570
856.000 1.538
859.000 1.501
862.000 1.483
865.000 1.455
868.000 1.438
871.000 1.413
874.000 1.389
877.000 1.369
880.000 1.348
883.000 1.334
886.000 1.306
889.000 1.277
892.000 1.273
895.000 1.257
898.000 1.243
901.000 1.219
904.000 1.203
907.000 1.192
910.000 1.169
913.000 1.156
916.000 1.144
919.000 1.120
922.000 1.112
925.000 1.096
928.000 1.086
931.000 1.064
934.000 1.036
937.000 1.049
940.000 1.015
943.000 1.008
946.000 0.988
949.000 0.971
952.000 0.955
955.000 0.952
958.000 0.940
961.000 0.907
964.000 0.886
967.000 0.877
970.000 0.864
973.000 0.849
976.000 0.829
979.000 0.810
982.000 0.793
985.000 0.769
988.000 0.757
991.000 0.743
994.000 0.724
997.000 0.717
1000.000 0.717
1003.000 0.710
1006.000 0.712
1009.000 0.702
1012.000 0.718
1015.000 0.703
1018.000 0.702
1021.000 0.697
1024.000 0.687
1027.000 0.698
1030.000 0.679
1033.000 0.677
1036.000 0.663
1039.000 0.661
1042.000 0.663
1045.000 0.653
1048.000 0.646
1051.000 0.651
1054.000 0.647
1057.000 0.644
1060.000 0.649
1063.000 0.644
1066.000 0.636
1069.000 0.632
1072.000 0.653
1075.000 0.655
1078.000 0.656
1081.000 0.668
1084.000 0.672
1087.000 0.691
1090.000 0.701
1093.000 0.705
1096.000 0.723
1099.000 0.737
1102.000 0.736
1105.000 0.758
1108.000 0.760
1111.000 0.770
1114.000 0.781
1117.000 0.792
1120.000 0.827
1123.000 0.835
1126.000 0.851
1129.000 0.859
1132.000 0.885
1135.000 0.917
1138.000 0.928
1141.000 0.947
1144.000 0.968
1147.000 0.999
1150.000 1.031
1153.000 1.045
1156.000 1.083
1159.000 1.102
1162.000 1.146
1165.000 1.196
1168.000 1.220
1171.000 1.283
1174.000 1.312
1177.000 1.366
1180.000 1.410
1183.000 1.433
1186.000 1.484
1189.000 1.507
1192.000 1.566
1195.000 1.615
1198.000 1.639
1201.000 1.712
1204.000 1.741
1207.000 1.812
1210.000 1.884
1213.000 1.929
1216.000 2.015
1219.000 2.061
1222.000 2.161
1225.000 2.272
1228.000 2.323
1231.000 2.449
1234.000 2.510
1237.000 2.663
1240.000 2.821
1243.000 2.918
1246.000 3.093
1249.000 3.210
1252.000 3.427
1255.000 3.629
1258.000 3.709
1261.000 3.878
1264.000 3.992
1267.000 4.190
1270.000 4.380
1273.000 4.500
1276.000 4.750
1279.000 4.871
1282.000 5.147
1285.000 5.419
1288.000 5.604
1291.000 5.919
1294.000 6.085
1297.000 6.494
1300.000 6.681
1303.000 7.015
1306.000 7.289
1309.000 7.475
1312.000 7.819
1315.000 7.988
1318.000 8.272
1321.000 8.497
1324.000 8.615
1327.000 8.759
1330.000 8.798
1333.000 8.811
1336.000 8.763
1339.000 8.731
1342.000 8.459
1345.000 8.981
1348.000 8.482
1351.000 8.005
1354.000 7.912
1357.000 7.613
1360.000 7.436
1363.000 7.158
1366.000 6.901
1369.000 6.718
1372.000 6.428
1375.000 6.430
1378.000 6.050
1381.000 5.765
1384.000 5.650
1387.000 5.444
1390.000 5.336
1393.000 5.105
1396.000 4.968
1399.000 4.842
1402.000 4.735
1405.000 4.637
1408.000 4.538
1411.000 4.307
1414.000 4.240
1417.000 4.120
1420.000 4.102
1423.000 3.978
1426.000 3.904
1429.000 3.829
1432.000 3.717
1435.000 3.677
1438.000 3.578
1441.000 3.487
1444.000 3.488
1447.000 3.396
1450.000 3.342
1453.000 3.271
1456.000 3.183
1459.000 3.148
1462.000 3.074
1465.000 3.025
1468.000 2.969
1471.000 2.939
1474.000 2.893
1477.000 2.792
1480.000 2.750
1483.000 2.755
1486.000 2.845
1489.000 2.762
1492.000 2.654
1495.000 2.608
1498.000 2.522
1501.000 2.461
1504.000 2.447
1507.000 2.539
1510.000 2.494
1513.000 2.410
1516.000 2.334
1519.000 2.316
1522.000 2.268
1525.000 2.249
1528.000 2.197
1531.000 2.149
1534.000 2.128
1537.000 2.135
1540.000 2.113
1543.000 2.069
1546.000 2.025
1549.000 2.004
1552.000 1.968
1555.000 1.994
1558.000 1.991
1561.000 1.940
1564.000 1.922
1567.000 1.910
1570.000 1.990
1573.000 1.936
1576.000 1.872
1579.000 1.887
1582.000 1.825
1585.000 1.826
1588.000 1.878
1591.000 1.868
1594.000 1.890
1597.000 1.811
1600.000 1.769
1603.000 1.707
1606.000 1.648
1609.000 1.619
1612.000 1.569
1615.000 1.548
1618.000 1.500
1621.000 1.457
1624.000 1.446
1627.000 1.397
1630.000 1.372
1633.000 1.343
1636.000 1.316
1639.000 1.300
1642.000 1.261
1645.000 1.259
1648.000 1.234
1651.000 1.261
1654.000 1.284
1657.000 1.242
1660.000 1.224
1663.000 1.202
1666.000 1.192
1669.000 1.179
1672.000 1.179
1675.000 1.179
1678.000 1.189
1681.000 1.186
1684.000 1.218
1687.000 1.248
1690.000 1.263
1693.000 1.303
1696.000 1.320
1699.000 1.357
1702.000 1.407
1705.000 1.432
1708.000 1.475
1711.000 1.558
1714.000 1.764
1717.000 1.740
1720.000 1.770
1723.000 1.731
1726.000 1.739
1729.000 1.756
1732.000 1.769
1735.000 1.779
1738.000 1.786
1741.000 1.805
1744.000 1.828
1747.000 1.835
1750.000 1.844
1753.000 1.855
1756.000 1.860
1759.000 1.879
1762.000 1.884
1765.000 1.891
1768.000 1.920
1771.000 1.927
1774.000 1.928
1777.000 1.926
1780.000 1.924
1783.000 1.933
1786.000 1.933
1789.000 1.964
1792.000 1.953
1795.000 1.959
1798.000 1.953
1801.000 1.951
1804.000 1.995
1807.000 1.984
1810.000 1.977
1813.000 1.966
1816.000 1.962
1819.000 1.958
1822.000 1.952
1825.000 1.952
1828.000 1.950
1831.000 1.960
1834.000 1.956
1837.000 1.955
1840.000 1.956
1843.000 1.957
1846.000 1.959
1849.000 1.953
1852.000 1.951
1855.000 1.949
1858.000 1.946
1861.000 1.944
1864.000 1.942
1867.000 1.936
1870.000 1.936
1873.000 1.930
1876.000 1.929
1879.000 1.922
1882.000 1.938
1885.000 1.933
1888.000 1.926
1891.000 1.921
1894.000 1.921
1897.000 1.916
1900.000 1.917
1903.000 1.914
1906.000 1.911
1909.000 1.966
1912.000 2.132
1915.000 2.098
1918.000 2.052
1921.000 2.034
1924.000 1.989
1927.000 1.955
1930.000 1.954
1933.000 1.924
1936.000 1.918
1939.000 2.085
1942.000 2.005
1945.000 1.983
1948.000 1.947
1951.000 1.926
1954.000 1.908
1957.000 1.890
1960.000 1.869
1963.000 1.853
1966.000 1.846
1969.000 1.903
1972.000 1.908
1975.000 1.895
1978.000 1.874
1981.000 1.866
1984.000 1.835
1987.000 1.823
1990.000 1.811
1993.000 1.797
1996.000 1.795
1999.000 1.788
2002.000 1.773
2005.000 1.794
2008.000 1.777
2011.000 1.769
2014.000 1.767
2017.000 1.767
2020.000 1.751
2023.000 1.855
2026.000 1.870
2029.000 1.858
2032.000 1.829
2035.000 1.814
2038.000 1.795
2041.000 1.781
2044.000 1.753
2047.000 1.744
2050.000 1.728
2053.000 1.786
2056.000 1.785
2059.000 1.774
2062.000 1.757
2065.000 1.746
2068.000 1.871
2071.000 1.850
2074.000 1.804
2077.000 1.789
2080.000 1.762
2083.000 1.736
2086.000 1.724
2089.000 1.763
2092.000 1.772
2095.000 1.750
2098.000 1.723
2101.000 1.710
2104.000 1.761
2107.000 1.750
2110.000 1.721
2113.000 1.705
2116.000 1.692
2119.000 1.668
2122.000 1.679
2125.000 1.677
2128.000 1.706
2131.000 1.680
2134.000 1.683
2137.000 1.665
2140.000 1.639
2143.000 1.610
2146.000 1.598
2149.000 1.577
2152.000 1.569
2155.000 1.553
2158.000 1.600
2161.000 1.590
2164.000 1.559
2167.000 1.548
2170.000 1.527
2173.000 1.512
2176.000 1.498
2179.000 1.504
2182.000 1.554
2185.000 1.583
2188.000 1.685
2191.000 1.644
2194.000 1.586
2197.000 1.558
2200.000 1.508
2203.000 1.478
2206.000 1.463
2209.000 1.432
2212.000 1.427
2215.000 1.416
2218.000 1.505
2221.000 1.519
2224.000 1.486
2227.000 1.469
2230.000 1.426
2233.000 1.425
2236.000 1.407
2239.000 1.370
2242.000 1.351
2245.000 1.342
2248.000 1.322
2251.000 1.311
2254.000 1.294
2257.000 1.285
2260.000 1.269
2263.000 1.254
2266.000 1.246
2269.000 1.231
2272.000 1.223
2275.000 1.217
2278.000 1.210
2281.000 1.203
2284.000 1.190
2287.000 1.196
2290.000 1.347
2293.000 1.283
2296.000 1.264
2299.000 1.230
2302.000 1.212
2305.000 1.191
2308.000 1.178
2311.000 1.169
2314.000 1.170
2317.000 1.229
2320.000 1.203
2323.000 1.172
2326.000 1.180
2329.000 1.161
2332.000 1.188
2335.000 1.193
2338.000 1.270
2341.000 1.245
2344.000 1.206
2347.000 1.241
2350.000 1.227
2353.000 1.183
2356.000 1.171
2359.000 1.168
2362.000 1.184
2365.000 1.202
2368.000 1.167
2371.000 1.188
2374.000 1.167
2377.000 1.155
2380.000 1.121
2383.000 1.126
2386.000 1.093
2389.000 1.126
2392.000 1.112
2395.000 1.102
2398.000 1.127
2401.000 1.113
2404.000 1.071
2407.000 1.055
2410.000 1.032
2413.000 1.085
2416.000 1.049
2419.000 1.046
2422.000 1.111
2425.000 1.109
2428.000 1.104
2431.000 1.073
2434.000 1.155
2437.000 1.200
2440.000 1.116
2443.000 1.093
2446.000 1.032
2449.000 0.993
2452.000 0.984
2455.000 0.970
2458.000 0.963
2461.000 0.959
2464.000 0.964
2467.000 0.960
2470.000 0.947
2473.000 0.945
2476.000 0.935
2479.000 0.927
2482.000 0.923
2485.000 0.916
2488.000 0.914
2491.000 0.904
2494.000 0.900
2497.000 0.900
2500.000 0.888
2503.000 0.885
2506.000 0.884
2509.000 0.880
2512.000 0.882
2515.000 0.877
2518.000 0.879
2521.000 0.873
2524.000 0.871
2527.000 0.871
2530.000 0.866
2533.000 0.865
2536.000 0.861
2539.000 0.860
2542.000 0.862
2545.000 0.974
2548.000 0.946
2551.000 0.905
2554.000 0.942
2557.000 0.996
2560.000 1.111
2563.000 1.079
2566.000 0.998
2569.000 0.936
2572.000 0.914
2575.000 0.886
2578.000 0.882
2581.000 1.079
2584.000 1.172
2587.000 1.113
2590.000 1.023
2593.000 0.991
2596.000 0.929
2599.000 0.895
2602.000 1.012
2605.000 1.053
2608.000 1.011
2611.000 0.944
2614.000 0.900
2617.000 0.934
2620.000 1.215
2623.000 1.410
2626.000 1.247
2629.000 1.114
2632.000 1.066
2635.000 0.997
2638.000 1.014
2641.000 0.954
2644.000 0.905
2647.000 0.885
2650.000 0.859
2653.000 0.855
2656.000 0.841
2659.000 0.833
2662.000 0.831
2665.000 0.827
2668.000 0.824
2671.000 0.822
2674.000 0.829
2677.000 0.900
2680.000 0.885
2683.000 0.866
2686.000 0.845
2689.000 0.839
2692.000 0.835
2695.000 0.826
2698.000 0.844
2701.000 0.834
2704.000 0.822
2707.000 0.825
2710.000 0.821
2713.000 0.821
2716.000 0.908
2719.000 0.952
2722.000 0.936
2725.000 0.899
2728.000 0.890
2731.000 0.878
2734.000 0.868
2737.000 0.860
2740.000 0.861
2743.000 0.865
2746.000 0.867
2749.000 0.856
2752.000 0.897
2755.000 0.877
2758.000 0.870
2761.000 0.862
2764.000 0.859
2767.000 0.850
2770.000 0.959
2773.000 0.929
2776.000 0.899
2779.000 0.876
2782.000 0.869
2785.000 0.930
2788.000 1.027
2791.000 0.980
2794.000 0.940
2797.000 0.919
2800.000 0.900
2803.000 0.885
2806.000 0.878
2809.000 0.876
2812.000 0.904
2815.000 0.912
2818.000 0.892
2821.000 0.870
2824.000 0.862
2827.000 0.841
2830.000 0.833
2833.000 0.838
2836.000 0.827
2839.000 0.829
2842.000 0.908
2845.000 0.913
2848.000 0.908
2851.000 0.893
2854.000 0.886
2857.000 0.876
2860.000 0.865
2863.000 0.862
2866.000 0.856
2869.000 0.852
2872.000 0.848
2875.000 0.867
2878.000 0.854
2881.000 0.842
2884.000 0.844
2887.000 0.867
2890.000 0.934
2893.000 0.940
2896.000 0.929
2899.000 0.914
2902.000 0.891
2905.000 0.890
2908.000 0.913
2911.000 0.940
2914.000 0.937
2917.000 0.922
2920.000 0.903
2923.000 0.946
2926.000 0.939
2929.000 0.928
2932.000 0.990
2935.000 1.031
2938.000 0.997
2941.000 0.961
2944.000 0.944
2947.000 0.924
2950.000 0.953
2953.000 0.949
2956.000 0.976
2959.000 0.995
2962.000 0.971
2965.000 0.949
2968.000 0.950
2971.000 0.955
2974.000 0.984
2977.000 0.971
2980.000 0.949
2983.000 0.948
2986.000 0.950
2989.000 0.947
2992.000 0.942
2995.000 0.952
2998.000 0.942
3001.000 0.956
3004.000 0.958
3007.000 1.017
3010.000 1.304
3013.000 1.286
3016.000 1.209
3019.000 1.169
3022.000 1.121
3025.000 1.088
3028.000 1.075
3031.000 1.063
3034.000 1.076
3037.000 1.087
3040.000 1.057
3043.000 1.068
3046.000 1.060
3049.000 1.068
3052.000 1.056
3055.000 1.052
3058.000 1.055
3061.000 1.058
3064.000 1.058
3067.000 1.132
3070.000 1.127
3073.000 1.123
3076.000 1.178
3079.000 1.210
3082.000 1.181
3085.000 1.159
3088.000 1.124
3091.000 1.159
3094.000 1.143
3097.000 1.124
3100.000 1.123
3103.000 1.124
3106.000 1.131
3109.000 1.142
3112.000 1.161
3115.000 1.152
3118.000 1.170
3121.000 1.187
3124.000 1.187
3127.000 1.190
3130.000 1.191
3133.000 1.197
3136.000 1.223
3139.000 1.212
3142.000 1.231
3145.000 1.249
3148.000 1.251
3151.000 1.269
3154.000 1.274
3157.000 1.373
3160.000 1.368
3163.000 1.334
3166.000 1.326
3169.000 1.324
3172.000 1.351
3175.000 1.352
3178.000 1.401
3181.000 1.425
3184.000 1.423
3187.000 1.427
3190.000 1.425
3193.000 1.434
3196.000 1.444
3199.000 1.503
3202.000 1.550
3205.000 1.565
3208.000 1.538
3211.000 1.572
3214.000 1.598
3217.000 1.590
3220.000 1.580
3223.000 1.588
3226.000 1.604
3229.000 1.605
3232.000 1.624
3235.000 1.652
3238.000 1.714
3241.000 1.743
3244.000 1.756
3247.000 1.749
3250.000 1.743
3253.000 1.772
3256.000 1.783
3259.000 1.802
3262.000 1.871
3265.000 1.905
3268.000 1.929
3271.000 1.933
3274.000 1.945
3277.000 1.964
3280.000 1.974
3283.000 2.006
3286.000 2.035
3289.000 2.183
3292.000 2.155
3295.000 2.175
3298.000 2.182
3301.000 2.195
3304.000 2.293
3307.000 2.495
3310.000 2.491
3313.000 2.453
3316.000 2.431
3319.000 2.403
3322.000 2.510
3325.000 2.545
3328.000 2.573
3331.000 2.586
3334.000 2.647
3337.000 2.703
3340.000 2.763
3343.000 2.883
3346.000 2.873
3349.000 2.888
3352.000 2.943
3355.000 2.973
3358.000 3.065
3361.000 3.163
3364.000 3.311
3367.000 3.351
3370.000 3.380
3373.000 3.527
3376.000 3.589
3379.000 3.684
3382.000 3.774
3385.000 3.829
3388.000 3.997
3391.000 4.024
3394.000 4.118
3397.000 4.242
3400.000 4.311
3403.000 4.455
3406.000 4.584
3409.000 4.649
3412.000 4.798
3415.000 4.878
3418.000 5.181
3421.000 5.534
3424.000 5.636
3427.000 5.847
3430.000 5.994
3433.000 6.220
3436.000 6.336
3439.000 6.581
3442.000 6.854
3445.000 7.070
3448.000 7.540
3451.000 7.710
3454.000 8.115
3457.000 8.524
3460.000 8.798
3463.000 9.238
3466.000 9.455
3469.000 9.946
3472.000 10.467
3475.000 10.726
3478.000 11.399
3481.000 11.668
3484.000 12.218
3487.000 12.886
3490.000 13.144
3493.000 13.569
3496.000 13.744
3499.000 14.147
3502.000 14.242
3505.000 14.225
3508.000 14.098
3511.000 13.963
3514.000 13.669
3517.000 13.226
3520.000 12.983
3523.000 12.448
3526.000 12.180
3529.000 11.601
3532.000 11.101
3535.000 10.905
3538.000 10.347
3541.000 10.089
3544.000 9.698
3547.000 9.229
3550.000 9.062
3553.000 8.612
3556.000 8.418
3559.000 8.044
3562.000 7.705
3565.000 7.553
3568.000 7.265
3571.000 7.139
3574.000 6.893
3577.000 6.649
3580.000 6.539
3583.000 6.361
3586.000 6.249
3589.000 6.039
3592.000 5.864
3595.000 5.780
3598.000 5.628
3601.000 5.549
3604.000 5.413
3607.000 5.340
3610.000 5.217
3613.000 5.091
3616.000 5.029
3619.000 4.913
3622.000 4.858
3625.000 4.754
3628.000 4.662
3631.000 4.618
3634.000 4.530
3637.000 4.485
3640.000 4.404
3643.000 4.329
3646.000 4.294
3649.000 4.218
3652.000 4.189
3655.000 4.125
3658.000 4.066
3661.000 4.039
3664.000 3.997
3667.000 3.969
3670.000 3.921
3673.000 3.896
3676.000 3.876
3679.000 3.829
3682.000 3.801
3685.000 3.799
3688.000 3.832
3691.000 3.857
3694.000 3.796
3697.000 3.764
3700.000 3.741
3703.000 3.698
3706.000 3.664
3709.000 3.627
3712.000 3.656
3715.000 3.609
3718.000 3.600
3721.000 3.585
3724.000 3.532
3727.000 3.510
3730.000 3.539
3733.000 3.473
3736.000 3.443
3739.000 3.414
3742.000 3.425
3745.000 3.456
3748.000 3.401
3751.000 3.379
3754.000 3.349
3757.000 3.335
3760.000 3.375
3763.000 3.424
3766.000 3.434
3769.000 3.383
3772.000 3.364
3775.000 3.341
3778.000 3.365
3781.000 3.401
3784.000 3.385
3787.000 3.373
3790.000 3.358
3793.000 3.326
3796.000 3.325
3799.000 3.316
3802.000 3.320
3805.000 3.357
3808.000 3.347
3811.000 3.354
3814.000 3.358
3817.000 3.363
3820.000 3.455
3823.000 3.526
3826.000 3.509
3829.000 3.495
3832.000 3.504
3835.000 3.507
3838.000 3.527
3841.000 3.565
3844.000 3.594
3847.000 3.599
3850.000 3.617
3853.000 3.630
3856.000 3.651
3859.000 3.704
3862.000 3.720
3865.000 3.762
3868.000 3.805
3871.000 3.828
3874.000 3.880
3877.000 3.924
3880.000 3.976
3883.000 4.031
3886.000 4.060
3889.000 4.132
3892.000 4.176
3895.000 4.343
3898.000 4.421
3901.000 4.454
3904.000 4.537
3907.000 4.589
3910.000 4.710
3913.000 4.874
3916.000 4.940
3919.000 5.044
3922.000 5.092
3925.000 5.180
3928.000 5.295
3931.000 5.366
3934.000 5.527
3937.000 5.599
3940.000 5.759
3943.000 5.930
3946.000 6.019
3949.000 6.191
3952.000 6.298
3955.000 6.475
3958.000 6.650
3961.000 6.740
3964.000 6.938
3967.000 7.011
3970.000 7.178
3973.000 7.275
3976.000 7.393
3979.000 7.523
3982.000 7.592
3985.000 7.650
3988.000 7.655
3991.000 7.554
3994.000 7.401
3997.000 7.298
4000.000 7.137
4003.000 7.007
4006.000 6.757
4009.000 6.512
4012.000 6.396
4015.000 6.032
4018.000 5.879
4021.000 5.612
4024.000 5.320
4027.000 5.177
4030.000 4.831
4033.000 4.738
4036.000 4.501
4039.000 4.221
4042.000 4.096
4045.000 3.852
4048.000 3.745
4051.000 3.630
4054.000 3.381
4057.000 3.282
4060.000 3.157
4063.000 3.070
4066.000 2.914
4069.000 2.773
4072.000 2.707
4075.000 2.584
4078.000 2.522
4081.000 2.413
4084.000 2.300
4087.000 2.252
4090.000 2.140
4093.000 2.100
4096.000 2.008
4099.000 1.927
4102.000 1.905
4105.000 1.820
4108.000 1.802
4111.000 1.737
4114.000 1.665
4117.000 1.635
4120.000 1.575
4123.000 1.540
4126.000 1.478
4129.000 1.411
4132.000 1.380
4135.000 1.328
4138.000 1.294
4141.000 1.242
4144.000 1.194
4147.000 1.170
4150.000 1.126
4153.000 1.111
4156.000 1.073
4159.000 1.038
4162.000 1.028
4165.000 1.009
4168.000 0.985
4171.000 0.955
4174.000 0.920
4177.000 0.905
4180.000 0.872
4183.000 0.859
4186.000 0.828
4189.000 0.798
4192.000 0.783
4195.000 0.780
4198.000 0.765
4201.000 0.734
4204.000 0.705
4207.000 0.712
4210.000 0.704
4213.000 0.689
4216.000 0.661
4219.000 0.630
4222.000 0.617
4225.000 0.594
4228.000 0.582
4231.000 0.565
4234.000 0.568
4237.000 0.562
4240.000 0.543
4243.000 0.530
4246.000 0.511
4249.000 0.503
4252.000 0.496
4255.000 0.479
4258.000 0.475
4261.000 0.470
4264.000 0.452
4267.000 0.442
4270.000 0.428
4273.000 0.424
4276.000 0.415
4279.000 0.405
4282.000 0.398
4285.000 0.382
4288.000 0.376
4291.000 0.363
4294.000 0.350
4297.000 0.344
4300.000 0.334
4303.000 0.329
4306.000 0.323
4309.000 0.314
4312.000 0.311
4315.000 0.299
4318.000 0.302
4321.000 0.292
4324.000 0.289
4327.000 0.281
4330.000 0.274
4333.000 0.273
4336.000 0.267
4339.000 0.264
4342.000 0.262
4345.000 0.260
4348.000 0.253
4351.000 0.249
4354.000 0.243
4357.000 0.239
4360.000 0.234
4363.000 0.233
4366.000 0.238
4369.000 0.247
4372.000 0.241
4375.000 0.235
4378.000 0.231
4381.000 0.224
4384.000 0.222
4387.000 0.212
4390.000 0.216
4393.000 0.217
4396.000 0.213
4399.000 0.212
4402.000 0.205
4405.000 0.203
4408.000 0.201
4411.000 0.200
4414.000 0.198
4417.000 0.195
4420.000 0.193
4423.000 0.194
4426.000 0.192
4429.000 0.190
4432.000 0.187
4435.000 0.184
4438.000 0.184
4441.000 0.181
4444.000 0.182
4447.000 0.180
4450.000 0.177
4453.000 0.177
4456.000 0.175
4459.000 0.175
4462.000 0.173
4465.000 0.170
4468.000 0.171
4471.000 0.169
4474.000 0.166
4477.000 0.167
4480.000 0.164
4483.000 0.165
4486.000 0.164
4489.000 0.163
4492.000 0.161
4495.000 0.165
4498.000 0.168
4501.000 0.163
4504.000 0.162
4507.000 0.160
4510.000 0.157
4513.000 0.157
4516.000 0.156
4519.000 0.155
4522.000 0.154
4525.000 0.154
4528.000 0.153
4531.000 0.153
4534.000 0.153
4537.000 0.150
4540.000 0.150
4543.000 0.150
4546.000 0.148
4549.000 0.151
4552.000 0.153
4555.000 0.153
4558.000 0.151
4561.000 0.148
4564.000 0.149
4567.000 0.147
4570.000 0.147
4573.000 0.147
4576.000 0.144
4579.000 0.145
4582.000 0.144
4585.000 0.143
4588.000 0.143
4591.000 0.143
4594.000 0.144
4597.000 0.143
4600.000 0.145
4603.000 0.144
4606.000 0.143
4609.000 0.144
4612.000 0.143
4615.000 0.143
4618.000 0.140
4621.000 0.143
4624.000 0.143
4627.000 0.142
4630.000 0.142
4633.000 0.143
4636.000 0.142
4639.000 0.143
4642.000 0.144
4645.000 0.141
4648.000 0.142
4651.000 0.144
4654.000 0.144
4657.000 0.145
4660.000 0.145
4663.000 0.145
4666.000 0.147
4669.000 0.148
4672.000 0.149
4675.000 0.150
4678.000 0.152
4681.000 0.154
4684.000 0.157
4687.000 0.159
4690.000 0.158
4693.000 0.160
4696.000 0.163
4699.000 0.162
4702.000 0.166
4705.000 0.167
4708.000 0.171
4711.000 0.172
4714.000 0.173
4717.000 0.176
4720.000 0.178
4723.000 0.181
4726.000 0.184
4729.000 0.186
4732.000 0.191
4735.000 0.193
4738.000 0.195
4741.000 0.198
4744.000 0.200
4747.000 0.205
4750.000 0.205
4753.000 0.212
4756.000 0.215
4759.000 0.214
4762.000 0.217
4765.000 0.221
4768.000 0.225
4771.000 0.245
4774.000 0.250
4777.000 0.248
4780.000 0.247
4783.000 0.249
4786.000 0.245
4789.000 0.243
4792.000 0.243
4795.000 0.244
4798.000 0.242
4801.000 0.242
4804.000 0.240
4807.000 0.237
4810.000 0.239
4813.000 0.250
4816.000 0.249
4819.000 0.271
4822.000 0.301
4825.000 0.291
4828.000 0.301
4831.000 0.279
4834.000 0.275
4837.000 0.264
4840.000 0.256
4843.000 0.252
4846.000 0.245
4849.000 0.242
4852.000 0.240
4855.000 0.238
4858.000 0.232
4861.000 0.229
4864.000 0.229
4867.000 0.223
4870.000 0.221
4873.000 0.220
4876.000 0.220
4879.000 0.218
4882.000 0.218
4885.000 0.216
4888.000 0.216
4891.000 0.214
4894.000 0.211
4897.000 0.209
4900.000 0.207
4903.000 0.205
4906.000 0.203
4909.000 0.203
4912.000 0.199
4915.000 0.194
4918.000 0.195
4921.000 0.189
4924.000 0.187
4927.000 0.183
4930.000 0.181
4933.000 0.177
4936.000 0.180
4939.000 0.177
4942.000 0.171
4945.000 0.173
4948.000 0.168
4951.000 0.163
4954.000 0.166
4957.000 0.160
4960.000 0.154
4963.000 0.149
4966.000 0.155
4969.000 0.148
4972.000 0.139
4975.000 0.138
4978.000 0.136
4981.000 0.142
4984.000 0.136
4987.000 0.136
4990.000 0.124
4993.000 0.119
4996.000 0.121
4999.000 0.110
5002.000 0.112
5005.000 0.114
5008.000 0.111
5011.000 0.099
5014.000 0.095
5017.000 0.097
5020.000 0.086
5023.000 0.082
5026.000 0.081
5029.000 0.080
5032.000 0.081
5035.000 0.076
5038.000 0.072
5041.000 0.070
5044.000 0.074
5047.000 0.066
5050.000 0.068
5053.000 0.065
5056.000 0.069
5059.000 0.064
5062.000 0.069
5065.000 0.064
5068.000 0.069
5071.000 0.071
5074.000 0.073
5077.000 0.076
5080.000 0.081
5083.000 0.081
5086.000 0.085
5089.000 0.098
5092.000 0.113
5095.000 0.116
5098.000 0.125
5101.000 0.127
5104.000 0.134
5107.000 0.135
5110.000 0.138
5113.000 0.144
5116.000 0.145
5119.000 0.149
5122.000 0.154
5125.000 0.161
5128.000 0.164
5131.000 0.169
5134.000 0.173
5137.000 0.178
5140.000 0.180
5143.000 0.187
5146.000 0.193
5149.000 0.199
5152.000 0.206
5155.000 0.209
5158.000 0.217
5161.000 0.219
5164.000 0.236
5167.000 0.245
5170.000 0.249
5173.000 0.254
5176.000 0.259
5179.000 0.261
5182.000 0.284
5185.000 0.284
5188.000 0.285
5191.000 0.284
5194.000 0.286
5197.000 0.288
5200.000 0.296
5203.000 0.299
5206.000 0.303
5209.000 0.305
5212.000 0.305
5215.000 0.315
5218.000 0.374
5221.000 0.374
5224.000 0.368
5227.000 0.370
5230.000 0.361
5233.000 0.357
5236.000 0.353
5239.000 0.349
5242.000 0.348
5245.000 0.347
5248.000 0.347
5251.000 0.349
5254.000 0.346
5257.000 0.349
5260.000 0.349
5263.000 0.360
5266.000 0.362
5269.000 0.362
5272.000 0.357
5275.000 0.360
5278.000 0.385
5281.000 0.392
5284.000 0.383
5287.000 0.382
5290.000 0.375
5293.000 0.374
5296.000 0.375
5299.000 0.378
5302.000 0.385
5305.000 0.385
5308.000 0.408
5311.000 0.434
5314.000 0.423
5317.000 0.416
5320.000 0.406
5323.000 0.397
5326.000 0.398
5329.000 0.401
5332.000 0.396
5335.000 0.416
5338.000 0.423
5341.000 0.427
5344.000 0.416
5347.000 0.413
5350.000 0.409
5353.000 0.400
5356.000 0.403
5359.000 0.400
5362.000 0.403
5365.000 0.406
5368.000 0.463
5371.000 0.461
5374.000 0.454
5377.000 0.441
5380.000 0.435
5383.000 0.427
5386.000 0.423
5389.000 0.415
5392.000 0.414
5395.000 0.413
5398.000 0.411
5401.000 0.409
5404.000 0.404
5407.000 0.409
5410.000 0.407
5413.000 0.410
5416.000 0.409
5419.000 0.410
5422.000 0.412
5425.000 0.414
5428.000 0.408
5431.000 0.411
5434.000 0.412
5437.000 0.418
5440.000 0.414
5443.000 0.418
5446.000 0.415
5449.000 0.417
5452.000 0.418
5455.000 0.417
5458.000 0.419
5461.000 0.481
5464.000 0.470
5467.000 0.461
5470.000 0.447
5473.000 0.470
5476.000 0.459
5479.000 0.443
5482.000 0.439
5485.000 0.432
5488.000 0.430
5491.000 0.426
5494.000 0.430
5497.000 0.432
5500.000 0.430
5503.000 0.426
5506.000 0.422
5509.000 0.424
5512.000 0.428
5515.000 0.451
5518.000 0.501
5521.000 0.503
5524.000 0.502
5527.000 0.492
5530.000 0.470
5533.000 0.454
5536.000 0.463
5539.000 0.439
5542.000 0.435
5545.000 0.437
5548.000 0.428
5551.000 0.431
5554.000 0.428
5557.000 0.451
5560.000 0.441
5563.000 0.433
5566.000 0.431
5569.000 0.429
5572.000 0.429
5575.000 0.644
5578.000 0.608
5581.000 0.544
5584.000 0.501
5587.000 0.483
5590.000 0.457
5593.000 0.452
5596.000 0.442
5599.000 0.446
5602.000 0.442
5605.000 0.438
5608.000 0.435
5611.000 0.443
5614.000 0.476
5617.000 0.487
5620.000 0.456
5623.000 0.448
5626.000 0.439
5629.000 0.444
5632.000 0.441
5635.000 0.439
5638.000 0.439
5641.000 0.436
5644.000 0.460
5647.000 0.463
5650.000 0.464
5653.000 0.463
5656.000 0.453
5659.000 0.455
5662.000 0.450
5665.000 0.491
5668.000 0.477
5671.000 0.462
5674.000 0.453
5677.000 0.455
5680.000 0.448
5683.000 0.457
5686.000 0.450
5689.000 0.448
5692.000 0.445
5695.000 0.444
5698.000 0.442
5701.000 0.441
5704.000 0.439
5707.000 0.440
5710.000 0.440
5713.000 0.444
5716.000 0.469
5719.000 0.455
5722.000 0.459
5725.000 0.470
5728.000 0.463
5731.000 0.461
5734.000 0.494
5737.000 0.533
5740.000 0.493
5743.000 0.482
5746.000 0.470
5749.000 0.465
5752.000 0.478
5755.000 0.503
5758.000 0.515
5761.000 0.510
5764.000 0.522
5767.000 0.533
5770.000 0.496
5773.000 0.487
5776.000 0.474
5779.000 0.464
5782.000 0.463
5785.000 0.465
5788.000 0.463
5791.000 0.459
5794.000 0.455
5797.000 0.452
5800.000 0.454
5803.000 0.456
5806.000 0.456
5809.000 0.541
5812.000 0.588
5815.000 0.535
5818.000 0.514
5821.000 0.487
5824.000 0.560
5827.000 0.555
5830.000 0.515
5833.000 0.501
5836.000 0.489
5839.000 0.486
5842.000 0.523
5845.000 0.678
5848.000 0.634
5851.000 0.578
5854.000 0.545
5857.000 0.525
5860.000 0.571
5863.000 0.556
5866.000 0.555
5869.000 0.541
5872.000 0.529
5875.000 0.513
5878.000 0.507
5881.000 0.499
5884.000 0.494
5887.000 0.491
5890.000 0.511
5893.000 0.515
5896.000 0.538
5899.000 0.524
5902.000 0.515
5905.000 0.512
5908.000 0.507
5911.000 0.566
5914.000 0.527
5917.000 0.556
5920.000 0.536
5923.000 0.528
5926.000 0.525
5929.000 0.523
5932.000 0.535
5935.000 0.681
5938.000 0.672
5941.000 0.615
5944.000 0.591
5947.000 0.549
5950.000 0.528
5953.000 0.511
5956.000 0.508
5959.000 0.570
5962.000 0.563
5965.000 0.538
5968.000 0.537
5971.000 0.546
5974.000 0.542
5977.000 0.521
5980.000 0.525
5983.000 0.542
5986.000 0.549
5989.000 0.563
5992.000 0.555
5995.000 0.564
5998.000 0.577
6001.000 0.626
6004.000 0.604
6007.000 0.567
6010.000 0.540
6013.000 0.536
6016.000 0.713
6019.000 0.731
6022.000 0.657
6025.000 0.597
6028.000 0.587
6031.000 0.582
6034.000 0.574
6037.000 0.577
6040.000 0.566
6043.000 0.558
6046.000 0.539
6049.000 0.537
6052.000 0.691
6055.000 0.676
6058.000 0.654
6061.000 0.597
6064.000 0.584
6067.000 0.560
6070.000 0.749
6073.000 0.704
6076.000 0.635
6079.000 0.610
6082.000 0.574
6085.000 0.551
6088.000 0.542
6091.000 0.539
6094.000 0.538
6097.000 0.530
6100.000 0.530
6103.000 0.529
6106.000 0.632
6109.000 0.611
6112.000 0.571
6115.000 0.559
6118.000 0.552
6121.000 0.683
6124.000 0.650
6127.000 0.609
6130.000 0.578
6133.000 0.567
6136.000 0.556
6139.000 0.553
6142.000 0.551
6145.000 0.547
6148.000 0.549
6151.000 0.552
6154.000 0.556
6157.000 0.555
6160.000 0.557
6163.000 0.553
6166.000 0.554
6169.000 0.585
6172.000 0.753
6175.000 0.682
6178.000 0.670
6181.000 0.641
6184.000 0.629
6187.000 0.750
6190.000 0.686
6193.000 0.662
6196.000 0.634
6199.000 0.691
6202.000 0.646
6205.000 0.617
6208.000 0.608
6211.000 0.604
6214.000 0.598
6217.000 0.597
6220.000 0.596
6223.000 0.593
6226.000 0.595
6229.000 0.594
6232.000 0.594
6235.000 0.598
6238.000 0.600
6241.000 0.598
6244.000 0.600
6247.000 0.608
6250.000 0.722
6253.000 0.742
6256.000 0.716
6259.000 0.691
6262.000 0.653
6265.000 0.639
6268.000 0.637
6271.000 0.838
6274.000 0.799
6277.000 0.733
6280.000 0.690
6283.000 0.670
6286.000 0.663
6289.000 0.655
6292.000 0.651
6295.000 0.655
6298.000 0.700
6301.000 0.719
6304.000 0.723
6307.000 0.697
6310.000 0.713
6313.000 0.739
6316.000 0.751
6319.000 0.731
6322.000 0.703
6325.000 0.694
6328.000 0.692
6331.000 0.688
6334.000 0.769
6337.000 0.825
6340.000 0.794
6343.000 0.751
6346.000 0.724
6349.000 0.719
6352.000 0.721
6355.000 0.722
6358.000 0.721
6361.000 0.716
6364.000 0.718
6367.000 0.722
6370.000 0.721
6373.000 0.729
6376.000 0.724
6379.000 0.730
6382.000 0.739
6385.000 0.754
6388.000 0.748
6391.000 0.747
6394.000 0.752
6397.000 0.757
6400.000 0.757
6403.000 0.766
6406.000 0.775
6409.000 0.789
6412.000 0.794
6415.000 0.812
6418.000 0.821
6421.000 0.817
6424.000 0.821
6427.000 0.822
6430.000 0.821
6433.000 0.824
6436.000 0.848
6439.000 0.851
6442.000 0.850
6445.000 0.850
6448.000 0.856
6451.000 0.862
6454.000 0.865
6457.000 0.879
6460.000 0.882
6463.000 0.888
6466.000 0.893
6469.000 0.901
6472.000 0.918
6475.000 0.918
6478.000 1.005
6481.000 0.967
6484.000 0.970
6487.000 0.974
6490.000 0.979
6493.000 0.983
6496.000 0.995
6499.000 0.992
6502.000 1.003
6505.000 1.006
6508.000 1.043
6511.000 1.049
6514.000 1.053
6517.000 1.058
6520.000 1.065
6523.000 1.075
6526.000 1.127
6529.000 1.121
6532.000 1.118
6535.000 1.120
6538.000 1.137
6541.000 1.183
6544.000 1.171
6547.000 1.180
6550.000 1.184
6553.000 1.202
6556.000 1.229
6559.000 1.228
6562.000 1.248
6565.000 1.278
6568.000 1.335
6571.000 1.342
6574.000 1.346
6577.000 1.361
6580.000 1.361
6583.000 1.452
6586.000 1.480
6589.000 1.488
6592.000 1.491
6595.000 1.486
6598.000 1.571
6601.000 1.579
6604.000 1.615
6607.000 1.679
6610.000 1.671
6613.000 1.671
6616.000 1.688
6619.000 1.699
6622.000 1.718
6625.000 1.727
6628.000 1.756
6631.000 1.784
6634.000 1.800
6637.000 1.843
6640.000 1.887
6643.000 1.922
6646.000 1.940
6649.000 1.976
6652.000 2.035
6655.000 2.057
6658.000 2.120
6661.000 2.321
6664.000 2.277
6667.000 2.283
6670.000 2.297
6673.000 2.341
6676.000 2.368
6679.000 2.427
6682.000 2.486
6685.000 2.520
6688.000 2.588
6691.000 2.621
6694.000 2.702
6697.000 2.784
6700.000 2.822
6703.000 2.908
6706.000 2.946
6709.000 3.036
6712.000 3.134
6715.000 3.185
6718.000 3.399
6721.000 3.464
6724.000 3.526
6727.000 3.622
6730.000 3.790
6733.000 3.867
6736.000 3.918
6739.000 4.019
6742.000 4.118
6745.000 4.166
6748.000 4.307
6751.000 4.372
6754.000 4.507
6757.000 4.644
6760.000 4.719
6763.000 4.958
6766.000 4.932
6769.000 4.973
6772.000 5.131
6775.000 5.177
6778.000 5.282
6781.000 5.340
6784.000 5.463
6787.000 5.560
6790.000 5.615
6793.000 5.759
6796.000 5.807
6799.000 5.823
6802.000 5.832
6805.000 5.858
6808.000 5.884
6811.000 5.866
6814.000 5.884
6817.000 5.835
6820.000 5.840
6823.000 5.780
6826.000 5.750
6829.000 5.684
6832.000 5.653
6835.000 5.605
6838.000 5.495
6841.000 5.442
6844.000 5.367
6847.000 5.335
6850.000 5.292
6853.000 5.193
6856.000 5.164
6859.000 5.090
6862.000 4.995
6865.000 4.936
6868.000 4.864
6871.000 4.836
6874.000 4.795
6877.000 4.716
6880.000 4.667
6883.000 4.597
6886.000 4.566
6889.000 4.507
6892.000 4.432
6895.000 4.410
6898.000 4.364
6901.000 4.346
6904.000 4.315
6907.000 4.269
6910.000 4.231
6913.000 4.191
6916.000 4.168
6919.000 4.126
6922.000 4.086
6925.000 4.072
6928.000 4.047
6931.000 4.028
6934.000 4.014
6937.000 3.996
6940.000 3.986
6943.000 3.964
6946.000 3.952
6949.000 3.940
6952.000 3.933
6955.000 3.927
6958.000 3.903
6961.000 3.909
6964.000 3.892
6967.000 3.886
6970.000 3.880
6973.000 3.881
6976.000 3.871
6979.000 3.870
6982.000 3.871
6985.000 3.859
6988.000 3.887
6991.000 3.872
6994.000 3.865
6997.000 3.874
7000.000 3.863
7003.000 3.847
7006.000 3.843
7009.000 3.847
7012.000 3.853
7015.000 3.868
7018.000 3.862
7021.000 3.871
7024.000 3.861
7027.000 3.863
7030.000 3.881
7033.000 3.866
7036.000 3.861
7039.000 3.870
7042.000 3.874
7045.000 3.886
7048.000 3.879
7051.000 3.879
7054.000 3.856
7057.000 3.855
7060.000 3.830
7063.000 3.816
7066.000 3.813
7069.000 4.055
7072.000 4.092
7075.000 4.069
7078.000 3.989
7081.000 3.950
7084.000 3.882
7087.000 3.844
7090.000 3.765
7093.000 3.684
7096.000 3.646
7099.000 3.584
7102.000 3.558
7105.000 3.503
7108.000 3.462
7111.000 3.440
7114.000 3.391
7117.000 3.366
7120.000 3.416
7123.000 3.367
7126.000 3.299
7129.000 3.217
7132.000 3.168
7135.000 3.097
7138.000 3.038
7141.000 2.992
7144.000 2.901
7147.000 2.865
7150.000 2.804
7153.000 2.731
7156.000 2.699
7159.000 2.813
7162.000 2.776
7165.000 2.701
7168.000 2.590
7171.000 2.526
7174.000 2.420
7177.000 2.381
7180.000 2.347
7183.000 2.405
7186.000 2.296
7189.000 2.209
7192.000 2.166
7195.000 2.098
7198.000 2.064
7201.000 1.995
7204.000 1.964
7207.000 1.944
7210.000 1.872
7213.000 1.840
7216.000 1.781
7219.000 1.726
7222.000 1.697
7225.000 1.659
7228.000 1.636
7231.000 1.721
7234.000 1.669
7237.000 1.631
7240.000 1.568
7243.000 1.545
7246.000 1.501
7249.000 1.456
7252.000 1.436
7255.000 1.399
7258.000 1.360
7261.000 1.344
7264.000 1.307
7267.000 1.295
7270.000 1.264
7273.000 1.235
7276.000 1.220
7279.000 1.193
7282.000 1.179
7285.000 1.157
7288.000 1.231
7291.000 1.207
7294.000 1.184
7297.000 1.165
7300.000 1.162
7303.000 1.122
7306.000 1.102
7309.000 1.071
7312.000 1.060
7315.000 1.089
7318.000 1.049
7321.000 1.032
7324.000 1.002
7327.000 0.986
7330.000 0.963
7333.000 0.944
7336.000 0.941
7339.000 0.926
7342.000 0.915
7345.000 0.907
7348.000 0.901
7351.000 0.907
7354.000 0.905
7357.000 0.886
7360.000 0.933
7363.000 0.938
7366.000 0.956
7369.000 0.922
7372.000 0.891
7375.000 0.854
7378.000 0.834
7381.000 0.803
7384.000 0.790
7387.000 0.790
7390.000 0.779
7393.000 0.764
7396.000 0.753
7399.000 0.738
7402.000 0.736
7405.000 0.736
7408.000 0.730
7411.000 0.722
7414.000 0.714
7417.000 0.709
7420.000 0.702
7423.000 0.694
7426.000 0.685
7429.000 0.678
7432.000 0.670
7435.000 0.684
7438.000 0.681
7441.000 0.673
7444.000 0.662
7447.000 0.658
7450.000 0.651
7453.000 0.647
7456.000 0.644
7459.000 0.655
7462.000 0.687
7465.000 0.679
7468.000 0.669
7471.000 0.658
7474.000 0.643
7477.000 0.640
7480.000 0.633
7483.000 0.626
7486.000 0.620
7489.000 0.613
7492.000 0.607
7495.000 0.602
7498.000 0.601
7501.000 0.600
7504.000 0.598
7507.000 0.592
7510.000 0.595
7513.000 0.588
7516.000 0.606
7519.000 0.598
7522.000 0.593
7525.000 0.591
7528.000 0.588
7531.000 0.581
7534.000 0.578
7537.000 0.572
7540.000 0.567
7543.000 0.566
7546.000 0.558
7549.000 0.559
7552.000 0.556
7555.000 0.551
7558.000 0.547
7561.000 0.547
7564.000 0.545
7567.000 0.547
7570.000 0.551
7573.000 0.549
7576.000 0.547
7579.000 0.543
7582.000 0.543
7585.000 0.539
7588.000 0.536
7591.000 0.590
7594.000 0.588
7597.000 0.591
7600.000 0.604
7603.000 0.588
7606.000 0.566
7609.000 0.581
7612.000 0.567
7615.000 0.558
7618.000 0.565
7621.000 0.585
7624.000 0.567
7627.000 0.551
7630.000 0.569
7633.000 0.562
7636.000 0.550
7639.000 0.547
7642.000 0.536
7645.000 0.533
7648.000 0.531
7651.000 0.540
7654.000 0.528
7657.000 0.528
7660.000 0.517
7663.000 0.518
7666.000 0.516
7669.000 0.516
7672.000 0.512
7675.000 0.517
7678.000 0.521
7681.000 0.590
7684.000 0.575
7687.000 0.549
7690.000 0.526
7693.000 0.519
7696.000 0.511
7699.000 0.511
7702.000 0.550
7705.000 0.529
7708.000 0.519
7711.000 0.506
7714.000 0.509
7717.000 0.522
7720.000 0.535
7723.000 0.523
7726.000 0.514
7729.000 0.482
7732.000 0.501
7735.000 0.507
7738.000 0.502
7741.000 0.499
7744.000 0.494
7747.000 0.491
7750.000 0.493
7753.000 0.537
7756.000 0.529
7759.000 0.517
7762.000 0.521
7765.000 0.532
7768.000 0.525
7771.000 0.509
7774.000 0.513
7777.000 0.504
7780.000 0.500
7783.000 0.497
7786.000 0.491
7789.000 0.492
7792.000 0.490
7795.000 0.507
7798.000 0.504
7801.000 0.502
7804.000 0.495
7807.000 0.489
7810.000 0.488
7813.000 0.489
7816.000 0.486
7819.000 0.484
7822.000 0.493
7825.000 0.491
7828.000 0.490
7831.000 0.490
7834.000 0.485
7837.000 0.485
7840.000 0.480
7843.000 0.478
7846.000 0.478
7849.000 0.481
7852.000 0.476
7855.000 0.479
7858.000 0.477
7861.000 0.481
7864.000 0.477
7867.000 0.490
7870.000 0.491
7873.000 0.488
7876.000 0.483
7879.000 0.485
7882.000 0.496
7885.000 0.491
7888.000 0.490
7891.000 0.498
7894.000 0.505
7897.000 0.511
7900.000 0.502
7903.000 0.492
7906.000 0.485
7909.000 0.484
7912.000 0.481
7915.000 0.474
7918.000 0.501
7921.000 0.490
7924.000 0.492
7927.000 0.481
7930.000 0.487
7933.000 0.479
7936.000 0.476
7939.000 0.475
7942.000 0.504
7945.000 0.510
7948.000 0.507
7951.000 0.484
7954.000 0.481
7957.000 0.480
7960.000 0.481
7963.000 0.475
7966.000 0.477
7969.000 0.465
7972.000 0.466
7975.000 0.503
7978.000 0.488
7981.000 0.480
7984.000 0.479
7987.000 0.470
7990.000 0.472
7993.000 0.474
7996.000 0.465
7999.000 0.471
8002.000 0.468
8005.000 0.459
8008.000 0.512
8011.000 0.507
8014.000 0.496
8017.000 0.482
8020.000 0.490
8023.000 0.489
8026.000 0.482
8029.000 0.475
8032.000 0.469
8035.000 0.475
8038.000 0.474
8041.000 0.470
8044.000 0.467
8047.000 0.492
8050.000 0.506
8053.000 0.492
8056.000 0.484
8059.000 0.479
8062.000 0.472
8065.000 0.471
8068.000 0.468
8071.000 0.474
8074.000 0.474
8077.000 0.471
8080.000 0.471
8083.000 0.476
8086.000 0.468
8089.000 0.463
8092.000 0.467
8095.000 0.459
8098.000 0.463
8101.000 0.459
8104.000 0.460
8107.000 0.456
8110.000 0.457
8113.000 0.453
8116.000 0.456
8119.000 0.456
8122.000 0.459
8125.000 0.456
8128.000 0.473
8131.000 0.466
8134.000 0.464
8137.000 0.462
8140.000 0.470
8143.000 0.467
8146.000 0.463
8149.000 0.459
8152.000 0.463
8155.000 0.467
8158.000 0.463
8161.000 0.471
8164.000 0.482
8167.000 0.475
8170.000 0.471
8173.000 0.468
8176.000 0.464
8179.000 0.461
8182.000 0.459
8185.000 0.464
8188.000 0.485
8191.000 0.481
8194.000 0.477
8197.000 0.468
8200.000 0.463
8203.000 0.491
8206.000 0.508
8209.000 0.500
8212.000 0.488
8215.000 0.487
8218.000 0.480
8221.000 0.472
8224.000 0.470
8227.000 0.473
8230.000 0.469
8233.000 0.473
8236.000 0.480
8239.000 0.474
8242.000 0.513
8245.000 0.506
8248.000 0.489
8251.000 0.479
8254.000 0.469
8257.000 0.483
8260.000 0.494
8263.000 0.481
8266.000 0.473
8269.000 0.467
8272.000 0.459
8275.000 0.461
8278.000 0.462
8281.000 0.460
8284.000 0.456
8287.000 0.460
8290.000 0.458
8293.000 0.456
8296.000 0.460
8299.000 0.468
8302.000 0.456
8305.000 0.456
8308.000 0.461
8311.000 0.461
8314.000 0.460
8317.000 0.471
8320.000 0.478
8323.000 0.469
8326.000 0.465
8329.000 0.461
8332.000 0.461
8335.000 0.460
8338.000 0.458
8341.000 0.458
8344.000 0.458
8347.000 0.458
8350.000 0.456
8353.000 0.485
8356.000 0.488
8359.000 0.488
8362.000 0.476
8365.000 0.470
8368.000 0.474
8371.000 0.473
8374.000 0.464
8377.000 0.478
8380.000 0.479
8383.000 0.477
8386.000 0.471
8389.000 0.476
8392.000 0.470
8395.000 0.476
8398.000 0.475
8401.000 0.482
8404.000 0.470
8407.000 0.465
8410.000 0.464
8413.000 0.460
8416.000 0.461
8419.000 0.459
8422.000 0.461
8425.000 0.461
8428.000 0.459
8431.000 0.459
8434.000 0.458
8437.000 0.457
8440.000 0.461
8443.000 0.460
8446.000 0.459
8449.000 0.468
8452.000 0.468
8455.000 0.465
8458.000 0.462
8461.000 0.462
8464.000 0.462
8467.000 0.460
8470.000 0.461
8473.000 0.476
8476.000 0.475
8479.000 0.471
8482.000 0.466
8485.000 0.465
8488.000 0.467
8491.000 0.463
8494.000 0.461
8497.000 0.463
8500.000 0.464
8503.000 0.466
8506.000 0.483
8509.000 0.479
8512.000 0.474
8515.000 0.470
8518.000 0.479
8521.000 0.481
8524.000 0.472
8527.000 0.480
8530.000 0.481
8533.000 0.476
8536.000 0.472
8539.000 0.470
8542.000 0.469
8545.000 0.467
8548.000 0.470
8551.000 0.467
8554.000 0.464
8557.000 0.474
8560.000 0.475
8563.000 0.475
8566.000 0.472
8569.000 0.473
8572.000 0.490
8575.000 0.487
8578.000 0.477
8581.000 0.480
8584.000 0.477
8587.000 0.474
8590.000 0.470
8593.000 0.472
8596.000 0.472
8599.000 0.467
8602.000 0.469
8605.000 0.475
8608.000 0.461
8611.000 0.466
8614.000 0.457
8617.000 0.461
8620.000 0.460
8623.000 0.462
8626.000 0.462
8629.000 0.462
8632.000 0.461
8635.000 0.477
8638.000 0.482
8641.000 0.479
8644.000 0.480
8647.000 0.477
8650.000 0.475
8653.000 0.478
8656.000 0.484
8659.000 0.474
8662.000 0.473
8665.000 0.473
8668.000 0.472
8671.000 0.473
8674.000 0.472
8677.000 0.471
8680.000 0.468
8683.000 0.470
8686.000 0.470
8689.000 0.474
8692.000 0.473
8695.000 0.475
8698.000 0.507
8701.000 0.516
8704.000 0.499
8707.000 0.536
8710.000 0.529
8713.000 0.512
8716.000 0.505
8719.000 0.505
8722.000 0.505
8725.000 0.491
8728.000 0.484
8731.000 0.491
8734.000 0.501
8737.000 0.489
8740.000 0.481
8743.000 0.476
8746.000 0.472
8749.000 0.471
8752.000 0.468
8755.000 0.467
8758.000 0.465
8761.000 0.466
8764.000 0.464
8767.000 0.464
8770.000 0.466
8773.000 0.491
8776.000 0.488
8779.000 0.488
8782.000 0.484
8785.000 0.487
8788.000 0.483
8791.000 0.482
8794.000 0.480
8797.000 0.486
8800.000 0.486
8803.000 0.484
8806.000 0.481
8809.000 0.480
8812.000 0.479
8815.000 0.483
8818.000 0.482
8821.000 0.504
8824.000 0.518
8827.000 0.512
8830.000 0.474
8833.000 0.499
8836.000 0.475
8839.000 0.489
8842.000 0.484
8845.000 0.477
8848.000 0.471
8851.000 0.472
8854.000 0.474
8857.000 0.472
8860.000 0.477
8863.000 0.475
8866.000 0.472
8869.000 0.473
8872.000 0.486
8875.000 0.492
8878.000 0.487
8881.000 0.483
8884.000 0.484
8887.000 0.487
8890.000 0.485
8893.000 0.481
8896.000 0.481
8899.000 0.480
8902.000 0.478
8905.000 0.474
8908.000 0.474
8911.000 0.470
8914.000 0.473
8917.000 0.481
8920.000 0.485
8923.000 0.479
8926.000 0.480
8929.000 0.488
8932.000 0.508
8935.000 0.502
8938.000 0.508
8941.000 0.503
8944.000 0.493
8947.000 0.490
8950.000 0.496
8953.000 0.487
8956.000 0.486
8959.000 0.492
8962.000 0.487
8965.000 0.487
8968.000 0.490
8971.000 0.508
8974.000 0.522
8977.000 0.510
8980.000 0.495
8983.000 0.496
8986.000 0.482
8989.000 0.482
8992.000 0.484
8995.000 0.490
8998.000 0.484
9001.000 0.489
9004.000 0.488
9007.000 0.487
9010.000 0.486
9013.000 0.481
9016.000 0.486
9019.000 0.485
9022.000 0.493
9025.000 0.508
9028.000 0.507
9031.000 0.498
9034.000 0.492
9037.000 0.485
9040.000 0.477
9043.000 0.485
9046.000 0.487
9049.000 0.494
9052.000 0.493
9055.000 0.486
9058.000 0.482
9061.000 0.484
9064.000 0.484
9067.000 0.480
9070.000 0.489
9073.000 0.492
9076.000 0.486
9079.000 0.488
9082.000 0.477
9085.000 0.497
9088.000 0.492
9091.000 0.495
9094.000 0.496
9097.000 0.490
9100.000 0.492
9103.000 0.487
9106.000 0.495
9109.000 0.508
9112.000 0.508
9115.000 0.501
9118.000 0.500
9121.000 0.498
9124.000 0.494
9127.000 0.492
9130.000 0.491
9133.000 0.491
9136.000 0.490
9139.000 0.491
9142.000 0.494
9145.000 0.493
9148.000 0.492
9151.000 0.491
9154.000 0.490
9157.000 0.484
9160.000 0.488
9163.000 0.490
9166.000 0.489
9169.000 0.484
9172.000 0.489
9175.000 0.493
9178.000 0.496
9181.000 0.493
9184.000 0.495
9187.000 0.496
9190.000 0.496
9193.000 0.493
9196.000 0.493
9199.000 0.500
9202.000 0.498
9205.000 0.501
9208.000 0.497
9211.000 0.495
9214.000 0.498
9217.000 0.497
9220.000 0.495
9223.000 0.495
9226.000 0.497
9229.000 0.502
9232.000 0.500
9235.000 0.499
9238.000 0.496
9241.000 0.499
9244.000 0.501
9247.000 0.499
9250.000 0.497
9253.000 0.500
9256.000 0.517
9259.000 0.522
9262.000 0.522
9265.000 0.509
9268.000 0.505
9271.000 0.510
9274.000 0.527
9277.000 0.521
9280.000 0.510
9283.000 0.515
9286.000 0.512
9289.000 0.514
9292.000 0.517
9295.000 0.512
9298.000 0.517
9301.000 0.515
9304.000 0.513
9307.000 0.508
9310.000 0.508
9313.000 0.506
9316.000 0.508
9319.000 0.505
9322.000 0.505
9325.000 0.508
9328.000 0.506
9331.000 0.503
9334.000 0.504
9337.000 0.509
9340.000 0.514
9343.000 0.511
9346.000 0.512
9349.000 0.509
9352.000 0.512
9355.000 0.509
9358.000 0.510
9361.000 0.510
9364.000 0.510
9367.000 0.532
9370.000 0.526
9373.000 0.527
9376.000 0.531
9379.000 0.535
9382.000 0.534
9385.000 0.534
9388.000 0.529
9391.000 0.531
9394.000 0.528
9397.000 0.517
9400.000 0.535
9403.000 0.531
9406.000 0.525
9409.000 0.522
9412.000 0.522
9415.000 0.523
9418.000 0.523
9421.000 0.528
9424.000 0.530
9427.000 0.525
9430.000 0.524
9433.000 0.524
9436.000 0.523
9439.000 0.521
9442.000 0.520
9445.000 0.518
9448.000 0.519
9451.000 0.520
9454.000 0.520
9457.000 0.525
9460.000 0.522
9463.000 0.519
9466.000 0.524
9469.000 0.522
9472.000 0.521
9475.000 0.523
9478.000 0.526
9481.000 0.547
9484.000 0.552
9487.000 0.561
9490.000 0.566
9493.000 0.553
9496.000 0.544
9499.000 0.539
9502.000 0.537
9505.000 0.534
9508.000 0.530
9511.000 0.537
9514.000 0.542
9517.000 0.542
9520.000 0.547
9523.000 0.551
9526.000 0.548
9529.000 0.544
9532.000 0.544
9535.000 0.542
9538.000 0.546
9541.000 0.547
9544.000 0.549
9547.000 0.555
9550.000 0.564
9553.000 0.562
9556.000 0.559
9559.000 0.559
9562.000 0.559
9565.000 0.557
9568.000 0.554
9571.000 0.559
9574.000 0.562
9577.000 0.562
9580.000 0.560
9583.000 0.564
9586.000 0.581
9589.000 0.581
9592.000 0.582
9595.000 0.580
9598.000 0.574
9601.000 0.579
9604.000 0.576
9607.000 0.573
9610.000 0.572
9613.000 0.572
9616.000 0.575
9619.000 0.587
9622.000 0.587
9625.000 0.591
9628.000 0.596
9631.000 0.589
9634.000 0.588
9637.000 0.589
9640.000 0.584
9643.000 0.588
9646.000 0.593
9649.000 0.600
9652.000 0.608
9655.000 0.605
9658.000 0.597
9661.000 0.598
9664.000 0.605
9667.000 0.611
9670.000 0.610
9673.000 0.679
9676.000 0.651
9679.000 0.642
9682.000 0.625
9685.000 0.616
9688.000 0.609
9691.000 0.607
9694.000 0.605
9697.000 0.605
9700.000 0.609
9703.000 0.620
9706.000 0.743
9709.000 0.721
9712.000 0.688
9715.000 0.674
9718.000 0.745
9721.000 0.703
9724.000 0.701
9727.000 0.675
9730.000 0.687
9733.000 0.818
9736.000 0.783
9739.000 0.756
9742.000 0.720
9745.000 0.710
9748.000 0.681
9751.000 0.666
9754.000 0.658
9757.000 0.662
9760.000 0.658
9763.000 0.658
9766.000 0.664
9769.000 0.662
9772.000 0.661
9775.000 0.663
9778.000 0.664
9781.000 0.662
9784.000 0.664
9787.000 0.671
9790.000 0.670
9793.000 0.673
9796.000 0.681
9799.000 0.683
9802.000 0.685
9805.000 0.686
9808.000 0.693
9811.000 0.698
9814.000 0.757
9817.000 0.730
9820.000 0.723
9823.000 0.717
9826.000 0.711
9829.000 0.712
9832.000 0.715
9835.000 0.716
9838.000 0.716
9841.000 0.737
9844.000 0.734
9847.000 0.740
9850.000 0.738
9853.000 0.740
9856.000 0.740
9859.000 0.751
9862.000 0.758
9865.000 0.752
9868.000 0.769
9871.000 0.772
9874.000 0.778
9877.000 0.781
9880.000 0.781
9883.000 0.985
9886.000 0.982
9889.000 0.984
9892.000 0.933
9895.000 0.913
9898.000 0.882
9901.000 0.870
9904.000 0.853
9907.000 0.840
9910.000 0.840
9913.000 0.844
9916.000 0.845
9919.000 0.853
9922.000 0.864
9925.000 0.866
9928.000 0.871
9931.000 0.881
9934.000 0.888
9937.000 0.896
9940.000 0.903
9943.000 0.906
9946.000 0.917
9949.000 0.932
9952.000 1.171
9955.000 1.142
9958.000 1.097
9961.000 1.079
9964.000 1.073
9967.000 1.085
9970.000 1.073
9973.000 1.056
9976.000 1.047
9979.000 1.054
9982.000 1.083
9985.000 1.105
9988.000 1.121
9991.000 1.118
9994.000 1.128
9997.000 1.133
10000.000 1.171
10003.000 1.182
10006.000 1.185
10009.000 1.200
10012.000 1.245
10015.000 1.258
10018.000 1.265
10021.000 1.278
10024.000 1.304
10027.000 1.332
10030.000 1.352
10033.000 1.354
10036.000 1.388
10039.000 1.426
10042.000 1.470
10045.000 1.492
10048.000 1.523
10051.000 1.543
10054.000 1.585
10057.000 1.625
10060.000 1.649
10063.000 1.701
10066.000 1.732
10069.000 1.791
10072.000 2.028
10075.000 2.027
10078.000 2.039
10081.000 2.046
10084.000 2.076
10087.000 2.158
10090.000 2.188
10093.000 2.351
10096.000 2.373
10099.000 2.474
10102.000 2.573
10105.000 2.627
10108.000 2.720
10111.000 2.774
10114.000 2.951
10117.000 3.086
10120.000 3.156
10123.000 3.313
10126.000 3.397
10129.000 3.522
10132.000 3.711
10135.000 3.835
10138.000 4.052
10141.000 4.165
10144.000 4.405
10147.000 4.703
10150.000 4.820
10153.000 5.038
10156.000 5.137
10159.000 5.344
10162.000 5.470
10165.000 5.530
10168.000 5.589
10171.000 5.671
10174.000 5.642
10177.000 5.546
10180.000 5.493
10183.000 5.283
10186.000 5.266
10189.000 5.045
10192.000 4.799
10195.000 4.676
10198.000 4.430
10201.000 4.317
10204.000 4.089
10207.000 3.988
10210.000 3.796
10213.000 3.626
10216.000 3.541
10219.000 3.385
10222.000 3.323
10225.000 3.190
10228.000 3.086
10231.000 3.019
10234.000 2.947
10237.000 2.897
10240.000 2.791
10243.000 2.710
10246.000 2.688
10249.000 2.596
10252.000 2.549
10255.000 2.514
10258.000 2.469
10261.000 2.431
10264.000 2.371
10267.000 2.342
10270.000 2.295
10273.000 2.251
10276.000 2.232
10279.000 2.198
10282.000 2.215
10285.000 2.199
10288.000 2.177
10291.000 2.175
10294.000 2.144
10297.000 2.134
10300.000 2.118
10303.000 2.117
10306.000 2.099
10309.000 2.087
10312.000 2.086
10315.000 2.097
10318.000 2.094
10321.000 2.109
10324.000 2.120
10327.000 2.128
10330.000 2.140
10333.000 2.165
10336.000 2.196
10339.000 2.227
10342.000 2.251
10345.000 2.291
10348.000 2.321
10351.000 2.347
10354.000 2.381
10357.000 2.398
10360.000 2.447
10363.000 2.487
10366.000 2.519
10369.000 2.585
10372.000 2.620
10375.000 2.694
10378.000 2.783
10381.000 2.818
10384.000 2.904
10387.000 2.959
10390.000 3.074
10393.000 3.191
10396.000 3.242
10399.000 3.366
10402.000 3.431
10405.000 3.560
10408.000 3.696
10411.000 3.782
10414.000 3.991
10417.000 4.069
10420.000 4.190
10423.000 4.248
10426.000 4.289
10429.000 4.313
10432.000 4.327
10435.000 4.332
10438.000 4.313
10441.000 4.276
10444.000 4.232
10447.000 4.171
10450.000 4.028
10453.000 3.861
10456.000 3.779
10459.000 3.602
10462.000 3.516
10465.000 3.342
10468.000 3.168
10471.000 3.105
10474.000 2.927
10477.000 2.845
10480.000 2.723
10483.000 2.583
10486.000 2.522
10489.000 2.396
10492.000 2.353
10495.000 2.277
10498.000 2.174
10501.000 2.108
10504.000 2.036
10507.000 1.990
10510.000 1.904
10513.000 1.886
10516.000 1.880
10519.000 1.789
10522.000 1.741
10525.000 1.668
10528.000 1.634
10531.000 1.609
10534.000 1.573
10537.000 1.546
10540.000 1.505
10543.000 1.480
10546.000 1.463
10549.000 1.444
10552.000 1.431
10555.000 1.401
10558.000 1.376
10561.000 1.364
10564.000 1.331
10567.000 1.319
10570.000 1.289
10573.000 1.275
10576.000 1.248
10579.000 1.218
10582.000 1.207
10585.000 1.181
10588.000 1.170
10591.000 1.142
10594.000 1.231
10597.000 1.347
10600.000 1.247
10603.000 1.209
10606.000 1.144
10609.000 1.086
10612.000 1.066
10615.000 1.027
10618.000 1.011
10621.000 0.981
10624.000 0.963
10627.000 0.954
10630.000 0.954
10633.000 0.961
10636.000 0.938
10639.000 0.925
10642.000 0.923
10645.000 0.911
10648.000 0.903
10651.000 0.885
10654.000 0.871
10657.000 0.862
10660.000 0.852
10663.000 0.845
10666.000 0.834
10669.000 0.817
10672.000 0.820
10675.000 0.813
10678.000 0.806
10681.000 0.793
10684.000 0.780
10687.000 0.776
10690.000 0.767
10693.000 0.765
10696.000 0.754
10699.000 0.781
10702.000 0.761
10705.000 0.741
10708.000 0.835
10711.000 0.791
10714.000 0.761
10717.000 0.792
10720.000 0.783
10723.000 0.768
10726.000 0.749
10729.000 0.738
10732.000 0.728
10735.000 0.710
10738.000 0.704
10741.000 0.692
10744.000 0.687
10747.000 0.678
10750.000 0.675
10753.000 0.672
10756.000 0.667
10759.000 0.659
10762.000 0.656
10765.000 0.649
10768.000 0.644
10771.000 0.637
10774.000 0.633
10777.000 0.631
10780.000 0.630
10783.000 0.628
10786.000 0.625
10789.000 0.622
10792.000 0.619
10795.000 0.616
10798.000 0.613
10801.000 0.609
10804.000 0.608
10807.000 0.608
10810.000 0.603
10813.000 0.600
10816.000 0.594
10819.000 0.597
10822.000 0.593
10825.000 0.591
10828.000 0.589
10831.000 0.587
10834.000 0.584
10837.000 0.582
10840.000 0.579
10843.000 0.619
10846.000 0.715
10849.000 0.669
10852.000 0.653
10855.000 0.623
10858.000 0.615
10861.000 0.596
10864.000 0.581
10867.000 0.573
10870.000 0.608
10873.000 0.739
10876.000 0.699
10879.000 0.652
10882.000 0.629
10885.000 0.605
10888.000 0.591
10891.000 0.572
10894.000 0.554
10897.000 0.577
10900.000 0.581
10903.000 0.579
10906.000 0.564
10909.000 0.553
10912.000 0.548
10915.000 0.536
10918.000 0.531
10921.000 0.521
10924.000 0.519
10927.000 0.514
10930.000 0.507
10933.000 0.506
10936.000 0.501
10939.000 0.500
10942.000 0.499
10945.000 0.499
10948.000 0.500
10951.000 0.499
10954.000 0.500
10957.000 0.510
10960.000 0.504
10963.000 0.499
10966.000 0.497
10969.000 0.492
10972.000 0.494
10975.000 0.494
10978.000 0.489
10981.000 0.486
10984.000 0.488
10987.000 0.483
10990.000 0.487
10993.000 0.501
10996.000 0.493
10999.000 0.494
11002.000 0.485
11005.000 0.484
11008.000 0.485
11011.000 0.483
11014.000 0.484
11017.000 0.482
11020.000 0.485
11023.000 0.482
11026.000 0.486
11029.000 0.493
11032.000 0.497
11035.000 0.482
11038.000 0.495
11041.000 0.499
11044.000 0.499
11047.000 0.484
11050.000 0.497
11053.000 0.486
11056.000 0.485
11059.000 0.484
11062.000 0.487
11065.000 0.484
11068.000 0.484
11071.000 0.479
11074.000 0.479
11077.000 0.478
11080.000 0.646
11083.000 0.663
11086.000 0.603
11089.000 0.576
11092.000 0.543
11095.000 0.522
11098.000 0.513
11101.000 0.503
11104.000 0.493
11107.000 0.483
11110.000 0.481
11113.000 0.472
11116.000 0.473
11119.000 0.469
11122.000 0.461
11125.000 0.523
11128.000 0.512
11131.000 0.495
11134.000 0.490
11137.000 0.487
11140.000 0.482
11143.000 0.478
11146.000 0.471
11149.000 0.466
11152.000 0.462
11155.000 0.456
11158.000 0.460
11161.000 0.461
11164.000 0.456
11167.000 0.459
11170.000 0.455
11173.000 0.453
11176.000 0.456
11179.000 0.460
11182.000 0.553
11185.000 0.515
11188.000 0.502
11191.000 0.483
11194.000 0.477
11197.000 0.468
11200.000 0.459
11203.000 0.461
11206.000 0.455
11209.000 0.453
11212.000 0.450
11215.000 0.457
11218.000 0.458
11221.000 0.456
11224.000 0.453
11227.000 0.450
11230.000 0.447
11233.000 0.445
11236.000 0.444
11239.000 0.442
11242.000 0.442
11245.000 0.445
11248.000 0.446
11251.000 0.453
11254.000 0.451
11257.000 0.452
11260.000 0.448
11263.000 0.446
11266.000 0.445
11269.000 0.445
11272.000 0.450
11275.000 0.454
11278.000 0.455
11281.000 0.452
11284.000 0.451
11287.000 0.452
11290.000 0.449
11293.000 0.450
11296.000 0.452
11299.000 0.451
11302.000 0.454
11305.000 0.450
11308.000 0.449
11311.000 0.451
11314.000 0.452
11317.000 0.451
11320.000 0.449
11323.000 0.448
11326.000 0.497
11329.000 0.488
11332.000 0.472
11335.000 0.468
11338.000 0.459
11341.000 0.453
11344.000 0.451
11347.000 0.448
11350.000 0.444
11353.000 0.443
11356.000 0.444
11359.000 0.443
11362.000 0.442
11365.000 0.440
11368.000 0.453
11371.000 0.452
11374.000 0.450
11377.000 0.450
11380.000 0.442
11383.000 0.451
11386.000 0.443
11389.000 0.450
11392.000 0.453
11395.000 0.453
11398.000 0.449
11401.000 0.446
11404.000 0.441
11407.000 0.453
11410.000 0.449
11413.000 0.447
11416.000 0.445
11419.000 0.442
11422.000 0.443
11425.000 0.444
11428.000 0.442
11431.000 0.440
11434.000 0.443
11437.000 0.440
11440.000 0.441
11443.000 0.440
11446.000 0.434
11449.000 0.434
11452.000 0.437
11455.000 0.436
11458.000 0.435
11461.000 0.436
11464.000 0.436
11467.000 0.447
11470.000 0.444
11473.000 0.441
11476.000 0.432
11479.000 0.434
11482.000 0.434
11485.000 0.437
11488.000 0.434
11491.000 0.433
11494.000 0.435
11497.000 0.433
11500.000 0.434
11503.000 0.432
11506.000 0.434
11509.000 0.434
11512.000 0.435
11515.000 0.436
11518.000 0.441
11521.000 0.442
11524.000 0.435
11527.000 0.436
11530.000 0.470
11533.000 0.483
11536.000 0.473
11539.000 0.461
11542.000 0.449
11545.000 0.446
11548.000 0.442
11551.000 0.436
11554.000 0.435
11557.000 0.432
11560.000 0.432
11563.000 0.439
11566.000 0.440
11569.000 0.437
11572.000 0.436
11575.000 0.435
11578.000 0.432
11581.000 0.431
11584.000 0.431
11587.000 0.429
11590.000 0.433
11593.000 0.434
11596.000 0.429
11599.000 0.428
11602.000 0.430
11605.000 0.430
11608.000 0.433
11611.000 0.444
11614.000 0.437
11617.000 0.453
11620.000 0.474
11623.000 0.458
11626.000 0.450
11629.000 0.447
11632.000 0.451
11635.000 0.451
11638.000 0.424
11641.000 0.426
11644.000 0.421
11647.000 0.419
11650.000 0.417
11653.000 0.422
11656.000 0.418
11659.000 0.420
11662.000 0.421
11665.000 0.423
11668.000 0.422
11671.000 0.421
11674.000 0.428
11677.000 0.424
11680.000 0.426
11683.000 0.425
11686.000 0.427
11689.000 0.424
11692.000 0.428
11695.000 0.430
11698.000 0.432
11701.000 0.428
11704.000 0.437
11707.000 0.435
11710.000 0.434
11713.000 0.433
11716.000 0.433
11719.000 0.429
11722.000 0.427
11725.000 0.423
11728.000 0.423
11731.000 0.424
11734.000 0.425
11737.000 0.425
11740.000 0.426
11743.000 0.422
11746.000 0.419
11749.000 0.419
11752.000 0.421
11755.000 0.426
11758.000 0.434
11761.000 0.436
11764.000 0.431
11767.000 0.431
11770.000 0.430
11773.000 0.426
11776.000 0.423
11779.000 0.422
11782.000 0.420
11785.000 0.419
11788.000 0.419
11791.000 0.417
11794.000 0.422
11797.000 0.426
11800.000 0.425
11803.000 0.418
11806.000 0.417
11809.000 0.416
11812.000 0.414
11815.000 0.416
11818.000 0.413
11821.000 0.411
11824.000 0.413
11827.000 0.412
11830.000 0.412
11833.000 0.423
11836.000 0.423
11839.000 0.419
11842.000 0.418
11845.000 0.418
11848.000 0.420
11851.000 0.419
11854.000 0.424
11857.000 0.422
11860.000 0.417
11863.000 0.413
11866.000 0.412
11869.000 0.413
11872.000 0.414
11875.000 0.415
11878.000 0.408
11881.000 0.408
11884.000 0.408
11887.000 0.410
11890.000 0.402
11893.000 0.403
11896.000 0.410
11899.000 0.412
11902.000 0.411
11905.000 0.410
11908.000 0.412
11911.000 0.412
11914.000 0.414
11917.000 0.415
11920.000 0.413
11923.000 0.411
11926.000 0.416
11929.000 0.422
11932.000 0.423
11935.000 0.415
11938.000 0.413
11941.000 0.412
11944.000 0.410
11947.000 0.406
11950.000 0.407
11953.000 0.408
11956.000 0.408
11959.000 0.414
11962.000 0.419
11965.000 0.415
11968.000 0.412
11971.000 0.409
11974.000 0.406
11977.000 0.405
11980.000 0.411
11983.000 0.409
11986.000 0.405
11989.000 0.411
11992.000 0.411
11995.000 0.412
11998.000 0.413
12001.000 0.414
