103.000 0.042
106.000 0.667
109.000 0.618
112.000 0.978
115.000 1.242
118.000 1.602
121.000 1.973
124.000 2.221
127.000 2.858
130.000 3.174
133.000 3.826
136.000 4.504
139.000 4.291
142.000 4.538
145.000 4.572
148.000 4.489
151.000 4.422
154.000 4.196
157.000 4.002
160.000 3.854
163.000 3.575
166.000 3.297
169.000 3.155
172.000 2.977
175.000 2.983
178.000 2.695
181.000 2.634
184.000 2.587
187.000 2.543
190.000 2.482
193.000 2.497
196.000 2.524
199.000 2.442
202.000 2.503
205.000 2.477
208.000 2.522
211.000 2.587
214.000 2.607
217.000 2.664
220.000 2.649
223.000 2.621
226.000 2.775
229.000 2.600
232.000 2.496
235.000 2.546
238.000 2.478
241.000 2.257
244.000 2.301
247.000 2.254
250.000 2.402
253.000 2.372
256.000 2.563
259.000 2.691
262.000 2.991
265.000 2.870
268.000 3.363
271.000 3.469
274.000 3.700
277.000 4.070
280.000 4.401
283.000 4.377
286.000 4.647
289.000 4.727
292.000 5.181
295.000 5.774
298.000 5.592
301.000 5.704
304.000 6.893
307.000 7.642
310.000 8.176
313.000 7.869
316.000 8.219
319.000 9.126
322.000 10.784
325.000 10.806
328.000 12.885
331.000 13.665
334.000 16.060
337.000 19.789
340.000 21.788
343.000 26.672
346.000 28.954
349.000 34.958
352.000 40.453
355.000 43.342
358.000 48.386
361.000 50.712
364.000 54.438
367.000 56.968
370.000 57.502
373.000 57.303
376.000 56.242
379.000 51.976
382.000 47.699
385.000 45.396
388.000 40.936
391.000 39.208
394.000 36.380
397.000 34.218
400.000 33.358
403.000 31.770
406.000 31.239
409.000 30.318
412.000 29.717
415.000 29.688
418.000 29.876
421.000 29.957
424.000 29.940
427.000 29.813
430.000 29.761
433.000 29.425
436.000 29.189
439.000 28.698
442.000 27.842
445.000 27.379
448.000 26.295
451.000 25.579
454.000 24.270
457.000 22.945
460.000 22.362
463.000 21.190
466.000 20.604
469.000 19.526
472.000 18.549
475.000 18.079
478.000 17.451
481.000 17.211
484.000 16.664
487.000 16.332
490.000 16.057
493.000 15.634
496.000 15.437
499.000 15.042
502.000 14.683
505.000 14.548
508.000 14.293
511.000 14.200
514.000 14.047
517.000 13.808
520.000 13.731
523.000 13.619
526.000 13.517
529.000 13.491
532.000 13.443
535.000 13.424
538.000 13.416
541.000 13.566
544.000 13.679
547.000 13.816
550.000 13.874
553.000 13.909
556.000 14.106
559.000 14.356
562.000 14.837
565.000 15.001
568.000 15.512
571.000 15.707
574.000 16.241
577.000 16.626
580.000 17.429
583.000 18.348
586.000 18.956
589.000 20.356
592.000 21.045
595.000 22.819
598.000 24.709
601.000 25.659
604.000 27.421
607.000 28.063
610.000 28.551
613.000 27.784
616.000 26.591
619.000 23.968
622.000 22.619
625.000 19.763
628.000 17.094
631.000 15.901
634.000 13.898
637.000 12.990
640.000 11.458
643.000 10.123
646.000 9.512
649.000 8.469
652.000 8.035
655.000 7.277
658.000 6.620
661.000 6.358
664.000 5.837
667.000 5.620
670.000 5.229
673.000 4.889
676.000 4.751
679.000 4.434
682.000 4.254
685.000 3.932
688.000 3.640
691.000 3.519
694.000 3.312
697.000 3.253
700.000 3.045
703.000 2.888
706.000 2.818
709.000 2.687
712.000 2.624
715.000 2.524
718.000 2.448
721.000 2.412
724.000 2.339
727.000 2.309
730.000 2.273
733.000 2.219
736.000 2.190
739.000 2.151
742.000 2.143
745.000 2.134
748.000 2.143
751.000 2.113
754.000 2.085
757.000 2.080
760.000 2.075
763.000 2.087
766.000 2.092
769.000 2.104
772.000 2.115
775.000 2.141
778.000 2.150
781.000 2.201
784.000 2.264
787.000 2.310
790.000 2.375
793.000 2.468
796.000 2.516
799.000 2.670
802.000 2.755
805.000 2.937
808.000 3.053
811.000 3.298
814.000 3.616
817.000 3.724
820.000 3.950
823.000 4.060
826.000 4.316
829.000 4.625
832.000 4.781
835.000 5.138
838.000 5.321
841.000 5.739
844.000 5.963
847.000 6.052
850.000 6.126
853.000 6.130
856.000 5.998
859.000 5.621
862.000 5.413
865.000 4.941
868.000 4.684
871.000 4.160
874.000 3.671
877.000 3.491
880.000 3.018
883.000 2.798
886.000 2.348
889.000 2.177
892.000 1.946
895.000 1.756
898.000 1.643
901.000 1.451
904.000 1.324
907.000 1.263
910.000 1.144
913.000 1.091
916.000 1.012
919.000 0.926
922.000 0.885
925.000 0.816
928.000 0.792
931.000 0.750
934.000 0.706
937.000 0.686
940.000 0.639
943.000 0.623
946.000 0.594
949.000 0.562
952.000 0.552
955.000 0.523
958.000 0.517
961.000 0.495
964.000 0.472
967.000 0.471
970.000 0.447
973.000 0.441
976.000 0.426
979.000 0.418
982.000 0.414
985.000 0.403
988.000 0.400
991.000 0.394
994.000 0.391
997.000 0.379
1000.000 0.384
1003.000 0.386
1006.000 0.385
1009.000 0.387
1012.000 0.392
1015.000 0.383
1018.000 0.395
1021.000 0.398
1024.000 0.408
1027.000 0.410
1030.000 0.427
1033.000 0.441
1036.000 0.460
1039.000 0.491
1042.000 0.494
1045.000 0.526
1048.000 0.544
1051.000 0.574
1054.000 0.628
1057.000 0.659
1060.000 0.723
1063.000 0.764
1066.000 0.842
1069.000 0.944
1072.000 1.007
1075.000 1.163
1078.000 1.260
1081.000 1.497
1084.000 1.719
1087.000 1.843
1090.000 2.055
1093.000 2.100
1096.000 2.190
1099.000 2.247
1102.000 2.143
1105.000 1.935
1108.000 1.837
1111.000 1.667
1114.000 1.605
1117.000 1.471
1120.000 1.394
1123.000 1.341
1126.000 1.267
1129.000 1.242
1132.000 1.181
1135.000 1.131
1138.000 1.102
1141.000 1.063
1144.000 1.043
1147.000 1.014
1150.000 0.982
1153.000 0.967
1156.000 0.946
1159.000 0.932
1162.000 0.914
1165.000 0.894
1168.000 0.887
1171.000 0.873
1174.000 0.868
1177.000 0.863
1180.000 0.853
1183.000 0.851
1186.000 0.849
1189.000 0.847
1192.000 0.845
1195.000 0.845
1198.000 0.845
1201.000 0.851
1204.000 0.853
1207.000 0.860
1210.000 0.867
1213.000 0.871
1216.000 0.881
1219.000 0.888
1222.000 0.899
1225.000 0.917
1228.000 0.929
1231.000 0.961
1234.000 0.967
1237.000 0.991
1240.000 1.007
1243.000 1.024
1246.000 1.052
1249.000 1.065
1252.000 1.100
1255.000 1.148
1258.000 1.169
1261.000 1.217
1264.000 1.240
1267.000 1.302
1270.000 1.366
1273.000 1.416
1276.000 1.512
1279.000 1.554
1282.000 1.652
1285.000 1.773
1288.000 1.886
1291.000 2.160
1294.000 2.227
1297.000 2.400
1300.000 2.683
1303.000 2.840
1306.000 3.203
1309.000 3.403
1312.000 4.005
1315.000 4.591
1318.000 4.925
1321.000 5.862
1324.000 6.181
1327.000 7.059
1330.000 7.704
1333.000 7.960
1336.000 7.624
1339.000 7.171
1342.000 6.145
1345.000 5.160
1348.000 4.740
1351.000 4.028
1354.000 3.742
1357.000 3.390
1360.000 3.037
1363.000 2.913
1366.000 2.695
1369.000 2.615
1372.000 2.437
1375.000 2.270
1378.000 2.201
1381.000 2.051
1384.000 1.994
1387.000 1.889
1390.000 1.793
1393.000 1.752
1396.000 1.678
1399.000 1.645
1402.000 1.590
1405.000 1.545
1408.000 1.522
1411.000 1.488
1414.000 1.467
1417.000 1.443
1420.000 1.414
1423.000 1.410
1426.000 1.437
1429.000 1.426
1432.000 1.402
1435.000 1.383
1438.000 1.374
1441.000 1.364
1444.000 1.361
1447.000 1.356
1450.000 1.361
1453.000 1.363
1456.000 1.375
1459.000 1.379
1462.000 1.399
1465.000 1.405
1468.000 1.426
1471.000 1.455
1474.000 1.470
1477.000 1.523
1480.000 1.537
1483.000 1.587
1486.000 1.632
1489.000 1.663
1492.000 1.720
1495.000 1.759
1498.000 1.847
1501.000 1.936
1504.000 1.996
1507.000 2.374
1510.000 2.422
1513.000 2.504
1516.000 2.609
1519.000 2.681
1522.000 2.864
1525.000 2.963
1528.000 3.221
1531.000 3.560
1534.000 3.746
1537.000 4.208
1540.000 4.477
1543.000 5.201
1546.000 6.123
1549.000 6.528
1552.000 7.473
1555.000 8.204
1558.000 8.874
1561.000 9.295
1564.000 9.187
1567.000 8.429
1570.000 7.926
1573.000 6.840
1576.000 5.847
1579.000 5.432
1582.000 4.715
1585.000 4.453
1588.000 4.042
1591.000 3.681
1594.000 3.541
1597.000 3.257
1600.000 3.133
1603.000 2.915
1606.000 2.734
1609.000 2.638
1612.000 2.486
1615.000 2.431
1618.000 2.364
1621.000 2.206
1624.000 2.134
1627.000 2.091
1630.000 2.027
1633.000 2.040
1636.000 1.900
1639.000 1.865
1642.000 1.927
1645.000 1.847
1648.000 1.734
1651.000 1.643
1654.000 1.597
1657.000 1.526
1660.000 1.495
1663.000 1.447
1666.000 1.414
1669.000 1.408
1672.000 1.398
1675.000 1.391
1678.000 1.398
1681.000 1.421
1684.000 1.439
1687.000 1.479
1690.000 1.507
1693.000 1.611
1696.000 1.674
1699.000 1.712
1702.000 1.815
1705.000 1.875
1708.000 2.024
1711.000 2.253
1714.000 2.366
1717.000 2.510
1720.000 2.610
1723.000 2.789
1726.000 3.037
1729.000 3.131
1732.000 3.354
1735.000 3.483
1738.000 4.206
1741.000 4.451
1744.000 4.617
1747.000 5.178
1750.000 5.444
1753.000 6.018
1756.000 6.861
1759.000 7.406
1762.000 8.649
1765.000 9.377
1768.000 10.986
1771.000 12.612
1774.000 13.399
1777.000 14.523
1780.000 14.890
1783.000 14.716
1786.000 13.266
1789.000 12.335
1792.000 10.400
1795.000 9.526
1798.000 8.029
1801.000 6.900
1804.000 6.453
1807.000 5.745
1810.000 5.482
1813.000 5.052
1816.000 4.871
1819.000 4.547
1822.000 4.263
1825.000 4.136
1828.000 3.922
1831.000 3.843
1834.000 3.664
1837.000 3.513
1840.000 3.446
1843.000 3.328
1846.000 3.276
1849.000 3.177
1852.000 3.095
1855.000 3.068
1858.000 3.034
1861.000 2.999
1864.000 2.952
1867.000 2.992
1870.000 2.954
1873.000 2.899
1876.000 2.916
1879.000 3.161
1882.000 3.099
1885.000 3.064
1888.000 3.011
1891.000 2.993
1894.000 2.980
1897.000 2.995
1900.000 3.036
1903.000 3.095
1906.000 3.134
1909.000 3.219
1912.000 3.331
1915.000 3.527
1918.000 3.627
1921.000 3.681
1924.000 3.836
1927.000 4.151
1930.000 4.240
1933.000 4.454
1936.000 4.633
1939.000 4.905
1942.000 5.283
1945.000 5.509
1948.000 6.090
1951.000 6.540
1954.000 7.064
1957.000 7.477
1960.000 7.636
1963.000 7.817
1966.000 7.805
1969.000 7.596
1972.000 7.931
1975.000 7.659
1978.000 7.043
1981.000 6.753
1984.000 6.167
1987.000 5.613
1990.000 5.380
1993.000 4.886
1996.000 4.681
1999.000 4.319
2002.000 4.036
2005.000 3.899
2008.000 3.671
2011.000 3.563
2014.000 3.440
2017.000 3.478
2020.000 3.397
2023.000 3.419
2026.000 3.280
2029.000 3.066
2032.000 2.932
2035.000 2.907
2038.000 2.833
2041.000 2.780
2044.000 2.686
2047.000 2.610
2050.000 2.583
2053.000 2.566
2056.000 2.619
2059.000 2.593
2062.000 2.707
2065.000 2.804
2068.000 2.789
2071.000 2.784
2074.000 3.022
2077.000 3.054
2080.000 3.076
2083.000 3.155
2086.000 3.209
2089.000 3.401
2092.000 3.564
2095.000 3.829
2098.000 3.946
2101.000 3.974
2104.000 4.025
2107.000 4.056
2110.000 3.892
2113.000 3.363
2116.000 3.044
2119.000 2.416
2122.000 1.893
2125.000 1.676
2128.000 1.342
2131.000 1.198
2134.000 0.966
2137.000 0.746
2140.000 0.656
2143.000 0.551
2146.000 0.489
2149.000 0.376
2152.000 0.289
2155.000 0.252
2158.000 0.190
2161.000 0.164
2164.000 0.118
2167.000 0.083
2170.000 0.064
2173.000 0.039
2176.000 0.032
2179.000 0.023
2182.000 0.027
2185.000 0.040
2188.000 0.054
2191.000 0.061
2194.000 0.079
2197.000 0.086
2200.000 0.095
2203.000 0.104
2206.000 0.108
2209.000 0.117
2212.000 0.119
2215.000 0.125
2218.000 0.129
2221.000 0.133
2224.000 0.135
2227.000 0.138
2230.000 0.141
2233.000 0.143
2236.000 0.144
2239.000 0.144
2242.000 0.145
2245.000 0.145
2248.000 0.144
2251.000 0.144
2254.000 0.144
2257.000 0.144
2260.000 0.142
2263.000 0.143
2266.000 0.144
2269.000 0.142
2272.000 0.142
2275.000 0.142
2278.000 0.142
2281.000 0.142
2284.000 0.144
2287.000 0.143
2290.000 0.143
2293.000 0.145
2296.000 0.144
2299.000 0.148
2302.000 0.148
2305.000 0.149
2308.000 0.150
2311.000 0.151
2314.000 0.152
2317.000 0.152
2320.000 0.156
2323.000 0.156
2326.000 0.155
2329.000 0.159
2332.000 0.159
2335.000 0.162
2338.000 0.163
2341.000 0.164
2344.000 0.165
2347.000 0.167
2350.000 0.167
2353.000 0.169
2356.000 0.178
2359.000 0.190
2362.000 0.187
2365.000 0.184
2368.000 0.182
2371.000 0.179
2374.000 0.179
2377.000 0.179
2380.000 0.181
2383.000 0.181
2386.000 0.181
2389.000 0.182
2392.000 0.184
2395.000 0.186
2398.000 0.186
2401.000 0.185
2404.000 0.187
2407.000 0.190
2410.000 0.197
2413.000 0.194
2416.000 0.195
2419.000 0.195
2422.000 0.197
2425.000 0.196
2428.000 0.196
2431.000 0.200
2434.000 0.198
2437.000 0.199
2440.000 0.200
2443.000 0.199
2446.000 0.201
2449.000 0.202
2452.000 0.203
2455.000 0.204
2458.000 0.207
2461.000 0.208
2464.000 0.208
2467.000 0.207
2470.000 0.210
2473.000 0.217
2476.000 0.221
2479.000 0.220
2482.000 0.220
2485.000 0.219
2488.000 0.218
2491.000 0.220
2494.000 0.218
2497.000 0.219
2500.000 0.223
2503.000 0.227
2506.000 0.225
2509.000 0.232
2512.000 0.240
2515.000 0.237
2518.000 0.234
2521.000 0.232
2524.000 0.230
2527.000 0.229
2530.000 0.253
2533.000 0.256
2536.000 0.246
2539.000 0.244
2542.000 0.246
2545.000 0.241
2548.000 0.239
2551.000 0.239
2554.000 0.242
2557.000 0.242
2560.000 0.236
2563.000 0.238
2566.000 0.233
2569.000 0.233
2572.000 0.233
2575.000 0.229
2578.000 0.228
2581.000 0.230
2584.000 0.229
2587.000 0.231
2590.000 0.229
2593.000 0.236
2596.000 0.237
2599.000 0.238
2602.000 0.237
2605.000 0.236
2608.000 0.239
2611.000 0.267
2614.000 0.267
2617.000 0.261
2620.000 0.254
2623.000 0.251
2626.000 0.245
2629.000 0.244
2632.000 0.243
2635.000 0.240
2638.000 0.241
2641.000 0.240
2644.000 0.240
2647.000 0.240
2650.000 0.235
2653.000 0.238
2656.000 0.259
2659.000 0.257
2662.000 0.255
2665.000 0.253
2668.000 0.250
2671.000 0.248
2674.000 0.249
2677.000 0.247
2680.000 0.248
2683.000 0.248
2686.000 0.247
2689.000 0.247
2692.000 0.250
2695.000 0.264
2698.000 0.271
2701.000 0.271
2704.000 0.280
2707.000 0.276
2710.000 0.272
2713.000 0.278
2716.000 0.308
2719.000 0.303
2722.000 0.290
2725.000 0.302
2728.000 0.304
2731.000 0.297
2734.000 0.295
2737.000 0.287
2740.000 0.301
2743.000 0.302
2746.000 0.297
2749.000 0.292
2752.000 0.302
2755.000 0.325
2758.000 0.314
2761.000 0.304
2764.000 0.300
2767.000 0.291
2770.000 0.285
2773.000 0.285
2776.000 0.282
2779.000 0.283
2782.000 0.294
2785.000 0.327
2788.000 0.330
2791.000 0.313
2794.000 0.306
2797.000 0.298
2800.000 0.295
2803.000 0.295
2806.000 0.292
2809.000 0.290
2812.000 0.288
2815.000 0.287
2818.000 0.287
2821.000 0.284
2824.000 0.288
2827.000 0.288
2830.000 0.299
2833.000 0.299
2836.000 0.294
2839.000 0.293
2842.000 0.291
2845.000 0.292
2848.000 0.308
2851.000 0.308
2854.000 0.303
2857.000 0.300
2860.000 0.330
2863.000 0.338
2866.000 0.323
2869.000 0.312
2872.000 0.310
2875.000 0.308
2878.000 0.307
2881.000 0.302
2884.000 0.303
2887.000 0.297
2890.000 0.295
2893.000 0.294
2896.000 0.298
2899.000 0.297
2902.000 0.295
2905.000 0.292
2908.000 0.293
2911.000 0.291
2914.000 0.291
2917.000 0.290
2920.000 0.288
2923.000 0.289
2926.000 0.290
2929.000 0.286
2932.000 0.289
2935.000 0.290
2938.000 0.305
2941.000 0.320
2944.000 0.322
2947.000 0.314
2950.000 0.307
2953.000 0.325
2956.000 0.342
2959.000 0.346
2962.000 0.583
2965.000 0.537
2968.000 0.515
2971.000 0.444
2974.000 0.410
2977.000 0.367
2980.000 0.327
2983.000 0.308
2986.000 0.299
2989.000 0.284
2992.000 0.272
2995.000 0.267
2998.000 0.261
3001.000 0.268
3004.000 0.261
3007.000 0.254
3010.000 0.257
3013.000 0.254
3016.000 0.244
3019.000 0.255
3022.000 0.252
3025.000 0.253
3028.000 0.245
3031.000 0.254
3034.000 0.254
3037.000 0.249
3040.000 0.249
3043.000 0.253
3046.000 0.254
3049.000 0.251
3052.000 0.257
3055.000 0.259
3058.000 0.257
3061.000 0.254
3064.000 0.260
3067.000 0.256
3070.000 0.256
3073.000 0.260
3076.000 0.265
3079.000 0.264
3082.000 0.265
3085.000 0.266
3088.000 0.265
3091.000 0.266
3094.000 0.267
3097.000 0.265
3100.000 0.262
3103.000 0.296
3106.000 0.287
3109.000 0.284
3112.000 0.275
3115.000 0.275
3118.000 0.272
3121.000 0.270
3124.000 0.274
3127.000 0.273
3130.000 0.273
3133.000 0.272
3136.000 0.275
3139.000 0.275
3142.000 0.278
3145.000 0.281
3148.000 0.283
3151.000 0.279
3154.000 0.279
3157.000 0.282
3160.000 0.285
3163.000 0.288
3166.000 0.288
3169.000 0.289
3172.000 0.303
3175.000 0.304
3178.000 0.320
3181.000 0.323
3184.000 0.312
3187.000 0.309
3190.000 0.309
3193.000 0.309
3196.000 0.307
3199.000 0.308
3202.000 0.308
3205.000 0.312
3208.000 0.314
3211.000 0.314
3214.000 0.314
3217.000 0.314
3220.000 0.315
3223.000 0.317
3226.000 0.319
3229.000 0.317
3232.000 0.322
3235.000 0.323
3238.000 0.323
3241.000 0.330
3244.000 0.343
3247.000 0.346
3250.000 0.340
3253.000 0.342
3256.000 0.340
3259.000 0.340
3262.000 0.342
3265.000 0.346
3268.000 0.343
3271.000 0.347
3274.000 0.350
3277.000 0.361
3280.000 0.357
3283.000 0.362
3286.000 0.367
3289.000 0.372
3292.000 0.380
3295.000 0.385
3298.000 0.397
3301.000 0.427
3304.000 0.431
3307.000 0.443
3310.000 0.452
3313.000 0.477
3316.000 0.511
3319.000 0.526
3322.000 0.573
3325.000 0.594
3328.000 0.662
3331.000 0.742
3334.000 0.792
3337.000 0.927
3340.000 1.011
3343.000 1.230
3346.000 1.544
3349.000 1.742
3352.000 2.255
3355.000 2.587
3358.000 3.394
3361.000 4.450
3364.000 5.070
3367.000 6.437
3370.000 7.185
3373.000 8.627
3376.000 9.718
3379.000 10.050
3382.000 10.153
3385.000 9.929
3388.000 9.134
3391.000 8.203
3394.000 7.737
3397.000 6.937
3400.000 6.585
3403.000 6.017
3406.000 5.589
3409.000 5.419
3412.000 5.183
3415.000 5.114
3418.000 5.074
3421.000 5.115
3424.000 5.322
3427.000 5.697
3430.000 5.947
3433.000 6.552
3436.000 6.914
3439.000 7.763
3442.000 8.675
3445.000 9.081
3448.000 9.636
3451.000 9.716
3454.000 9.442
3457.000 8.935
3460.000 8.489
3463.000 7.411
3466.000 6.891
3469.000 5.983
3472.000 5.280
3475.000 4.983
3478.000 4.516
3481.000 4.343
3484.000 4.058
3487.000 3.846
3490.000 3.747
3493.000 3.764
3496.000 3.678
3499.000 3.537
3502.000 3.431
3505.000 3.383
3508.000 3.304
3511.000 3.274
3514.000 3.249
3517.000 3.239
3520.000 3.245
3523.000 3.278
3526.000 3.297
3529.000 3.422
3532.000 3.624
3535.000 3.676
3538.000 3.782
3541.000 3.839
3544.000 3.973
3547.000 4.162
3550.000 4.259
3553.000 4.497
3556.000 4.636
3559.000 4.974
3562.000 5.394
3565.000 5.644
3568.000 6.309
3571.000 6.625
3574.000 7.436
3577.000 8.099
3580.000 8.358
3583.000 8.652
3586.000 8.644
3589.000 8.426
3592.000 8.118
3595.000 7.858
3598.000 7.211
3601.000 6.872
3604.000 6.235
3607.000 5.660
3610.000 5.399
3613.000 4.942
3616.000 4.745
3619.000 4.388
3622.000 4.118
3625.000 3.977
3628.000 3.732
3631.000 3.621
3634.000 3.433
3637.000 3.267
3640.000 3.198
3643.000 3.074
3646.000 3.018
3649.000 2.918
3652.000 2.901
3655.000 2.859
3658.000 2.789
3661.000 2.759
3664.000 2.710
3667.000 2.679
3670.000 2.664
3673.000 2.673
3676.000 2.665
3679.000 2.659
3682.000 2.661
3685.000 2.761
3688.000 2.793
3691.000 2.786
3694.000 2.796
3697.000 2.907
3700.000 2.944
3703.000 2.994
3706.000 3.024
3709.000 3.110
3712.000 3.214
3715.000 3.265
3718.000 3.415
3721.000 3.492
3724.000 3.688
3727.000 3.925
3730.000 4.064
3733.000 4.562
3736.000 4.778
3739.000 5.223
3742.000 5.809
3745.000 6.084
3748.000 6.663
3751.000 6.919
3754.000 7.303
3757.000 7.211
3760.000 7.027
3763.000 6.591
3766.000 6.362
3769.000 5.843
3772.000 5.300
3775.000 4.997
3778.000 4.507
3781.000 4.281
3784.000 3.917
3787.000 3.807
3790.000 3.470
3793.000 3.178
3796.000 3.060
3799.000 2.884
3802.000 2.780
3805.000 2.604
3808.000 2.463
3811.000 2.408
3814.000 2.287
3817.000 2.232
3820.000 2.134
3823.000 2.055
3826.000 2.030
3829.000 1.965
3832.000 1.941
3835.000 1.902
3838.000 1.867
3841.000 1.853
3844.000 1.828
3847.000 1.818
3850.000 1.806
3853.000 1.799
3856.000 1.801
3859.000 1.802
3862.000 1.811
3865.000 1.824
3868.000 1.847
3871.000 1.863
3874.000 1.894
3877.000 1.913
3880.000 1.955
3883.000 2.006
3886.000 2.041
3889.000 2.110
3892.000 2.154
3895.000 2.240
3898.000 2.349
3901.000 2.446
3904.000 2.596
3907.000 2.668
3910.000 2.823
3913.000 3.009
3916.000 3.129
3919.000 3.388
3922.000 3.549
3925.000 3.921
3928.000 4.364
3931.000 4.608
3934.000 5.120
3937.000 5.373
3940.000 5.815
3943.000 6.072
3946.000 6.088
3949.000 5.857
3952.000 5.653
3955.000 5.232
3958.000 4.841
3961.000 4.628
3964.000 4.216
3967.000 4.015
3970.000 3.667
3973.000 3.364
3976.000 3.224
3979.000 2.980
3982.000 2.873
3985.000 2.685
3988.000 2.633
3991.000 2.546
3994.000 2.369
3997.000 2.361
4000.000 2.195
4003.000 2.098
4006.000 2.052
4009.000 1.968
4012.000 1.938
4015.000 1.859
4018.000 1.802
4021.000 1.797
4024.000 1.738
4027.000 1.716
4030.000 1.703
4033.000 1.658
4036.000 1.655
4039.000 1.636
4042.000 1.624
4045.000 1.588
4048.000 1.589
4051.000 1.574
4054.000 1.592
4057.000 1.610
4060.000 1.608
4063.000 1.608
4066.000 1.553
4069.000 1.634
4072.000 1.620
4075.000 1.629
4078.000 1.660
4081.000 1.689
4084.000 1.719
4087.000 1.740
4090.000 1.802
4093.000 1.868
4096.000 1.906
4099.000 1.993
4102.000 2.049
4105.000 2.163
4108.000 2.288
4111.000 2.357
4114.000 2.514
4117.000 2.657
4120.000 2.880
4123.000 3.085
4126.000 3.180
4129.000 3.350
4132.000 3.423
4135.000 3.545
4138.000 3.631
4141.000 3.491
4144.000 3.274
4147.000 3.150
4150.000 2.877
4153.000 2.731
4156.000 2.455
4159.000 2.207
4162.000 2.092
4165.000 1.888
4168.000 1.802
4171.000 1.681
4174.000 1.553
4177.000 1.492
4180.000 1.399
4183.000 1.347
4186.000 1.260
4189.000 1.190
4192.000 1.164
4195.000 1.110
4198.000 1.090
4201.000 1.051
4204.000 1.014
4207.000 1.002
4210.000 0.978
4213.000 0.964
4216.000 0.948
4219.000 0.932
4222.000 0.926
4225.000 0.917
4228.000 0.917
4231.000 0.912
4234.000 0.917
4237.000 0.917
4240.000 0.922
4243.000 0.929
4246.000 0.944
4249.000 0.959
4252.000 0.965
4255.000 0.985
4258.000 0.998
4261.000 1.028
4264.000 1.062
4267.000 1.080
4270.000 1.122
4273.000 1.144
4276.000 1.188
4279.000 1.282
4282.000 1.311
4285.000 1.380
4288.000 1.416
4291.000 1.525
4294.000 1.648
4297.000 1.706
4300.000 1.839
4303.000 1.959
4306.000 2.129
4309.000 2.405
4312.000 2.514
4315.000 2.662
4318.000 2.726
4321.000 2.797
4324.000 2.795
4327.000 2.710
4330.000 2.520
4333.000 2.318
4336.000 2.142
4339.000 2.019
4342.000 1.917
4345.000 1.733
4348.000 1.653
4351.000 1.535
4354.000 1.437
4357.000 1.400
4360.000 1.322
4363.000 1.291
4366.000 1.432
4369.000 1.296
4372.000 1.251
4375.000 1.158
4378.000 1.121
4381.000 1.065
4384.000 0.980
4387.000 0.984
4390.000 0.951
4393.000 0.945
4396.000 0.924
4399.000 0.907
4402.000 0.903
4405.000 0.901
4408.000 0.900
4411.000 0.904
4414.000 0.907
4417.000 0.897
4420.000 0.888
4423.000 0.901
4426.000 0.927
4429.000 0.929
4432.000 0.933
4435.000 0.943
4438.000 0.942
4441.000 1.032
4444.000 1.035
4447.000 1.040
4450.000 1.039
4453.000 1.046
4456.000 1.072
4459.000 1.110
4462.000 1.133
4465.000 1.198
4468.000 1.240
4471.000 1.273
4474.000 1.304
4477.000 1.323
4480.000 1.335
4483.000 1.335
4486.000 1.296
4489.000 1.255
4492.000 1.148
4495.000 1.032
4498.000 0.966
4501.000 0.823
4504.000 0.763
4507.000 0.650
4510.000 0.558
4513.000 0.565
4516.000 0.495
4519.000 0.462
4522.000 0.404
4525.000 0.359
4528.000 0.342
4531.000 0.316
4534.000 0.304
4537.000 0.291
4540.000 0.287
4543.000 0.283
4546.000 0.276
4549.000 0.275
4552.000 0.273
4555.000 0.277
4558.000 0.280
4561.000 0.286
4564.000 0.291
4567.000 0.303
4570.000 0.318
4573.000 0.328
4576.000 0.347
4579.000 0.422
4582.000 0.510
4585.000 0.526
4588.000 0.541
4591.000 0.569
4594.000 0.602
4597.000 0.663
4600.000 0.751
4603.000 0.844
4606.000 0.953
4609.000 1.008
4612.000 1.132
4615.000 1.267
4618.000 1.316
4621.000 1.361
4624.000 1.430
4627.000 1.358
4630.000 1.222
4633.000 1.157
4636.000 1.045
4639.000 1.002
4642.000 0.925
4645.000 0.854
4648.000 0.829
4651.000 0.787
4654.000 0.763
4657.000 0.732
4660.000 0.704
4663.000 0.691
4666.000 0.671
4669.000 0.659
4672.000 0.676
4675.000 0.689
4678.000 0.670
4681.000 0.647
4684.000 0.636
4687.000 0.620
4690.000 0.610
4693.000 0.595
4696.000 0.574
4699.000 0.564
4702.000 0.533
4705.000 0.510
4708.000 0.500
4711.000 0.429
4714.000 0.389
4717.000 0.304
4720.000 0.272
4723.000 0.229
4726.000 0.221
4729.000 0.222
4732.000 0.234
4735.000 0.241
4738.000 0.249
4741.000 0.260
4744.000 0.264
4747.000 0.274
4750.000 0.278
4753.000 0.331
4756.000 0.355
4759.000 0.352
4762.000 0.343
4765.000 0.340
4768.000 0.333
4771.000 0.330
4774.000 0.328
4777.000 0.326
4780.000 0.323
4783.000 0.318
4786.000 0.329
4789.000 0.379
4792.000 0.370
4795.000 0.371
4798.000 0.365
4801.000 0.354
4804.000 0.348
4807.000 0.350
4810.000 0.350
4813.000 0.345
4816.000 0.338
4819.000 0.338
4822.000 0.332
4825.000 0.329
4828.000 0.326
4831.000 0.323
4834.000 0.323
4837.000 0.330
4840.000 0.330
4843.000 0.332
4846.000 0.365
4849.000 0.370
4852.000 0.362
4855.000 0.356
4858.000 0.344
4861.000 0.352
4864.000 0.372
4867.000 0.363
4870.000 0.360
4873.000 0.350
4876.000 0.341
4879.000 0.342
4882.000 0.337
4885.000 0.337
4888.000 0.343
4891.000 0.364
4894.000 0.359
4897.000 0.352
4900.000 0.349
4903.000 0.399
4906.000 0.401
4909.000 0.383
4912.000 0.372
4915.000 0.400
4918.000 0.383
4921.000 0.373
4924.000 0.369
4927.000 0.372
4930.000 0.365
4933.000 0.359
4936.000 0.350
4939.000 0.348
4942.000 0.403
4945.000 0.403
4948.000 0.378
4951.000 0.371
4954.000 0.365
4957.000 0.358
4960.000 0.347
4963.000 0.354
4966.000 0.390
4969.000 0.381
4972.000 0.361
4975.000 0.359
4978.000 0.357
4981.000 0.358
4984.000 0.351
4987.000 0.369
4990.000 0.353
4993.000 0.347
4996.000 0.348
4999.000 0.341
5002.000 0.352
5005.000 0.352
5008.000 0.345
5011.000 0.345
5014.000 0.337
5017.000 0.354
5020.000 0.342
5023.000 0.368
5026.000 0.382
5029.000 0.370
5032.000 0.360
5035.000 0.366
5038.000 0.401
5041.000 0.390
5044.000 0.383
5047.000 0.374
5050.000 0.367
5053.000 0.362
5056.000 0.362
5059.000 0.359
5062.000 0.345
5065.000 0.358
5068.000 0.373
5071.000 0.369
5074.000 0.362
5077.000 0.358
5080.000 0.361
5083.000 0.356
5086.000 0.355
5089.000 0.351
5092.000 0.349
5095.000 0.348
5098.000 0.347
5101.000 0.344
5104.000 0.350
5107.000 0.346
5110.000 0.344
5113.000 0.344
5116.000 0.343
5119.000 0.343
5122.000 0.343
5125.000 0.340
5128.000 0.344
5131.000 0.349
5134.000 0.353
5137.000 0.353
5140.000 0.349
5143.000 0.347
5146.000 0.346
5149.000 0.341
5152.000 0.341
5155.000 0.341
5158.000 0.339
5161.000 0.337
5164.000 0.335
5167.000 0.334
5170.000 0.335
5173.000 0.337
5176.000 0.337
5179.000 0.365
5182.000 0.368
5185.000 0.364
5188.000 0.355
5191.000 0.350
5194.000 0.346
5197.000 0.342
5200.000 0.343
5203.000 0.336
5206.000 0.336
5209.000 0.338
5212.000 0.335
5215.000 0.334
5218.000 0.335
5221.000 0.334
5224.000 0.336
5227.000 0.337
5230.000 0.337
5233.000 0.338
5236.000 0.339
5239.000 0.336
5242.000 0.342
5245.000 0.339
5248.000 0.338
5251.000 0.340
5254.000 0.338
5257.000 0.338
5260.000 0.343
5263.000 0.367
5266.000 0.365
5269.000 0.358
5272.000 0.356
5275.000 0.353
5278.000 0.352
5281.000 0.354
5284.000 0.375
5287.000 0.388
5290.000 0.380
5293.000 0.371
5296.000 0.368
5299.000 0.368
5302.000 0.364
5305.000 0.362
5308.000 0.355
5311.000 0.357
5314.000 0.356
5317.000 0.354
5320.000 0.356
5323.000 0.353
5326.000 0.353
5329.000 0.356
5332.000 0.353
5335.000 0.352
5338.000 0.351
5341.000 0.352
5344.000 0.352
5347.000 0.354
5350.000 0.353
5353.000 0.349
5356.000 0.353
5359.000 0.354
5362.000 0.352
5365.000 0.351
5368.000 0.360
5371.000 0.358
5374.000 0.355
5377.000 0.351
5380.000 0.352
5383.000 0.353
5386.000 0.355
5389.000 0.356
5392.000 0.352
5395.000 0.352
5398.000 0.362
5401.000 0.398
5404.000 0.399
5407.000 0.394
5410.000 0.379
5413.000 0.369
5416.000 0.366
5419.000 0.362
5422.000 0.361
5425.000 0.357
5428.000 0.356
5431.000 0.353
5434.000 0.355
5437.000 0.358
5440.000 0.366
5443.000 0.361
5446.000 0.361
5449.000 0.361
5452.000 0.359
5455.000 0.358
5458.000 0.356
5461.000 0.354
5464.000 0.356
5467.000 0.356
5470.000 0.354
5473.000 0.355
5476.000 0.354
5479.000 0.353
5482.000 0.355
5485.000 0.357
5488.000 0.353
5491.000 0.355
5494.000 0.356
5497.000 0.355
5500.000 0.356
5503.000 0.353
5506.000 0.355
5509.000 0.352
5512.000 0.352
5515.000 0.364
5518.000 0.373
5521.000 0.371
5524.000 0.370
5527.000 0.368
5530.000 0.366
5533.000 0.359
5536.000 0.357
5539.000 0.359
5542.000 0.358
5545.000 0.356
5548.000 0.358
5551.000 0.358
5554.000 0.354
5557.000 0.354
5560.000 0.356
5563.000 0.356
5566.000 0.354
5569.000 0.356
5572.000 0.361
5575.000 0.360
5578.000 0.362
5581.000 0.365
5584.000 0.366
5587.000 0.367
5590.000 0.362
5593.000 0.360
5596.000 0.357
5599.000 0.360
5602.000 0.362
5605.000 0.361
5608.000 0.360
5611.000 0.367
5614.000 0.368
5617.000 0.364
5620.000 0.365
5623.000 0.364
5626.000 0.359
5629.000 0.361
5632.000 0.361
5635.000 0.362
5638.000 0.364
5641.000 0.362
5644.000 0.360
5647.000 0.357
5650.000 0.364
5653.000 0.362
5656.000 0.362
5659.000 0.361
5662.000 0.363
5665.000 0.363
5668.000 0.362
5671.000 0.370
5674.000 0.370
5677.000 0.366
5680.000 0.368
5683.000 0.369
5686.000 0.366
5689.000 0.368
5692.000 0.371
5695.000 0.375
5698.000 0.370
5701.000 0.371
5704.000 0.375
5707.000 0.376
5710.000 0.418
5713.000 0.412
5716.000 0.406
5719.000 0.392
5722.000 0.390
5725.000 0.381
5728.000 0.378
5731.000 0.381
5734.000 0.382
5737.000 0.384
5740.000 0.380
5743.000 0.374
5746.000 0.380
5749.000 0.379
5752.000 0.377
5755.000 0.374
5758.000 0.376
5761.000 0.380
5764.000 0.375
5767.000 0.375
5770.000 0.371
5773.000 0.372
5776.000 0.414
5779.000 0.409
5782.000 0.402
5785.000 0.387
5788.000 0.386
5791.000 0.389
5794.000 0.388
5797.000 0.383
5800.000 0.380
5803.000 0.381
5806.000 0.383
5809.000 0.380
5812.000 0.383
5815.000 0.375
5818.000 0.375
5821.000 0.371
5824.000 0.387
5827.000 0.418
5830.000 0.416
5833.000 0.412
5836.000 0.403
5839.000 0.398
5842.000 0.393
5845.000 0.385
5848.000 0.382
5851.000 0.379
5854.000 0.377
5857.000 0.375
5860.000 0.370
5863.000 0.371
5866.000 0.373
5869.000 0.373
5872.000 0.373
5875.000 0.373
5878.000 0.373
5881.000 0.370
5884.000 0.372
5887.000 0.373
5890.000 0.375
5893.000 0.375
5896.000 0.379
5899.000 0.381
5902.000 0.380
5905.000 0.380
5908.000 0.379
5911.000 0.379
5914.000 0.382
5917.000 0.411
5920.000 0.420
5923.000 0.418
5926.000 0.414
5929.000 0.401
5932.000 0.393
5935.000 0.391
5938.000 0.389
5941.000 0.420
5944.000 0.424
5947.000 0.420
5950.000 0.407
5953.000 0.401
5956.000 0.392
5959.000 0.385
5962.000 0.388
5965.000 0.390
5968.000 0.400
5971.000 0.389
5974.000 0.382
5977.000 0.380
5980.000 0.388
5983.000 0.388
5986.000 0.380
5989.000 0.382
5992.000 0.396
5995.000 0.385
5998.000 0.388
6001.000 0.375
6004.000 0.379
6007.000 0.388
6010.000 0.383
6013.000 0.383
6016.000 0.392
6019.000 0.383
6022.000 0.381
6025.000 0.379
6028.000 0.386
6031.000 0.380
6034.000 0.387
6037.000 0.384
6040.000 0.384
6043.000 0.385
6046.000 0.376
6049.000 0.385
6052.000 0.374
6055.000 0.376
6058.000 0.383
6061.000 0.379
6064.000 0.384
6067.000 0.382
6070.000 0.380
6073.000 0.377
6076.000 0.388
6079.000 0.385
6082.000 0.389
6085.000 0.387
6088.000 0.387
6091.000 0.403
6094.000 0.424
6097.000 0.420
6100.000 0.412
6103.000 0.402
6106.000 0.411
6109.000 0.421
6112.000 0.422
6115.000 0.408
6118.000 0.402
6121.000 0.394
6124.000 0.391
6127.000 0.385
6130.000 0.390
6133.000 0.393
6136.000 0.386
6139.000 0.384
6142.000 0.420
6145.000 0.413
6148.000 0.406
6151.000 0.409
6154.000 0.418
6157.000 0.409
6160.000 0.400
6163.000 0.400
6166.000 0.392
6169.000 0.394
6172.000 0.391
6175.000 0.384
6178.000 0.386
6181.000 0.385
6184.000 0.381
6187.000 0.384
6190.000 0.384
6193.000 0.386
6196.000 0.384
6199.000 0.381
6202.000 0.379
6205.000 0.380
6208.000 0.382
6211.000 0.383
6214.000 0.383
6217.000 0.386
6220.000 0.387
6223.000 0.394
6226.000 0.390
6229.000 0.390
6232.000 0.384
6235.000 0.389
6238.000 0.387
6241.000 0.386
6244.000 0.385
6247.000 0.404
6250.000 0.428
6253.000 0.425
6256.000 0.415
6259.000 0.412
6262.000 0.409
6265.000 0.402
6268.000 0.403
6271.000 0.419
6274.000 0.417
6277.000 0.409
6280.000 0.402
6283.000 0.401
6286.000 0.395
6289.000 0.399
6292.000 0.398
6295.000 0.391
6298.000 0.394
6301.000 0.397
6304.000 0.393
6307.000 0.401
6310.000 0.412
6313.000 0.426
6316.000 0.432
6319.000 0.431
6322.000 0.416
6325.000 0.408
6328.000 0.404
6331.000 0.400
6334.000 0.401
6337.000 0.396
6340.000 0.392
6343.000 0.393
6346.000 0.390
6349.000 0.388
6352.000 0.393
6355.000 0.389
6358.000 0.388
6361.000 0.394
6364.000 0.392
6367.000 0.393
6370.000 0.388
6373.000 0.387
6376.000 0.388
6379.000 0.387
6382.000 0.389
6385.000 0.386
6388.000 0.384
6391.000 0.383
6394.000 0.386
6397.000 0.385
6400.000 0.387
6403.000 0.386
6406.000 0.390
6409.000 0.386
6412.000 0.386
6415.000 0.390
6418.000 0.396
6421.000 0.399
6424.000 0.400
6427.000 0.395
6430.000 0.393
6433.000 0.391
6436.000 0.393
6439.000 0.392
6442.000 0.395
6445.000 0.390
6448.000 0.390
6451.000 0.417
6454.000 0.430
6457.000 0.423
6460.000 0.419
6463.000 0.408
6466.000 0.398
6469.000 0.398
6472.000 0.396
6475.000 0.396
6478.000 0.396
6481.000 0.404
6484.000 0.406
6487.000 0.399
6490.000 0.401
6493.000 0.427
6496.000 0.418
6499.000 0.412
6502.000 0.425
6505.000 0.431
6508.000 0.425
6511.000 0.417
6514.000 0.415
6517.000 0.407
6520.000 0.407
6523.000 0.402
6526.000 0.397
6529.000 0.398
6532.000 0.424
6535.000 0.425
6538.000 0.427
6541.000 0.420
6544.000 0.418
6547.000 0.413
6550.000 0.408
6553.000 0.406
6556.000 0.401
6559.000 0.402
6562.000 0.403
6565.000 0.402
6568.000 0.401
6571.000 0.408
6574.000 0.422
6577.000 0.433
6580.000 0.435
6583.000 0.428
6586.000 0.426
6589.000 0.422
6592.000 0.415
6595.000 0.423
6598.000 0.434
6601.000 0.431
6604.000 0.428
6607.000 0.427
6610.000 0.424
6613.000 0.443
6616.000 0.457
6619.000 0.457
6622.000 0.453
6625.000 0.458
6628.000 0.451
6631.000 0.451
6634.000 0.456
6637.000 0.455
6640.000 0.458
6643.000 0.464
6646.000 0.473
6649.000 0.501
6652.000 0.514
6655.000 0.518
6658.000 0.529
6661.000 0.538
6664.000 0.559
6667.000 0.604
6670.000 0.641
6673.000 0.678
6676.000 0.701
6679.000 0.747
6682.000 0.807
6685.000 0.848
6688.000 0.949
6691.000 1.015
6694.000 1.164
6697.000 1.364
6700.000 1.486
6703.000 1.763
6706.000 2.062
6709.000 2.205
6712.000 2.394
6715.000 2.449
6718.000 2.465
6721.000 2.397
6724.000 2.346
6727.000 2.224
6730.000 2.169
6733.000 2.090
6736.000 2.076
6739.000 2.082
6742.000 2.090
6745.000 2.124
6748.000 2.239
6751.000 2.383
6754.000 2.455
6757.000 2.634
6760.000 2.691
6763.000 2.768
6766.000 2.809
6769.000 2.824
6772.000 2.849
6775.000 2.866
6778.000 2.904
6781.000 2.963
6784.000 2.973
6787.000 2.959
6790.000 2.953
6793.000 2.937
6796.000 2.945
6799.000 2.948
6802.000 2.959
6805.000 2.977
6808.000 3.010
6811.000 3.030
6814.000 3.083
6817.000 3.127
6820.000 3.161
6823.000 3.223
6826.000 3.262
6829.000 3.387
6832.000 3.424
6835.000 3.433
6838.000 3.576
6841.000 3.669
6844.000 3.614
6847.000 3.549
6850.000 3.512
6853.000 3.440
6856.000 3.405
6859.000 3.314
6862.000 3.211
6865.000 3.159
6868.000 3.056
6871.000 3.012
6874.000 2.916
6877.000 2.826
6880.000 2.785
6883.000 2.699
6886.000 2.658
6889.000 2.587
6892.000 2.521
6895.000 2.486
6898.000 2.437
6901.000 2.419
6904.000 2.377
6907.000 2.346
6910.000 2.336
6913.000 2.323
6916.000 2.318
6919.000 2.318
6922.000 2.331
6925.000 2.336
6928.000 2.352
6931.000 2.360
6934.000 2.371
6937.000 2.436
6940.000 2.457
6943.000 2.494
6946.000 2.512
6949.000 2.553
6952.000 2.591
6955.000 2.598
6958.000 2.630
6961.000 2.651
6964.000 2.669
6967.000 2.682
6970.000 2.680
6973.000 2.683
6976.000 2.673
6979.000 2.635
6982.000 2.606
6985.000 2.592
6988.000 2.545
6991.000 2.530
6994.000 2.485
6997.000 2.480
7000.000 2.432
7003.000 2.412
7006.000 2.401
7009.000 2.375
7012.000 2.364
7015.000 2.343
7018.000 2.347
7021.000 2.331
7024.000 2.331
7027.000 2.338
7030.000 2.325
7033.000 2.347
7036.000 2.353
7039.000 2.374
7042.000 2.391
7045.000 2.414
7048.000 2.448
7051.000 2.477
7054.000 2.534
7057.000 2.555
7060.000 2.611
7063.000 2.679
7066.000 2.708
7069.000 2.791
7072.000 2.826
7075.000 2.922
7078.000 2.918
7081.000 3.031
7084.000 3.095
7087.000 3.137
7090.000 3.239
7093.000 3.290
7096.000 3.309
7099.000 3.334
7102.000 3.348
7105.000 3.349
7108.000 3.303
7111.000 3.312
7114.000 3.243
7117.000 3.189
7120.000 3.080
7123.000 2.953
7126.000 2.897
7129.000 2.777
7132.000 2.715
7135.000 2.609
7138.000 2.505
7141.000 2.450
7144.000 2.335
7147.000 2.416
7150.000 2.275
7153.000 2.171
7156.000 2.124
7159.000 2.075
7162.000 2.076
7165.000 1.983
7168.000 1.914
7171.000 1.885
7174.000 1.829
7177.000 1.807
7180.000 1.782
7183.000 1.776
7186.000 1.770
7189.000 1.750
7192.000 1.745
7195.000 1.740
7198.000 1.747
7201.000 1.754
7204.000 1.772
7207.000 1.801
7210.000 1.897
7213.000 1.909
7216.000 1.918
7219.000 1.946
7222.000 1.962
7225.000 2.007
7228.000 2.054
7231.000 2.083
7234.000 2.136
7237.000 2.158
7240.000 2.212
7243.000 2.257
7246.000 2.274
7249.000 2.293
7252.000 2.295
7255.000 2.275
7258.000 2.282
7261.000 2.265
7264.000 2.243
7267.000 2.250
7270.000 2.161
7273.000 2.077
7276.000 2.073
7279.000 1.986
7282.000 1.941
7285.000 1.872
7288.000 1.815
7291.000 1.787
7294.000 1.745
7297.000 1.726
7300.000 1.696
7303.000 1.692
7306.000 1.684
7309.000 1.677
7312.000 1.671
7315.000 1.682
7318.000 1.691
7321.000 1.685
7324.000 1.683
7327.000 1.684
7330.000 1.703
7333.000 1.768
7336.000 1.788
7339.000 1.855
7342.000 1.906
7345.000 1.940
7348.000 1.956
7351.000 2.045
7354.000 2.183
7357.000 2.219
7360.000 2.204
7363.000 2.355
7366.000 2.393
7369.000 2.428
7372.000 2.447
7375.000 2.532
7378.000 2.604
7381.000 2.646
7384.000 2.671
7387.000 2.666
7390.000 2.651
7393.000 2.630
7396.000 2.559
7399.000 2.453
7402.000 2.391
7405.000 2.264
7408.000 2.194
7411.000 2.056
7414.000 1.921
7417.000 1.850
7420.000 1.744
7423.000 1.692
7426.000 1.573
7429.000 1.483
7432.000 1.449
7435.000 1.375
7438.000 1.343
7441.000 1.360
7444.000 1.266
7447.000 1.232
7450.000 1.167
7453.000 1.143
7456.000 1.092
7459.000 1.051
7462.000 1.038
7465.000 1.008
7468.000 0.993
7471.000 0.964
7474.000 0.958
7477.000 0.957
7480.000 0.946
7483.000 0.943
7486.000 0.944
7489.000 0.957
7492.000 0.971
7495.000 0.990
7498.000 0.998
7501.000 1.017
7504.000 1.042
7507.000 1.052
7510.000 1.072
7513.000 1.080
7516.000 1.120
7519.000 1.130
7522.000 1.132
7525.000 1.111
7528.000 1.095
7531.000 1.061
7534.000 1.024
7537.000 1.006
7540.000 0.974
7543.000 0.956
7546.000 0.929
7549.000 0.910
7552.000 0.899
7555.000 0.887
7558.000 0.880
7561.000 0.867
7564.000 0.869
7567.000 0.873
7570.000 0.870
7573.000 0.875
7576.000 0.881
7579.000 0.895
7582.000 0.903
7585.000 0.923
7588.000 0.934
7591.000 0.964
7594.000 0.995
7597.000 1.018
7600.000 1.086
7603.000 1.201
7606.000 1.203
7609.000 1.193
7612.000 1.191
7615.000 1.190
7618.000 1.186
7621.000 1.174
7624.000 1.528
7627.000 1.530
7630.000 1.430
7633.000 1.387
7636.000 1.216
7639.000 1.012
7642.000 0.928
7645.000 0.786
7648.000 0.731
7651.000 0.635
7654.000 0.568
7657.000 0.543
7660.000 0.497
7663.000 0.476
7666.000 0.436
7669.000 0.393
7672.000 0.375
7675.000 0.326
7678.000 0.310
7681.000 0.258
7684.000 0.212
7687.000 0.192
7690.000 0.170
7693.000 0.168
7696.000 0.188
7699.000 0.201
7702.000 0.230
7705.000 0.272
7708.000 0.289
7711.000 0.321
7714.000 0.336
7717.000 0.355
7720.000 0.362
7723.000 0.363
7726.000 0.360
7729.000 0.365
7732.000 0.365
7735.000 0.367
7738.000 0.366
7741.000 0.372
7744.000 0.372
7747.000 0.376
7750.000 0.371
7753.000 0.378
7756.000 0.373
7759.000 0.372
7762.000 0.373
7765.000 0.376
7768.000 0.373
7771.000 0.376
7774.000 0.376
7777.000 0.378
7780.000 0.378
7783.000 0.378
7786.000 0.378
7789.000 0.377
7792.000 0.379
7795.000 0.376
7798.000 0.375
7801.000 0.375
7804.000 0.374
7807.000 0.374
7810.000 0.375
7813.000 0.379
7816.000 0.378
7819.000 0.378
7822.000 0.377
7825.000 0.381
7828.000 0.379
7831.000 0.380
7834.000 0.381
7837.000 0.377
7840.000 0.379
7843.000 0.381
7846.000 0.374
7849.000 0.375
7852.000 0.377
7855.000 0.382
7858.000 0.377
7861.000 0.376
7864.000 0.374
7867.000 0.381
7870.000 0.379
7873.000 0.379
7876.000 0.378
7879.000 0.375
7882.000 0.378
7885.000 0.375
7888.000 0.377
7891.000 0.376
7894.000 0.376
7897.000 0.375
7900.000 0.375
7903.000 0.378
7906.000 0.375
7909.000 0.375
7912.000 0.373
7915.000 0.378
7918.000 0.379
7921.000 0.374
7924.000 0.376
7927.000 0.380
7930.000 0.381
7933.000 0.379
7936.000 0.374
7939.000 0.377
7942.000 0.382
7945.000 0.380
7948.000 0.377
7951.000 0.377
7954.000 0.379
7957.000 0.376
7960.000 0.378
7963.000 0.374
7966.000 0.377
7969.000 0.373
7972.000 0.373
7975.000 0.372
7978.000 0.373
7981.000 0.375
7984.000 0.381
7987.000 0.379
7990.000 0.375
7993.000 0.382
7996.000 0.376
7999.000 0.386
8002.000 0.382
8005.000 0.378
8008.000 0.378
8011.000 0.382
8014.000 0.386
8017.000 0.373
8020.000 0.377
8023.000 0.385
8026.000 0.388
8029.000 0.381
8032.000 0.388
8035.000 0.386
8038.000 0.381
8041.000 0.383
8044.000 0.385
8047.000 0.371
8050.000 0.380
8053.000 0.377
8056.000 0.380
8059.000 0.382
8062.000 0.375
8065.000 0.373
8068.000 0.381
8071.000 0.379
8074.000 0.378
8077.000 0.379
8080.000 0.382
8083.000 0.383
8086.000 0.380
8089.000 0.381
8092.000 0.380
8095.000 0.380
8098.000 0.377
8101.000 0.378
8104.000 0.379
8107.000 0.380
8110.000 0.380
8113.000 0.380
8116.000 0.380
8119.000 0.380
8122.000 0.380
8125.000 0.379
8128.000 0.380
8131.000 0.378
8134.000 0.378
8137.000 0.381
8140.000 0.380
8143.000 0.382
8146.000 0.378
8149.000 0.378
8152.000 0.381
8155.000 0.379
8158.000 0.378
8161.000 0.381
8164.000 0.380
8167.000 0.384
8170.000 0.386
8173.000 0.385
8176.000 0.387
8179.000 0.383
8182.000 0.384
8185.000 0.385
8188.000 0.385
8191.000 0.380
8194.000 0.379
8197.000 0.378
8200.000 0.378
8203.000 0.377
8206.000 0.381
8209.000 0.381
8212.000 0.380
8215.000 0.381
8218.000 0.384
8221.000 0.382
8224.000 0.382
8227.000 0.384
8230.000 0.382
8233.000 0.383
8236.000 0.383
8239.000 0.384
8242.000 0.383
8245.000 0.383
8248.000 0.383
8251.000 0.388
8254.000 0.388
8257.000 0.387
8260.000 0.389
8263.000 0.390
8266.000 0.391
8269.000 0.390
8272.000 0.388
8275.000 0.385
8278.000 0.393
8281.000 0.389
8284.000 0.387
8287.000 0.387
8290.000 0.387
8293.000 0.389
8296.000 0.386
8299.000 0.387
8302.000 0.384
8305.000 0.385
8308.000 0.387
8311.000 0.386
8314.000 0.383
8317.000 0.387
8320.000 0.387
8323.000 0.386
8326.000 0.384
8329.000 0.384
8332.000 0.391
8335.000 0.390
8338.000 0.389
8341.000 0.388
8344.000 0.387
8347.000 0.390
8350.000 0.388
8353.000 0.388
8356.000 0.389
8359.000 0.388
8362.000 0.388
8365.000 0.394
8368.000 0.397
8371.000 0.396
8374.000 0.395
8377.000 0.399
8380.000 0.398
8383.000 0.401
8386.000 0.401
8389.000 0.398
8392.000 0.401
8395.000 0.398
8398.000 0.395
8401.000 0.395
8404.000 0.394
8407.000 0.401
8410.000 0.399
8413.000 0.396
8416.000 0.397
8419.000 0.397
8422.000 0.395
8425.000 0.394
8428.000 0.396
8431.000 0.392
8434.000 0.392
8437.000 0.396
8440.000 0.402
8443.000 0.413
8446.000 0.411
8449.000 0.409
8452.000 0.403
8455.000 0.400
8458.000 0.400
8461.000 0.400
8464.000 0.398
8467.000 0.396
8470.000 0.396
8473.000 0.404
8476.000 0.411
8479.000 0.407
8482.000 0.408
8485.000 0.407
8488.000 0.404
8491.000 0.402
8494.000 0.403
8497.000 0.399
8500.000 0.399
8503.000 0.399
8506.000 0.397
8509.000 0.399
8512.000 0.399
8515.000 0.399
8518.000 0.399
8521.000 0.401
8524.000 0.398
8527.000 0.398
8530.000 0.398
8533.000 0.399
8536.000 0.401
8539.000 0.411
8542.000 0.406
8545.000 0.405
8548.000 0.404
8551.000 0.406
8554.000 0.420
8557.000 0.417
8560.000 0.417
8563.000 0.411
8566.000 0.409
8569.000 0.405
8572.000 0.402
8575.000 0.403
8578.000 0.414
8581.000 0.410
8584.000 0.414
8587.000 0.407
8590.000 0.408
8593.000 0.407
8596.000 0.406
8599.000 0.404
8602.000 0.404
8605.000 0.416
8608.000 0.416
8611.000 0.410
8614.000 0.413
8617.000 0.415
8620.000 0.415
8623.000 0.413
8626.000 0.411
8629.000 0.411
8632.000 0.412
8635.000 0.416
8638.000 0.412
8641.000 0.409
8644.000 0.407
8647.000 0.405
8650.000 0.408
8653.000 0.408
8656.000 0.406
8659.000 0.402
8662.000 0.403
8665.000 0.407
8668.000 0.406
8671.000 0.404
8674.000 0.400
8677.000 0.401
8680.000 0.403
8683.000 0.413
8686.000 0.421
8689.000 0.420
8692.000 0.420
8695.000 0.417
8698.000 0.414
8701.000 0.413
8704.000 0.413
8707.000 0.415
8710.000 0.414
8713.000 0.415
8716.000 0.418
8719.000 0.417
8722.000 0.415
8725.000 0.414
8728.000 0.412
8731.000 0.413
8734.000 0.423
8737.000 0.413
8740.000 0.411
8743.000 0.424
8746.000 0.420
8749.000 0.416
8752.000 0.416
8755.000 0.413
8758.000 0.412
8761.000 0.408
8764.000 0.411
8767.000 0.408
8770.000 0.407
8773.000 0.405
8776.000 0.406
8779.000 0.409
8782.000 0.409
8785.000 0.408
8788.000 0.410
8791.000 0.409
8794.000 0.411
8797.000 0.412
8800.000 0.407
8803.000 0.411
8806.000 0.409
8809.000 0.412
8812.000 0.411
8815.000 0.420
8818.000 0.446
8821.000 0.449
8824.000 0.433
8827.000 0.414
8830.000 0.465
8833.000 0.433
8836.000 0.454
8839.000 0.428
8842.000 0.427
8845.000 0.436
8848.000 0.431
8851.000 0.432
8854.000 0.425
8857.000 0.424
8860.000 0.415
8863.000 0.416
8866.000 0.416
8869.000 0.411
8872.000 0.411
8875.000 0.411
8878.000 0.425
8881.000 0.421
8884.000 0.423
8887.000 0.421
8890.000 0.418
8893.000 0.420
8896.000 0.418
8899.000 0.434
8902.000 0.434
8905.000 0.427
8908.000 0.419
8911.000 0.417
8914.000 0.417
8917.000 0.412
8920.000 0.415
8923.000 0.416
8926.000 0.414
8929.000 0.411
8932.000 0.414
8935.000 0.413
8938.000 0.415
8941.000 0.426
8944.000 0.425
8947.000 0.430
8950.000 0.424
8953.000 0.423
8956.000 0.420
8959.000 0.418
8962.000 0.419
8965.000 0.419
8968.000 0.417
8971.000 0.410
8974.000 0.412
8977.000 0.417
8980.000 0.426
8983.000 0.427
8986.000 0.418
8989.000 0.417
8992.000 0.440
8995.000 0.436
8998.000 0.431
9001.000 0.431
9004.000 0.430
9007.000 0.428
9010.000 0.424
9013.000 0.420
9016.000 0.423
9019.000 0.415
9022.000 0.422
9025.000 0.424
9028.000 0.419
9031.000 0.434
9034.000 0.425
9037.000 0.421
9040.000 0.416
9043.000 0.420
9046.000 0.420
9049.000 0.414
9052.000 0.420
9055.000 0.414
9058.000 0.412
9061.000 0.414
9064.000 0.413
9067.000 0.416
9070.000 0.418
9073.000 0.424
9076.000 0.421
9079.000 0.417
9082.000 0.422
9085.000 0.421
9088.000 0.419
9091.000 0.416
9094.000 0.414
9097.000 0.417
9100.000 0.417
9103.000 0.413
9106.000 0.415
9109.000 0.420
9112.000 0.416
9115.000 0.415
9118.000 0.413
9121.000 0.418
9124.000 0.419
9127.000 0.422
9130.000 0.417
9133.000 0.422
9136.000 0.419
9139.000 0.421
9142.000 0.423
9145.000 0.425
9148.000 0.422
9151.000 0.423
9154.000 0.424
9157.000 0.425
9160.000 0.424
9163.000 0.423
9166.000 0.427
9169.000 0.439
9172.000 0.434
9175.000 0.425
9178.000 0.420
9181.000 0.417
9184.000 0.422
9187.000 0.422
9190.000 0.425
9193.000 0.424
9196.000 0.423
9199.000 0.420
9202.000 0.420
9205.000 0.421
9208.000 0.426
9211.000 0.424
9214.000 0.424
9217.000 0.423
9220.000 0.433
9223.000 0.430
9226.000 0.437
9229.000 0.435
9232.000 0.434
9235.000 0.431
9238.000 0.429
9241.000 0.423
9244.000 0.421
9247.000 0.423
9250.000 0.417
9253.000 0.419
9256.000 0.419
9259.000 0.415
9262.000 0.418
9265.000 0.419
9268.000 0.417
9271.000 0.416
9274.000 0.417
9277.000 0.414
9280.000 0.414
9283.000 0.416
9286.000 0.416
9289.000 0.417
9292.000 0.418
9295.000 0.415
9298.000 0.416
9301.000 0.417
9304.000 0.416
9307.000 0.420
9310.000 0.420
9313.000 0.417
9316.000 0.417
9319.000 0.418
9322.000 0.420
9325.000 0.413
9328.000 0.416
9331.000 0.420
9334.000 0.421
9337.000 0.422
9340.000 0.423
9343.000 0.421
9346.000 0.418
9349.000 0.422
9352.000 0.416
9355.000 0.420
9358.000 0.419
9361.000 0.420
9364.000 0.419
9367.000 0.422
9370.000 0.424
9373.000 0.426
9376.000 0.423
9379.000 0.422
9382.000 0.421
9385.000 0.422
9388.000 0.420
9391.000 0.421
9394.000 0.421
9397.000 0.417
9400.000 0.419
9403.000 0.419
9406.000 0.422
9409.000 0.420
9412.000 0.419
9415.000 0.420
9418.000 0.417
9421.000 0.420
9424.000 0.423
9427.000 0.420
9430.000 0.425
9433.000 0.422
9436.000 0.424
9439.000 0.421
9442.000 0.418
9445.000 0.419
9448.000 0.418
9451.000 0.421
9454.000 0.418
9457.000 0.416
9460.000 0.415
9463.000 0.416
9466.000 0.418
9469.000 0.418
9472.000 0.418
9475.000 0.416
9478.000 0.417
9481.000 0.414
9484.000 0.416
9487.000 0.416
9490.000 0.417
9493.000 0.416
9496.000 0.417
9499.000 0.418
9502.000 0.419
9505.000 0.418
9508.000 0.417
9511.000 0.416
9514.000 0.417
9517.000 0.420
9520.000 0.420
9523.000 0.422
9526.000 0.424
9529.000 0.420
9532.000 0.420
9535.000 0.427
9538.000 0.427
9541.000 0.423
9544.000 0.426
9547.000 0.426
9550.000 0.419
9553.000 0.421
9556.000 0.419
9559.000 0.418
9562.000 0.420
9565.000 0.423
9568.000 0.420
9571.000 0.424
9574.000 0.421
9577.000 0.418
9580.000 0.422
9583.000 0.422
9586.000 0.420
9589.000 0.419
9592.000 0.421
9595.000 0.419
9598.000 0.425
9601.000 0.425
9604.000 0.425
9607.000 0.423
9610.000 0.419
9613.000 0.425
9616.000 0.425
9619.000 0.424
9622.000 0.423
9625.000 0.421
9628.000 0.423
9631.000 0.424
9634.000 0.423
9637.000 0.425
9640.000 0.418
9643.000 0.421
9646.000 0.424
9649.000 0.425
9652.000 0.422
9655.000 0.420
9658.000 0.422
9661.000 0.420
9664.000 0.425
9667.000 0.421
9670.000 0.423
9673.000 0.424
9676.000 0.419
9679.000 0.420
9682.000 0.423
9685.000 0.424
9688.000 0.420
9691.000 0.421
9694.000 0.420
9697.000 0.420
9700.000 0.419
9703.000 0.429
9706.000 0.430
9709.000 0.430
9712.000 0.426
9715.000 0.431
9718.000 0.432
9721.000 0.430
9724.000 0.428
9727.000 0.427
9730.000 0.426
9733.000 0.420
9736.000 0.423
9739.000 0.423
9742.000 0.424
9745.000 0.424
9748.000 0.420
9751.000 0.433
9754.000 0.432
9757.000 0.430
9760.000 0.428
9763.000 0.426
9766.000 0.426
9769.000 0.428
9772.000 0.425
9775.000 0.427
9778.000 0.425
9781.000 0.428
9784.000 0.423
9787.000 0.429
9790.000 0.431
9793.000 0.426
9796.000 0.425
9799.000 0.426
9802.000 0.427
9805.000 0.433
9808.000 0.425
9811.000 0.433
9814.000 0.433
9817.000 0.434
9820.000 0.432
9823.000 0.427
9826.000 0.430
9829.000 0.434
9832.000 0.432
9835.000 0.435
9838.000 0.431
9841.000 0.429
9844.000 0.430
9847.000 0.426
9850.000 0.431
9853.000 0.433
9856.000 0.438
9859.000 0.434
9862.000 0.432
9865.000 0.433
9868.000 0.428
9871.000 0.434
9874.000 0.430
9877.000 0.428
9880.000 0.431
9883.000 0.433
9886.000 0.433
9889.000 0.431
9892.000 0.426
9895.000 0.434
9898.000 0.431
9901.000 0.433
9904.000 0.430
9907.000 0.431
9910.000 0.425
9913.000 0.430
9916.000 0.430
9919.000 0.432
9922.000 0.431
9925.000 0.434
9928.000 0.431
9931.000 0.441
9934.000 0.440
9937.000 0.441
9940.000 0.448
9943.000 0.448
9946.000 0.451
9949.000 0.455
9952.000 0.460
9955.000 0.461
9958.000 0.466
9961.000 0.474
9964.000 0.481
9967.000 0.484
9970.000 0.488
9973.000 0.493
9976.000 0.498
9979.000 0.507
9982.000 0.510
9985.000 0.511
9988.000 0.521
9991.000 0.529
9994.000 0.530
9997.000 0.517
10000.000 0.502
10003.000 0.466
10006.000 0.440
10009.000 0.426
10012.000 0.421
10015.000 0.437
10018.000 0.486
10021.000 0.528
10024.000 0.662
10027.000 0.905
10030.000 1.051
10033.000 1.428
10036.000 1.631
10039.000 2.070
10042.000 2.497
10045.000 2.692
10048.000 3.011
10051.000 3.140
10054.000 3.306
10057.000 3.361
10060.000 3.337
10063.000 3.053
10066.000 2.925
10069.000 2.805
10072.000 2.585
10075.000 2.496
10078.000 2.338
10081.000 2.270
10084.000 2.161
10087.000 2.081
10090.000 2.091
10093.000 2.054
10096.000 2.051
10099.000 2.056
10102.000 2.120
10105.000 2.151
10108.000 2.238
10111.000 2.264
10114.000 2.311
10117.000 2.328
10120.000 2.321
10123.000 2.260
10126.000 2.221
10129.000 2.094
10132.000 1.947
10135.000 1.868
10138.000 1.717
10141.000 1.637
10144.000 1.495
10147.000 1.372
10150.000 1.320
10153.000 1.254
10156.000 1.217
10159.000 1.157
10162.000 1.116
10165.000 1.103
10168.000 1.083
10171.000 1.079
10174.000 1.082
10177.000 1.103
10180.000 1.121
10183.000 1.169
10186.000 1.199
10189.000 1.269
10192.000 1.359
10195.000 1.419
10198.000 1.555
10201.000 1.639
10204.000 1.831
10207.000 2.059
10210.000 2.172
10213.000 2.410
10216.000 2.515
10219.000 2.676
10222.000 2.741
10225.000 2.732
10228.000 2.640
10231.000 2.577
10234.000 2.467
10237.000 2.375
10240.000 2.332
10243.000 2.305
10246.000 2.263
10249.000 2.171
10252.000 2.080
10255.000 2.042
10258.000 1.969
10261.000 1.939
10264.000 1.895
10267.000 1.862
10270.000 1.847
10273.000 1.821
10276.000 1.809
10279.000 1.796
10282.000 1.792
10285.000 1.795
10288.000 1.811
10291.000 1.820
10294.000 1.846
10297.000 1.884
10300.000 1.904
10303.000 1.958
10306.000 1.981
10309.000 2.040
10312.000 2.096
10315.000 2.130
10318.000 2.222
10321.000 2.272
10324.000 2.328
10327.000 2.374
10330.000 2.414
10333.000 2.435
10336.000 2.423
10339.000 2.369
10342.000 2.277
10345.000 2.218
10348.000 2.068
10351.000 1.991
10354.000 1.818
10357.000 1.645
10360.000 1.565
10363.000 1.409
10366.000 1.330
10369.000 1.197
10372.000 1.106
10375.000 1.050
10378.000 0.972
10381.000 0.929
10384.000 0.852
10387.000 0.824
10390.000 0.793
10393.000 0.753
10396.000 0.739
10399.000 0.707
10402.000 0.697
10405.000 0.688
10408.000 0.682
10411.000 0.680
10414.000 0.689
10417.000 0.696
10420.000 0.719
10423.000 0.749
10426.000 0.767
10429.000 0.814
10432.000 0.846
10435.000 0.912
10438.000 1.001
10441.000 1.048
10444.000 1.159
10447.000 1.222
10450.000 1.370
10453.000 1.533
10456.000 1.618
10459.000 1.783
10462.000 1.852
10465.000 1.956
10468.000 1.990
10471.000 1.976
10474.000 1.906
10477.000 1.864
10480.000 1.791
10483.000 1.733
10486.000 1.702
10489.000 1.644
10492.000 1.613
10495.000 1.558
10498.000 1.503
10501.000 1.481
10504.000 1.431
10507.000 1.414
10510.000 1.383
10513.000 1.352
10516.000 1.344
10519.000 1.326
10522.000 1.322
10525.000 1.307
10528.000 1.298
10531.000 1.296
10534.000 1.295
10537.000 1.297
10540.000 1.310
10543.000 1.316
10546.000 1.323
10549.000 1.341
10552.000 1.353
10555.000 1.373
10558.000 1.391
10561.000 1.399
10564.000 1.423
10567.000 1.434
10570.000 1.456
10573.000 1.470
10576.000 1.467
10579.000 1.456
10582.000 1.446
10585.000 1.416
10588.000 1.374
10591.000 1.343
10594.000 1.274
10597.000 1.233
10600.000 1.152
10603.000 1.063
10606.000 1.025
10609.000 0.942
10612.000 0.908
10615.000 0.818
10618.000 0.723
10621.000 0.680
10624.000 0.599
10627.000 0.562
10630.000 0.500
10633.000 0.434
10636.000 0.406
10639.000 0.355
10642.000 0.330
10645.000 0.289
10648.000 0.258
10651.000 0.246
10654.000 0.222
10657.000 0.214
10660.000 0.202
10663.000 0.201
10666.000 0.209
10669.000 0.237
10672.000 0.254
10675.000 0.304
10678.000 0.347
10681.000 0.390
10684.000 0.490
10687.000 0.537
10690.000 0.650
10693.000 0.768
10696.000 0.828
10699.000 0.951
10702.000 1.008
10705.000 1.100
10708.000 1.172
10711.000 1.197
10714.000 1.218
10717.000 1.217
10720.000 1.197
10723.000 1.163
10726.000 1.141
10729.000 1.087
10732.000 1.062
10735.000 1.017
10738.000 0.986
10741.000 0.937
10744.000 0.891
10747.000 0.867
10750.000 0.834
10753.000 0.824
10756.000 0.813
10759.000 0.808
10762.000 0.806
10765.000 0.811
10768.000 0.813
10771.000 0.811
10774.000 0.804
10777.000 0.804
10780.000 0.803
10783.000 0.795
10786.000 0.786
10789.000 0.778
10792.000 0.763
10795.000 0.721
10798.000 0.705
10801.000 0.649
10804.000 0.595
10807.000 0.559
10810.000 0.495
10813.000 0.476
10816.000 0.423
10819.000 0.373
10822.000 0.354
10825.000 0.321
10828.000 0.306
10831.000 0.288
10834.000 0.273
10837.000 0.271
10840.000 0.268
10843.000 0.266
10846.000 0.269
10849.000 0.282
10852.000 0.292
10855.000 0.306
10858.000 0.318
10861.000 0.339
10864.000 0.364
10867.000 0.373
10870.000 0.418
10873.000 0.422
10876.000 0.421
10879.000 0.427
10882.000 0.430
10885.000 0.428
10888.000 0.431
10891.000 0.432
10894.000 0.427
10897.000 0.431
10900.000 0.430
10903.000 0.428
10906.000 0.429
10909.000 0.432
10912.000 0.429
10915.000 0.429
10918.000 0.428
10921.000 0.432
10924.000 0.431
10927.000 0.433
10930.000 0.427
10933.000 0.429
10936.000 0.429
10939.000 0.426
10942.000 0.425
10945.000 0.424
10948.000 0.424
10951.000 0.424
10954.000 0.423
10957.000 0.426
10960.000 0.423
10963.000 0.422
10966.000 0.423
10969.000 0.425
10972.000 0.420
10975.000 0.421
10978.000 0.428
10981.000 0.436
10984.000 0.437
10987.000 0.431
10990.000 0.424
10993.000 0.425
10996.000 0.424
10999.000 0.428
11002.000 0.424
11005.000 0.422
11008.000 0.422
11011.000 0.424
11014.000 0.429
11017.000 0.427
11020.000 0.432
11023.000 0.432
11026.000 0.437
11029.000 0.443
11032.000 0.448
11035.000 0.438
11038.000 0.460
11041.000 0.446
11044.000 0.440
11047.000 0.435
11050.000 0.433
11053.000 0.432
11056.000 0.429
11059.000 0.427
11062.000 0.427
11065.000 0.423
11068.000 0.421
11071.000 0.420
11074.000 0.418
11077.000 0.418
11080.000 0.419
11083.000 0.417
11086.000 0.418
11089.000 0.415
11092.000 0.414
11095.000 0.418
11098.000 0.421
11101.000 0.422
11104.000 0.420
11107.000 0.424
11110.000 0.421
11113.000 0.418
11116.000 0.419
11119.000 0.418
11122.000 0.418
11125.000 0.419
11128.000 0.421
11131.000 0.420
11134.000 0.421
11137.000 0.421
11140.000 0.417
11143.000 0.421
11146.000 0.418
11149.000 0.417
11152.000 0.418
11155.000 0.419
11158.000 0.420
11161.000 0.424
11164.000 0.422
11167.000 0.422
11170.000 0.421
11173.000 0.419
11176.000 0.422
11179.000 0.423
11182.000 0.419
11185.000 0.421
11188.000 0.420
11191.000 0.421
11194.000 0.421
11197.000 0.420
11200.000 0.417
11203.000 0.418
11206.000 0.418
11209.000 0.419
11212.000 0.417
11215.000 0.416
11218.000 0.419
11221.000 0.419
11224.000 0.418
11227.000 0.421
11230.000 0.421
11233.000 0.417
11236.000 0.418
11239.000 0.419
11242.000 0.416
11245.000 0.415
11248.000 0.413
11251.000 0.415
11254.000 0.415
11257.000 0.415
11260.000 0.415
11263.000 0.411
11266.000 0.412
11269.000 0.416
11272.000 0.413
11275.000 0.412
11278.000 0.412
11281.000 0.414
11284.000 0.413
11287.000 0.414
11290.000 0.413
11293.000 0.417
11296.000 0.417
11299.000 0.414
11302.000 0.414
11305.000 0.413
11308.000 0.411
11311.000 0.414
11314.000 0.415
11317.000 0.415
11320.000 0.412
11323.000 0.412
11326.000 0.412
11329.000 0.413
11332.000 0.416
11335.000 0.413
11338.000 0.410
11341.000 0.409
11344.000 0.415
11347.000 0.410
11350.000 0.411
11353.000 0.412
11356.000 0.416
11359.000 0.419
11362.000 0.413
11365.000 0.414
11368.000 0.414
11371.000 0.413
11374.000 0.413
11377.000 0.413
11380.000 0.417
11383.000 0.414
11386.000 0.414
11389.000 0.415
11392.000 0.413
11395.000 0.413
11398.000 0.418
11401.000 0.415
11404.000 0.413
11407.000 0.414
11410.000 0.413
11413.000 0.412
11416.000 0.416
11419.000 0.414
11422.000 0.414
11425.000 0.413
11428.000 0.411
11431.000 0.413
11434.000 0.409
11437.000 0.410
11440.000 0.413
11443.000 0.411
11446.000 0.411
11449.000 0.415
11452.000 0.410
11455.000 0.412
11458.000 0.412
11461.000 0.412
11464.000 0.412
11467.000 0.412
11470.000 0.412
11473.000 0.415
11476.000 0.412
11479.000 0.413
11482.000 0.411
11485.000 0.414
11488.000 0.413
11491.000 0.412
11494.000 0.407
11497.000 0.409
11500.000 0.407
11503.000 0.413
11506.000 0.415
11509.000 0.415
11512.000 0.413
11515.000 0.415
11518.000 0.414
11521.000 0.415
11524.000 0.416
11527.000 0.414
11530.000 0.415
11533.000 0.411
11536.000 0.410
11539.000 0.412
11542.000 0.414
11545.000 0.413
11548.000 0.410
11551.000 0.410
11554.000 0.410
11557.000 0.409
11560.000 0.409
11563.000 0.406
11566.000 0.407
11569.000 0.406
11572.000 0.409
11575.000 0.408
11578.000 0.408
11581.000 0.408
11584.000 0.407
11587.000 0.407
11590.000 0.410
11593.000 0.413
11596.000 0.412
11599.000 0.413
11602.000 0.414
11605.000 0.415
11608.000 0.413
11611.000 0.413
11614.000 0.412
11617.000 0.411
11620.000 0.410
11623.000 0.411
11626.000 0.410
11629.000 0.407
11632.000 0.416
11635.000 0.416
11638.000 0.415
11641.000 0.412
11644.000 0.408
11647.000 0.409
11650.000 0.412
11653.000 0.411
11656.000 0.407
11659.000 0.407
11662.000 0.407
11665.000 0.409
11668.000 0.407
11671.000 0.407
11674.000 0.407
11677.000 0.408
11680.000 0.406
11683.000 0.414
11686.000 0.418
11689.000 0.419
11692.000 0.417
11695.000 0.415
11698.000 0.422
11701.000 0.419
11704.000 0.413
11707.000 0.412
11710.000 0.409
11713.000 0.411
11716.000 0.418
11719.000 0.413
11722.000 0.411
11725.000 0.414
11728.000 0.411
11731.000 0.412
11734.000 0.418
11737.000 0.415
11740.000 0.415
11743.000 0.414
11746.000 0.417
11749.000 0.412
11752.000 0.411
11755.000 0.407
11758.000 0.407
11761.000 0.409
11764.000 0.406
11767.000 0.411
11770.000 0.413
11773.000 0.407
11776.000 0.406
11779.000 0.403
11782.000 0.401
11785.000 0.402
11788.000 0.401
11791.000 0.397
11794.000 0.400
11797.000 0.398
11800.000 0.401
11803.000 0.402
11806.000 0.398
11809.000 0.417
11812.000 0.415
11815.000 0.411
11818.000 0.411
11821.000 0.408
11824.000 0.406
11827.000 0.403
11830.000 0.401
11833.000 0.401
11836.000 0.404
11839.000 0.403
11842.000 0.402
11845.000 0.401
11848.000 0.402
11851.000 0.402
11854.000 0.403
11857.000 0.403
11860.000 0.402
11863.000 0.402
11866.000 0.404
11869.000 0.400
11872.000 0.399
11875.000 0.399
11878.000 0.397
11881.000 0.397
11884.000 0.400
11887.000 0.403
11890.000 0.401
11893.000 0.403
11896.000 0.404
11899.000 0.401
11902.000 0.406
11905.000 0.405
11908.000 0.401
11911.000 0.400
11914.000 0.398
11917.000 0.397
11920.000 0.399
11923.000 0.397
11926.000 0.397
11929.000 0.398
11932.000 0.399
11935.000 0.398
11938.000 0.400
11941.000 0.399
11944.000 0.396
11947.000 0.398
11950.000 0.398
11953.000 0.397
11956.000 0.396
11959.000 0.395
11962.000 0.396
11965.000 0.395
11968.000 0.399
11971.000 0.398
11974.000 0.396
11977.000 0.397
11980.000 0.399
11983.000 0.401
11986.000 0.398
11989.000 0.403
11992.000 0.402
11995.000 0.408
11998.000 0.407
12001.000 0.409
