103.000 0.052
106.000 0.421
109.000 0.910
112.000 1.203
115.000 1.514
118.000 1.812
121.000 2.213
124.000 2.586
127.000 2.782
130.000 2.793
133.000 2.750
136.000 2.732
139.000 2.558
142.000 2.509
145.000 2.477
148.000 2.468
151.000 2.444
154.000 3.237
157.000 2.875
160.000 2.571
163.000 2.698
166.000 2.126
169.000 2.420
172.000 2.642
175.000 3.475
178.000 1.607
181.000 3.623
184.000 2.590
187.000 5.013
190.000 2.641
193.000 2.026
196.000 2.186
199.000 2.407
202.000 2.649
205.000 3.885
208.000 3.716
211.000 2.334
214.000 3.724
217.000 5.130
220.000 3.858
223.000 2.315
226.000 2.756
229.000 3.384
232.000 3.510
235.000 6.521
238.000 5.599
241.000 3.649
244.000 3.047
247.000 2.727
250.000 2.823
253.000 2.611
256.000 2.530
259.000 2.613
262.000 2.494
265.000 2.816
268.000 2.800
271.000 2.912
274.000 4.004
277.000 3.871
280.000 4.214
283.000 4.627
286.000 4.980
289.000 5.841
292.000 11.169
295.000 11.296
298.000 9.397
301.000 11.494
304.000 11.207
307.000 13.570
310.000 13.026
313.000 14.099
316.000 18.620
319.000 19.558
322.000 24.045
325.000 28.037
328.000 30.698
331.000 35.039
334.000 37.214
337.000 39.683
340.000 40.140
343.000 39.542
346.000 35.692
349.000 33.607
352.000 29.085
355.000 25.397
358.000 23.906
361.000 21.210
364.000 20.132
367.000 18.221
370.000 16.795
373.000 16.281
376.000 15.559
379.000 15.288
382.000 15.065
385.000 14.897
388.000 14.833
391.000 14.767
394.000 14.699
397.000 16.040
400.000 16.056
403.000 15.771
406.000 15.653
409.000 15.948
412.000 16.823
415.000 17.278
418.000 17.150
421.000 17.047
424.000 17.464
427.000 16.687
430.000 16.391
433.000 16.312
436.000 16.019
439.000 15.905
442.000 15.723
445.000 15.663
448.000 15.513
451.000 15.484
454.000 15.493
457.000 15.449
460.000 15.419
463.000 15.376
466.000 15.289
469.000 15.237
472.000 15.166
475.000 15.130
478.000 15.043
481.000 15.038
484.000 15.050
487.000 15.049
490.000 15.133
493.000 15.200
496.000 15.330
499.000 15.393
502.000 15.695
505.000 16.059
508.000 16.278
511.000 16.761
514.000 17.060
517.000 17.715
520.000 18.139
523.000 19.031
526.000 20.215
529.000 20.866
532.000 22.448
535.000 24.487
538.000 25.584
541.000 28.116
544.000 29.389
547.000 31.654
550.000 32.610
553.000 32.688
556.000 31.251
559.000 29.583
562.000 26.228
565.000 24.430
568.000 21.461
571.000 18.875
574.000 17.748
577.000 15.608
580.000 14.782
583.000 13.323
586.000 11.918
589.000 11.438
592.000 10.515
595.000 10.188
598.000 9.330
601.000 8.396
604.000 7.907
607.000 7.360
610.000 7.158
613.000 6.550
616.000 6.039
619.000 5.800
622.000 5.370
625.000 5.186
628.000 4.888
631.000 4.544
634.000 4.381
637.000 4.026
640.000 3.907
643.000 3.679
646.000 3.609
649.000 3.497
652.000 3.493
655.000 3.536
658.000 3.382
661.000 3.222
664.000 3.116
667.000 2.962
670.000 2.915
673.000 3.044
676.000 3.236
679.000 3.318
682.000 2.968
685.000 2.943
688.000 2.859
691.000 2.786
694.000 2.769
697.000 2.758
700.000 2.744
703.000 2.826
706.000 2.910
709.000 2.947
712.000 3.080
715.000 2.808
718.000 5.171
721.000 4.683
724.000 4.624
727.000 4.552
730.000 4.532
733.000 4.657
736.000 4.755
739.000 4.987
742.000 5.505
745.000 5.749
748.000 6.380
751.000 6.667
754.000 7.648
757.000 8.385
760.000 8.734
763.000 9.202
766.000 8.946
769.000 8.622
772.000 7.562
775.000 7.123
778.000 6.176
781.000 5.408
784.000 4.998
787.000 4.288
790.000 4.102
793.000 3.721
796.000 3.327
799.000 3.091
802.000 2.756
805.000 2.547
808.000 2.351
811.000 2.126
814.000 2.052
817.000 1.946
820.000 1.847
823.000 1.643
826.000 1.555
829.000 1.679
832.000 1.505
835.000 1.418
838.000 1.327
841.000 1.322
844.000 1.219
847.000 1.141
850.000 1.110
853.000 1.059
856.000 1.025
859.000 0.984
862.000 0.932
865.000 0.940
868.000 0.895
871.000 0.883
874.000 0.870
877.000 0.853
880.000 0.849
883.000 0.826
886.000 0.817
889.000 0.819
892.000 0.814
895.000 0.812
898.000 0.815
901.000 0.811
904.000 0.816
907.000 0.818
910.000 0.836
913.000 0.888
916.000 0.851
919.000 0.889
922.000 0.906
925.000 0.919
928.000 0.963
931.000 0.985
934.000 1.041
937.000 1.068
940.000 1.133
943.000 1.219
946.000 1.268
949.000 1.383
952.000 1.537
955.000 1.615
958.000 1.844
961.000 1.978
964.000 2.287
967.000 2.596
970.000 2.773
973.000 2.994
976.000 3.040
979.000 2.938
982.000 2.915
985.000 2.768
988.000 2.380
991.000 2.207
994.000 1.907
997.000 1.783
1000.000 1.582
1003.000 1.401
1006.000 1.313
1009.000 1.175
1012.000 1.121
1015.000 1.032
1018.000 0.932
1021.000 0.890
1024.000 0.830
1027.000 0.782
1030.000 0.762
1033.000 0.730
1036.000 0.709
1039.000 0.684
1042.000 0.664
1045.000 0.656
1048.000 0.641
1051.000 0.632
1054.000 0.621
1057.000 0.617
1060.000 0.608
1063.000 0.608
1066.000 0.605
1069.000 0.634
1072.000 0.593
1075.000 1.611
1078.000 1.253
1081.000 1.287
1084.000 0.926
1087.000 0.924
1090.000 0.908
1093.000 0.852
1096.000 0.845
1099.000 0.797
1102.000 0.788
1105.000 0.792
1108.000 0.781
1111.000 1.383
1114.000 1.414
1117.000 1.989
1120.000 1.774
1123.000 1.510
1126.000 1.421
1129.000 1.640
1132.000 2.000
1135.000 1.837
1138.000 1.735
1141.000 1.677
1144.000 1.532
1147.000 1.592
1150.000 1.595
1153.000 1.765
1156.000 2.257
1159.000 3.228
1162.000 2.736
1165.000 2.681
1168.000 2.741
1171.000 2.770
1174.000 2.793
1177.000 2.875
1180.000 2.798
1183.000 2.591
1186.000 2.554
1189.000 2.571
1192.000 2.228
1195.000 2.102
1198.000 1.825
1201.000 1.733
1204.000 1.528
1207.000 1.380
1210.000 1.318
1213.000 1.211
1216.000 1.169
1219.000 1.084
1222.000 1.024
1225.000 1.002
1228.000 0.960
1231.000 0.927
1234.000 0.898
1237.000 0.870
1240.000 0.860
1243.000 0.838
1246.000 0.833
1249.000 0.822
1252.000 0.819
1255.000 0.814
1258.000 0.811
1261.000 0.813
1264.000 0.820
1267.000 0.827
1270.000 0.833
1273.000 0.845
1276.000 0.853
1279.000 0.879
1282.000 0.888
1285.000 1.137
1288.000 1.180
1291.000 1.142
1294.000 1.140
1297.000 1.146
1300.000 1.172
1303.000 1.217
1306.000 1.246
1309.000 1.303
1312.000 1.546
1315.000 1.508
1318.000 1.595
1321.000 1.665
1324.000 1.837
1327.000 2.001
1330.000 2.254
1333.000 2.642
1336.000 2.876
1339.000 3.226
1342.000 3.415
1345.000 3.898
1348.000 4.277
1351.000 4.409
1354.000 5.101
1357.000 4.924
1360.000 4.544
1363.000 4.060
1366.000 3.820
1369.000 3.363
1372.000 3.198
1375.000 2.876
1378.000 2.657
1381.000 2.583
1384.000 2.562
1387.000 2.394
1390.000 2.216
1393.000 2.093
1396.000 2.571
1399.000 2.288
1402.000 2.198
1405.000 1.999
1408.000 1.934
1411.000 1.812
1414.000 1.744
1417.000 1.712
1420.000 1.667
1423.000 1.990
1426.000 1.912
1429.000 2.020
1432.000 2.376
1435.000 2.180
1438.000 2.068
1441.000 2.044
1444.000 1.929
1447.000 1.932
1450.000 1.889
1453.000 1.879
1456.000 2.199
1459.000 2.485
1462.000 2.399
1465.000 2.287
1468.000 2.272
1471.000 2.724
1474.000 6.753
1477.000 6.404
1480.000 4.076
1483.000 3.839
1486.000 3.520
1489.000 3.295
1492.000 3.196
1495.000 3.177
1498.000 3.175
1501.000 3.262
1504.000 3.284
1507.000 3.570
1510.000 3.860
1513.000 4.244
1516.000 4.365
1519.000 4.212
1522.000 5.174
1525.000 4.953
1528.000 4.509
1531.000 4.573
1534.000 5.402
1537.000 5.057
1540.000 4.090
1543.000 4.002
1546.000 3.924
1549.000 3.105
1552.000 2.838
1555.000 2.429
1558.000 2.285
1561.000 2.031
1564.000 1.831
1567.000 1.745
1570.000 1.585
1573.000 1.447
1576.000 1.388
1579.000 1.290
1582.000 1.251
1585.000 1.183
1588.000 1.137
1591.000 1.116
1594.000 1.096
1597.000 1.087
1600.000 1.082
1603.000 1.061
1606.000 1.056
1609.000 1.059
1612.000 1.078
1615.000 1.077
1618.000 1.114
1621.000 1.125
1624.000 1.179
1627.000 1.213
1630.000 1.296
1633.000 1.349
1636.000 1.479
1639.000 1.650
1642.000 1.736
1645.000 1.846
1648.000 1.885
1651.000 1.907
1654.000 1.878
1657.000 1.841
1660.000 1.791
1663.000 1.664
1666.000 1.513
1669.000 1.329
1672.000 1.258
1675.000 1.115
1678.000 1.071
1681.000 0.986
1684.000 0.921
1687.000 0.896
1690.000 0.867
1693.000 0.857
1696.000 0.851
1699.000 0.860
1702.000 0.871
1705.000 0.885
1708.000 0.930
1711.000 0.956
1714.000 0.971
1717.000 1.024
1720.000 1.086
1723.000 1.123
1726.000 1.213
1729.000 1.332
1732.000 1.379
1735.000 1.443
1738.000 1.537
1741.000 1.626
1744.000 1.630
1747.000 1.617
1750.000 1.529
1753.000 1.460
1756.000 1.268
1759.000 1.048
1762.000 0.936
1765.000 0.758
1768.000 0.685
1771.000 0.569
1774.000 0.480
1777.000 0.446
1780.000 0.388
1783.000 0.366
1786.000 0.331
1789.000 0.298
1792.000 0.287
1795.000 0.267
1798.000 0.261
1801.000 0.248
1804.000 0.238
1807.000 0.234
1810.000 0.225
1813.000 0.222
1816.000 0.218
1819.000 0.215
1822.000 0.213
1825.000 0.208
1828.000 0.207
1831.000 0.206
1834.000 0.202
1837.000 0.202
1840.000 0.198
1843.000 0.202
1846.000 0.201
1849.000 0.202
1852.000 0.295
1855.000 0.275
1858.000 0.266
1861.000 0.253
1864.000 0.247
1867.000 0.239
1870.000 0.234
1873.000 0.232
1876.000 0.226
1879.000 0.223
1882.000 0.218
1885.000 0.215
1888.000 0.215
1891.000 0.211
1894.000 0.212
1897.000 0.207
1900.000 0.210
1903.000 0.206
1906.000 0.222
1909.000 0.235
1912.000 0.227
1915.000 0.223
1918.000 0.216
1921.000 0.213
1924.000 0.209
1927.000 0.199
1930.000 0.199
1933.000 0.193
1936.000 0.192
1939.000 0.187
1942.000 0.179
1945.000 0.174
1948.000 0.171
1951.000 0.165
1954.000 0.162
1957.000 0.153
1960.000 0.145
1963.000 0.146
1966.000 0.137
1969.000 0.133
1972.000 0.130
1975.000 0.130
1978.000 0.124
1981.000 0.143
1984.000 0.148
1987.000 0.144
1990.000 0.139
1993.000 0.145
1996.000 0.138
1999.000 0.146
2002.000 0.146
2005.000 0.146
2008.000 0.159
2011.000 0.346
2014.000 0.327
2017.000 0.306
2020.000 0.282
2023.000 0.277
2026.000 0.250
2029.000 0.255
2032.000 0.298
2035.000 0.278
2038.000 0.269
2041.000 0.253
2044.000 0.249
2047.000 0.264
2050.000 0.260
2053.000 0.261
2056.000 0.257
2059.000 0.255
2062.000 0.239
2065.000 0.235
2068.000 0.231
2071.000 0.223
2074.000 0.228
2077.000 0.218
2080.000 0.219
2083.000 0.233
2086.000 0.269
2089.000 0.259
2092.000 0.246
2095.000 0.236
2098.000 0.233
2101.000 0.229
2104.000 0.247
2107.000 0.313
2110.000 0.314
2113.000 0.301
2116.000 0.292
2119.000 0.276
2122.000 0.262
2125.000 0.255
2128.000 0.250
2131.000 0.246
2134.000 0.241
2137.000 0.235
2140.000 0.233
2143.000 0.230
2146.000 0.230
2149.000 0.226
2152.000 0.227
2155.000 0.224
2158.000 0.223
2161.000 0.225
2164.000 0.359
2167.000 0.431
2170.000 0.413
2173.000 0.366
2176.000 0.336
2179.000 0.378
2182.000 0.344
2185.000 0.331
2188.000 0.311
2191.000 0.293
2194.000 0.284
2197.000 0.272
2200.000 0.269
2203.000 0.280
2206.000 0.312
2209.000 0.303
2212.000 0.552
2215.000 0.511
2218.000 0.439
2221.000 0.392
2224.000 0.373
2227.000 0.341
2230.000 0.329
2233.000 0.312
2236.000 0.291
2239.000 0.284
2242.000 0.281
2245.000 0.276
2248.000 0.266
2251.000 0.259
2254.000 0.255
2257.000 0.330
2260.000 0.354
2263.000 0.355
2266.000 0.329
2269.000 0.318
2272.000 0.302
2275.000 0.302
2278.000 0.282
2281.000 0.274
2284.000 0.268
2287.000 0.263
2290.000 0.260
2293.000 0.254
2296.000 0.249
2299.000 0.247
2302.000 0.247
2305.000 0.245
2308.000 0.245
2311.000 0.244
2314.000 0.246
2317.000 0.244
2320.000 0.246
2323.000 0.246
2326.000 0.246
2329.000 0.245
2332.000 0.245
2335.000 0.247
2338.000 0.248
2341.000 0.248
2344.000 0.248
2347.000 0.252
2350.000 0.250
2353.000 0.249
2356.000 0.253
2359.000 0.252
2362.000 0.251
2365.000 0.257
2368.000 0.253
2371.000 0.254
2374.000 0.255
2377.000 0.254
2380.000 0.254
2383.000 0.256
2386.000 0.255
2389.000 0.257
2392.000 0.258
2395.000 0.259
2398.000 0.260
2401.000 0.261
2404.000 0.261
2407.000 0.265
2410.000 0.264
2413.000 0.264
2416.000 0.266
2419.000 0.266
2422.000 0.267
2425.000 0.266
2428.000 0.269
2431.000 0.270
2434.000 0.269
2437.000 0.269
2440.000 0.273
2443.000 0.279
2446.000 0.276
2449.000 0.275
2452.000 0.282
2455.000 0.301
2458.000 0.398
2461.000 0.401
2464.000 0.390
2467.000 0.364
2470.000 0.350
2473.000 0.332
2476.000 0.322
2479.000 0.311
2482.000 0.300
2485.000 0.293
2488.000 0.288
2491.000 0.287
2494.000 0.285
2497.000 0.284
2500.000 0.282
2503.000 0.281
2506.000 0.279
2509.000 0.280
2512.000 0.280
2515.000 0.277
2518.000 0.274
2521.000 0.277
2524.000 0.275
2527.000 0.276
2530.000 0.276
2533.000 0.274
2536.000 0.273
2539.000 0.275
2542.000 0.274
2545.000 0.277
2548.000 0.276
2551.000 0.277
2554.000 0.310
2557.000 0.305
2560.000 0.298
2563.000 0.289
2566.000 0.288
2569.000 0.282
2572.000 0.282
2575.000 0.284
2578.000 0.290
2581.000 0.292
2584.000 0.292
2587.000 0.287
2590.000 0.312
2593.000 0.310
2596.000 0.341
2599.000 0.368
2602.000 0.348
2605.000 0.338
2608.000 0.323
2611.000 0.318
2614.000 0.311
2617.000 0.309
2620.000 0.314
2623.000 0.490
2626.000 0.460
2629.000 0.416
2632.000 0.380
2635.000 0.367
2638.000 0.344
2641.000 0.336
2644.000 0.324
2647.000 0.316
2650.000 0.317
2653.000 0.316
2656.000 0.317
2659.000 0.317
2662.000 0.317
2665.000 0.316
2668.000 0.340
2671.000 0.345
2674.000 0.333
2677.000 0.339
2680.000 0.376
2683.000 0.354
2686.000 0.341
2689.000 0.352
2692.000 0.349
2695.000 0.338
2698.000 0.329
2701.000 0.331
2704.000 0.328
2707.000 0.331
2710.000 0.332
2713.000 0.705
2716.000 0.691
2719.000 0.588
2722.000 0.505
2725.000 0.475
2728.000 0.428
2731.000 0.413
2734.000 0.382
2737.000 0.368
2740.000 0.363
2743.000 0.464
2746.000 0.439
2749.000 0.397
2752.000 0.377
2755.000 0.370
2758.000 0.362
2761.000 0.358
2764.000 0.368
2767.000 0.354
2770.000 0.355
2773.000 0.406
2776.000 0.399
2779.000 0.376
2782.000 0.369
2785.000 0.372
2788.000 0.360
2791.000 0.357
2794.000 0.356
2797.000 0.357
2800.000 0.355
2803.000 0.357
2806.000 0.354
2809.000 0.358
2812.000 0.351
2815.000 0.354
2818.000 0.351
2821.000 0.352
2824.000 0.364
2827.000 0.354
2830.000 0.352
2833.000 0.352
2836.000 0.356
2839.000 0.330
2842.000 0.457
2845.000 0.437
2848.000 0.415
2851.000 0.387
2854.000 0.369
2857.000 0.358
2860.000 0.355
2863.000 0.356
2866.000 0.355
2869.000 0.502
2872.000 0.474
2875.000 0.433
2878.000 0.419
2881.000 0.388
2884.000 0.366
2887.000 0.364
2890.000 0.353
2893.000 0.346
2896.000 0.394
2899.000 0.396
2902.000 0.378
2905.000 0.365
2908.000 0.357
2911.000 0.347
2914.000 0.341
2917.000 0.339
2920.000 0.338
2923.000 0.647
2926.000 0.667
2929.000 0.601
2932.000 0.563
2935.000 0.477
2938.000 0.424
2941.000 0.402
2944.000 0.367
2947.000 0.354
2950.000 0.335
2953.000 0.325
2956.000 0.320
2959.000 0.313
2962.000 0.315
2965.000 0.306
2968.000 0.313
2971.000 0.315
2974.000 0.315
2977.000 0.324
2980.000 0.308
2983.000 0.307
2986.000 0.310
2989.000 0.310
2992.000 0.294
2995.000 0.303
2998.000 0.312
3001.000 0.313
3004.000 0.302
3007.000 0.306
3010.000 0.317
3013.000 0.301
3016.000 0.298
3019.000 0.313
3022.000 0.332
3025.000 0.327
3028.000 0.307
3031.000 0.296
3034.000 0.309
3037.000 0.303
3040.000 0.305
3043.000 0.325
3046.000 0.327
3049.000 0.300
3052.000 0.310
3055.000 0.313
3058.000 0.315
3061.000 0.320
3064.000 0.311
3067.000 0.313
3070.000 0.315
3073.000 0.313
3076.000 0.316
3079.000 0.315
3082.000 0.309
3085.000 0.316
3088.000 0.319
3091.000 0.317
3094.000 0.318
3097.000 0.316
3100.000 0.320
3103.000 0.318
3106.000 0.318
3109.000 0.318
3112.000 0.321
3115.000 0.322
3118.000 0.321
3121.000 0.322
3124.000 0.323
3127.000 0.324
3130.000 0.325
3133.000 0.323
3136.000 0.327
3139.000 0.325
3142.000 0.328
3145.000 0.330
3148.000 0.326
3151.000 0.335
3154.000 0.334
3157.000 0.332
3160.000 0.334
3163.000 0.336
3166.000 0.335
3169.000 0.337
3172.000 0.334
3175.000 0.336
3178.000 0.339
3181.000 0.338
3184.000 0.343
3187.000 0.338
3190.000 0.337
3193.000 0.344
3196.000 0.346
3199.000 0.347
3202.000 0.349
3205.000 0.348
3208.000 0.353
3211.000 0.352
3214.000 0.355
3217.000 0.349
3220.000 0.356
3223.000 0.353
3226.000 0.354
3229.000 0.357
3232.000 0.357
3235.000 0.361
3238.000 0.359
3241.000 0.364
3244.000 0.362
3247.000 0.362
3250.000 0.359
3253.000 0.364
3256.000 0.362
3259.000 0.363
3262.000 0.361
3265.000 0.359
3268.000 0.361
3271.000 0.362
3274.000 0.360
3277.000 0.359
3280.000 0.358
3283.000 0.360
3286.000 0.360
3289.000 0.365
3292.000 0.365
3295.000 0.357
3298.000 0.358
3301.000 0.359
3304.000 0.356
3307.000 0.357
3310.000 0.359
3313.000 0.358
3316.000 0.360
3319.000 0.371
3322.000 0.382
3325.000 0.410
3328.000 0.410
3331.000 0.404
3334.000 0.391
3337.000 0.392
3340.000 0.391
3343.000 0.392
3346.000 0.414
3349.000 0.449
3352.000 0.448
3355.000 0.456
3358.000 0.468
3361.000 0.483
3364.000 0.554
3367.000 0.584
3370.000 0.668
3373.000 0.729
3376.000 0.898
3379.000 1.130
3382.000 1.297
3385.000 1.744
3388.000 2.066
3391.000 2.864
3394.000 3.928
3397.000 4.595
3400.000 5.223
3403.000 6.509
3406.000 7.617
3409.000 7.976
3412.000 8.319
3415.000 8.136
3418.000 7.967
3421.000 7.824
3424.000 7.727
3427.000 7.638
3430.000 7.684
3433.000 7.940
3436.000 8.418
3439.000 9.104
3442.000 9.536
3445.000 10.489
3448.000 10.992
3451.000 11.947
3454.000 12.610
3457.000 12.735
3460.000 12.442
3463.000 12.010
3466.000 10.653
3469.000 9.838
3472.000 8.272
3475.000 7.006
3478.000 6.474
3481.000 5.622
3484.000 5.273
3487.000 4.767
3490.000 4.412
3493.000 4.312
3496.000 4.192
3499.000 4.183
3502.000 4.237
3505.000 4.373
3508.000 4.453
3511.000 4.653
3514.000 4.997
3517.000 5.123
3520.000 5.273
3523.000 5.786
3526.000 6.313
3529.000 6.849
3532.000 7.126
3535.000 7.729
3538.000 7.970
3541.000 8.211
3544.000 8.286
3547.000 8.168
3550.000 7.859
3553.000 7.669
3556.000 7.288
3559.000 6.826
3562.000 6.597
3565.000 6.097
3568.000 5.856
3571.000 5.407
3574.000 5.028
3577.000 4.871
3580.000 4.615
3583.000 4.496
3586.000 4.299
3589.000 4.319
3592.000 4.233
3595.000 4.192
3598.000 4.155
3601.000 4.062
3604.000 4.031
3607.000 3.987
3610.000 3.981
3613.000 3.990
3616.000 4.038
3619.000 4.079
3622.000 4.411
3625.000 4.449
3628.000 4.480
3631.000 4.639
3634.000 5.729
3637.000 7.707
3640.000 7.849
3643.000 7.917
3646.000 6.854
3649.000 8.680
3652.000 8.342
3655.000 8.067
3658.000 7.712
3661.000 7.567
3664.000 7.175
3667.000 6.361
3670.000 5.606
3673.000 5.257
3676.000 4.936
3679.000 4.354
3682.000 3.947
3685.000 3.629
3688.000 3.487
3691.000 3.362
3694.000 3.140
3697.000 2.957
3700.000 2.872
3703.000 2.742
3706.000 2.601
3709.000 2.531
3712.000 3.232
3715.000 3.550
3718.000 3.238
3721.000 3.033
3724.000 2.907
3727.000 2.705
3730.000 2.635
3733.000 2.534
3736.000 2.502
3739.000 2.511
3742.000 2.567
3745.000 2.639
3748.000 2.684
3751.000 2.795
3754.000 2.857
3757.000 3.006
3760.000 3.205
3763.000 3.295
3766.000 3.519
3769.000 3.673
3772.000 3.986
3775.000 4.160
3778.000 4.498
3781.000 4.858
3784.000 5.018
3787.000 5.287
3790.000 5.353
3793.000 5.354
3796.000 5.206
3799.000 5.078
3802.000 4.753
3805.000 4.575
3808.000 4.227
3811.000 3.901
3814.000 3.746
3817.000 3.472
3820.000 3.328
3823.000 3.113
3826.000 2.928
3829.000 2.841
3832.000 2.695
3835.000 2.642
3838.000 2.533
3841.000 2.444
3844.000 2.403
3847.000 2.335
3850.000 2.309
3853.000 2.263
3856.000 2.244
3859.000 2.227
3862.000 2.205
3865.000 2.192
3868.000 2.199
3871.000 2.219
3874.000 2.230
3877.000 2.270
3880.000 2.290
3883.000 2.352
3886.000 2.386
3889.000 2.454
3892.000 2.550
3895.000 2.598
3898.000 2.715
3901.000 2.848
3904.000 2.923
3907.000 3.061
3910.000 3.147
3913.000 3.298
3916.000 3.409
3919.000 3.444
3922.000 3.479
3925.000 3.454
3928.000 3.342
3931.000 3.177
3934.000 3.076
3937.000 2.866
3940.000 2.751
3943.000 2.552
3946.000 2.359
3949.000 2.263
3952.000 2.188
3955.000 2.039
3958.000 1.915
3961.000 1.816
3964.000 1.778
3967.000 1.708
3970.000 1.676
3973.000 1.616
3976.000 1.567
3979.000 1.558
3982.000 1.544
3985.000 1.530
3988.000 1.537
3991.000 1.544
3994.000 1.543
3997.000 1.576
4000.000 1.588
4003.000 1.616
4006.000 1.638
4009.000 1.707
4012.000 1.806
4015.000 1.829
4018.000 1.940
4021.000 2.039
4024.000 2.101
4027.000 2.215
4030.000 2.294
4033.000 2.422
4036.000 2.569
4039.000 2.642
4042.000 2.710
4045.000 2.848
4048.000 2.946
4051.000 2.965
4054.000 2.930
4057.000 2.824
4060.000 2.754
4063.000 2.631
4066.000 2.439
4069.000 2.348
4072.000 2.181
4075.000 2.102
4078.000 1.964
4081.000 1.830
4084.000 1.781
4087.000 1.681
4090.000 1.638
4093.000 1.565
4096.000 1.501
4099.000 1.468
4102.000 1.442
4105.000 1.388
4108.000 1.356
4111.000 1.338
4114.000 1.331
4117.000 1.327
4120.000 1.329
4123.000 1.335
4126.000 1.331
4129.000 1.343
4132.000 1.356
4135.000 1.368
4138.000 1.398
4141.000 1.414
4144.000 1.447
4147.000 1.482
4150.000 1.497
4153.000 1.518
4156.000 1.520
4159.000 1.498
4162.000 1.438
4165.000 1.402
4168.000 1.289
4171.000 1.223
4174.000 1.072
4177.000 0.959
4180.000 0.892
4183.000 0.759
4186.000 0.714
4189.000 0.634
4192.000 0.580
4195.000 0.555
4198.000 0.521
4201.000 0.510
4204.000 0.494
4207.000 0.485
4210.000 0.487
4213.000 0.501
4216.000 0.511
4219.000 0.532
4222.000 0.565
4225.000 0.587
4228.000 0.631
4231.000 0.660
4234.000 0.726
4237.000 0.801
4240.000 0.844
4243.000 0.922
4246.000 0.957
4249.000 1.010
4252.000 1.015
4255.000 1.011
4258.000 0.977
4261.000 0.953
4264.000 0.894
4267.000 0.828
4270.000 0.798
4273.000 0.719
4276.000 0.680
4279.000 0.611
4282.000 0.558
4285.000 0.535
4288.000 0.489
4291.000 0.466
4294.000 0.428
4297.000 0.387
4300.000 0.367
4303.000 0.323
4306.000 0.302
4309.000 0.262
4312.000 0.228
4315.000 0.214
4318.000 0.198
4321.000 0.196
4324.000 0.199
4327.000 0.204
4330.000 0.209
4333.000 0.217
4336.000 0.222
4339.000 0.230
4342.000 0.306
4345.000 0.314
4348.000 0.311
4351.000 0.307
4354.000 0.296
4357.000 0.290
4360.000 0.284
4363.000 0.275
4366.000 0.271
4369.000 0.268
4372.000 0.266
4375.000 0.268
4378.000 0.266
4381.000 0.265
4384.000 0.263
4387.000 0.524
4390.000 0.512
4393.000 0.465
4396.000 0.439
4399.000 0.404
4402.000 0.371
4405.000 0.357
4408.000 0.337
4411.000 0.327
4414.000 0.314
4417.000 0.308
4420.000 0.306
4423.000 0.301
4426.000 0.300
4429.000 0.296
4432.000 0.294
4435.000 0.296
4438.000 0.296
4441.000 0.294
4444.000 0.295
4447.000 0.530
4450.000 0.509
4453.000 0.460
4456.000 0.441
4459.000 0.403
4462.000 0.374
4465.000 0.362
4468.000 0.791
4471.000 0.771
4474.000 0.636
4477.000 0.557
4480.000 0.483
4483.000 0.443
4486.000 0.419
4489.000 0.383
4492.000 0.366
4495.000 0.346
4498.000 0.326
4501.000 0.319
4504.000 0.309
4507.000 0.302
4510.000 0.293
4513.000 0.289
4516.000 0.285
4519.000 0.282
4522.000 0.280
4525.000 0.276
4528.000 0.275
4531.000 0.273
4534.000 0.271
4537.000 0.269
4540.000 0.270
4543.000 0.268
4546.000 0.269
4549.000 0.269
4552.000 0.266
4555.000 0.267
4558.000 0.266
4561.000 0.267
4564.000 0.266
4567.000 0.267
4570.000 0.266
4573.000 0.267
4576.000 0.269
4579.000 0.269
4582.000 0.268
4585.000 0.266
4588.000 0.267
4591.000 0.268
4594.000 0.269
4597.000 0.269
4600.000 0.269
4603.000 0.267
4606.000 0.269
4609.000 0.269
4612.000 0.269
4615.000 0.269
4618.000 0.268
4621.000 0.268
4624.000 0.269
4627.000 0.269
4630.000 0.270
4633.000 0.269
4636.000 0.270
4639.000 0.269
4642.000 0.270
4645.000 0.270
4648.000 0.270
4651.000 0.272
4654.000 0.271
4657.000 0.270
4660.000 0.270
4663.000 0.268
4666.000 0.269
4669.000 0.270
4672.000 0.270
4675.000 0.268
4678.000 0.269
4681.000 0.269
4684.000 0.270
4687.000 0.268
4690.000 0.268
4693.000 0.269
4696.000 0.271
4699.000 0.268
4702.000 0.268
4705.000 0.267
4708.000 0.266
4711.000 0.268
4714.000 0.266
4717.000 0.268
4720.000 0.267
4723.000 0.268
4726.000 0.267
4729.000 0.268
4732.000 0.265
4735.000 0.268
4738.000 0.269
4741.000 0.267
4744.000 0.266
4747.000 0.267
4750.000 0.268
4753.000 0.268
4756.000 0.267
4759.000 0.267
4762.000 0.267
4765.000 0.268
4768.000 0.268
4771.000 0.268
4774.000 0.267
4777.000 0.269
4780.000 0.268
4783.000 0.269
4786.000 0.270
4789.000 0.268
4792.000 0.269
4795.000 0.269
4798.000 0.269
4801.000 0.271
4804.000 0.270
4807.000 0.271
4810.000 0.270
4813.000 0.272
4816.000 0.272
4819.000 0.272
4822.000 0.271
4825.000 0.272
4828.000 0.273
4831.000 0.272
4834.000 0.272
4837.000 0.273
4840.000 0.274
4843.000 0.274
4846.000 0.273
4849.000 0.275
4852.000 0.275
4855.000 0.276
4858.000 0.275
4861.000 0.277
4864.000 0.277
4867.000 0.277
4870.000 0.277
4873.000 0.277
4876.000 0.277
4879.000 0.278
4882.000 0.279
4885.000 0.279
4888.000 0.278
4891.000 0.278
4894.000 0.281
4897.000 0.278
4900.000 0.281
4903.000 0.281
4906.000 0.282
4909.000 0.283
4912.000 0.284
4915.000 0.282
4918.000 0.284
4921.000 0.283
4924.000 0.285
4927.000 0.284
4930.000 0.280
4933.000 0.284
4936.000 0.280
4939.000 0.280
4942.000 0.282
4945.000 0.279
4948.000 0.276
4951.000 0.282
4954.000 0.281
4957.000 0.286
4960.000 0.286
4963.000 0.283
4966.000 0.285
4969.000 0.284
4972.000 0.282
4975.000 0.282
4978.000 0.283
4981.000 0.291
4984.000 0.285
4987.000 0.290
4990.000 0.291
4993.000 0.279
4996.000 0.287
4999.000 0.284
5002.000 0.289
5005.000 0.294
5008.000 0.294
5011.000 0.288
5014.000 0.283
5017.000 0.294
5020.000 0.290
5023.000 0.283
5026.000 0.282
5029.000 0.290
5032.000 0.284
5035.000 0.284
5038.000 0.284
5041.000 0.284
5044.000 0.293
5047.000 0.291
5050.000 0.291
5053.000 0.290
5056.000 0.287
5059.000 0.290
5062.000 0.287
5065.000 0.291
5068.000 0.288
5071.000 0.288
5074.000 0.291
5077.000 0.288
5080.000 0.287
5083.000 0.292
5086.000 0.292
5089.000 0.291
5092.000 0.290
5095.000 0.294
5098.000 0.293
5101.000 0.292
5104.000 0.293
5107.000 0.293
5110.000 0.295
5113.000 0.297
5116.000 0.295
5119.000 0.295
5122.000 0.297
5125.000 0.296
5128.000 0.298
5131.000 0.297
5134.000 0.295
5137.000 0.297
5140.000 0.297
5143.000 0.298
5146.000 0.296
5149.000 0.298
5152.000 0.299
5155.000 0.301
5158.000 0.301
5161.000 0.302
5164.000 0.304
5167.000 0.305
5170.000 0.306
5173.000 0.308
5176.000 0.306
5179.000 0.306
5182.000 0.306
5185.000 0.306
5188.000 0.309
5191.000 0.307
5194.000 0.309
5197.000 0.309
5200.000 0.311
5203.000 0.309
5206.000 0.313
5209.000 0.310
5212.000 0.314
5215.000 0.317
5218.000 0.315
5221.000 0.314
5224.000 0.314
5227.000 0.316
5230.000 0.319
5233.000 0.316
5236.000 0.318
5239.000 0.319
5242.000 0.318
5245.000 0.323
5248.000 0.323
5251.000 0.319
5254.000 0.324
5257.000 0.327
5260.000 0.324
5263.000 0.327
5266.000 0.325
5269.000 0.326
5272.000 0.335
5275.000 0.332
5278.000 0.332
5281.000 0.336
5284.000 0.336
5287.000 0.337
5290.000 0.339
5293.000 0.340
5296.000 0.334
5299.000 0.348
5302.000 0.347
5305.000 0.344
5308.000 0.347
5311.000 0.347
5314.000 0.347
5317.000 0.351
5320.000 0.353
5323.000 0.352
5326.000 0.357
5329.000 0.355
5332.000 0.358
5335.000 0.363
5338.000 0.361
5341.000 0.365
5344.000 0.364
5347.000 0.362
5350.000 0.364
5353.000 0.364
5356.000 0.365
5359.000 0.363
5362.000 0.362
5365.000 0.367
5368.000 0.366
5371.000 0.365
5374.000 0.366
5377.000 0.367
5380.000 0.366
5383.000 0.367
5386.000 0.366
5389.000 0.368
5392.000 0.369
5395.000 0.367
5398.000 0.369
5401.000 0.366
5404.000 0.368
5407.000 0.367
5410.000 0.367
5413.000 0.368
5416.000 0.365
5419.000 0.366
5422.000 0.368
5425.000 0.367
5428.000 0.364
5431.000 0.367
5434.000 0.367
5437.000 0.372
5440.000 0.367
5443.000 0.367
5446.000 0.366
5449.000 0.368
5452.000 0.367
5455.000 0.374
5458.000 0.370
5461.000 0.370
5464.000 0.370
5467.000 0.371
5470.000 0.372
5473.000 0.377
5476.000 0.374
5479.000 0.373
5482.000 0.374
5485.000 0.375
5488.000 0.375
5491.000 0.375
5494.000 0.375
5497.000 0.375
5500.000 0.374
5503.000 0.377
5506.000 0.374
5509.000 0.379
5512.000 0.374
5515.000 0.382
5518.000 0.388
5521.000 0.380
5524.000 0.389
5527.000 0.385
5530.000 0.381
5533.000 0.380
5536.000 0.375
5539.000 0.378
5542.000 0.377
5545.000 0.374
5548.000 0.372
5551.000 0.373
5554.000 0.376
5557.000 0.374
5560.000 0.377
5563.000 0.377
5566.000 0.373
5569.000 0.374
5572.000 0.378
5575.000 0.377
5578.000 0.376
5581.000 0.378
5584.000 0.379
5587.000 0.401
5590.000 0.589
5593.000 0.618
5596.000 0.575
5599.000 0.576
5602.000 0.576
5605.000 0.547
5608.000 0.492
5611.000 0.454
5614.000 0.436
5617.000 0.410
5620.000 0.400
5623.000 0.388
5626.000 0.384
5629.000 0.385
5632.000 0.385
5635.000 0.386
5638.000 0.388
5641.000 0.386
5644.000 0.391
5647.000 0.389
5650.000 0.390
5653.000 0.388
5656.000 0.387
5659.000 0.389
5662.000 0.387
5665.000 0.389
5668.000 0.385
5671.000 0.389
5674.000 0.388
5677.000 0.389
5680.000 0.388
5683.000 0.390
5686.000 0.391
5689.000 0.392
5692.000 0.389
5695.000 0.394
5698.000 0.392
5701.000 0.390
5704.000 0.391
5707.000 0.395
5710.000 0.395
5713.000 0.393
5716.000 0.395
5719.000 0.397
5722.000 0.397
5725.000 0.396
5728.000 0.414
5731.000 0.412
5734.000 0.409
5737.000 0.404
5740.000 0.406
5743.000 0.405
5746.000 0.410
5749.000 0.413
5752.000 0.418
5755.000 0.413
5758.000 0.413
5761.000 0.412
5764.000 0.412
5767.000 0.412
5770.000 0.409
5773.000 0.407
5776.000 0.413
5779.000 0.408
5782.000 0.408
5785.000 0.409
5788.000 0.407
5791.000 0.408
5794.000 0.430
5797.000 0.419
5800.000 0.417
5803.000 0.416
5806.000 0.414
5809.000 0.412
5812.000 0.411
5815.000 0.411
5818.000 0.421
5821.000 0.420
5824.000 0.415
5827.000 0.417
5830.000 0.415
5833.000 0.411
5836.000 0.413
5839.000 0.417
5842.000 0.413
5845.000 0.413
5848.000 0.413
5851.000 0.416
5854.000 0.414
5857.000 0.419
5860.000 0.416
5863.000 0.414
5866.000 0.415
5869.000 0.417
5872.000 0.421
5875.000 0.419
5878.000 0.422
5881.000 0.421
5884.000 0.421
5887.000 0.422
5890.000 0.423
5893.000 0.422
5896.000 0.421
5899.000 0.421
5902.000 0.423
5905.000 0.419
5908.000 0.417
5911.000 0.425
5914.000 0.426
5917.000 0.423
5920.000 0.423
5923.000 0.428
5926.000 0.428
5929.000 0.431
5932.000 0.431
5935.000 0.429
5938.000 0.430
5941.000 0.433
5944.000 0.431
5947.000 0.433
5950.000 0.430
5953.000 0.436
5956.000 0.433
5959.000 0.436
5962.000 0.430
5965.000 0.436
5968.000 0.438
5971.000 0.433
5974.000 0.429
5977.000 0.432
5980.000 0.441
5983.000 0.434
5986.000 0.432
5989.000 0.432
5992.000 0.436
5995.000 0.440
5998.000 0.435
6001.000 0.434
6004.000 0.443
6007.000 0.447
6010.000 0.442
6013.000 0.441
6016.000 0.454
6019.000 0.442
6022.000 0.443
6025.000 0.450
6028.000 0.452
6031.000 0.444
6034.000 0.450
6037.000 0.451
6040.000 0.452
6043.000 0.452
6046.000 0.444
6049.000 0.449
6052.000 0.448
6055.000 0.449
6058.000 0.444
6061.000 0.450
6064.000 0.448
6067.000 0.450
6070.000 0.449
6073.000 0.445
6076.000 0.446
6079.000 0.451
6082.000 0.452
6085.000 0.450
6088.000 0.451
6091.000 0.452
6094.000 0.452
6097.000 0.453
6100.000 0.456
6103.000 0.456
6106.000 0.455
6109.000 0.454
6112.000 0.461
6115.000 0.454
6118.000 0.452
6121.000 0.458
6124.000 0.455
6127.000 0.453
6130.000 0.458
6133.000 0.453
6136.000 0.455
6139.000 0.452
6142.000 0.453
6145.000 0.455
6148.000 0.453
6151.000 0.454
6154.000 0.451
6157.000 0.455
6160.000 0.455
6163.000 0.455
6166.000 0.457
6169.000 0.456
6172.000 0.452
6175.000 0.729
6178.000 0.712
6181.000 0.710
6184.000 0.727
6187.000 0.707
6190.000 0.629
6193.000 0.522
6196.000 0.497
6199.000 0.472
6202.000 0.460
6205.000 0.422
6208.000 0.425
6211.000 0.427
6214.000 0.437
6217.000 0.437
6220.000 0.441
6223.000 0.445
6226.000 0.448
6229.000 0.452
6232.000 0.452
6235.000 0.453
6238.000 0.470
6241.000 0.477
6244.000 0.499
6247.000 0.502
6250.000 0.490
6253.000 0.484
6256.000 0.479
6259.000 0.482
6262.000 0.487
6265.000 0.485
6268.000 0.482
6271.000 0.476
6274.000 0.478
6277.000 0.476
6280.000 0.479
6283.000 0.490
6286.000 0.501
6289.000 0.503
6292.000 0.498
6295.000 0.493
6298.000 0.502
6301.000 0.494
6304.000 0.482
6307.000 0.481
6310.000 0.490
6313.000 0.478
6316.000 0.470
6319.000 0.492
6322.000 0.507
6325.000 0.507
6328.000 0.492
6331.000 0.492
6334.000 0.485
6337.000 0.486
6340.000 0.482
6343.000 0.478
6346.000 0.481
6349.000 0.479
6352.000 0.477
6355.000 0.476
6358.000 0.476
6361.000 0.476
6364.000 0.470
6367.000 0.477
6370.000 0.474
6373.000 0.474
6376.000 0.476
6379.000 0.472
6382.000 0.476
6385.000 0.467
6388.000 0.473
6391.000 0.476
6394.000 0.478
6397.000 0.475
6400.000 0.484
6403.000 0.479
6406.000 0.482
6409.000 0.492
6412.000 0.490
6415.000 0.493
6418.000 0.745
6421.000 0.760
6424.000 0.745
6427.000 0.698
6430.000 0.622
6433.000 0.563
6436.000 0.538
6439.000 0.513
6442.000 0.502
6445.000 0.488
6448.000 0.488
6451.000 0.485
6454.000 0.483
6457.000 0.483
6460.000 0.481
6463.000 0.481
6466.000 0.482
6469.000 0.478
6472.000 0.482
6475.000 0.477
6478.000 0.476
6481.000 0.477
6484.000 0.483
6487.000 0.481
6490.000 0.481
6493.000 0.484
6496.000 0.479
6499.000 0.482
6502.000 0.480
6505.000 0.479
6508.000 0.478
6511.000 0.479
6514.000 0.481
6517.000 0.520
6520.000 0.505
6523.000 0.499
6526.000 0.492
6529.000 0.482
6532.000 0.478
6535.000 0.473
6538.000 0.465
6541.000 0.453
6544.000 0.458
6547.000 0.478
6550.000 0.473
6553.000 0.471
6556.000 0.460
6559.000 0.450
6562.000 0.434
6565.000 0.443
6568.000 0.448
6571.000 0.463
6574.000 0.463
6577.000 0.458
6580.000 0.484
6583.000 0.496
6586.000 0.478
6589.000 0.479
6592.000 0.475
6595.000 0.473
6598.000 0.485
6601.000 0.474
6604.000 0.481
6607.000 0.483
6610.000 0.477
6613.000 0.478
6616.000 0.473
6619.000 0.469
6622.000 0.467
6625.000 0.498
6628.000 0.506
6631.000 0.491
6634.000 0.486
6637.000 0.482
6640.000 0.486
6643.000 0.479
6646.000 0.475
6649.000 0.472
6652.000 0.467
6655.000 0.464
6658.000 0.462
6661.000 0.462
6664.000 0.459
6667.000 0.462
6670.000 0.460
6673.000 0.461
6676.000 0.465
6679.000 0.496
6682.000 0.501
6685.000 0.517
6688.000 0.516
6691.000 0.502
6694.000 0.509
6697.000 0.771
6700.000 0.763
6703.000 0.736
6706.000 0.709
6709.000 0.719
6712.000 0.649
6715.000 0.597
6718.000 0.568
6721.000 0.539
6724.000 0.518
6727.000 0.514
6730.000 0.524
6733.000 0.523
6736.000 0.536
6739.000 0.533
6742.000 0.512
6745.000 0.559
6748.000 0.564
6751.000 0.587
6754.000 0.619
6757.000 0.638
6760.000 0.659
6763.000 0.712
6766.000 0.779
6769.000 0.858
6772.000 0.899
6775.000 0.982
6778.000 0.992
6781.000 1.097
6784.000 1.193
6787.000 1.262
6790.000 1.420
6793.000 1.490
6796.000 1.650
6799.000 1.979
6802.000 2.230
6805.000 2.561
6808.000 2.725
6811.000 3.255
6814.000 3.424
6817.000 3.637
6820.000 3.700
6823.000 3.724
6826.000 3.686
6829.000 3.654
6832.000 3.530
6835.000 3.373
6838.000 3.309
6841.000 3.219
6844.000 3.186
6847.000 3.131
6850.000 3.124
6853.000 3.147
6856.000 3.226
6859.000 3.259
6862.000 3.302
6865.000 3.325
6868.000 3.354
6871.000 3.399
6874.000 3.380
6877.000 3.320
6880.000 3.286
6883.000 3.207
6886.000 3.101
6889.000 3.047
6892.000 2.946
6895.000 2.893
6898.000 2.793
6901.000 2.709
6904.000 2.671
6907.000 2.613
6910.000 2.564
6913.000 2.543
6916.000 2.513
6919.000 2.508
6922.000 2.501
6925.000 2.508
6928.000 2.524
6931.000 2.551
6934.000 2.566
6937.000 2.594
6940.000 2.609
6943.000 2.646
6946.000 2.680
6949.000 2.705
6952.000 2.749
6955.000 2.792
6958.000 2.806
6961.000 2.854
6964.000 2.887
6967.000 2.928
6970.000 2.993
6973.000 3.012
6976.000 3.058
6979.000 3.069
6982.000 3.102
6985.000 3.149
6988.000 3.160
6991.000 3.196
6994.000 3.306
6997.000 4.738
7000.000 5.154
7003.000 4.905
7006.000 4.359
7009.000 4.147
7012.000 3.839
7015.000 3.573
7018.000 3.459
7021.000 3.264
7024.000 3.204
7027.000 3.138
7030.000 3.086
7033.000 3.047
7036.000 2.951
7039.000 2.992
7042.000 4.297
7045.000 4.247
7048.000 3.903
7051.000 3.352
7054.000 3.133
7057.000 2.798
7060.000 2.662
7063.000 2.444
7066.000 2.312
7069.000 2.272
7072.000 2.230
7075.000 2.177
7078.000 2.167
7081.000 2.149
7084.000 2.225
7087.000 2.212
7090.000 2.179
7093.000 2.154
7096.000 2.122
7099.000 2.110
7102.000 2.081
7105.000 2.054
7108.000 2.045
7111.000 2.012
7114.000 2.000
7117.000 2.029
7120.000 2.006
7123.000 1.956
7126.000 1.912
7129.000 1.928
7132.000 1.937
7135.000 1.915
7138.000 1.886
7141.000 1.871
7144.000 1.868
7147.000 1.876
7150.000 1.911
7153.000 1.917
7156.000 1.927
7159.000 1.953
7162.000 1.988
7165.000 2.007
7168.000 2.052
7171.000 2.108
7174.000 2.136
7177.000 2.191
7180.000 2.224
7183.000 2.276
7186.000 2.324
7189.000 2.338
7192.000 2.357
7195.000 2.354
7198.000 2.327
7201.000 2.283
7204.000 2.251
7207.000 2.167
7210.000 2.122
7213.000 2.026
7216.000 1.973
7219.000 1.875
7222.000 1.775
7225.000 1.731
7228.000 1.641
7231.000 1.562
7234.000 1.523
7237.000 1.458
7240.000 1.426
7243.000 1.366
7246.000 1.317
7249.000 1.293
7252.000 1.252
7255.000 1.230
7258.000 1.185
7261.000 1.169
7264.000 1.127
7267.000 1.079
7270.000 1.043
7273.000 1.010
7276.000 0.960
7279.000 0.932
7282.000 0.890
7285.000 0.869
7288.000 0.857
7291.000 0.806
7294.000 0.788
7297.000 0.763
7300.000 0.755
7303.000 0.751
7306.000 0.753
7309.000 0.761
7312.000 0.776
7315.000 0.804
7318.000 0.834
7321.000 0.866
7324.000 0.885
7327.000 0.924
7330.000 0.949
7333.000 0.984
7336.000 1.002
7339.000 1.030
7342.000 1.048
7345.000 1.048
7348.000 1.021
7351.000 0.981
7354.000 0.952
7357.000 0.933
7360.000 0.844
7363.000 0.768
7366.000 0.678
7369.000 0.635
7372.000 0.592
7375.000 0.521
7378.000 0.456
7381.000 0.393
7384.000 0.366
7387.000 0.311
7390.000 0.286
7393.000 0.263
7396.000 0.260
7399.000 0.263
7402.000 0.279
7405.000 0.288
7408.000 0.312
7411.000 0.330
7414.000 0.338
7417.000 0.344
7420.000 0.353
7423.000 0.353
7426.000 0.364
7429.000 0.363
7432.000 0.366
7435.000 0.368
7438.000 0.368
7441.000 0.368
7444.000 0.370
7447.000 0.369
7450.000 0.372
7453.000 0.371
7456.000 0.372
7459.000 0.371
7462.000 0.373
7465.000 0.371
7468.000 0.370
7471.000 0.372
7474.000 0.393
7477.000 0.397
7480.000 0.398
7483.000 0.394
7486.000 0.391
7489.000 0.387
7492.000 0.385
7495.000 0.388
7498.000 0.392
7501.000 0.391
7504.000 0.401
7507.000 0.387
7510.000 0.379
7513.000 0.383
7516.000 0.385
7519.000 0.376
7522.000 0.376
7525.000 0.381
7528.000 0.373
7531.000 0.376
7534.000 0.369
7537.000 0.359
7540.000 0.357
7543.000 0.355
7546.000 0.356
7549.000 0.352
7552.000 0.359
7555.000 0.356
7558.000 0.350
7561.000 0.352
7564.000 0.355
7567.000 0.356
7570.000 0.354
7573.000 0.371
7576.000 0.368
7579.000 0.491
7582.000 0.517
7585.000 0.517
7588.000 0.498
7591.000 0.434
7594.000 0.400
7597.000 0.379
7600.000 0.384
7603.000 0.359
7606.000 0.366
7609.000 0.347
7612.000 0.342
7615.000 0.336
7618.000 0.333
7621.000 0.338
7624.000 0.337
7627.000 0.341
7630.000 0.341
7633.000 0.351
7636.000 0.351
7639.000 0.375
7642.000 0.365
7645.000 0.347
7648.000 0.338
7651.000 0.337
7654.000 0.347
7657.000 0.349
7660.000 0.350
7663.000 0.346
7666.000 0.342
7669.000 0.338
7672.000 0.345
7675.000 0.343
7678.000 0.342
7681.000 0.341
7684.000 0.349
7687.000 0.348
7690.000 0.347
7693.000 0.341
7696.000 0.343
7699.000 0.342
7702.000 0.340
7705.000 0.340
7708.000 0.342
7711.000 0.341
7714.000 0.338
7717.000 0.339
7720.000 0.336
7723.000 0.338
7726.000 0.339
7729.000 0.341
7732.000 0.348
7735.000 0.354
7738.000 0.348
7741.000 0.347
7744.000 0.346
7747.000 0.495
7750.000 0.540
7753.000 0.511
7756.000 0.495
7759.000 0.556
7762.000 0.538
7765.000 0.498
7768.000 0.492
7771.000 0.448
7774.000 0.411
7777.000 0.391
7780.000 0.372
7783.000 0.351
7786.000 0.342
7789.000 0.337
7792.000 0.334
7795.000 0.341
7798.000 0.348
7801.000 0.347
7804.000 0.338
7807.000 0.335
7810.000 0.333
7813.000 0.337
7816.000 0.335
7819.000 0.340
7822.000 0.336
7825.000 0.337
7828.000 0.337
7831.000 0.337
7834.000 0.341
7837.000 0.338
7840.000 0.336
7843.000 0.334
7846.000 0.332
7849.000 0.334
7852.000 0.334
7855.000 0.335
7858.000 0.335
7861.000 0.333
7864.000 0.335
7867.000 0.334
7870.000 0.334
7873.000 0.338
7876.000 0.339
7879.000 0.334
7882.000 0.332
7885.000 0.327
7888.000 0.320
7891.000 0.324
7894.000 0.320
7897.000 0.321
7900.000 0.321
7903.000 0.321
7906.000 0.324
7909.000 0.323
7912.000 0.324
7915.000 0.324
7918.000 0.321
7921.000 0.328
7924.000 0.325
7927.000 0.328
7930.000 0.323
7933.000 0.326
7936.000 0.324
7939.000 0.325
7942.000 0.326
7945.000 0.325
7948.000 0.321
7951.000 0.323
7954.000 0.322
7957.000 0.324
7960.000 0.323
7963.000 0.322
7966.000 0.327
7969.000 0.320
7972.000 0.319
7975.000 0.322
7978.000 0.324
7981.000 0.328
7984.000 0.326
7987.000 0.326
7990.000 0.328
7993.000 0.330
7996.000 0.320
7999.000 0.327
8002.000 0.330
8005.000 0.327
8008.000 0.324
8011.000 0.329
8014.000 0.327
8017.000 0.326
8020.000 0.327
8023.000 0.332
8026.000 0.340
8029.000 0.328
8032.000 0.336
8035.000 0.332
8038.000 0.326
8041.000 0.327
8044.000 0.325
8047.000 0.320
8050.000 0.325
8053.000 0.326
8056.000 0.322
8059.000 0.324
8062.000 0.322
8065.000 0.324
8068.000 0.326
8071.000 0.327
8074.000 0.323
8077.000 0.322
8080.000 0.326
8083.000 0.325
8086.000 0.323
8089.000 0.325
8092.000 0.325
8095.000 0.324
8098.000 0.325
8101.000 0.324
8104.000 0.322
8107.000 0.326
8110.000 0.326
8113.000 0.327
8116.000 0.329
8119.000 0.330
8122.000 0.328
8125.000 0.330
8128.000 0.328
8131.000 0.327
8134.000 0.326
8137.000 0.328
8140.000 0.326
8143.000 0.327
8146.000 0.327
8149.000 0.326
8152.000 0.329
8155.000 0.328
8158.000 0.329
8161.000 0.327
8164.000 0.327
8167.000 0.326
8170.000 0.326
8173.000 0.326
8176.000 0.326
8179.000 0.326
8182.000 0.324
8185.000 0.326
8188.000 0.327
8191.000 0.326
8194.000 0.324
8197.000 0.326
8200.000 0.327
8203.000 0.326
8206.000 0.335
8209.000 0.338
8212.000 0.338
8215.000 0.336
8218.000 0.339
8221.000 0.338
8224.000 0.342
8227.000 0.341
8230.000 0.346
8233.000 0.348
8236.000 0.345
8239.000 0.346
8242.000 0.346
8245.000 0.344
8248.000 0.348
8251.000 0.347
8254.000 0.350
8257.000 0.354
8260.000 0.354
8263.000 0.352
8266.000 0.351
8269.000 0.352
8272.000 0.350
8275.000 0.352
8278.000 0.355
8281.000 0.358
8284.000 0.357
8287.000 0.357
8290.000 0.355
8293.000 0.356
8296.000 0.356
8299.000 0.354
8302.000 0.356
8305.000 0.363
8308.000 0.362
8311.000 0.358
8314.000 0.359
8317.000 0.363
8320.000 0.361
8323.000 0.362
8326.000 0.359
8329.000 0.363
8332.000 0.362
8335.000 0.363
8338.000 0.363
8341.000 0.363
8344.000 0.363
8347.000 0.364
8350.000 0.364
8353.000 0.365
8356.000 0.365
8359.000 0.367
8362.000 0.366
8365.000 0.367
8368.000 0.366
8371.000 0.369
8374.000 0.380
8377.000 0.381
8380.000 0.375
8383.000 0.374
8386.000 0.378
8389.000 0.374
8392.000 0.374
8395.000 0.374
8398.000 0.374
8401.000 0.376
8404.000 0.373
8407.000 0.372
8410.000 0.372
8413.000 0.372
8416.000 0.375
8419.000 0.374
8422.000 0.376
8425.000 0.376
8428.000 0.378
8431.000 0.380
8434.000 0.376
8437.000 0.376
8440.000 0.375
8443.000 0.377
8446.000 0.376
8449.000 0.376
8452.000 0.379
8455.000 0.381
8458.000 0.381
8461.000 0.381
8464.000 0.379
8467.000 0.382
8470.000 0.378
8473.000 0.377
8476.000 0.378
8479.000 0.377
8482.000 0.376
8485.000 0.373
8488.000 0.377
8491.000 0.379
8494.000 0.377
8497.000 0.377
8500.000 0.378
8503.000 0.392
8506.000 0.385
8509.000 0.383
8512.000 0.384
8515.000 0.382
8518.000 0.380
8521.000 0.383
8524.000 0.384
8527.000 0.380
8530.000 0.387
8533.000 0.384
8536.000 0.384
8539.000 0.382
8542.000 0.384
8545.000 0.383
8548.000 0.383
8551.000 0.382
8554.000 0.380
8557.000 0.381
8560.000 0.382
8563.000 0.384
8566.000 0.380
8569.000 0.382
8572.000 0.379
8575.000 0.381
8578.000 0.380
8581.000 0.380
8584.000 0.381
8587.000 0.378
8590.000 0.380
8593.000 0.379
8596.000 0.380
8599.000 0.383
8602.000 0.380
8605.000 0.379
8608.000 0.380
8611.000 0.382
8614.000 0.381
8617.000 0.381
8620.000 0.384
8623.000 0.382
8626.000 0.384
8629.000 0.381
8632.000 0.381
8635.000 0.387
8638.000 0.387
8641.000 0.386
8644.000 0.382
8647.000 0.386
8650.000 0.387
8653.000 0.386
8656.000 0.385
8659.000 0.387
8662.000 0.386
8665.000 0.385
8668.000 0.383
8671.000 0.383
8674.000 0.384
8677.000 0.383
8680.000 0.385
8683.000 0.385
8686.000 0.387
8689.000 0.387
8692.000 0.384
8695.000 0.386
8698.000 0.385
8701.000 0.383
8704.000 0.383
8707.000 0.386
8710.000 0.384
8713.000 0.385
8716.000 0.387
8719.000 0.384
8722.000 0.388
8725.000 0.387
8728.000 0.383
8731.000 0.388
8734.000 0.391
8737.000 0.385
8740.000 0.387
8743.000 0.388
8746.000 0.387
8749.000 0.384
8752.000 0.384
8755.000 0.388
8758.000 0.386
8761.000 0.387
8764.000 0.386
8767.000 0.387
8770.000 0.438
8773.000 0.423
8776.000 0.413
8779.000 0.401
8782.000 0.395
8785.000 0.397
8788.000 0.394
8791.000 0.391
8794.000 0.390
8797.000 0.388
8800.000 0.390
8803.000 0.389
8806.000 0.390
8809.000 0.387
8812.000 0.388
8815.000 0.394
8818.000 0.388
8821.000 0.401
8824.000 0.392
8827.000 0.409
8830.000 0.373
8833.000 0.407
8836.000 0.408
8839.000 0.402
8842.000 0.394
8845.000 0.398
8848.000 0.392
8851.000 0.389
8854.000 0.391
8857.000 0.391
8860.000 0.392
8863.000 0.391
8866.000 0.387
8869.000 0.386
8872.000 0.386
8875.000 0.384
8878.000 0.387
8881.000 0.387
8884.000 0.387
8887.000 0.390
8890.000 0.390
8893.000 0.388
8896.000 0.390
8899.000 0.389
8902.000 0.388
8905.000 0.387
8908.000 0.387
8911.000 0.390
8914.000 0.387
8917.000 0.391
8920.000 0.389
8923.000 0.388
8926.000 0.386
8929.000 0.385
8932.000 0.388
8935.000 0.387
8938.000 0.388
8941.000 0.390
8944.000 0.389
8947.000 0.390
8950.000 0.389
8953.000 0.390
8956.000 0.391
8959.000 0.388
8962.000 0.391
8965.000 0.389
8968.000 0.391
8971.000 0.385
8974.000 0.384
8977.000 0.387
8980.000 0.387
8983.000 0.388
8986.000 0.388
8989.000 0.387
8992.000 0.386
8995.000 0.395
8998.000 0.384
9001.000 0.394
9004.000 0.395
9007.000 0.390
9010.000 0.390
9013.000 0.385
9016.000 0.396
9019.000 0.387
9022.000 0.387
9025.000 0.392
9028.000 0.394
9031.000 0.389
9034.000 0.387
9037.000 0.388
9040.000 0.390
9043.000 0.391
9046.000 0.394
9049.000 0.391
9052.000 0.393
9055.000 0.390
9058.000 0.391
9061.000 0.388
9064.000 0.391
9067.000 0.396
9070.000 0.393
9073.000 0.392
9076.000 0.391
9079.000 0.392
9082.000 0.392
9085.000 0.389
9088.000 0.395
9091.000 0.394
9094.000 0.396
9097.000 0.396
9100.000 0.394
9103.000 0.394
9106.000 0.392
9109.000 0.396
9112.000 0.398
9115.000 0.394
9118.000 0.396
9121.000 0.394
9124.000 0.394
9127.000 0.395
9130.000 0.395
9133.000 0.393
9136.000 0.394
9139.000 0.396
9142.000 0.400
9145.000 0.396
9148.000 0.399
9151.000 0.398
9154.000 0.397
9157.000 0.396
9160.000 0.401
9163.000 0.396
9166.000 0.397
9169.000 0.398
9172.000 0.397
9175.000 0.399
9178.000 0.398
9181.000 0.397
9184.000 0.397
9187.000 0.395
9190.000 0.396
9193.000 0.397
9196.000 0.397
9199.000 0.394
9202.000 0.397
9205.000 0.396
9208.000 0.398
9211.000 0.396
9214.000 0.399
9217.000 0.400
9220.000 0.400
9223.000 0.400
9226.000 0.398
9229.000 0.398
9232.000 0.398
9235.000 0.397
9238.000 0.400
9241.000 0.399
9244.000 0.398
9247.000 0.398
9250.000 0.400
9253.000 0.399
9256.000 0.401
9259.000 0.402
9262.000 0.401
9265.000 0.401
9268.000 0.397
9271.000 0.397
9274.000 0.402
9277.000 0.398
9280.000 0.398
9283.000 0.399
9286.000 0.399
9289.000 0.404
9292.000 0.402
9295.000 0.404
9298.000 0.403
9301.000 0.404
9304.000 0.401
9307.000 0.398
9310.000 0.401
9313.000 0.401
9316.000 0.397
9319.000 0.408
9322.000 0.405
9325.000 0.402
9328.000 0.404
9331.000 0.402
9334.000 0.404
9337.000 0.402
9340.000 0.405
9343.000 0.404
9346.000 0.400
9349.000 0.400
9352.000 0.402
9355.000 0.401
9358.000 0.403
9361.000 0.402
9364.000 0.403
9367.000 0.403
9370.000 0.404
9373.000 0.405
9376.000 0.407
9379.000 0.405
9382.000 0.401
9385.000 0.401
9388.000 0.404
9391.000 0.400
9394.000 0.405
9397.000 0.403
9400.000 0.403
9403.000 0.404
9406.000 0.403
9409.000 0.405
9412.000 0.404
9415.000 0.401
9418.000 0.403
9421.000 0.400
9424.000 0.404
9427.000 0.403
9430.000 0.402
9433.000 0.405
9436.000 0.406
9439.000 0.402
9442.000 0.405
9445.000 0.402
9448.000 0.404
9451.000 0.402
9454.000 0.406
9457.000 0.401
9460.000 0.399
9463.000 0.401
9466.000 0.402
9469.000 0.400
9472.000 0.402
9475.000 0.401
9478.000 0.399
9481.000 0.399
9484.000 0.403
9487.000 0.400
9490.000 0.404
9493.000 0.403
9496.000 0.402
9499.000 0.402
9502.000 0.402
9505.000 0.403
9508.000 0.407
9511.000 0.411
9514.000 0.410
9517.000 0.408
9520.000 0.407
9523.000 0.406
9526.000 0.406
9529.000 0.406
9532.000 0.404
9535.000 0.409
9538.000 0.409
9541.000 0.406
9544.000 0.404
9547.000 0.405
9550.000 0.403
9553.000 0.403
9556.000 0.402
9559.000 0.402
9562.000 0.401
9565.000 0.402
9568.000 0.401
9571.000 0.399
9574.000 0.404
9577.000 0.403
9580.000 0.402
9583.000 0.406
9586.000 0.408
9589.000 0.403
9592.000 0.401
9595.000 0.403
9598.000 0.406
9601.000 0.407
9604.000 0.405
9607.000 0.405
9610.000 0.406
9613.000 0.405
9616.000 0.404
9619.000 0.402
9622.000 0.404
9625.000 0.404
9628.000 0.402
9631.000 0.401
9634.000 0.401
9637.000 0.401
9640.000 0.430
9643.000 0.427
9646.000 0.424
9649.000 0.426
9652.000 0.428
9655.000 0.427
9658.000 0.428
9661.000 0.426
9664.000 0.425
9667.000 0.428
9670.000 0.428
9673.000 0.424
9676.000 0.424
9679.000 0.428
9682.000 0.427
9685.000 0.428
9688.000 0.430
9691.000 0.427
9694.000 0.426
9697.000 0.429
9700.000 0.429
9703.000 0.428
9706.000 0.428
9709.000 0.430
9712.000 0.427
9715.000 0.429
9718.000 0.428
9721.000 0.426
9724.000 0.429
9727.000 0.425
9730.000 0.428
9733.000 0.429
9736.000 0.430
9739.000 0.426
9742.000 0.429
9745.000 0.426
9748.000 0.428
9751.000 0.428
9754.000 0.427
9757.000 0.428
9760.000 0.428
9763.000 0.426
9766.000 0.427
9769.000 0.429
9772.000 0.429
9775.000 0.431
9778.000 0.427
9781.000 0.436
9784.000 0.433
9787.000 0.430
9790.000 0.430
9793.000 0.431
9796.000 0.429
9799.000 0.428
9802.000 0.433
9805.000 0.437
9808.000 0.432
9811.000 0.435
9814.000 0.436
9817.000 0.435
9820.000 0.433
9823.000 0.430
9826.000 0.430
9829.000 0.430
9832.000 0.428
9835.000 0.428
9838.000 0.426
9841.000 0.428
9844.000 0.428
9847.000 0.429
9850.000 0.428
9853.000 0.428
9856.000 0.426
9859.000 0.429
9862.000 0.428
9865.000 0.431
9868.000 0.428
9871.000 0.428
9874.000 0.430
9877.000 0.431
9880.000 0.428
9883.000 0.431
9886.000 0.432
9889.000 0.427
9892.000 0.429
9895.000 0.429
9898.000 0.430
9901.000 0.426
9904.000 0.430
9907.000 0.431
9910.000 0.432
9913.000 0.430
9916.000 0.427
9919.000 0.431
9922.000 0.430
9925.000 0.427
9928.000 0.431
9931.000 0.433
9934.000 0.430
9937.000 0.428
9940.000 0.428
9943.000 0.429
9946.000 0.431
9949.000 0.430
9952.000 0.430
9955.000 0.426
9958.000 0.432
9961.000 0.428
9964.000 0.424
9967.000 0.427
9970.000 0.428
9973.000 0.429
9976.000 0.429
9979.000 0.433
9982.000 0.426
9985.000 0.433
9988.000 0.429
9991.000 0.430
9994.000 0.431
9997.000 0.432
10000.000 0.432
10003.000 0.428
10006.000 0.428
10009.000 0.429
10012.000 0.435
10015.000 0.436
10018.000 0.431
10021.000 0.427
10024.000 0.438
10027.000 0.432
10030.000 0.435
10033.000 0.429
10036.000 0.435
10039.000 0.435
10042.000 0.432
10045.000 0.437
10048.000 0.436
10051.000 0.439
10054.000 0.437
10057.000 0.434
10060.000 0.438
10063.000 0.438
10066.000 0.440
10069.000 0.442
10072.000 0.440
10075.000 0.437
10078.000 0.435
10081.000 0.439
10084.000 0.438
10087.000 0.438
10090.000 0.440
10093.000 0.434
10096.000 0.432
10099.000 0.428
10102.000 0.423
10105.000 0.408
10108.000 0.395
10111.000 0.364
10114.000 0.336
10117.000 0.268
10120.000 0.175
10123.000 0.124
10126.000 0.134
10129.000 0.236
10132.000 0.712
10135.000 1.329
10138.000 1.617
10141.000 2.156
10144.000 2.419
10147.000 2.900
10150.000 3.314
10153.000 3.484
10156.000 3.758
10159.000 3.863
10162.000 4.027
10165.000 4.127
10168.000 4.168
10171.000 4.231
10174.000 4.257
10177.000 4.297
10180.000 4.315
10183.000 4.302
10186.000 4.244
10189.000 4.179
10192.000 4.018
10195.000 3.912
10198.000 3.641
10201.000 3.318
10204.000 3.141
10207.000 2.786
10210.000 2.476
10213.000 2.337
10216.000 2.105
10219.000 2.015
10222.000 1.886
10225.000 1.810
10228.000 1.790
10231.000 1.781
10234.000 1.818
10237.000 1.934
10240.000 1.997
10243.000 2.124
10246.000 2.216
10249.000 2.244
10252.000 2.276
10255.000 2.257
10258.000 2.242
10261.000 2.242
10264.000 2.232
10267.000 2.214
10270.000 2.185
10273.000 2.173
10276.000 2.147
10279.000 2.146
10282.000 2.134
10285.000 2.142
10288.000 2.149
10291.000 2.165
10294.000 2.173
10297.000 2.194
10300.000 2.216
10303.000 2.228
10306.000 2.245
10309.000 2.255
10312.000 2.265
10315.000 2.239
10318.000 2.216
10321.000 2.142
10324.000 2.096
10327.000 1.975
10330.000 1.832
10333.000 1.753
10336.000 1.612
10339.000 1.544
10342.000 1.419
10345.000 1.296
10348.000 1.244
10351.000 1.158
10354.000 1.116
10357.000 1.051
10360.000 1.028
10363.000 0.996
10366.000 0.982
10369.000 0.985
10372.000 0.998
10375.000 1.015
10378.000 1.060
10381.000 1.135
10384.000 1.165
10387.000 1.270
10390.000 1.326
10393.000 1.430
10396.000 1.499
10399.000 1.589
10402.000 1.641
10405.000 1.649
10408.000 1.642
10411.000 1.635
10414.000 1.625
10417.000 1.608
10420.000 1.595
10423.000 1.574
10426.000 1.536
10429.000 1.522
10432.000 1.499
10435.000 1.490
10438.000 1.470
10441.000 1.456
10444.000 1.457
10447.000 1.450
10450.000 1.450
10453.000 1.451
10456.000 1.457
10459.000 1.461
10462.000 1.462
10465.000 1.458
10468.000 1.445
10471.000 1.416
10474.000 1.398
10477.000 1.337
10480.000 1.296
10483.000 1.198
10486.000 1.086
10489.000 1.026
10492.000 0.904
10495.000 0.844
10498.000 0.732
10501.000 0.624
10504.000 0.579
10507.000 0.489
10510.000 0.454
10513.000 0.383
10516.000 0.320
10519.000 0.291
10522.000 0.246
10525.000 0.226
10528.000 0.200
10531.000 0.203
10534.000 0.215
10537.000 0.277
10540.000 0.324
10543.000 0.458
10546.000 0.629
10549.000 0.719
10552.000 0.887
10555.000 0.968
10558.000 1.096
10561.000 1.193
10564.000 1.218
10567.000 1.246
10570.000 1.250
10573.000 1.227
10576.000 1.187
10579.000 1.162
10582.000 1.131
10585.000 1.064
10588.000 0.998
10591.000 0.928
10594.000 0.898
10597.000 0.835
10600.000 0.808
10603.000 0.752
10606.000 0.725
10609.000 0.675
10612.000 0.647
10615.000 0.593
10618.000 0.534
10621.000 0.473
10624.000 0.446
10627.000 0.399
10630.000 0.377
10633.000 0.348
10636.000 0.327
10639.000 0.320
10642.000 0.320
10645.000 0.325
10648.000 0.339
10651.000 0.359
10654.000 0.367
10657.000 0.384
10660.000 0.391
10663.000 0.403
10666.000 0.408
10669.000 0.416
10672.000 0.416
10675.000 0.426
10678.000 0.429
10681.000 0.425
10684.000 0.424
10687.000 0.426
10690.000 0.420
10693.000 0.422
10696.000 0.418
10699.000 0.419
10702.000 0.421
10705.000 0.426
10708.000 0.421
10711.000 0.425
10714.000 0.423
10717.000 0.426
10720.000 0.425
10723.000 0.431
10726.000 0.432
10729.000 0.430
10732.000 0.430
10735.000 0.430
10738.000 0.426
10741.000 0.427
10744.000 0.428
10747.000 0.423
10750.000 0.423
10753.000 0.426
10756.000 0.426
10759.000 0.431
10762.000 0.424
10765.000 0.428
10768.000 0.426
10771.000 0.422
10774.000 0.427
10777.000 0.418
10780.000 0.417
10783.000 0.417
10786.000 0.415
10789.000 0.414
10792.000 0.423
10795.000 0.427
10798.000 0.454
10801.000 0.446
10804.000 0.430
10807.000 0.425
10810.000 0.425
10813.000 0.420
10816.000 0.419
10819.000 0.422
10822.000 0.419
10825.000 0.418
10828.000 0.419
10831.000 0.419
10834.000 0.421
10837.000 0.421
10840.000 0.422
10843.000 0.419
10846.000 0.420
10849.000 0.417
10852.000 0.421
10855.000 0.418
10858.000 0.425
10861.000 0.574
10864.000 0.597
10867.000 0.586
10870.000 0.566
10873.000 0.518
10876.000 0.494
10879.000 0.458
10882.000 0.439
10885.000 0.433
10888.000 0.426
10891.000 0.423
10894.000 0.419
10897.000 0.417
10900.000 0.417
10903.000 0.414
10906.000 0.414
10909.000 0.411
10912.000 0.403
10915.000 0.404
10918.000 0.406
10921.000 0.406
10924.000 0.409
10927.000 0.409
10930.000 0.406
10933.000 0.412
10936.000 0.410
10939.000 0.411
10942.000 0.424
10945.000 0.417
10948.000 0.415
10951.000 0.415
10954.000 0.411
10957.000 0.408
10960.000 0.412
10963.000 0.410
10966.000 0.412
10969.000 0.413
10972.000 0.411
10975.000 0.411
10978.000 0.411
10981.000 0.421
10984.000 0.418
10987.000 0.416
10990.000 0.420
10993.000 0.420
10996.000 0.416
10999.000 0.422
11002.000 0.418
11005.000 0.417
11008.000 0.420
11011.000 0.423
11014.000 0.420
11017.000 0.423
11020.000 0.422
11023.000 0.426
11026.000 0.432
11029.000 0.438
11032.000 0.432
11035.000 0.440
11038.000 0.435
11041.000 0.435
11044.000 0.428
11047.000 0.417
11050.000 0.418
11053.000 0.418
11056.000 0.418
11059.000 0.418
11062.000 0.421
11065.000 0.418
11068.000 0.416
11071.000 0.416
11074.000 0.414
11077.000 0.418
11080.000 0.417
11083.000 0.419
11086.000 0.475
11089.000 0.509
11092.000 0.494
11095.000 0.475
11098.000 0.460
11101.000 0.447
11104.000 0.441
11107.000 0.433
11110.000 0.422
11113.000 0.420
11116.000 0.417
11119.000 0.414
11122.000 0.410
11125.000 0.406
11128.000 0.408
11131.000 0.408
11134.000 0.410
11137.000 0.410
11140.000 0.415
11143.000 0.418
11146.000 0.416
11149.000 0.415
11152.000 0.413
11155.000 0.415
11158.000 0.416
11161.000 0.415
11164.000 0.417
11167.000 0.416
11170.000 0.415
11173.000 0.416
11176.000 0.414
11179.000 0.415
11182.000 0.415
11185.000 0.419
11188.000 0.414
11191.000 0.413
11194.000 0.411
11197.000 0.412
11200.000 0.408
11203.000 0.411
11206.000 0.413
11209.000 0.412
11212.000 0.415
11215.000 0.409
11218.000 0.409
11221.000 0.408
11224.000 0.407
11227.000 0.405
11230.000 0.405
11233.000 0.406
11236.000 0.405
11239.000 0.411
11242.000 0.411
11245.000 0.412
11248.000 0.404
11251.000 0.410
11254.000 0.409
11257.000 0.412
11260.000 0.411
11263.000 0.414
11266.000 0.410
11269.000 0.412
11272.000 0.412
11275.000 0.407
11278.000 0.409
11281.000 0.407
11284.000 0.408
11287.000 0.409
11290.000 0.410
11293.000 0.411
11296.000 0.409
11299.000 0.411
11302.000 0.409
11305.000 0.410
11308.000 0.409
11311.000 0.409
11314.000 0.414
11317.000 0.411
11320.000 0.413
11323.000 0.412
11326.000 0.413
11329.000 0.406
11332.000 0.411
11335.000 0.413
11338.000 0.408
11341.000 0.405
11344.000 0.410
11347.000 0.409
11350.000 0.409
11353.000 0.407
11356.000 0.408
11359.000 0.408
11362.000 0.409
11365.000 0.407
11368.000 0.405
11371.000 0.408
11374.000 0.408
11377.000 0.409
11380.000 0.407
11383.000 0.408
11386.000 0.411
11389.000 0.409
11392.000 0.411
11395.000 0.409
11398.000 0.410
11401.000 0.409
11404.000 0.411
11407.000 0.410
11410.000 0.410
11413.000 0.412
11416.000 0.410
11419.000 0.407
11422.000 0.408
11425.000 0.409
11428.000 0.409
11431.000 0.407
11434.000 0.408
11437.000 0.409
11440.000 0.409
11443.000 0.410
11446.000 0.406
11449.000 0.407
11452.000 0.410
11455.000 0.405
11458.000 0.409
11461.000 0.406
11464.000 0.403
11467.000 0.407
11470.000 0.406
11473.000 0.403
11476.000 0.407
11479.000 0.415
11482.000 0.425
11485.000 0.414
11488.000 0.409
11491.000 0.408
11494.000 0.406
11497.000 0.405
11500.000 0.398
11503.000 0.396
11506.000 0.396
11509.000 0.396
11512.000 0.398
11515.000 0.397
11518.000 0.395
11521.000 0.398
11524.000 0.388
11527.000 0.391
11530.000 0.397
11533.000 0.396
11536.000 0.398
11539.000 0.394
11542.000 0.398
11545.000 0.398
11548.000 0.396
11551.000 0.401
11554.000 0.398
11557.000 0.396
11560.000 0.398
11563.000 0.399
11566.000 0.401
11569.000 0.399
11572.000 0.402
11575.000 0.399
11578.000 0.403
11581.000 0.409
11584.000 0.404
11587.000 0.406
11590.000 0.402
11593.000 0.401
11596.000 0.400
11599.000 0.401
11602.000 0.401
11605.000 0.401
11608.000 0.402
11611.000 0.402
11614.000 0.401
11617.000 0.402
11620.000 0.405
11623.000 0.401
11626.000 0.399
11629.000 0.399
11632.000 0.400
11635.000 0.396
11638.000 0.402
11641.000 0.400
11644.000 0.402
11647.000 0.398
11650.000 0.403
11653.000 0.398
11656.000 0.405
11659.000 0.399
11662.000 0.401
11665.000 0.406
11668.000 0.400
11671.000 0.402
11674.000 0.401
11677.000 0.400
11680.000 0.403
11683.000 0.402
11686.000 0.401
11689.000 0.404
11692.000 0.402
11695.000 0.400
11698.000 0.401
11701.000 0.403
11704.000 0.402
11707.000 0.400
11710.000 0.401
11713.000 0.400
11716.000 0.399
11719.000 0.403
11722.000 0.404
11725.000 0.406
11728.000 0.405
11731.000 0.405
11734.000 0.402
11737.000 0.400
11740.000 0.399
11743.000 0.400
11746.000 0.400
11749.000 0.399
11752.000 0.401
11755.000 0.400
11758.000 0.399
11761.000 0.396
11764.000 0.400
11767.000 0.400
11770.000 0.400
11773.000 0.398
11776.000 0.400
11779.000 0.400
11782.000 0.397
11785.000 0.397
11788.000 0.399
11791.000 0.402
11794.000 0.400
11797.000 0.399
11800.000 0.400
11803.000 0.401
11806.000 0.398
11809.000 0.397
11812.000 0.396
11815.000 0.397
11818.000 0.401
11821.000 0.397
11824.000 0.398
11827.000 0.395
11830.000 0.393
11833.000 0.391
11836.000 0.393
11839.000 0.393
11842.000 0.393
11845.000 0.393
11848.000 0.397
11851.000 0.396
11854.000 0.396
11857.000 0.396
11860.000 0.393
11863.000 0.396
11866.000 0.395
11869.000 0.395
11872.000 0.391
11875.000 0.387
11878.000 0.390
11881.000 0.395
11884.000 0.395
11887.000 0.395
11890.000 0.396
11893.000 0.393
11896.000 0.395
11899.000 0.393
11902.000 0.382
11905.000 0.385
11908.000 0.383
11911.000 0.383
11914.000 0.381
11917.000 0.379
11920.000 0.386
11923.000 0.386
11926.000 0.390
11929.000 0.390
11932.000 0.389
11935.000 0.389
11938.000 0.387
11941.000 0.388
11944.000 0.388
11947.000 0.392
11950.000 0.392
11953.000 0.394
11956.000 0.403
11959.000 0.396
11962.000 0.391
11965.000 0.388
11968.000 0.388
11971.000 0.388
11974.000 0.385
11977.000 0.387
11980.000 0.396
11983.000 0.397
11986.000 0.394
11989.000 0.393
11992.000 0.390
11995.000 0.394
11998.000 0.430
12001.000 0.429
