103.000 0.106
106.000 0.518
109.000 0.309
112.000 0.570
115.000 0.469
118.000 0.529
121.000 0.620
124.000 0.604
127.000 0.646
130.000 0.760
133.000 0.831
136.000 0.845
139.000 0.884
142.000 1.005
145.000 0.963
148.000 1.087
151.000 1.165
154.000 1.204
157.000 1.337
160.000 1.355
163.000 1.396
166.000 1.422
169.000 1.597
172.000 4.536
175.000 3.022
178.000 3.389
181.000 2.764
184.000 2.641
187.000 12.900
190.000 8.064
193.000 5.508
196.000 4.667
199.000 4.681
202.000 4.640
205.000 4.643
208.000 4.521
211.000 4.563
214.000 4.708
217.000 4.659
220.000 4.976
223.000 5.343
226.000 5.789
229.000 6.255
232.000 6.788
235.000 7.168
238.000 8.112
241.000 8.700
244.000 9.649
247.000 11.095
250.000 12.073
253.000 14.625
256.000 16.643
259.000 17.823
262.000 20.280
265.000 27.072
268.000 26.293
271.000 26.967
274.000 29.296
277.000 27.251
280.000 28.584
283.000 27.773
286.000 27.623
289.000 27.668
292.000 27.478
295.000 27.046
298.000 26.381
301.000 25.599
304.000 24.120
307.000 22.946
310.000 22.368
313.000 21.277
316.000 20.586
319.000 19.427
322.000 18.240
325.000 17.809
328.000 16.480
331.000 16.081
334.000 14.745
337.000 13.723
340.000 13.323
343.000 12.593
346.000 12.294
349.000 11.716
352.000 11.385
355.000 11.140
358.000 11.093
361.000 11.167
364.000 11.408
367.000 11.501
370.000 11.682
373.000 11.917
376.000 12.053
379.000 12.560
382.000 12.850
385.000 13.159
388.000 13.651
391.000 13.891
394.000 14.483
397.000 15.092
400.000 15.480
403.000 16.270
406.000 16.707
409.000 17.330
412.000 17.850
415.000 18.063
418.000 18.481
421.000 18.777
424.000 19.234
427.000 19.492
430.000 19.576
433.000 19.757
436.000 19.769
439.000 19.959
442.000 19.881
445.000 19.830
448.000 19.669
451.000 19.521
454.000 19.258
457.000 18.857
460.000 18.682
463.000 18.337
466.000 18.601
469.000 17.734
472.000 17.005
475.000 16.700
478.000 16.099
481.000 15.797
484.000 15.216
487.000 14.673
490.000 14.375
493.000 13.861
496.000 13.624
499.000 13.139
502.000 12.677
505.000 12.449
508.000 12.024
511.000 11.823
514.000 11.456
517.000 11.050
520.000 10.873
523.000 10.536
526.000 10.353
529.000 10.037
532.000 10.738
535.000 10.537
538.000 9.885
541.000 9.556
544.000 9.105
547.000 8.785
550.000 8.667
553.000 8.430
556.000 8.297
559.000 8.102
562.000 7.897
565.000 7.799
568.000 7.606
571.000 7.506
574.000 7.330
577.000 7.213
580.000 7.092
583.000 6.970
586.000 6.863
589.000 6.752
592.000 6.519
595.000 6.415
598.000 6.425
601.000 6.244
604.000 6.204
607.000 5.844
610.000 5.733
613.000 5.415
616.000 5.272
619.000 4.967
622.000 4.629
625.000 4.479
628.000 4.202
631.000 4.063
634.000 3.820
637.000 3.713
640.000 3.499
643.000 3.308
646.000 3.220
649.000 3.064
652.000 2.994
655.000 2.888
658.000 2.791
661.000 2.736
664.000 2.652
667.000 2.622
670.000 2.591
673.000 2.528
676.000 2.517
679.000 2.461
682.000 2.457
685.000 2.442
688.000 2.422
691.000 2.422
694.000 2.486
697.000 2.385
700.000 2.423
703.000 2.423
706.000 2.439
709.000 2.451
712.000 2.463
715.000 2.556
718.000 2.812
721.000 2.884
724.000 2.832
727.000 2.816
730.000 2.849
733.000 2.821
736.000 2.837
739.000 2.863
742.000 2.910
745.000 3.060
748.000 3.122
751.000 3.125
754.000 3.207
757.000 3.258
760.000 3.413
763.000 3.487
766.000 3.564
769.000 3.723
772.000 3.801
775.000 3.855
778.000 3.944
781.000 4.029
784.000 4.242
787.000 4.319
790.000 4.463
793.000 4.619
796.000 4.731
799.000 4.957
802.000 5.149
805.000 5.504
808.000 5.832
811.000 5.999
814.000 6.355
817.000 6.535
820.000 6.953
823.000 7.202
826.000 7.338
829.000 7.611
832.000 7.646
835.000 7.650
838.000 7.495
841.000 7.325
844.000 6.900
847.000 6.650
850.000 6.144
853.000 5.613
856.000 5.370
859.000 4.897
862.000 4.642
865.000 4.200
868.000 3.844
871.000 3.636
874.000 3.354
877.000 3.203
880.000 2.943
883.000 2.609
886.000 2.499
889.000 2.231
892.000 2.256
895.000 2.124
898.000 1.869
901.000 1.759
904.000 1.598
907.000 1.530
910.000 1.396
913.000 1.283
916.000 1.240
919.000 1.163
922.000 1.116
925.000 1.032
928.000 0.958
931.000 0.937
934.000 0.882
937.000 0.860
940.000 0.798
943.000 0.770
946.000 0.736
949.000 0.704
952.000 0.686
955.000 0.640
958.000 0.618
961.000 0.603
964.000 0.573
967.000 0.556
970.000 0.536
973.000 0.508
976.000 0.497
979.000 0.479
982.000 0.466
985.000 0.443
988.000 0.437
991.000 0.419
994.000 0.400
997.000 0.392
1000.000 0.375
1003.000 0.370
1006.000 0.357
1009.000 0.343
1012.000 0.335
1015.000 0.317
1018.000 0.318
1021.000 0.304
1024.000 0.293
1027.000 0.288
1030.000 0.278
1033.000 0.271
1036.000 0.605
1039.000 0.496
1042.000 0.456
1045.000 0.405
1048.000 0.387
1051.000 0.338
1054.000 0.309
1057.000 0.308
1060.000 0.287
1063.000 0.280
1066.000 0.267
1069.000 0.255
1072.000 0.249
1075.000 0.248
1078.000 0.249
1081.000 0.248
1084.000 0.243
1087.000 0.242
1090.000 0.243
1093.000 0.246
1096.000 0.250
1099.000 0.253
1102.000 0.248
1105.000 0.257
1108.000 0.259
1111.000 0.264
1114.000 0.268
1117.000 0.271
1120.000 0.278
1123.000 0.280
1126.000 0.286
1129.000 0.294
1132.000 0.299
1135.000 0.304
1138.000 0.308
1141.000 0.317
1144.000 0.326
1147.000 0.329
1150.000 0.341
1153.000 0.348
1156.000 0.356
1159.000 0.367
1162.000 0.375
1165.000 0.386
1168.000 0.389
1171.000 0.400
1174.000 0.411
1177.000 0.421
1180.000 0.433
1183.000 0.439
1186.000 0.454
1189.000 0.469
1192.000 0.478
1195.000 0.496
1198.000 0.498
1201.000 0.517
1204.000 0.535
1207.000 0.541
1210.000 0.552
1213.000 0.549
1216.000 0.609
1219.000 0.606
1222.000 0.618
1225.000 0.630
1228.000 0.640
1231.000 0.657
1234.000 0.671
1237.000 0.681
1240.000 0.701
1243.000 0.710
1246.000 0.735
1249.000 0.757
1252.000 0.769
1255.000 0.804
1258.000 0.816
1261.000 0.855
1264.000 0.896
1267.000 0.918
1270.000 0.965
1273.000 0.990
1276.000 1.045
1279.000 1.113
1282.000 1.155
1285.000 1.244
1288.000 1.474
1291.000 1.507
1294.000 1.534
1297.000 1.545
1300.000 1.665
1303.000 1.818
1306.000 1.848
1309.000 1.915
1312.000 1.941
1315.000 2.009
1318.000 2.131
1321.000 2.574
1324.000 2.601
1327.000 2.626
1330.000 2.687
1333.000 2.765
1336.000 2.882
1339.000 3.060
1342.000 3.157
1345.000 3.402
1348.000 3.720
1351.000 4.063
1354.000 4.107
1357.000 4.298
1360.000 4.562
1363.000 4.724
1366.000 5.233
1369.000 5.529
1372.000 6.016
1375.000 6.653
1378.000 7.034
1381.000 7.651
1384.000 7.941
1387.000 8.591
1390.000 9.153
1393.000 9.361
1396.000 9.650
1399.000 9.625
1402.000 9.378
1405.000 9.008
1408.000 8.803
1411.000 8.285
1414.000 8.064
1417.000 7.673
1420.000 7.258
1423.000 7.044
1426.000 6.695
1429.000 6.499
1432.000 6.118
1435.000 5.773
1438.000 5.611
1441.000 5.303
1444.000 5.166
1447.000 4.933
1450.000 4.711
1453.000 4.602
1456.000 4.402
1459.000 4.305
1462.000 4.159
1465.000 3.996
1468.000 3.919
1471.000 3.808
1474.000 3.744
1477.000 3.649
1480.000 3.553
1483.000 3.496
1486.000 3.397
1489.000 3.350
1492.000 3.308
1495.000 3.244
1498.000 3.261
1501.000 3.151
1504.000 3.120
1507.000 3.047
1510.000 2.976
1513.000 2.947
1516.000 2.887
1519.000 2.863
1522.000 2.823
1525.000 2.776
1528.000 2.755
1531.000 2.706
1534.000 2.693
1537.000 2.651
1540.000 2.620
1543.000 2.605
1546.000 2.509
1549.000 2.494
1552.000 2.473
1555.000 2.451
1558.000 2.430
1561.000 2.409
1564.000 2.397
1567.000 2.368
1570.000 2.356
1573.000 2.344
1576.000 2.325
1579.000 2.315
1582.000 2.286
1585.000 2.267
1588.000 2.255
1591.000 2.230
1594.000 2.216
1597.000 2.201
1600.000 2.178
1603.000 2.159
1606.000 2.139
1609.000 2.122
1612.000 2.097
1615.000 2.069
1618.000 2.055
1621.000 2.037
1624.000 2.016
1627.000 1.978
1630.000 1.939
1633.000 1.923
1636.000 1.890
1639.000 1.870
1642.000 1.846
1645.000 1.816
1648.000 1.798
1651.000 1.782
1654.000 1.766
1657.000 1.743
1660.000 1.728
1663.000 1.714
1666.000 1.696
1669.000 1.695
1672.000 1.699
1675.000 1.714
1678.000 1.729
1681.000 1.763
1684.000 1.782
1687.000 1.842
1690.000 1.910
1693.000 1.960
1696.000 2.069
1699.000 2.125
1702.000 2.241
1705.000 2.300
1708.000 2.433
1711.000 2.751
1714.000 2.744
1717.000 2.797
1720.000 2.851
1723.000 3.105
1726.000 3.155
1729.000 3.184
1732.000 3.258
1735.000 3.299
1738.000 3.391
1741.000 3.678
1744.000 3.708
1747.000 3.765
1750.000 3.779
1753.000 3.940
1756.000 4.029
1759.000 4.145
1762.000 4.242
1765.000 4.287
1768.000 4.408
1771.000 4.609
1774.000 4.672
1777.000 4.815
1780.000 4.893
1783.000 5.044
1786.000 5.201
1789.000 5.362
1792.000 5.800
1795.000 5.815
1798.000 5.916
1801.000 6.050
1804.000 6.127
1807.000 6.374
1810.000 6.448
1813.000 6.595
1816.000 6.815
1819.000 6.926
1822.000 7.200
1825.000 7.318
1828.000 7.511
1831.000 7.755
1834.000 7.843
1837.000 8.163
1840.000 8.266
1843.000 8.440
1846.000 8.622
1849.000 8.703
1852.000 8.837
1855.000 9.011
1858.000 9.263
1861.000 9.408
1864.000 9.494
1867.000 9.672
1870.000 9.812
1873.000 10.028
1876.000 10.275
1879.000 10.356
1882.000 10.658
1885.000 10.785
1888.000 11.198
1891.000 11.562
1894.000 11.716
1897.000 12.059
1900.000 12.262
1903.000 12.528
1906.000 12.785
1909.000 12.904
1912.000 13.069
1915.000 13.176
1918.000 13.166
1921.000 13.054
1924.000 12.883
1927.000 12.478
1930.000 12.473
1933.000 12.155
1936.000 11.723
1939.000 11.446
1942.000 10.912
1945.000 10.643
1948.000 10.176
1951.000 9.654
1954.000 9.394
1957.000 8.944
1960.000 8.702
1963.000 8.199
1966.000 7.759
1969.000 7.601
1972.000 7.205
1975.000 7.033
1978.000 6.714
1981.000 6.435
1984.000 6.327
1987.000 6.024
1990.000 5.863
1993.000 5.591
1996.000 5.339
1999.000 5.216
2002.000 4.975
2005.000 4.865
2008.000 4.668
2011.000 4.476
2014.000 4.478
2017.000 4.259
2020.000 4.208
2023.000 4.040
2026.000 3.936
2029.000 3.808
2032.000 3.649
2035.000 3.575
2038.000 3.427
2041.000 3.331
2044.000 3.272
2047.000 3.161
2050.000 3.104
2053.000 3.006
2056.000 2.949
2059.000 2.829
2062.000 2.723
2065.000 2.673
2068.000 2.566
2071.000 2.517
2074.000 2.475
2077.000 2.455
2080.000 2.405
2083.000 2.299
2086.000 2.250
2089.000 2.187
2092.000 2.187
2095.000 2.128
2098.000 2.046
2101.000 2.017
2104.000 1.939
2107.000 1.836
2110.000 1.779
2113.000 1.698
2116.000 1.682
2119.000 1.663
2122.000 1.553
2125.000 1.509
2128.000 1.436
2131.000 1.400
2134.000 1.331
2137.000 1.273
2140.000 1.243
2143.000 1.194
2146.000 1.173
2149.000 1.124
2152.000 1.082
2155.000 1.063
2158.000 1.072
2161.000 1.051
2164.000 1.006
2167.000 1.007
2170.000 0.982
2173.000 0.937
2176.000 0.918
2179.000 0.883
2182.000 0.850
2185.000 0.835
2188.000 0.809
2191.000 0.807
2194.000 0.821
2197.000 0.776
2200.000 0.756
2203.000 0.735
2206.000 0.723
2209.000 0.694
2212.000 0.689
2215.000 0.701
2218.000 0.679
2221.000 0.668
2224.000 0.639
2227.000 0.616
2230.000 0.607
2233.000 0.588
2236.000 0.578
2239.000 0.651
2242.000 0.677
2245.000 0.638
2248.000 0.624
2251.000 0.601
2254.000 0.564
2257.000 0.562
2260.000 0.574
2263.000 0.558
2266.000 0.553
2269.000 0.528
2272.000 0.519
2275.000 0.566
2278.000 0.539
2281.000 0.519
2284.000 0.483
2287.000 0.470
2290.000 0.449
2293.000 0.442
2296.000 0.450
2299.000 0.437
2302.000 0.426
2305.000 0.405
2308.000 0.392
2311.000 0.383
2314.000 0.375
2317.000 0.371
2320.000 0.358
2323.000 0.353
2326.000 0.347
2329.000 0.339
2332.000 0.337
2335.000 0.333
2338.000 0.367
2341.000 0.366
2344.000 0.362
2347.000 0.354
2350.000 0.339
2353.000 0.324
2356.000 0.319
2359.000 0.308
2362.000 0.302
2365.000 0.295
2368.000 0.289
2371.000 0.286
2374.000 0.280
2377.000 0.279
2380.000 0.275
2383.000 0.269
2386.000 0.268
2389.000 0.265
2392.000 0.265
2395.000 0.262
2398.000 0.259
2401.000 0.258
2404.000 0.256
2407.000 0.256
2410.000 0.264
2413.000 0.262
2416.000 0.262
2419.000 0.260
2422.000 0.260
2425.000 0.257
2428.000 0.256
2431.000 0.255
2434.000 0.257
2437.000 0.256
2440.000 0.254
2443.000 0.258
2446.000 0.258
2449.000 0.255
2452.000 0.255
2455.000 0.255
2458.000 0.252
2461.000 0.252
2464.000 0.248
2467.000 0.248
2470.000 0.251
2473.000 0.249
2476.000 0.248
2479.000 0.246
2482.000 0.246
2485.000 0.244
2488.000 0.247
2491.000 0.241
2494.000 0.254
2497.000 0.255
2500.000 0.254
2503.000 0.248
2506.000 0.244
2509.000 0.249
2512.000 0.247
2515.000 0.246
2518.000 0.248
2521.000 0.260
2524.000 0.268
2527.000 0.264
2530.000 0.257
2533.000 0.253
2536.000 0.250
2539.000 0.248
2542.000 0.246
2545.000 0.243
2548.000 0.239
2551.000 0.241
2554.000 0.270
2557.000 0.272
2560.000 0.271
2563.000 0.263
2566.000 0.258
2569.000 0.255
2572.000 0.252
2575.000 0.248
2578.000 0.243
2581.000 0.241
2584.000 0.239
2587.000 0.239
2590.000 0.239
2593.000 0.238
2596.000 0.236
2599.000 0.237
2602.000 0.240
2605.000 0.237
2608.000 0.235
2611.000 0.239
2614.000 0.236
2617.000 0.235
2620.000 0.235
2623.000 0.235
2626.000 0.234
2629.000 0.234
2632.000 0.234
2635.000 0.234
2638.000 0.232
2641.000 0.233
2644.000 0.234
2647.000 0.234
2650.000 0.233
2653.000 0.233
2656.000 0.234
2659.000 0.236
2662.000 0.234
2665.000 0.236
2668.000 0.237
2671.000 0.252
2674.000 0.251
2677.000 0.249
2680.000 0.244
2683.000 0.245
2686.000 0.242
2689.000 0.240
2692.000 0.238
2695.000 0.240
2698.000 0.239
2701.000 0.236
2704.000 0.237
2707.000 0.237
2710.000 0.238
2713.000 0.236
2716.000 0.237
2719.000 0.236
2722.000 0.237
2725.000 0.236
2728.000 0.236
2731.000 0.237
2734.000 0.238
2737.000 0.238
2740.000 0.237
2743.000 0.259
2746.000 0.276
2749.000 0.279
2752.000 0.267
2755.000 0.264
2758.000 0.262
2761.000 0.256
2764.000 0.252
2767.000 0.251
2770.000 0.246
2773.000 0.248
2776.000 0.250
2779.000 0.245
2782.000 0.244
2785.000 0.245
2788.000 0.247
2791.000 0.243
2794.000 0.243
2797.000 0.241
2800.000 0.242
2803.000 0.242
2806.000 0.244
2809.000 0.254
2812.000 0.265
2815.000 0.255
2818.000 0.257
2821.000 0.254
2824.000 0.253
2827.000 0.252
2830.000 0.251
2833.000 0.249
2836.000 0.247
2839.000 0.255
2842.000 0.250
2845.000 0.267
2848.000 0.261
2851.000 0.262
2854.000 0.274
2857.000 0.270
2860.000 0.267
2863.000 0.265
2866.000 0.275
2869.000 0.273
2872.000 0.271
2875.000 0.267
2878.000 0.269
2881.000 0.263
2884.000 0.262
2887.000 0.264
2890.000 0.261
2893.000 0.260
2896.000 0.260
2899.000 0.262
2902.000 0.261
2905.000 0.262
2908.000 0.262
2911.000 0.263
2914.000 0.265
2917.000 0.266
2920.000 0.267
2923.000 0.266
2926.000 0.275
2929.000 0.279
2932.000 0.277
2935.000 0.281
2938.000 0.300
2941.000 0.432
2944.000 0.399
2947.000 0.390
2950.000 0.381
2953.000 0.379
2956.000 0.366
2959.000 0.353
2962.000 0.345
2965.000 0.341
2968.000 0.331
2971.000 0.329
2974.000 0.327
2977.000 0.320
2980.000 0.311
2983.000 0.314
2986.000 0.320
2989.000 0.331
2992.000 0.327
2995.000 0.337
2998.000 0.327
3001.000 0.338
3004.000 0.342
3007.000 0.343
3010.000 0.348
3013.000 0.342
3016.000 0.362
3019.000 0.368
3022.000 0.365
3025.000 0.369
3028.000 0.359
3031.000 0.372
3034.000 0.388
3037.000 0.381
3040.000 0.378
3043.000 0.386
3046.000 0.387
3049.000 0.383
3052.000 0.389
3055.000 0.392
3058.000 0.390
3061.000 0.396
3064.000 0.397
3067.000 0.397
3070.000 0.404
3073.000 0.408
3076.000 0.413
3079.000 0.416
3082.000 0.417
3085.000 0.426
3088.000 0.426
3091.000 0.436
3094.000 0.440
3097.000 0.447
3100.000 0.453
3103.000 0.455
3106.000 0.459
3109.000 0.466
3112.000 0.468
3115.000 0.474
3118.000 0.478
3121.000 0.488
3124.000 0.487
3127.000 0.496
3130.000 0.502
3133.000 0.508
3136.000 0.517
3139.000 0.514
3142.000 0.521
3145.000 0.529
3148.000 0.533
3151.000 0.542
3154.000 0.550
3157.000 0.563
3160.000 0.578
3163.000 0.603
3166.000 0.602
3169.000 0.598
3172.000 0.676
3175.000 0.650
3178.000 0.648
3181.000 0.652
3184.000 0.649
3187.000 0.646
3190.000 0.652
3193.000 0.659
3196.000 0.766
3199.000 0.773
3202.000 0.773
3205.000 0.760
3208.000 0.760
3211.000 0.795
3214.000 0.780
3217.000 0.776
3220.000 0.781
3223.000 0.797
3226.000 0.874
3229.000 0.864
3232.000 0.866
3235.000 0.891
3238.000 0.897
3241.000 0.905
3244.000 0.916
3247.000 0.936
3250.000 0.956
3253.000 0.970
3256.000 0.988
3259.000 1.002
3262.000 1.036
3265.000 1.075
3268.000 1.088
3271.000 1.122
3274.000 1.138
3277.000 1.176
3280.000 1.205
3283.000 1.223
3286.000 1.319
3289.000 1.367
3292.000 1.427
3295.000 1.469
3298.000 1.474
3301.000 1.521
3304.000 1.540
3307.000 1.588
3310.000 1.629
3313.000 1.772
3316.000 1.824
3319.000 1.848
3322.000 1.909
3325.000 1.934
3328.000 2.018
3331.000 2.098
3334.000 2.147
3337.000 2.260
3340.000 2.323
3343.000 2.429
3346.000 2.562
3349.000 2.631
3352.000 2.819
3355.000 2.920
3358.000 3.175
3361.000 3.398
3364.000 3.480
3367.000 3.689
3370.000 3.821
3373.000 4.125
3376.000 4.521
3379.000 4.706
3382.000 5.138
3385.000 5.380
3388.000 5.912
3391.000 6.510
3394.000 6.864
3397.000 7.592
3400.000 7.958
3403.000 8.962
3406.000 9.761
3409.000 10.058
3412.000 10.567
3415.000 10.724
3418.000 10.568
3421.000 10.131
3424.000 9.934
3427.000 9.185
3430.000 8.883
3433.000 8.437
3436.000 7.978
3439.000 7.739
3442.000 7.285
3445.000 7.062
3448.000 6.658
3451.000 6.293
3454.000 6.124
3457.000 5.831
3460.000 5.708
3463.000 5.523
3466.000 5.256
3469.000 5.133
3472.000 4.908
3475.000 4.800
3478.000 4.620
3481.000 4.456
3484.000 4.382
3487.000 4.254
3490.000 4.189
3493.000 4.117
3496.000 3.996
3499.000 3.949
3502.000 3.889
3505.000 3.852
3508.000 3.763
3511.000 3.682
3514.000 3.650
3517.000 3.584
3520.000 3.566
3523.000 3.511
3526.000 3.465
3529.000 3.454
3532.000 3.424
3535.000 3.411
3538.000 3.385
3541.000 3.364
3544.000 3.353
3547.000 3.329
3550.000 3.333
3553.000 3.324
3556.000 3.345
3559.000 3.359
3562.000 3.356
3565.000 3.352
3568.000 3.337
3571.000 3.323
3574.000 3.318
3577.000 3.324
3580.000 3.325
3583.000 3.341
3586.000 3.378
3589.000 3.387
3592.000 3.404
3595.000 3.414
3598.000 3.450
3601.000 3.482
3604.000 3.495
3607.000 3.530
3610.000 3.582
3613.000 3.713
3616.000 3.752
3619.000 3.779
3622.000 3.821
3625.000 3.851
3628.000 3.903
3631.000 3.980
3634.000 4.016
3637.000 4.107
3640.000 4.155
3643.000 4.257
3646.000 4.373
3649.000 4.435
3652.000 4.574
3655.000 4.650
3658.000 5.063
3661.000 5.189
3664.000 5.275
3667.000 5.433
3670.000 5.526
3673.000 5.754
3676.000 5.881
3679.000 6.162
3682.000 6.463
3685.000 6.755
3688.000 7.194
3691.000 7.299
3694.000 7.550
3697.000 7.896
3700.000 8.056
3703.000 8.435
3706.000 8.634
3709.000 9.037
3712.000 9.388
3715.000 9.530
3718.000 9.811
3721.000 9.968
3724.000 10.169
3727.000 10.127
3730.000 10.074
3733.000 9.796
3736.000 9.610
3739.000 9.202
3742.000 8.746
3745.000 8.496
3748.000 7.950
3751.000 7.695
3754.000 7.225
3757.000 6.912
3760.000 6.720
3763.000 6.314
3766.000 6.158
3769.000 5.686
3772.000 5.344
3775.000 5.192
3778.000 4.894
3781.000 4.757
3784.000 4.488
3787.000 4.268
3790.000 4.159
3793.000 4.037
3796.000 3.938
3799.000 3.772
3802.000 3.582
3805.000 3.506
3808.000 3.371
3811.000 3.305
3814.000 3.174
3817.000 3.141
3820.000 3.112
3823.000 2.987
3826.000 2.930
3829.000 2.815
3832.000 2.699
3835.000 2.659
3838.000 2.568
3841.000 2.533
3844.000 2.461
3847.000 2.399
3850.000 2.363
3853.000 2.292
3856.000 2.264
3859.000 2.208
3862.000 2.162
3865.000 2.133
3868.000 2.091
3871.000 2.063
3874.000 2.021
3877.000 1.987
3880.000 1.970
3883.000 1.940
3886.000 1.984
3889.000 2.120
3892.000 2.035
3895.000 1.984
3898.000 1.893
3901.000 1.864
3904.000 1.840
3907.000 1.925
3910.000 1.933
3913.000 1.897
3916.000 1.857
3919.000 1.786
3922.000 1.809
3925.000 1.793
3928.000 1.753
3931.000 1.758
3934.000 1.740
3937.000 1.708
3940.000 1.693
3943.000 1.680
3946.000 1.669
3949.000 1.659
3952.000 1.639
3955.000 1.635
3958.000 1.660
3961.000 1.799
3964.000 1.816
3967.000 1.754
3970.000 1.718
3973.000 1.667
3976.000 1.651
3979.000 1.728
3982.000 1.763
3985.000 1.726
3988.000 1.694
3991.000 1.667
3994.000 1.667
3997.000 1.677
4000.000 1.678
4003.000 1.673
4006.000 1.680
4009.000 1.698
4012.000 1.733
4015.000 1.729
4018.000 1.780
4021.000 1.815
4024.000 1.794
4027.000 1.786
4030.000 1.802
4033.000 1.805
4036.000 1.814
4039.000 1.879
4042.000 1.883
4045.000 1.901
4048.000 1.943
4051.000 2.012
4054.000 2.031
4057.000 2.054
4060.000 2.084
4063.000 2.119
4066.000 2.131
4069.000 2.174
4072.000 2.198
4075.000 2.252
4078.000 2.307
4081.000 2.339
4084.000 2.400
4087.000 2.433
4090.000 2.508
4093.000 2.594
4096.000 2.640
4099.000 2.737
4102.000 2.787
4105.000 2.893
4108.000 3.015
4111.000 3.131
4114.000 3.410
4117.000 3.467
4120.000 3.560
4123.000 3.696
4126.000 3.774
4129.000 4.111
4132.000 4.262
4135.000 4.416
4138.000 4.550
4141.000 4.653
4144.000 4.883
4147.000 5.009
4150.000 5.249
4153.000 5.458
4156.000 5.763
4159.000 6.065
4162.000 6.095
4165.000 6.064
4168.000 6.019
4171.000 6.005
4174.000 5.905
4177.000 5.816
4180.000 5.581
4183.000 5.353
4186.000 5.216
4189.000 4.950
4192.000 4.879
4195.000 4.531
4198.000 4.385
4201.000 4.120
4204.000 3.953
4207.000 3.816
4210.000 3.597
4213.000 3.484
4216.000 3.275
4219.000 3.099
4222.000 3.018
4225.000 2.858
4228.000 2.779
4231.000 2.643
4234.000 2.517
4237.000 2.460
4240.000 2.348
4243.000 2.295
4246.000 2.239
4249.000 2.145
4252.000 2.103
4255.000 2.014
4258.000 1.969
4261.000 1.889
4264.000 1.815
4267.000 1.781
4270.000 1.822
4273.000 1.809
4276.000 1.704
4279.000 1.608
4282.000 1.570
4285.000 1.503
4288.000 1.476
4291.000 1.423
4294.000 1.387
4297.000 1.369
4300.000 1.326
4303.000 1.307
4306.000 1.267
4309.000 1.243
4312.000 1.223
4315.000 1.201
4318.000 1.218
4321.000 1.284
4324.000 1.235
4327.000 1.209
4330.000 1.185
4333.000 1.180
4336.000 1.149
4339.000 1.115
4342.000 1.104
4345.000 1.080
4348.000 1.074
4351.000 1.061
4354.000 1.043
4357.000 1.038
4360.000 1.028
4363.000 1.018
4366.000 1.012
4369.000 0.997
4372.000 0.999
4375.000 0.996
4378.000 0.990
4381.000 0.981
4384.000 0.982
4387.000 0.976
4390.000 0.971
4393.000 0.968
4396.000 0.972
4399.000 0.983
4402.000 0.980
4405.000 1.030
4408.000 1.047
4411.000 1.025
4414.000 1.011
4417.000 0.996
4420.000 1.009
4423.000 1.041
4426.000 1.090
4429.000 1.042
4432.000 1.029
4435.000 1.006
4438.000 1.002
4441.000 1.059
4444.000 1.076
4447.000 1.066
4450.000 1.043
4453.000 1.036
4456.000 1.035
4459.000 1.039
4462.000 1.058
4465.000 1.057
4468.000 1.061
4471.000 1.064
4474.000 1.076
4477.000 1.088
4480.000 1.100
4483.000 1.109
4486.000 1.139
4489.000 1.156
4492.000 1.162
4495.000 1.183
4498.000 1.202
4501.000 1.227
4504.000 1.254
4507.000 1.290
4510.000 1.319
4513.000 1.341
4516.000 1.408
4519.000 1.432
4522.000 1.455
4525.000 1.505
4528.000 1.528
4531.000 1.587
4534.000 1.647
4537.000 1.681
4540.000 1.755
4543.000 1.796
4546.000 1.877
4549.000 1.960
4552.000 2.006
4555.000 2.080
4558.000 2.112
4561.000 2.165
4564.000 2.195
4567.000 2.307
4570.000 2.227
4573.000 2.155
4576.000 1.998
4579.000 1.915
4582.000 1.734
4585.000 1.555
4588.000 1.471
4591.000 1.312
4594.000 1.236
4597.000 1.102
4600.000 0.980
4603.000 0.927
4606.000 0.826
4609.000 0.781
4612.000 0.694
4615.000 0.628
4618.000 0.703
4621.000 0.647
4624.000 0.609
4627.000 0.524
4630.000 0.460
4633.000 0.480
4636.000 0.442
4639.000 0.407
4642.000 0.345
4645.000 0.292
4648.000 0.272
4651.000 0.240
4654.000 0.224
4657.000 0.232
4660.000 0.210
4663.000 0.195
4666.000 0.197
4669.000 0.193
4672.000 0.178
4675.000 0.161
4678.000 0.159
4681.000 0.148
4684.000 0.149
4687.000 0.142
4690.000 0.139
4693.000 0.138
4696.000 0.136
4699.000 0.139
4702.000 0.166
4705.000 0.162
4708.000 0.162
4711.000 0.191
4714.000 0.191
4717.000 0.189
4720.000 0.185
4723.000 0.182
4726.000 0.186
4729.000 0.189
4732.000 0.189
4735.000 0.192
4738.000 0.193
4741.000 0.198
4744.000 0.200
4747.000 0.206
4750.000 0.211
4753.000 0.212
4756.000 0.217
4759.000 0.219
4762.000 0.223
4765.000 0.230
4768.000 0.232
4771.000 0.236
4774.000 0.240
4777.000 0.247
4780.000 0.253
4783.000 0.253
4786.000 0.257
4789.000 0.260
4792.000 0.261
4795.000 0.262
4798.000 0.264
4801.000 0.267
4804.000 0.268
4807.000 0.284
4810.000 0.324
4813.000 0.344
4816.000 0.341
4819.000 0.331
4822.000 0.320
4825.000 0.308
4828.000 0.305
4831.000 0.297
4834.000 0.426
4837.000 0.460
4840.000 0.425
4843.000 0.399
4846.000 0.397
4849.000 0.380
4852.000 0.343
4855.000 0.319
4858.000 0.311
4861.000 0.301
4864.000 0.301
4867.000 0.297
4870.000 0.315
4873.000 0.308
4876.000 0.300
4879.000 0.312
4882.000 0.311
4885.000 0.301
4888.000 0.299
4891.000 0.295
4894.000 0.293
4897.000 0.292
4900.000 0.293
4903.000 0.289
4906.000 0.287
4909.000 0.287
4912.000 0.291
4915.000 0.288
4918.000 0.284
4921.000 0.278
4924.000 0.281
4927.000 0.280
4930.000 0.276
4933.000 0.279
4936.000 0.274
4939.000 0.275
4942.000 0.276
4945.000 0.275
4948.000 0.272
4951.000 0.278
4954.000 0.274
4957.000 0.274
4960.000 0.271
4963.000 0.273
4966.000 0.278
4969.000 0.279
4972.000 0.270
4975.000 0.267
4978.000 0.274
4981.000 0.295
4984.000 0.286
4987.000 0.289
4990.000 0.274
4993.000 0.270
4996.000 0.278
4999.000 0.266
5002.000 0.282
5005.000 0.283
5008.000 0.275
5011.000 0.270
5014.000 0.259
5017.000 0.275
5020.000 0.264
5023.000 0.270
5026.000 0.281
5029.000 0.304
5032.000 0.302
5035.000 0.301
5038.000 0.297
5041.000 0.286
5044.000 0.286
5047.000 0.282
5050.000 0.282
5053.000 0.281
5056.000 0.275
5059.000 0.265
5062.000 0.270
5065.000 0.278
5068.000 0.297
5071.000 0.289
5074.000 0.286
5077.000 0.304
5080.000 0.309
5083.000 0.309
5086.000 0.305
5089.000 0.294
5092.000 0.289
5095.000 0.286
5098.000 0.283
5101.000 0.281
5104.000 0.276
5107.000 0.274
5110.000 0.272
5113.000 0.271
5116.000 0.269
5119.000 0.268
5122.000 0.270
5125.000 0.280
5128.000 0.327
5131.000 0.316
5134.000 0.313
5137.000 0.308
5140.000 0.308
5143.000 0.307
5146.000 0.325
5149.000 0.325
5152.000 0.314
5155.000 0.311
5158.000 0.306
5161.000 0.303
5164.000 0.301
5167.000 0.331
5170.000 0.352
5173.000 0.358
5176.000 0.347
5179.000 0.342
5182.000 0.334
5185.000 0.333
5188.000 0.324
5191.000 0.324
5194.000 0.319
5197.000 0.315
5200.000 0.319
5203.000 0.331
5206.000 0.328
5209.000 0.324
5212.000 0.323
5215.000 0.322
5218.000 0.322
5221.000 0.318
5224.000 0.344
5227.000 0.380
5230.000 0.381
5233.000 0.372
5236.000 0.363
5239.000 0.360
5242.000 0.365
5245.000 0.392
5248.000 0.389
5251.000 0.384
5254.000 0.383
5257.000 0.377
5260.000 0.370
5263.000 0.370
5266.000 0.361
5269.000 0.354
5272.000 0.352
5275.000 0.358
5278.000 0.379
5281.000 0.374
5284.000 0.367
5287.000 0.369
5290.000 0.386
5293.000 0.384
5296.000 0.380
5299.000 0.383
5302.000 0.372
5305.000 0.375
5308.000 0.365
5311.000 0.366
5314.000 0.405
5317.000 0.400
5320.000 0.395
5323.000 0.384
5326.000 0.378
5329.000 0.413
5332.000 0.412
5335.000 0.408
5338.000 0.397
5341.000 0.390
5344.000 0.399
5347.000 0.406
5350.000 0.400
5353.000 0.386
5356.000 0.381
5359.000 0.371
5362.000 0.370
5365.000 0.368
5368.000 0.370
5371.000 0.380
5374.000 0.381
5377.000 0.395
5380.000 0.393
5383.000 0.386
5386.000 0.383
5389.000 0.421
5392.000 0.423
5395.000 0.415
5398.000 0.402
5401.000 0.434
5404.000 0.424
5407.000 0.403
5410.000 0.397
5413.000 0.387
5416.000 0.383
5419.000 0.379
5422.000 0.374
5425.000 0.372
5428.000 0.404
5431.000 0.408
5434.000 0.397
5437.000 0.412
5440.000 0.429
5443.000 0.417
5446.000 0.412
5449.000 0.398
5452.000 0.390
5455.000 0.418
5458.000 0.424
5461.000 0.415
5464.000 0.402
5467.000 0.396
5470.000 0.392
5473.000 0.386
5476.000 0.406
5479.000 0.412
5482.000 0.414
5485.000 0.427
5488.000 0.418
5491.000 0.411
5494.000 0.403
5497.000 0.406
5500.000 0.403
5503.000 0.394
5506.000 0.387
5509.000 0.388
5512.000 0.386
5515.000 0.394
5518.000 0.395
5521.000 0.389
5524.000 0.386
5527.000 0.416
5530.000 0.414
5533.000 0.411
5536.000 0.403
5539.000 0.412
5542.000 0.405
5545.000 0.402
5548.000 0.398
5551.000 0.412
5554.000 0.431
5557.000 0.422
5560.000 0.419
5563.000 0.408
5566.000 0.407
5569.000 0.407
5572.000 0.399
5575.000 0.397
5578.000 0.396
5581.000 0.395
5584.000 0.388
5587.000 0.384
5590.000 0.384
5593.000 0.389
5596.000 0.392
5599.000 0.400
5602.000 0.400
5605.000 0.397
5608.000 0.404
5611.000 0.406
5614.000 0.397
5617.000 0.401
5620.000 0.398
5623.000 0.433
5626.000 0.431
5629.000 0.418
5632.000 0.416
5635.000 0.416
5638.000 0.441
5641.000 0.447
5644.000 0.441
5647.000 0.433
5650.000 0.422
5653.000 0.408
5656.000 0.406
5659.000 0.400
5662.000 0.399
5665.000 0.391
5668.000 0.431
5671.000 0.439
5674.000 0.435
5677.000 0.435
5680.000 0.447
5683.000 0.441
5686.000 0.432
5689.000 0.419
5692.000 0.413
5695.000 0.436
5698.000 0.427
5701.000 0.438
5704.000 0.436
5707.000 0.430
5710.000 0.445
5713.000 0.436
5716.000 0.427
5719.000 0.418
5722.000 0.413
5725.000 0.416
5728.000 0.433
5731.000 0.427
5734.000 0.418
5737.000 0.412
5740.000 0.410
5743.000 0.409
5746.000 0.405
5749.000 0.401
5752.000 0.400
5755.000 0.398
5758.000 0.397
5761.000 0.432
5764.000 0.437
5767.000 0.429
5770.000 0.416
5773.000 0.418
5776.000 0.442
5779.000 0.455
5782.000 0.451
5785.000 0.437
5788.000 0.425
5791.000 0.424
5794.000 0.416
5797.000 0.413
5800.000 0.407
5803.000 0.404
5806.000 0.400
5809.000 0.402
5812.000 0.399
5815.000 0.402
5818.000 0.402
5821.000 0.402
5824.000 0.418
5827.000 0.427
5830.000 0.419
5833.000 0.414
5836.000 0.409
5839.000 0.409
5842.000 0.406
5845.000 0.402
5848.000 0.402
5851.000 0.402
5854.000 0.422
5857.000 0.420
5860.000 0.421
5863.000 0.413
5866.000 0.412
5869.000 0.411
5872.000 0.409
5875.000 0.430
5878.000 0.433
5881.000 0.430
5884.000 0.424
5887.000 0.419
5890.000 0.418
5893.000 0.415
5896.000 0.407
5899.000 0.400
5902.000 0.403
5905.000 0.409
5908.000 0.455
5911.000 0.448
5914.000 0.433
5917.000 0.434
5920.000 0.425
5923.000 0.440
5926.000 0.433
5929.000 0.424
5932.000 0.422
5935.000 0.411
5938.000 0.413
5941.000 0.415
5944.000 0.412
5947.000 0.409
5950.000 0.404
5953.000 0.423
5956.000 0.441
5959.000 0.432
5962.000 0.435
5965.000 0.422
5968.000 0.442
5971.000 0.439
5974.000 0.459
5977.000 0.461
5980.000 0.453
5983.000 0.445
5986.000 0.434
5989.000 0.425
5992.000 0.445
5995.000 0.436
5998.000 0.440
6001.000 0.418
6004.000 0.416
6007.000 0.416
6010.000 0.409
6013.000 0.405
6016.000 0.420
6019.000 0.431
6022.000 0.455
6025.000 0.453
6028.000 0.456
6031.000 0.440
6034.000 0.443
6037.000 0.438
6040.000 0.460
6043.000 0.452
6046.000 0.437
6049.000 0.434
6052.000 0.427
6055.000 0.454
6058.000 0.467
6061.000 0.458
6064.000 0.442
6067.000 0.438
6070.000 0.433
6073.000 0.431
6076.000 0.424
6079.000 0.426
6082.000 0.421
6085.000 0.422
6088.000 0.419
6091.000 0.423
6094.000 0.419
6097.000 0.424
6100.000 0.428
6103.000 0.434
6106.000 0.439
6109.000 0.434
6112.000 0.429
6115.000 0.424
6118.000 0.432
6121.000 0.426
6124.000 0.420
6127.000 0.431
6130.000 0.466
6133.000 0.461
6136.000 0.448
6139.000 0.443
6142.000 0.440
6145.000 0.436
6148.000 0.433
6151.000 0.429
6154.000 0.437
6157.000 0.433
6160.000 0.439
6163.000 0.436
6166.000 0.436
6169.000 0.441
6172.000 0.444
6175.000 0.439
6178.000 0.435
6181.000 0.433
6184.000 0.434
6187.000 0.433
6190.000 0.434
6193.000 0.433
6196.000 0.436
6199.000 0.435
6202.000 0.434
6205.000 0.453
6208.000 0.487
6211.000 0.474
6214.000 0.467
6217.000 0.457
6220.000 0.447
6223.000 0.443
6226.000 0.440
6229.000 0.439
6232.000 0.434
6235.000 0.433
6238.000 0.434
6241.000 0.432
6244.000 0.432
6247.000 0.428
6250.000 0.427
6253.000 0.435
6256.000 0.465
6259.000 0.464
6262.000 0.502
6265.000 0.495
6268.000 0.489
6271.000 0.478
6274.000 0.473
6277.000 0.465
6280.000 0.459
6283.000 0.455
6286.000 0.494
6289.000 0.495
6292.000 0.500
6295.000 0.499
6298.000 0.494
6301.000 0.497
6304.000 0.497
6307.000 0.473
6310.000 0.502
6313.000 0.494
6316.000 0.480
6319.000 0.464
6322.000 0.460
6325.000 0.514
6328.000 0.513
6331.000 0.504
6334.000 0.497
6337.000 0.491
6340.000 0.482
6343.000 0.481
6346.000 0.473
6349.000 0.474
6352.000 0.469
6355.000 0.470
6358.000 0.472
6361.000 0.468
6364.000 0.464
6367.000 0.468
6370.000 0.465
6373.000 0.464
6376.000 0.464
6379.000 0.465
6382.000 0.472
6385.000 0.487
6388.000 0.486
6391.000 0.487
6394.000 0.486
6397.000 0.481
6400.000 0.484
6403.000 0.482
6406.000 0.480
6409.000 0.483
6412.000 0.483
6415.000 0.484
6418.000 0.487
6421.000 0.485
6424.000 0.485
6427.000 0.482
6430.000 0.532
6433.000 0.536
6436.000 0.528
6439.000 0.523
6442.000 0.523
6445.000 0.526
6448.000 0.522
6451.000 0.517
6454.000 0.519
6457.000 0.519
6460.000 0.524
6463.000 0.525
6466.000 0.527
6469.000 0.525
6472.000 0.529
6475.000 0.534
6478.000 0.573
6481.000 0.609
6484.000 0.603
6487.000 0.599
6490.000 0.595
6493.000 0.592
6496.000 0.590
6499.000 0.593
6502.000 0.596
6505.000 0.598
6508.000 0.623
6511.000 0.660
6514.000 0.673
6517.000 0.663
6520.000 0.660
6523.000 0.658
6526.000 0.677
6529.000 0.674
6532.000 0.669
6535.000 0.674
6538.000 0.675
6541.000 0.678
6544.000 0.681
6547.000 0.691
6550.000 0.689
6553.000 0.702
6556.000 0.708
6559.000 0.715
6562.000 0.730
6565.000 0.735
6568.000 0.751
6571.000 0.767
6574.000 0.779
6577.000 0.793
6580.000 0.801
6583.000 0.823
6586.000 0.841
6589.000 0.853
6592.000 0.880
6595.000 0.890
6598.000 0.916
6601.000 0.947
6604.000 0.962
6607.000 1.006
6610.000 1.023
6613.000 1.056
6616.000 1.160
6619.000 1.222
6622.000 1.258
6625.000 1.687
6628.000 2.068
6631.000 1.989
6634.000 1.894
6637.000 1.745
6640.000 1.686
6643.000 1.614
6646.000 1.575
6649.000 1.573
6652.000 1.598
6655.000 1.638
6658.000 1.719
6661.000 1.839
6664.000 1.881
6667.000 1.967
6670.000 2.016
6673.000 2.126
6676.000 2.241
6679.000 2.306
6682.000 2.443
6685.000 2.515
6688.000 2.690
6691.000 2.875
6694.000 2.964
6697.000 3.161
6700.000 3.261
6703.000 3.469
6706.000 3.677
6709.000 3.802
6712.000 4.037
6715.000 4.130
6718.000 4.335
6721.000 4.527
6724.000 4.610
6727.000 4.752
6730.000 4.813
6733.000 4.909
6736.000 4.971
6739.000 5.002
6742.000 5.025
6745.000 5.019
6748.000 4.993
6751.000 4.930
6754.000 4.894
6757.000 4.942
6760.000 4.935
6763.000 4.814
6766.000 4.644
6769.000 4.569
6772.000 4.423
6775.000 4.359
6778.000 4.253
6781.000 4.372
6784.000 4.341
6787.000 4.245
6790.000 4.175
6793.000 4.032
6796.000 3.957
6799.000 3.918
6802.000 3.821
6805.000 3.776
6808.000 3.747
6811.000 3.826
6814.000 3.877
6817.000 3.801
6820.000 3.759
6823.000 3.691
6826.000 3.640
6829.000 3.624
6832.000 3.604
6835.000 3.599
6838.000 3.596
6841.000 3.608
6844.000 3.620
6847.000 3.639
6850.000 3.624
6853.000 3.666
6856.000 3.709
6859.000 3.733
6862.000 6.004
6865.000 6.078
6868.000 5.878
6871.000 5.503
6874.000 4.998
6877.000 4.648
6880.000 4.511
6883.000 4.312
6886.000 4.250
6889.000 4.225
6892.000 4.286
6895.000 4.320
6898.000 4.398
6901.000 4.433
6904.000 4.507
6907.000 4.564
6910.000 4.599
6913.000 4.678
6916.000 4.709
6919.000 4.759
6922.000 4.797
6925.000 4.810
6928.000 4.821
6931.000 4.805
6934.000 4.783
6937.000 4.733
6940.000 4.701
6943.000 4.604
6946.000 4.568
6949.000 4.474
6952.000 4.392
6955.000 4.348
6958.000 4.258
6961.000 4.234
6964.000 4.152
6967.000 4.013
6970.000 3.946
6973.000 3.841
6976.000 3.800
6979.000 3.675
6982.000 3.554
6985.000 3.512
6988.000 3.445
6991.000 3.399
6994.000 3.293
6997.000 3.184
7000.000 3.145
7003.000 3.080
7006.000 3.050
7009.000 2.977
7012.000 2.907
7015.000 2.883
7018.000 2.830
7021.000 2.786
7024.000 2.718
7027.000 2.674
7030.000 2.677
7033.000 2.711
7036.000 2.666
7039.000 2.610
7042.000 2.575
7045.000 2.554
7048.000 2.498
7051.000 2.484
7054.000 2.451
7057.000 2.411
7060.000 2.404
7063.000 2.394
7066.000 2.371
7069.000 2.363
7072.000 2.352
7075.000 2.403
7078.000 2.439
7081.000 2.418
7084.000 2.397
7087.000 2.380
7090.000 2.362
7093.000 2.339
7096.000 2.327
7099.000 2.324
7102.000 2.321
7105.000 2.319
7108.000 2.317
7111.000 2.323
7114.000 2.322
7117.000 2.321
7120.000 2.332
7123.000 2.340
7126.000 2.364
7129.000 2.380
7132.000 2.417
7135.000 2.427
7138.000 2.440
7141.000 2.458
7144.000 2.511
7147.000 2.554
7150.000 2.584
7153.000 2.592
7156.000 2.614
7159.000 2.630
7162.000 2.652
7165.000 2.668
7168.000 2.703
7171.000 2.742
7174.000 2.762
7177.000 2.808
7180.000 2.832
7183.000 3.001
7186.000 3.039
7189.000 3.053
7192.000 3.101
7195.000 3.117
7198.000 3.159
7201.000 3.205
7204.000 3.232
7207.000 3.317
7210.000 3.355
7213.000 3.405
7216.000 3.462
7219.000 3.493
7222.000 3.760
7225.000 3.785
7228.000 3.791
7231.000 3.787
7234.000 3.791
7237.000 3.792
7240.000 3.802
7243.000 3.854
7246.000 3.848
7249.000 3.838
7252.000 3.825
7255.000 3.815
7258.000 3.916
7261.000 3.896
7264.000 3.860
7267.000 3.752
7270.000 3.709
7273.000 3.609
7276.000 3.501
7279.000 3.453
7282.000 3.447
7285.000 3.434
7288.000 3.306
7291.000 3.195
7294.000 3.134
7297.000 3.046
7300.000 3.005
7303.000 2.918
7306.000 2.824
7309.000 2.777
7312.000 2.688
7315.000 2.705
7318.000 2.675
7321.000 2.559
7324.000 2.501
7327.000 2.425
7330.000 2.402
7333.000 2.323
7336.000 2.260
7339.000 2.233
7342.000 2.165
7345.000 2.183
7348.000 2.155
7351.000 2.108
7354.000 2.123
7357.000 1.972
7360.000 1.909
7363.000 1.941
7366.000 1.838
7369.000 1.795
7372.000 1.735
7375.000 1.707
7378.000 1.655
7381.000 1.612
7384.000 1.602
7387.000 1.565
7390.000 1.541
7393.000 1.517
7396.000 1.480
7399.000 1.476
7402.000 1.454
7405.000 1.435
7408.000 1.401
7411.000 1.384
7414.000 1.360
7417.000 1.354
7420.000 1.343
7423.000 1.320
7426.000 1.303
7429.000 1.289
7432.000 1.285
7435.000 1.281
7438.000 1.252
7441.000 1.242
7444.000 1.222
7447.000 1.204
7450.000 1.196
7453.000 1.185
7456.000 1.176
7459.000 1.166
7462.000 1.160
7465.000 1.157
7468.000 1.155
7471.000 1.150
7474.000 1.145
7477.000 1.143
7480.000 1.144
7483.000 1.140
7486.000 1.142
7489.000 1.138
7492.000 1.141
7495.000 1.138
7498.000 1.148
7501.000 1.150
7504.000 1.161
7507.000 1.165
7510.000 1.170
7513.000 1.182
7516.000 1.190
7519.000 1.205
7522.000 1.235
7525.000 1.233
7528.000 1.249
7531.000 1.255
7534.000 1.277
7537.000 1.322
7540.000 1.335
7543.000 1.356
7546.000 1.371
7549.000 1.393
7552.000 1.412
7555.000 1.424
7558.000 1.459
7561.000 1.476
7564.000 1.484
7567.000 1.489
7570.000 1.495
7573.000 1.496
7576.000 1.490
7579.000 1.476
7582.000 1.437
7585.000 1.417
7588.000 1.368
7591.000 1.334
7594.000 1.271
7597.000 1.198
7600.000 1.184
7603.000 1.128
7606.000 1.096
7609.000 1.030
7612.000 0.970
7615.000 0.946
7618.000 0.892
7621.000 0.867
7624.000 0.827
7627.000 0.785
7630.000 0.764
7633.000 0.737
7636.000 0.721
7639.000 0.690
7642.000 0.664
7645.000 0.653
7648.000 0.630
7651.000 0.621
7654.000 0.606
7657.000 0.607
7660.000 0.593
7663.000 0.574
7666.000 0.571
7669.000 0.588
7672.000 0.577
7675.000 0.570
7678.000 0.571
7681.000 0.569
7684.000 0.553
7687.000 0.539
7690.000 0.526
7693.000 0.526
7696.000 0.533
7699.000 0.524
7702.000 0.511
7705.000 0.509
7708.000 0.516
7711.000 0.514
7714.000 0.497
7717.000 0.492
7720.000 0.494
7723.000 0.483
7726.000 0.486
7729.000 0.497
7732.000 0.490
7735.000 0.485
7738.000 0.475
7741.000 0.470
7744.000 0.471
7747.000 0.459
7750.000 0.459
7753.000 0.453
7756.000 0.449
7759.000 0.448
7762.000 0.447
7765.000 0.447
7768.000 0.460
7771.000 0.455
7774.000 0.457
7777.000 0.456
7780.000 0.451
7783.000 0.443
7786.000 0.445
7789.000 0.444
7792.000 0.443
7795.000 0.443
7798.000 0.453
7801.000 0.446
7804.000 0.440
7807.000 0.439
7810.000 0.436
7813.000 0.436
7816.000 0.432
7819.000 0.445
7822.000 0.456
7825.000 0.450
7828.000 0.445
7831.000 0.438
7834.000 0.437
7837.000 0.437
7840.000 0.431
7843.000 0.429
7846.000 0.427
7849.000 0.421
7852.000 0.424
7855.000 0.420
7858.000 0.423
7861.000 0.421
7864.000 0.422
7867.000 0.420
7870.000 0.414
7873.000 0.415
7876.000 0.414
7879.000 0.413
7882.000 0.416
7885.000 0.416
7888.000 0.434
7891.000 0.440
7894.000 0.433
7897.000 0.430
7900.000 0.425
7903.000 0.422
7906.000 0.423
7909.000 0.420
7912.000 0.423
7915.000 0.438
7918.000 0.432
7921.000 0.428
7924.000 0.424
7927.000 0.421
7930.000 0.418
7933.000 0.426
7936.000 0.433
7939.000 0.428
7942.000 0.426
7945.000 0.418
7948.000 0.434
7951.000 0.439
7954.000 0.429
7957.000 0.429
7960.000 0.422
7963.000 0.416
7966.000 0.414
7969.000 0.404
7972.000 0.404
7975.000 0.403
7978.000 0.402
7981.000 0.410
7984.000 0.400
7987.000 0.406
7990.000 0.400
7993.000 0.404
7996.000 0.398
7999.000 0.410
8002.000 0.405
8005.000 0.425
8008.000 0.424
8011.000 0.429
8014.000 0.422
8017.000 0.415
8020.000 0.418
8023.000 0.418
8026.000 0.424
8029.000 0.433
8032.000 0.436
8035.000 0.428
8038.000 0.422
8041.000 0.416
8044.000 0.406
8047.000 0.402
8050.000 0.401
8053.000 0.406
8056.000 0.400
8059.000 0.397
8062.000 0.392
8065.000 0.394
8068.000 0.408
8071.000 0.408
8074.000 0.410
8077.000 0.408
8080.000 0.407
8083.000 0.405
8086.000 0.408
8089.000 0.427
8092.000 0.421
8095.000 0.420
8098.000 0.414
8101.000 0.427
8104.000 0.422
8107.000 0.418
8110.000 0.417
8113.000 0.413
8116.000 0.411
8119.000 0.408
8122.000 0.407
8125.000 0.419
8128.000 0.419
8131.000 0.412
8134.000 0.412
8137.000 0.411
8140.000 0.404
8143.000 0.410
8146.000 0.417
8149.000 0.415
8152.000 0.410
8155.000 0.407
8158.000 0.406
8161.000 0.408
8164.000 0.405
8167.000 0.408
8170.000 0.405
8173.000 0.405
8176.000 0.406
8179.000 0.403
8182.000 0.403
8185.000 0.412
8188.000 0.427
8191.000 0.421
8194.000 0.418
8197.000 0.415
8200.000 0.411
8203.000 0.410
8206.000 0.407
8209.000 0.407
8212.000 0.406
8215.000 0.416
8218.000 0.418
8221.000 0.411
8224.000 0.412
8227.000 0.409
8230.000 0.410
8233.000 0.407
8236.000 0.406
8239.000 0.405
8242.000 0.405
8245.000 0.419
8248.000 0.422
8251.000 0.413
8254.000 0.411
8257.000 0.414
8260.000 0.419
8263.000 0.418
8266.000 0.416
8269.000 0.411
8272.000 0.415
8275.000 0.414
8278.000 0.412
8281.000 0.408
8284.000 0.403
8287.000 0.406
8290.000 0.408
8293.000 0.405
8296.000 0.404
8299.000 0.404
8302.000 0.402
8305.000 0.405
8308.000 0.414
8311.000 0.411
8314.000 0.614
8317.000 0.607
8320.000 0.580
8323.000 0.575
8326.000 0.608
8329.000 0.590
8332.000 0.578
8335.000 0.578
8338.000 0.551
8341.000 0.499
8344.000 0.461
8347.000 0.444
8350.000 0.420
8353.000 0.410
8356.000 0.401
8359.000 0.397
8362.000 0.395
8365.000 0.397
8368.000 0.399
8371.000 0.398
8374.000 0.399
8377.000 0.400
8380.000 0.394
8383.000 0.398
8386.000 0.398
8389.000 0.396
8392.000 0.398
8395.000 0.398
8398.000 0.397
8401.000 0.397
8404.000 0.397
8407.000 0.397
8410.000 0.397
8413.000 0.401
8416.000 0.396
8419.000 0.398
8422.000 0.396
8425.000 0.397
8428.000 0.398
8431.000 0.398
8434.000 0.402
8437.000 0.400
8440.000 0.398
8443.000 0.399
8446.000 0.399
8449.000 0.398
8452.000 0.398
8455.000 0.400
8458.000 0.401
8461.000 0.401
8464.000 0.401
8467.000 0.400
8470.000 0.397
8473.000 0.397
8476.000 0.398
8479.000 0.398
8482.000 0.401
8485.000 0.400
8488.000 0.398
8491.000 0.406
8494.000 0.404
8497.000 0.402
8500.000 0.402
8503.000 0.399
8506.000 0.402
8509.000 0.401
8512.000 0.400
8515.000 0.403
8518.000 0.402
8521.000 0.404
8524.000 0.402
8527.000 0.402
8530.000 0.403
8533.000 0.402
8536.000 0.403
8539.000 0.402
8542.000 0.402
8545.000 0.400
8548.000 0.401
8551.000 0.404
8554.000 0.415
8557.000 0.410
8560.000 0.411
8563.000 0.407
8566.000 0.410
8569.000 0.412
8572.000 0.409
8575.000 0.404
8578.000 0.404
8581.000 0.408
8584.000 0.406
8587.000 0.407
8590.000 0.407
8593.000 0.404
8596.000 0.402
8599.000 0.402
8602.000 0.400
8605.000 0.402
8608.000 0.402
8611.000 0.403
8614.000 0.403
8617.000 0.406
8620.000 0.406
8623.000 0.405
8626.000 0.406
8629.000 0.403
8632.000 0.406
8635.000 0.405
8638.000 0.406
8641.000 0.403
8644.000 0.403
8647.000 0.406
8650.000 0.409
8653.000 0.408
8656.000 0.405
8659.000 0.405
8662.000 0.408
8665.000 0.410
8668.000 0.403
8671.000 0.405
8674.000 0.407
8677.000 0.407
8680.000 0.408
8683.000 0.408
8686.000 0.409
8689.000 0.406
8692.000 0.411
8695.000 0.408
8698.000 0.410
8701.000 0.408
8704.000 0.407
8707.000 0.408
8710.000 0.405
8713.000 0.408
8716.000 0.410
8719.000 0.410
8722.000 0.411
8725.000 0.410
8728.000 0.411
8731.000 0.411
8734.000 0.414
8737.000 0.408
8740.000 0.410
8743.000 0.410
8746.000 0.409
8749.000 0.411
8752.000 0.410
8755.000 0.407
8758.000 0.410
8761.000 0.408
8764.000 0.407
8767.000 0.408
8770.000 0.406
8773.000 0.404
8776.000 0.409
8779.000 0.408
8782.000 0.408
8785.000 0.410
8788.000 0.404
8791.000 0.406
8794.000 0.408
8797.000 0.407
8800.000 0.410
8803.000 0.410
8806.000 0.407
8809.000 0.410
8812.000 0.415
8815.000 0.416
8818.000 0.415
8821.000 0.418
8824.000 0.416
8827.000 0.435
8830.000 0.399
8833.000 0.440
8836.000 0.424
8839.000 0.415
8842.000 0.426
8845.000 0.425
8848.000 0.416
8851.000 0.415
8854.000 0.416
8857.000 0.429
8860.000 0.431
8863.000 0.424
8866.000 0.424
8869.000 0.422
8872.000 0.418
8875.000 0.415
8878.000 0.429
8881.000 0.429
8884.000 0.427
8887.000 0.422
8890.000 0.420
8893.000 0.419
8896.000 0.418
8899.000 0.418
8902.000 0.417
8905.000 0.414
8908.000 0.413
8911.000 0.413
8914.000 0.411
8917.000 0.414
8920.000 0.413
8923.000 0.414
8926.000 0.415
8929.000 0.413
8932.000 0.412
8935.000 0.411
8938.000 0.411
8941.000 0.414
8944.000 0.412
8947.000 0.410
8950.000 0.409
8953.000 0.413
8956.000 0.423
8959.000 0.415
8962.000 0.418
8965.000 0.415
8968.000 0.422
8971.000 0.412
8974.000 0.413
8977.000 0.417
8980.000 0.421
8983.000 0.417
8986.000 0.421
8989.000 0.412
8992.000 0.412
8995.000 0.417
8998.000 0.410
9001.000 0.420
9004.000 0.419
9007.000 0.416
9010.000 0.416
9013.000 0.414
9016.000 0.449
9019.000 0.432
9022.000 0.425
9025.000 0.429
9028.000 0.423
9031.000 0.419
9034.000 0.611
9037.000 0.528
9040.000 0.563
9043.000 0.570
9046.000 0.572
9049.000 0.546
9052.000 0.542
9055.000 0.540
9058.000 0.525
9061.000 0.499
9064.000 0.469
9067.000 0.440
9070.000 0.429
9073.000 0.415
9076.000 0.411
9079.000 0.409
9082.000 0.410
9085.000 0.413
9088.000 0.430
9091.000 0.431
9094.000 0.428
9097.000 0.420
9100.000 0.417
9103.000 0.417
9106.000 0.415
9109.000 0.413
9112.000 0.413
9115.000 0.413
9118.000 0.415
9121.000 0.414
9124.000 0.413
9127.000 0.413
9130.000 0.417
9133.000 0.417
9136.000 0.416
9139.000 0.414
9142.000 0.415
9145.000 0.419
9148.000 0.417
9151.000 0.418
9154.000 0.415
9157.000 0.416
9160.000 0.414
9163.000 0.419
9166.000 0.416
9169.000 0.419
9172.000 0.416
9175.000 0.414
9178.000 0.415
9181.000 0.413
9184.000 0.416
9187.000 0.421
9190.000 0.417
9193.000 0.421
9196.000 0.418
9199.000 0.420
9202.000 0.418
9205.000 0.420
9208.000 0.418
9211.000 0.425
9214.000 0.424
9217.000 0.420
9220.000 0.424
9223.000 0.422
9226.000 0.421
9229.000 0.423
9232.000 0.421
9235.000 0.418
9238.000 0.422
9241.000 0.425
9244.000 0.421
9247.000 0.420
9250.000 0.419
9253.000 0.424
9256.000 0.424
9259.000 0.422
9262.000 0.421
9265.000 0.420
9268.000 0.419
9271.000 0.415
9274.000 0.418
9277.000 0.415
9280.000 0.420
9283.000 0.417
9286.000 0.417
9289.000 0.421
9292.000 0.421
9295.000 0.420
9298.000 0.420
9301.000 0.423
9304.000 0.421
9307.000 0.419
9310.000 0.421
9313.000 0.421
9316.000 0.423
9319.000 0.423
9322.000 0.423
9325.000 0.423
9328.000 0.425
9331.000 0.425
9334.000 0.423
9337.000 0.418
9340.000 0.421
9343.000 0.425
9346.000 0.422
9349.000 0.424
9352.000 0.426
9355.000 0.425
9358.000 0.427
9361.000 0.428
9364.000 0.422
9367.000 0.428
9370.000 0.429
9373.000 0.425
9376.000 0.424
9379.000 0.425
9382.000 0.425
9385.000 0.426
9388.000 0.427
9391.000 0.425
9394.000 0.427
9397.000 0.425
9400.000 0.425
9403.000 0.427
9406.000 0.428
9409.000 0.429
9412.000 0.427
9415.000 0.428
9418.000 0.426
9421.000 0.428
9424.000 0.428
9427.000 0.427
9430.000 0.427
9433.000 0.428
9436.000 0.430
9439.000 0.428
9442.000 0.430
9445.000 0.426
9448.000 0.429
9451.000 0.427
9454.000 0.430
9457.000 0.431
9460.000 0.431
9463.000 0.432
9466.000 0.428
9469.000 0.429
9472.000 0.430
9475.000 0.430
9478.000 0.431
9481.000 0.429
9484.000 0.429
9487.000 0.430
9490.000 0.429
9493.000 0.428
9496.000 0.429
9499.000 0.432
9502.000 0.437
9505.000 0.431
9508.000 0.426
9511.000 0.427
9514.000 0.431
9517.000 0.429
9520.000 0.431
9523.000 0.432
9526.000 0.436
9529.000 0.436
9532.000 0.438
9535.000 0.439
9538.000 0.439
9541.000 0.435
9544.000 0.435
9547.000 0.435
9550.000 0.432
9553.000 0.435
9556.000 0.431
9559.000 0.437
9562.000 0.437
9565.000 0.439
9568.000 0.436
9571.000 0.435
9574.000 0.438
9577.000 0.437
9580.000 0.437
9583.000 0.441
9586.000 0.438
9589.000 0.440
9592.000 0.436
9595.000 0.439
9598.000 0.448
9601.000 0.446
9604.000 0.447
9607.000 0.442
9610.000 0.444
9613.000 0.445
9616.000 0.446
9619.000 0.446
9622.000 0.447
9625.000 0.446
9628.000 0.443
9631.000 0.442
9634.000 0.445
9637.000 0.447
9640.000 0.446
9643.000 0.449
9646.000 0.449
9649.000 0.449
9652.000 0.450
9655.000 0.453
9658.000 0.450
9661.000 0.448
9664.000 0.450
9667.000 0.449
9670.000 0.459
9673.000 0.454
9676.000 0.454
9679.000 0.451
9682.000 0.449
9685.000 0.451
9688.000 0.466
9691.000 0.469
9694.000 0.455
9697.000 0.457
9700.000 0.454
9703.000 0.453
9706.000 0.457
9709.000 0.459
9712.000 0.460
9715.000 0.460
9718.000 0.461
9721.000 0.462
9724.000 0.464
9727.000 0.468
9730.000 0.467
9733.000 0.467
9736.000 0.467
9739.000 0.471
9742.000 0.471
9745.000 0.474
9748.000 0.475
9751.000 0.478
9754.000 0.477
9757.000 0.478
9760.000 0.480
9763.000 0.483
9766.000 0.482
9769.000 0.481
9772.000 0.484
9775.000 0.484
9778.000 0.485
9781.000 0.488
9784.000 0.488
9787.000 0.491
9790.000 0.495
9793.000 0.497
9796.000 0.499
9799.000 0.503
9802.000 0.504
9805.000 0.511
9808.000 0.510
9811.000 0.515
9814.000 0.518
9817.000 0.519
9820.000 0.517
9823.000 0.517
9826.000 0.522
9829.000 0.524
9832.000 0.526
9835.000 0.529
9838.000 0.532
9841.000 0.536
9844.000 0.541
9847.000 0.542
9850.000 0.547
9853.000 0.550
9856.000 0.555
9859.000 0.561
9862.000 0.562
9865.000 0.569
9868.000 0.571
9871.000 0.577
9874.000 0.583
9877.000 0.585
9880.000 0.594
9883.000 0.596
9886.000 0.604
9889.000 0.610
9892.000 0.618
9895.000 0.628
9898.000 0.630
9901.000 0.642
9904.000 0.651
9907.000 0.653
9910.000 0.666
9913.000 0.676
9916.000 0.686
9919.000 0.700
9922.000 0.707
9925.000 0.720
9928.000 0.731
9931.000 0.746
9934.000 0.766
9937.000 0.776
9940.000 0.800
9943.000 0.808
9946.000 0.828
9949.000 0.853
9952.000 0.868
9955.000 0.896
9958.000 0.915
9961.000 0.944
9964.000 0.985
9967.000 1.007
9970.000 1.053
9973.000 1.079
9976.000 1.126
9979.000 1.180
9982.000 1.204
9985.000 1.274
9988.000 1.300
9991.000 1.376
9994.000 1.463
9997.000 1.516
10000.000 1.623
10003.000 1.678
10006.000 1.805
10009.000 1.959
10012.000 2.047
10015.000 2.242
10018.000 2.331
10021.000 2.536
10024.000 2.723
10027.000 2.822
10030.000 2.938
10033.000 2.976
10036.000 2.972
10039.000 2.925
10042.000 2.895
10045.000 2.818
10048.000 2.774
10051.000 2.626
10054.000 2.477
10057.000 2.397
10060.000 2.258
10063.000 2.187
10066.000 2.056
10069.000 1.941
10072.000 1.889
10075.000 1.797
10078.000 1.759
10081.000 1.690
10084.000 1.655
10087.000 1.599
10090.000 1.550
10093.000 1.525
10096.000 1.494
10099.000 1.480
10102.000 1.460
10105.000 1.442
10108.000 1.436
10111.000 1.430
10114.000 1.425
10117.000 1.430
10120.000 1.435
10123.000 1.442
10126.000 1.456
10129.000 1.468
10132.000 1.482
10135.000 1.520
10138.000 1.536
10141.000 1.594
10144.000 1.626
10147.000 1.674
10150.000 1.739
10153.000 1.768
10156.000 1.841
10159.000 1.873
10162.000 1.961
10165.000 2.059
10168.000 2.122
10171.000 2.241
10174.000 2.306
10177.000 2.435
10180.000 2.592
10183.000 2.661
10186.000 2.841
10189.000 2.927
10192.000 3.120
10195.000 3.311
10198.000 3.407
10201.000 3.624
10204.000 3.729
10207.000 3.907
10210.000 4.058
10213.000 4.127
10216.000 4.235
10219.000 4.270
10222.000 4.309
10225.000 4.305
10228.000 4.276
10231.000 4.192
10234.000 4.140
10237.000 4.014
10240.000 3.862
10243.000 3.789
10246.000 3.623
10249.000 3.530
10252.000 3.363
10255.000 3.215
10258.000 3.136
10261.000 3.002
10264.000 2.935
10267.000 2.820
10270.000 2.708
10273.000 2.661
10276.000 2.560
10279.000 2.522
10282.000 2.439
10285.000 2.370
10288.000 2.331
10291.000 2.270
10294.000 2.243
10297.000 2.189
10300.000 2.135
10303.000 2.116
10306.000 2.088
10309.000 2.072
10312.000 2.026
10315.000 1.986
10318.000 1.969
10321.000 1.938
10324.000 1.925
10327.000 1.897
10330.000 1.877
10333.000 1.864
10336.000 1.847
10339.000 1.840
10342.000 1.827
10345.000 1.815
10348.000 1.812
10351.000 1.798
10354.000 1.794
10357.000 1.780
10360.000 1.782
10363.000 1.783
10366.000 1.777
10369.000 1.778
10372.000 1.784
10375.000 1.787
10378.000 1.785
10381.000 1.796
10384.000 1.803
10387.000 1.806
10390.000 1.812
10393.000 1.818
10396.000 1.829
10399.000 1.837
10402.000 1.860
10405.000 1.879
10408.000 1.889
10411.000 1.914
10414.000 1.931
10417.000 1.964
10420.000 1.990
10423.000 2.004
10426.000 2.042
10429.000 2.064
10432.000 2.098
10435.000 2.149
10438.000 2.183
10441.000 2.234
10444.000 2.267
10447.000 2.336
10450.000 2.372
10453.000 2.438
10456.000 2.512
10459.000 2.555
10462.000 2.631
10465.000 2.675
10468.000 2.761
10471.000 2.858
10474.000 2.908
10477.000 2.995
10480.000 3.036
10483.000 3.119
10486.000 3.174
10489.000 3.183
10492.000 3.195
10495.000 3.189
10498.000 3.146
10501.000 3.056
10504.000 2.997
10507.000 2.855
10510.000 2.780
10513.000 2.626
10516.000 2.458
10519.000 2.374
10522.000 2.199
10525.000 2.115
10528.000 1.957
10531.000 1.799
10534.000 1.735
10537.000 1.614
10540.000 1.554
10543.000 1.438
10546.000 1.339
10549.000 1.292
10552.000 1.210
10555.000 1.175
10558.000 1.108
10561.000 1.045
10564.000 1.016
10567.000 0.970
10570.000 0.950
10573.000 0.910
10576.000 0.869
10579.000 0.851
10582.000 0.826
10585.000 0.805
10588.000 0.765
10591.000 0.728
10594.000 0.709
10597.000 0.673
10600.000 0.655
10603.000 0.621
10606.000 0.593
10609.000 0.577
10612.000 0.550
10615.000 0.536
10618.000 0.511
10621.000 0.501
10624.000 0.476
10627.000 0.455
10630.000 0.446
10633.000 0.426
10636.000 0.418
10639.000 0.395
10642.000 0.377
10645.000 0.369
10648.000 0.355
10651.000 0.348
10654.000 0.337
10657.000 0.328
10660.000 0.323
10663.000 0.318
10666.000 0.317
10669.000 0.312
10672.000 0.306
10675.000 0.300
10678.000 0.304
10681.000 0.306
10684.000 0.312
10687.000 0.319
10690.000 0.323
10693.000 0.332
10696.000 0.341
10699.000 0.358
10702.000 0.376
10705.000 0.388
10708.000 0.413
10711.000 0.423
10714.000 0.447
10717.000 0.471
10720.000 0.483
10723.000 0.514
10726.000 0.533
10729.000 0.570
10732.000 0.614
10735.000 0.640
10738.000 0.690
10741.000 0.718
10744.000 0.775
10747.000 0.836
10750.000 0.868
10753.000 0.934
10756.000 0.960
10759.000 1.019
10762.000 1.063
10765.000 1.078
10768.000 1.101
10771.000 1.111
10774.000 1.122
10777.000 1.122
10780.000 1.114
10783.000 1.088
10786.000 1.074
10789.000 1.045
10792.000 1.005
10795.000 0.987
10798.000 0.948
10801.000 0.928
10804.000 0.895
10807.000 0.855
10810.000 0.841
10813.000 0.814
10816.000 0.801
10819.000 0.779
10822.000 0.754
10825.000 0.747
10828.000 0.723
10831.000 0.718
10834.000 0.699
10837.000 0.684
10840.000 0.676
10843.000 0.658
10846.000 0.651
10849.000 0.639
10852.000 0.625
10855.000 0.620
10858.000 0.611
10861.000 0.605
10864.000 0.597
10867.000 0.586
10870.000 0.582
10873.000 0.574
10876.000 0.573
10879.000 0.564
10882.000 0.559
10885.000 0.552
10888.000 0.550
10891.000 0.546
10894.000 0.540
10897.000 0.539
10900.000 0.537
10903.000 0.533
10906.000 0.530
10909.000 0.526
10912.000 0.520
10915.000 0.518
10918.000 0.515
10921.000 0.513
10924.000 0.509
10927.000 0.505
10930.000 0.507
10933.000 0.506
10936.000 0.507
10939.000 0.501
10942.000 0.496
10945.000 0.494
10948.000 0.491
10951.000 0.488
10954.000 0.486
10957.000 0.482
10960.000 0.481
10963.000 0.474
10966.000 0.473
10969.000 0.472
10972.000 0.471
10975.000 0.465
10978.000 0.465
10981.000 0.483
10984.000 0.482
10987.000 0.478
10990.000 0.476
10993.000 0.467
10996.000 0.469
10999.000 0.472
11002.000 0.468
11005.000 0.463
11008.000 0.485
11011.000 0.484
11014.000 0.478
11017.000 0.468
11020.000 0.475
11023.000 0.479
11026.000 0.474
11029.000 0.476
11032.000 0.465
11035.000 0.465
11038.000 0.472
11041.000 0.469
11044.000 0.461
11047.000 0.460
11050.000 0.461
11053.000 0.453
11056.000 0.459
11059.000 0.452
11062.000 0.450
11065.000 0.454
11068.000 0.448
11071.000 0.453
11074.000 0.447
11077.000 0.447
11080.000 0.452
11083.000 0.449
11086.000 0.449
11089.000 0.444
11092.000 0.445
11095.000 0.445
11098.000 0.447
11101.000 0.446
11104.000 0.445
11107.000 0.444
11110.000 0.444
11113.000 0.443
11116.000 0.440
11119.000 0.436
11122.000 0.440
11125.000 0.434
11128.000 0.433
11131.000 0.432
11134.000 0.427
11137.000 0.428
11140.000 0.428
11143.000 0.428
11146.000 0.427
11149.000 0.425
11152.000 0.426
11155.000 0.427
11158.000 0.429
11161.000 0.426
11164.000 0.429
11167.000 0.431
11170.000 0.431
11173.000 0.429
11176.000 0.432
11179.000 0.432
11182.000 0.428
11185.000 0.429
11188.000 0.427
11191.000 0.426
11194.000 0.425
11197.000 0.426
11200.000 0.424
11203.000 0.432
11206.000 0.430
11209.000 0.430
11212.000 0.427
11215.000 0.424
11218.000 0.422
11221.000 0.423
11224.000 0.424
11227.000 0.426
11230.000 0.423
11233.000 0.429
11236.000 0.430
11239.000 0.427
11242.000 0.425
11245.000 0.423
11248.000 0.423
11251.000 0.423
11254.000 0.421
11257.000 0.421
11260.000 0.420
11263.000 0.422
11266.000 0.424
11269.000 0.426
11272.000 0.425
11275.000 0.424
11278.000 0.424
11281.000 0.424
11284.000 0.429
11287.000 0.426
11290.000 0.424
11293.000 0.425
11296.000 0.423
11299.000 0.423
11302.000 0.424
11305.000 0.422
11308.000 0.424
11311.000 0.422
11314.000 0.425
11317.000 0.423
11320.000 0.421
11323.000 0.421
11326.000 0.422
11329.000 0.428
11332.000 0.426
11335.000 0.425
11338.000 0.421
11341.000 0.420
11344.000 0.424
11347.000 0.424
11350.000 0.424
11353.000 0.425
11356.000 0.421
11359.000 0.423
11362.000 0.423
11365.000 0.421
11368.000 0.420
11371.000 0.418
11374.000 0.418
11377.000 0.417
11380.000 0.414
11383.000 0.421
11386.000 0.418
11389.000 0.416
11392.000 0.415
11395.000 0.420
11398.000 0.417
11401.000 0.427
11404.000 0.428
11407.000 0.427
11410.000 0.419
11413.000 0.420
11416.000 0.419
11419.000 0.413
11422.000 0.419
11425.000 0.417
11428.000 0.416
11431.000 0.415
11434.000 0.413
11437.000 0.411
11440.000 0.414
11443.000 0.410
11446.000 0.414
11449.000 0.421
11452.000 0.420
11455.000 0.408
11458.000 0.413
11461.000 0.410
11464.000 0.408
11467.000 0.408
11470.000 0.411
11473.000 0.409
11476.000 0.409
11479.000 0.409
11482.000 0.412
11485.000 0.411
11488.000 0.410
11491.000 0.413
11494.000 0.412
11497.000 0.415
11500.000 0.415
11503.000 0.413
11506.000 0.414
11509.000 0.412
11512.000 0.413
11515.000 0.412
11518.000 0.413
11521.000 0.412
11524.000 0.413
11527.000 0.413
11530.000 0.415
11533.000 0.414
11536.000 0.412
11539.000 0.412
11542.000 0.411
11545.000 0.410
11548.000 0.417
11551.000 0.419
11554.000 0.420
11557.000 0.421
11560.000 0.419
11563.000 0.416
11566.000 0.415
11569.000 0.414
11572.000 0.412
11575.000 0.409
11578.000 0.409
11581.000 0.410
11584.000 0.407
11587.000 0.408
11590.000 0.408
11593.000 0.407
11596.000 0.406
11599.000 0.408
11602.000 0.407
11605.000 0.409
11608.000 0.415
11611.000 0.413
11614.000 0.414
11617.000 0.414
11620.000 0.413
11623.000 0.409
11626.000 0.409
11629.000 0.409
11632.000 0.411
11635.000 0.406
11638.000 0.408
11641.000 0.408
11644.000 0.408
11647.000 0.409
11650.000 0.405
11653.000 0.406
11656.000 0.408
11659.000 0.412
11662.000 0.412
11665.000 0.415
11668.000 0.409
11671.000 0.412
11674.000 0.410
11677.000 0.410
11680.000 0.416
11683.000 0.416
11686.000 0.427
11689.000 0.427
11692.000 0.420
11695.000 0.415
11698.000 0.420
11701.000 0.420
11704.000 0.418
11707.000 0.414
11710.000 0.418
11713.000 0.416
11716.000 0.415
11719.000 0.414
11722.000 0.410
11725.000 0.410
11728.000 0.410
11731.000 0.411
11734.000 0.409
11737.000 0.406
11740.000 0.409
11743.000 0.411
11746.000 0.413
11749.000 0.409
11752.000 0.411
11755.000 0.406
11758.000 0.399
11761.000 0.408
11764.000 0.409
11767.000 0.411
11770.000 0.407
11773.000 0.407
11776.000 0.412
11779.000 0.413
11782.000 0.409
11785.000 0.409
11788.000 0.408
11791.000 0.407
11794.000 0.403
11797.000 0.403
11800.000 0.411
11803.000 0.412
11806.000 0.410
11809.000 0.410
11812.000 0.410
11815.000 0.409
11818.000 0.407
11821.000 0.407
11824.000 0.406
11827.000 0.407
11830.000 0.402
11833.000 0.400
11836.000 0.401
11839.000 0.400
11842.000 0.400
11845.000 0.399
11848.000 0.398
11851.000 0.402
11854.000 0.400
11857.000 0.402
11860.000 0.402
11863.000 0.401
11866.000 0.406
11869.000 0.403
11872.000 0.404
11875.000 0.400
11878.000 0.399
11881.000 0.398
11884.000 0.399
11887.000 0.397
11890.000 0.398
11893.000 0.396
11896.000 0.399
11899.000 0.400
11902.000 0.398
11905.000 0.402
11908.000 0.400
11911.000 0.396
11914.000 0.397
11917.000 0.396
11920.000 0.395
11923.000 0.395
11926.000 0.398
11929.000 0.398
11932.000 0.401
11935.000 0.399
11938.000 0.402
11941.000 0.400
11944.000 0.401
11947.000 0.401
11950.000 0.412
11953.000 0.406
11956.000 0.406
11959.000 0.403
11962.000 0.402
11965.000 0.399
11968.000 0.401
11971.000 0.400
11974.000 0.400
11977.000 0.398
11980.000 0.402
11983.000 0.400
11986.000 0.403
11989.000 0.400
11992.000 0.403
11995.000 0.402
11998.000 0.405
12001.000 0.408
