#Der erste Zylinder wurde ersetzt
103.000 0.194
106.000 0.683
109.000 0.563
112.000 0.803
115.000 1.044
118.000 1.329
121.000 2.116
124.000 2.507
127.000 3.663
130.000 4.075
133.000 3.629
136.000 7.110
139.000 5.626
142.000 6.739
145.000 6.515
148.000 6.301
151.000 6.131
154.000 5.992
157.000 5.705
160.000 5.470
163.000 5.006
166.000 4.629
169.000 4.495
172.000 4.096
175.000 4.019
178.000 3.600
181.000 3.563
184.000 3.378
187.000 3.119
190.000 3.157
193.000 3.087
196.000 3.003
199.000 2.909
202.000 2.855
205.000 2.839
208.000 2.797
211.000 2.832
214.000 2.841
217.000 2.844
220.000 2.895
223.000 2.715
226.000 2.721
229.000 2.440
232.000 2.238
235.000 2.161
238.000 2.005
241.000 1.839
244.000 1.813
247.000 1.767
250.000 1.842
253.000 1.733
256.000 1.853
259.000 1.925
262.000 2.080
265.000 2.003
268.000 2.189
271.000 2.246
274.000 2.403
277.000 2.709
280.000 2.587
283.000 2.574
286.000 3.061
289.000 3.371
292.000 3.835
295.000 3.925
298.000 6.777
301.000 6.450
304.000 5.631
307.000 6.492
310.000 7.061
313.000 6.736
316.000 6.819
319.000 6.285
322.000 7.880
325.000 7.611
328.000 8.079
331.000 8.138
334.000 10.403
337.000 11.480
340.000 12.067
343.000 13.034
346.000 13.473
349.000 16.970
352.000 19.109
355.000 21.023
358.000 24.684
361.000 26.764
364.000 32.569
367.000 33.814
370.000 36.705
373.000 39.665
376.000 42.638
379.000 42.200
382.000 42.640
385.000 42.626
388.000 38.805
391.000 40.065
394.000 38.250
397.000 37.115
400.000 33.339
403.000 31.862
406.000 30.948
409.000 29.226
412.000 28.350
415.000 27.040
418.000 26.015
421.000 25.438
424.000 25.056
427.000 25.032
430.000 24.516
433.000 24.349
436.000 24.134
439.000 23.628
442.000 23.182
445.000 22.238
448.000 21.335
451.000 20.855
454.000 19.576
457.000 18.942
460.000 17.785
463.000 16.692
466.000 16.146
469.000 15.136
472.000 14.681
475.000 13.910
478.000 13.289
481.000 13.001
484.000 12.476
487.000 12.242
490.000 11.773
493.000 11.347
496.000 11.131
499.000 10.768
502.000 10.616
505.000 10.590
508.000 10.082
511.000 9.936
514.000 9.647
517.000 9.536
520.000 9.314
523.000 9.109
526.000 9.081
529.000 8.910
532.000 8.828
535.000 8.701
538.000 8.598
541.000 8.580
544.000 8.547
547.000 8.620
550.000 8.596
553.000 8.602
556.000 8.591
559.000 8.647
562.000 8.689
565.000 8.781
568.000 9.016
571.000 9.018
574.000 9.263
577.000 9.521
580.000 9.672
583.000 9.895
586.000 10.035
589.000 10.430
592.000 10.609
595.000 11.145
598.000 11.762
601.000 12.155
604.000 13.077
607.000 13.631
610.000 14.789
613.000 16.366
616.000 17.245
619.000 19.057
622.000 19.991
625.000 21.482
628.000 22.091
631.000 21.869
634.000 20.180
637.000 18.916
640.000 16.274
643.000 14.003
646.000 12.963
649.000 11.261
652.000 10.577
655.000 9.258
658.000 8.195
661.000 7.669
664.000 6.876
667.000 6.388
670.000 5.776
673.000 5.246
676.000 5.067
679.000 4.644
682.000 4.423
685.000 4.117
688.000 3.821
691.000 3.716
694.000 3.486
697.000 3.366
700.000 3.187
703.000 2.984
706.000 2.870
709.000 2.665
712.000 2.581
715.000 2.401
718.000 2.326
721.000 2.197
724.000 2.095
727.000 2.042
730.000 1.961
733.000 1.924
736.000 1.844
739.000 1.774
742.000 1.749
745.000 1.699
748.000 1.678
751.000 1.631
754.000 1.591
757.000 1.618
760.000 1.556
763.000 1.536
766.000 1.507
769.000 1.476
772.000 1.465
775.000 1.439
778.000 1.427
781.000 1.412
784.000 1.502
787.000 1.454
790.000 1.418
793.000 1.414
796.000 1.408
799.000 1.417
802.000 1.414
805.000 1.427
808.000 1.444
811.000 1.464
814.000 1.509
817.000 1.524
820.000 1.521
823.000 1.540
826.000 1.569
829.000 1.609
832.000 1.624
835.000 1.692
838.000 1.720
841.000 1.805
844.000 1.902
847.000 1.953
850.000 2.107
853.000 2.225
856.000 2.460
859.000 2.662
862.000 2.774
865.000 3.060
868.000 3.205
871.000 3.585
874.000 4.017
877.000 4.251
880.000 4.714
883.000 4.911
886.000 5.173
889.000 5.119
892.000 4.906
895.000 4.329
898.000 4.055
901.000 3.498
904.000 2.985
907.000 2.769
910.000 2.415
913.000 2.221
916.000 1.863
919.000 1.582
922.000 1.457
925.000 1.265
928.000 1.183
931.000 1.040
934.000 0.915
937.000 0.858
940.000 0.771
943.000 0.728
946.000 0.664
949.000 0.601
952.000 0.580
955.000 0.532
958.000 0.511
961.000 0.477
964.000 0.440
967.000 0.427
970.000 0.395
973.000 0.384
976.000 0.359
979.000 0.340
982.000 0.332
985.000 0.310
988.000 0.309
991.000 0.293
994.000 0.280
997.000 0.267
1000.000 0.259
1003.000 0.259
1006.000 0.245
1009.000 0.238
1012.000 0.235
1015.000 0.220
1018.000 0.223
1021.000 0.214
1024.000 0.210
1027.000 0.206
1030.000 0.207
1033.000 0.203
1036.000 0.200
1039.000 0.209
1042.000 0.210
1045.000 0.204
1048.000 0.205
1051.000 0.209
1054.000 0.212
1057.000 0.217
1060.000 0.225
1063.000 0.222
1066.000 0.234
1069.000 0.245
1072.000 0.250
1075.000 0.265
1078.000 0.271
1081.000 0.290
1084.000 0.302
1087.000 0.319
1090.000 0.333
1093.000 0.362
1096.000 0.399
1099.000 0.425
1102.000 0.472
1105.000 0.518
1108.000 0.553
1111.000 0.620
1114.000 0.658
1117.000 0.747
1120.000 0.843
1123.000 0.918
1126.000 1.073
1129.000 1.162
1132.000 1.330
1135.000 1.579
1138.000 1.726
1141.000 2.058
1144.000 2.256
1147.000 2.669
1150.000 2.964
1153.000 3.064
1156.000 3.061
1159.000 2.988
1162.000 2.761
1165.000 2.454
1168.000 2.289
1171.000 2.016
1174.000 1.899
1177.000 1.701
1180.000 1.557
1183.000 1.494
1186.000 1.390
1189.000 1.341
1192.000 1.263
1195.000 1.187
1198.000 1.159
1201.000 1.123
1204.000 1.105
1207.000 1.047
1210.000 1.009
1213.000 0.991
1216.000 0.960
1219.000 0.955
1222.000 0.932
1225.000 0.916
1228.000 0.908
1231.000 0.900
1234.000 0.891
1237.000 0.881
1240.000 0.879
1243.000 0.878
1246.000 0.872
1249.000 0.871
1252.000 0.882
1255.000 0.877
1258.000 0.879
1261.000 0.884
1264.000 0.887
1267.000 0.910
1270.000 0.909
1273.000 0.913
1276.000 0.923
1279.000 0.924
1282.000 0.939
1285.000 0.952
1288.000 0.963
1291.000 0.986
1294.000 0.993
1297.000 1.014
1300.000 1.037
1303.000 1.050
1306.000 1.078
1309.000 1.100
1312.000 1.130
1315.000 1.171
1318.000 1.217
1321.000 1.429
1324.000 1.553
1327.000 1.702
1330.000 1.626
1333.000 1.611
1336.000 1.628
1339.000 1.632
1342.000 1.686
1345.000 1.793
1348.000 1.851
1351.000 1.967
1354.000 2.014
1357.000 2.155
1360.000 2.299
1363.000 2.420
1366.000 2.581
1369.000 2.681
1372.000 2.915
1375.000 3.189
1378.000 3.358
1381.000 3.783
1384.000 3.970
1387.000 4.473
1390.000 5.049
1393.000 5.360
1396.000 6.025
1399.000 6.345
1402.000 6.873
1405.000 7.149
1408.000 7.119
1411.000 6.775
1414.000 6.491
1417.000 5.871
1420.000 5.263
1423.000 4.983
1426.000 4.520
1429.000 4.299
1432.000 3.933
1435.000 3.777
1438.000 3.504
1441.000 3.217
1444.000 3.109
1447.000 2.919
1450.000 2.826
1453.000 2.689
1456.000 2.537
1459.000 2.481
1462.000 2.360
1465.000 2.308
1468.000 2.206
1471.000 2.110
1474.000 2.074
1477.000 2.003
1480.000 1.972
1483.000 1.908
1486.000 1.881
1489.000 1.825
1492.000 1.791
1495.000 1.791
1498.000 1.727
1501.000 1.675
1504.000 1.655
1507.000 1.615
1510.000 1.596
1513.000 1.563
1516.000 1.540
1519.000 1.529
1522.000 1.505
1525.000 1.496
1528.000 1.503
1531.000 1.490
1534.000 1.483
1537.000 1.474
1540.000 1.473
1543.000 1.476
1546.000 1.481
1549.000 1.484
1552.000 1.502
1555.000 1.513
1558.000 1.528
1561.000 1.562
1564.000 1.569
1567.000 1.581
1570.000 1.601
1573.000 1.637
1576.000 1.678
1579.000 1.710
1582.000 1.753
1585.000 1.778
1588.000 1.832
1591.000 2.016
1594.000 2.004
1597.000 2.002
1600.000 2.019
1603.000 2.070
1606.000 2.143
1609.000 2.187
1612.000 2.281
1615.000 2.319
1618.000 2.417
1621.000 2.529
1624.000 2.576
1627.000 2.716
1630.000 2.785
1633.000 2.942
1636.000 3.106
1639.000 3.209
1642.000 3.418
1645.000 3.521
1648.000 3.778
1651.000 4.063
1654.000 4.218
1657.000 4.532
1660.000 4.685
1663.000 5.057
1666.000 5.379
1669.000 5.447
1672.000 5.512
1675.000 5.551
1678.000 5.530
1681.000 5.469
1684.000 5.395
1687.000 5.185
1690.000 5.057
1693.000 4.824
1696.000 4.602
1699.000 4.515
1702.000 4.332
1705.000 4.249
1708.000 4.097
1711.000 3.953
1714.000 3.887
1717.000 3.775
1720.000 3.733
1723.000 3.644
1726.000 3.570
1729.000 3.536
1732.000 3.485
1735.000 3.454
1738.000 3.400
1741.000 3.351
1744.000 3.337
1747.000 3.290
1750.000 3.276
1753.000 3.246
1756.000 3.220
1759.000 3.205
1762.000 3.185
1765.000 3.178
1768.000 3.171
1771.000 3.167
1774.000 3.174
1777.000 3.174
1780.000 3.183
1783.000 3.186
1786.000 3.192
1789.000 3.212
1792.000 3.237
1795.000 3.252
1798.000 3.291
1801.000 3.314
1804.000 3.347
1807.000 3.389
1810.000 3.419
1813.000 3.478
1816.000 3.499
1819.000 3.563
1822.000 3.626
1825.000 3.786
1828.000 3.886
1831.000 3.900
1834.000 3.939
1837.000 4.017
1840.000 4.068
1843.000 4.199
1846.000 4.258
1849.000 4.398
1852.000 4.547
1855.000 4.640
1858.000 4.821
1861.000 4.915
1864.000 5.133
1867.000 5.365
1870.000 5.487
1873.000 5.748
1876.000 5.892
1879.000 6.277
1882.000 6.656
1885.000 6.807
1888.000 7.299
1891.000 7.451
1894.000 7.801
1897.000 8.235
1900.000 8.478
1903.000 9.003
1906.000 9.417
1909.000 9.992
1912.000 10.547
1915.000 10.842
1918.000 11.396
1921.000 11.655
1924.000 12.084
1927.000 12.300
1930.000 12.459
1933.000 12.438
1936.000 12.350
1939.000 11.997
1942.000 11.483
1945.000 11.179
1948.000 10.543
1951.000 10.236
1954.000 9.583
1957.000 9.028
1960.000 8.711
1963.000 8.105
1966.000 7.851
1969.000 7.386
1972.000 7.179
1975.000 6.752
1978.000 6.394
1981.000 6.237
1984.000 5.914
1987.000 5.643
1990.000 5.514
1993.000 5.284
1996.000 5.174
1999.000 4.985
2002.000 4.812
2005.000 4.742
2008.000 4.589
2011.000 4.515
2014.000 4.401
2017.000 4.281
2020.000 4.244
2023.000 4.126
2026.000 4.080
2029.000 4.026
2032.000 3.948
2035.000 3.925
2038.000 3.860
2041.000 3.837
2044.000 3.790
2047.000 3.753
2050.000 3.752
2053.000 3.720
2056.000 3.709
2059.000 3.701
2062.000 3.707
2065.000 3.710
2068.000 3.718
2071.000 3.720
2074.000 3.745
2077.000 3.783
2080.000 3.808
2083.000 3.861
2086.000 3.896
2089.000 3.998
2092.000 4.058
2095.000 4.082
2098.000 4.175
2101.000 4.228
2104.000 4.335
2107.000 4.464
2110.000 4.534
2113.000 4.686
2116.000 4.774
2119.000 4.946
2122.000 5.151
2125.000 5.274
2128.000 5.504
2131.000 5.658
2134.000 5.962
2137.000 6.282
2140.000 6.442
2143.000 6.844
2146.000 7.033
2149.000 7.431
2152.000 7.652
2155.000 8.110
2158.000 8.555
2161.000 8.771
2164.000 9.256
2167.000 9.452
2170.000 9.796
2173.000 10.046
2176.000 10.138
2179.000 10.187
2182.000 10.159
2185.000 9.940
2188.000 9.588
2191.000 9.361
2194.000 8.865
2197.000 8.600
2200.000 8.056
2203.000 7.528
2206.000 7.296
2209.000 6.799
2212.000 6.570
2215.000 6.128
2218.000 5.734
2221.000 5.546
2224.000 5.203
2227.000 5.048
2230.000 4.758
2233.000 4.499
2236.000 4.375
2239.000 4.168
2242.000 4.056
2245.000 3.860
2248.000 3.685
2251.000 3.601
2254.000 3.464
2257.000 3.400
2260.000 3.271
2263.000 3.151
2266.000 3.099
2269.000 3.009
2272.000 2.961
2275.000 2.883
2278.000 2.820
2281.000 2.788
2284.000 2.731
2287.000 2.710
2290.000 2.722
2293.000 2.659
2296.000 2.630
2299.000 2.590
2302.000 2.581
2305.000 2.562
2308.000 2.559
2311.000 2.559
2314.000 2.565
2317.000 2.569
2320.000 2.590
2323.000 2.598
2326.000 2.627
2329.000 2.669
2332.000 2.687
2335.000 2.738
2338.000 2.775
2341.000 2.837
2344.000 2.921
2347.000 2.970
2350.000 3.081
2353.000 3.173
2356.000 3.302
2359.000 3.461
2362.000 3.569
2365.000 3.807
2368.000 3.928
2371.000 4.215
2374.000 4.561
2377.000 4.766
2380.000 5.204
2383.000 5.419
2386.000 5.815
2389.000 6.018
2392.000 5.986
2395.000 5.716
2398.000 5.516
2401.000 5.008
2404.000 4.429
2407.000 4.185
2410.000 3.614
2413.000 3.578
2416.000 3.186
2419.000 2.733
2422.000 2.536
2425.000 2.218
2428.000 2.058
2431.000 1.808
2434.000 1.607
2437.000 1.513
2440.000 1.363
2443.000 1.292
2446.000 1.136
2449.000 1.017
2452.000 0.981
2455.000 0.898
2458.000 0.850
2461.000 0.757
2464.000 0.679
2467.000 0.648
2470.000 0.589
2473.000 0.563
2476.000 0.518
2479.000 0.480
2482.000 0.464
2485.000 0.434
2488.000 0.421
2491.000 0.397
2494.000 0.374
2497.000 0.366
2500.000 0.348
2503.000 0.338
2506.000 0.326
2509.000 0.311
2512.000 0.309
2515.000 0.297
2518.000 0.291
2521.000 0.283
2524.000 0.275
2527.000 0.270
2530.000 0.265
2533.000 0.261
2536.000 0.256
2539.000 0.252
2542.000 0.250
2545.000 0.246
2548.000 0.244
2551.000 0.242
2554.000 0.238
2557.000 0.237
2560.000 0.236
2563.000 0.233
2566.000 0.233
2569.000 0.231
2572.000 0.233
2575.000 0.229
2578.000 0.230
2581.000 0.229
2584.000 0.228
2587.000 0.229
2590.000 0.237
2593.000 0.236
2596.000 0.232
2599.000 0.233
2602.000 0.234
2605.000 0.234
2608.000 0.234
2611.000 0.234
2614.000 0.236
2617.000 0.236
2620.000 0.237
2623.000 0.237
2626.000 0.237
2629.000 0.239
2632.000 0.241
2635.000 0.243
2638.000 0.244
2641.000 0.246
2644.000 0.250
2647.000 0.251
2650.000 0.255
2653.000 0.257
2656.000 0.261
2659.000 0.264
2662.000 0.266
2665.000 0.271
2668.000 0.273
2671.000 0.280
2674.000 0.287
2677.000 0.290
2680.000 0.297
2683.000 0.300
2686.000 0.309
2689.000 0.313
2692.000 0.323
2695.000 0.333
2698.000 0.339
2701.000 0.350
2704.000 0.356
2707.000 0.381
2710.000 0.395
2713.000 0.406
2716.000 0.428
2719.000 0.440
2722.000 0.471
2725.000 0.504
2728.000 0.525
2731.000 0.571
2734.000 0.599
2737.000 0.662
2740.000 0.745
2743.000 0.789
2746.000 0.889
2749.000 0.936
2752.000 0.996
2755.000 1.045
2758.000 1.073
2761.000 1.097
2764.000 1.101
2767.000 1.085
2770.000 1.043
2773.000 1.013
2776.000 0.987
2779.000 1.007
2782.000 0.921
2785.000 0.896
2788.000 0.897
2791.000 0.795
2794.000 0.751
2797.000 0.677
2800.000 0.617
2803.000 0.593
2806.000 0.542
2809.000 0.523
2812.000 0.502
2815.000 0.482
2818.000 0.541
2821.000 0.503
2824.000 0.484
2827.000 0.466
2830.000 0.442
2833.000 0.426
2836.000 0.407
2839.000 0.397
2842.000 0.408
2845.000 0.387
2848.000 0.391
2851.000 0.373
2854.000 0.366
2857.000 0.374
2860.000 0.352
2863.000 0.356
2866.000 0.347
2869.000 0.356
2872.000 0.345
2875.000 0.334
2878.000 0.330
2881.000 0.356
2884.000 0.556
2887.000 0.485
2890.000 0.431
2893.000 0.411
2896.000 0.382
2899.000 0.370
2902.000 0.348
2905.000 0.715
2908.000 0.764
2911.000 0.656
2914.000 0.596
2917.000 0.504
2920.000 0.431
2923.000 0.410
2926.000 0.365
2929.000 0.348
2932.000 0.321
2935.000 0.307
2938.000 0.300
2941.000 0.292
2944.000 0.288
2947.000 0.283
2950.000 0.275
2953.000 0.272
2956.000 0.264
2959.000 0.269
2962.000 0.286
2965.000 0.318
2968.000 0.533
2971.000 0.517
2974.000 0.492
2977.000 0.442
2980.000 0.390
2983.000 0.358
2986.000 0.341
2989.000 0.313
2992.000 0.294
2995.000 0.286
2998.000 0.281
3001.000 0.284
3004.000 0.277
3007.000 0.271
3010.000 0.275
3013.000 0.271
3016.000 0.259
3019.000 0.267
3022.000 0.264
3025.000 0.267
3028.000 0.256
3031.000 0.264
3034.000 0.262
3037.000 0.257
3040.000 0.259
3043.000 0.263
3046.000 0.256
3049.000 0.256
3052.000 0.257
3055.000 0.261
3058.000 0.264
3061.000 0.261
3064.000 0.263
3067.000 0.261
3070.000 0.260
3073.000 0.263
3076.000 0.264
3079.000 0.264
3082.000 0.265
3085.000 0.265
3088.000 0.269
3091.000 0.266
3094.000 0.268
3097.000 0.267
3100.000 0.269
3103.000 0.271
3106.000 0.272
3109.000 0.274
3112.000 0.273
3115.000 0.274
3118.000 0.275
3121.000 0.277
3124.000 0.277
3127.000 0.277
3130.000 0.278
3133.000 0.278
3136.000 0.281
3139.000 0.280
3142.000 0.283
3145.000 0.281
3148.000 0.287
3151.000 0.284
3154.000 0.284
3157.000 0.286
3160.000 0.287
3163.000 0.287
3166.000 0.286
3169.000 0.285
3172.000 0.287
3175.000 0.286
3178.000 0.286
3181.000 0.286
3184.000 0.288
3187.000 0.288
3190.000 0.288
3193.000 0.289
3196.000 0.289
3199.000 0.290
3202.000 0.291
3205.000 0.291
3208.000 0.292
3211.000 0.293
3214.000 0.293
3217.000 0.293
3220.000 0.293
3223.000 0.296
3226.000 0.296
3229.000 0.295
3232.000 0.298
3235.000 0.297
3238.000 0.297
3241.000 0.301
3244.000 0.300
3247.000 0.301
3250.000 0.302
3253.000 0.305
3256.000 0.306
3259.000 0.308
3262.000 0.310
3265.000 0.312
3268.000 0.314
3271.000 0.316
3274.000 0.320
3277.000 0.322
3280.000 0.323
3283.000 0.327
3286.000 0.330
3289.000 0.336
3292.000 0.338
3295.000 0.341
3298.000 0.349
3301.000 0.355
3304.000 0.360
3307.000 0.368
3310.000 0.371
3313.000 0.385
3316.000 0.403
3319.000 0.409
3322.000 0.425
3325.000 0.439
3328.000 0.531
3331.000 0.598
3334.000 0.596
3337.000 0.616
3340.000 0.621
3343.000 0.658
3346.000 0.740
3349.000 0.787
3352.000 1.027
3355.000 1.096
3358.000 1.219
3361.000 1.304
3364.000 1.353
3367.000 1.511
3370.000 1.603
3373.000 1.782
3376.000 1.862
3379.000 1.866
3382.000 1.837
3385.000 1.777
3388.000 1.602
3391.000 1.561
3394.000 1.398
3397.000 1.265
3400.000 1.215
3403.000 1.150
3406.000 1.117
3409.000 1.041
3412.000 0.993
3415.000 0.976
3418.000 0.949
3421.000 0.934
3424.000 0.895
3427.000 0.879
3430.000 0.875
3433.000 0.929
3436.000 0.957
3439.000 0.920
3442.000 0.889
3445.000 0.878
3448.000 0.876
3451.000 0.934
3454.000 0.902
3457.000 0.951
3460.000 0.968
3463.000 0.957
3466.000 0.959
3469.000 1.151
3472.000 1.146
3475.000 1.127
3478.000 1.148
3481.000 1.136
3484.000 1.251
3487.000 1.301
3490.000 1.301
3493.000 1.326
3496.000 1.346
3499.000 1.416
3502.000 1.487
3505.000 1.928
3508.000 2.028
3511.000 2.047
3514.000 2.175
3517.000 2.377
3520.000 2.480
3523.000 2.699
3526.000 2.837
3529.000 3.240
3532.000 3.685
3535.000 3.932
3538.000 4.653
3541.000 4.791
3544.000 5.092
3547.000 4.848
3550.000 4.559
3553.000 3.946
3556.000 3.646
3559.000 3.252
3562.000 2.823
3565.000 2.643
3568.000 2.331
3571.000 2.214
3574.000 2.027
3577.000 1.881
3580.000 1.811
3583.000 1.696
3586.000 1.639
3589.000 1.548
3592.000 1.464
3595.000 1.424
3598.000 1.367
3601.000 1.339
3604.000 1.279
3607.000 1.236
3610.000 1.467
3613.000 2.293
3616.000 2.115
3619.000 1.765
3622.000 1.560
3625.000 1.571
3628.000 1.382
3631.000 1.297
3634.000 1.158
3637.000 1.060
3640.000 1.084
3643.000 2.024
3646.000 1.835
3649.000 1.588
3652.000 1.392
3655.000 1.329
3658.000 1.282
3661.000 1.217
3664.000 1.109
3667.000 1.033
3670.000 1.007
3673.000 1.312
3676.000 1.307
3679.000 1.196
3682.000 1.228
3685.000 1.196
3688.000 1.419
3691.000 1.745
3694.000 1.642
3697.000 1.479
3700.000 1.416
3703.000 1.324
3706.000 1.290
3709.000 1.242
3712.000 1.233
3715.000 1.240
3718.000 1.269
3721.000 1.291
3724.000 1.337
3727.000 2.095
3730.000 2.282
3733.000 2.148
3736.000 2.103
3739.000 2.073
3742.000 2.125
3745.000 2.183
3748.000 2.516
3751.000 2.571
3754.000 2.714
3757.000 2.783
3760.000 2.913
3763.000 2.934
3766.000 2.931
3769.000 2.889
3772.000 2.817
3775.000 2.616
3778.000 2.372
3781.000 2.250
3784.000 2.013
3787.000 1.940
3790.000 3.049
3793.000 2.712
3796.000 2.491
3799.000 1.997
3802.000 1.811
3805.000 1.521
3808.000 1.314
3811.000 1.231
3814.000 1.099
3817.000 1.052
3820.000 0.979
3823.000 0.924
3826.000 0.897
3829.000 0.849
3832.000 1.843
3835.000 1.619
3838.000 1.353
3841.000 1.246
3844.000 1.065
3847.000 0.995
3850.000 0.889
3853.000 0.806
3856.000 0.777
3859.000 0.733
3862.000 0.722
3865.000 0.702
3868.000 0.691
3871.000 0.683
3874.000 0.675
3877.000 0.674
3880.000 0.669
3883.000 0.667
3886.000 0.665
3889.000 0.667
3892.000 0.668
3895.000 0.672
3898.000 0.680
3901.000 0.681
3904.000 0.692
3907.000 0.697
3910.000 0.708
3913.000 1.363
3916.000 1.317
3919.000 1.294
3922.000 1.290
3925.000 1.258
3928.000 1.401
3931.000 1.397
3934.000 1.294
3937.000 1.229
3940.000 1.155
3943.000 1.113
3946.000 1.094
3949.000 1.093
3952.000 1.101
3955.000 1.151
3958.000 1.204
3961.000 1.233
3964.000 1.314
3967.000 1.356
3970.000 1.457
3973.000 1.584
3976.000 1.655
3979.000 1.819
3982.000 1.923
3985.000 2.153
3988.000 2.439
3991.000 2.585
3994.000 2.905
3997.000 3.084
4000.000 3.341
4003.000 3.505
4006.000 3.551
4009.000 3.393
4012.000 3.225
4015.000 3.002
4018.000 2.750
4021.000 2.616
4024.000 2.375
4027.000 2.242
4030.000 2.028
4033.000 1.834
4036.000 1.754
4039.000 1.621
4042.000 1.558
4045.000 1.449
4048.000 1.357
4051.000 1.315
4054.000 1.238
4057.000 1.214
4060.000 1.155
4063.000 1.101
4066.000 1.073
4069.000 1.033
4072.000 1.011
4075.000 0.979
4078.000 0.953
4081.000 0.939
4084.000 0.914
4087.000 0.898
4090.000 0.876
4093.000 0.861
4096.000 0.850
4099.000 0.837
4102.000 0.829
4105.000 0.819
4108.000 0.811
4111.000 0.800
4114.000 0.794
4117.000 0.789
4120.000 0.781
4123.000 0.780
4126.000 0.779
4129.000 0.774
4132.000 0.775
4135.000 0.774
4138.000 0.775
4141.000 0.777
4144.000 0.777
4147.000 0.781
4150.000 0.787
4153.000 0.789
4156.000 0.797
4159.000 0.809
4162.000 0.812
4165.000 0.825
4168.000 0.829
4171.000 0.845
4174.000 0.860
4177.000 0.869
4180.000 0.889
4183.000 0.903
4186.000 0.922
4189.000 0.955
4192.000 0.970
4195.000 1.005
4198.000 1.025
4201.000 1.071
4204.000 1.123
4207.000 1.153
4210.000 1.219
4213.000 1.257
4216.000 1.339
4219.000 1.442
4222.000 1.500
4225.000 1.637
4228.000 1.715
4231.000 1.895
4234.000 2.106
4237.000 2.215
4240.000 2.429
4243.000 2.507
4246.000 2.599
4249.000 2.592
4252.000 2.542
4255.000 2.355
4258.000 2.248
4261.000 1.998
4264.000 1.752
4267.000 1.644
4270.000 1.449
4273.000 1.364
4276.000 1.224
4279.000 1.096
4282.000 1.037
4285.000 0.941
4288.000 0.894
4291.000 0.823
4294.000 0.790
4297.000 0.728
4300.000 0.680
4303.000 0.658
4306.000 0.620
4309.000 0.602
4312.000 0.570
4315.000 0.542
4318.000 0.531
4321.000 0.513
4324.000 0.504
4327.000 0.487
4330.000 0.477
4333.000 0.471
4336.000 0.464
4339.000 0.457
4342.000 0.450
4345.000 0.442
4348.000 0.442
4351.000 0.438
4354.000 0.437
4357.000 0.433
4360.000 0.432
4363.000 0.431
4366.000 0.433
4369.000 0.431
4372.000 0.434
4375.000 0.435
4378.000 0.439
4381.000 0.447
4384.000 0.450
4387.000 0.453
4390.000 0.460
4393.000 0.465
4396.000 0.476
4399.000 0.482
4402.000 0.490
4405.000 0.509
4408.000 0.514
4411.000 0.535
4414.000 0.550
4417.000 0.585
4420.000 0.605
4423.000 0.615
4426.000 0.637
4429.000 0.651
4432.000 0.683
4435.000 0.723
4438.000 0.749
4441.000 0.800
4444.000 0.830
4447.000 0.896
4450.000 0.979
4453.000 1.024
4456.000 1.145
4459.000 1.211
4462.000 1.396
4465.000 1.619
4468.000 1.755
4471.000 2.086
4474.000 2.282
4477.000 2.731
4480.000 3.216
4483.000 3.442
4486.000 3.711
4489.000 3.735
4492.000 3.575
4495.000 3.213
4498.000 3.009
4501.000 2.613
4504.000 2.433
4507.000 2.135
4510.000 1.928
4513.000 1.852
4516.000 1.721
4519.000 1.654
4522.000 1.538
4525.000 1.436
4528.000 1.390
4531.000 1.317
4534.000 1.283
4537.000 1.223
4540.000 1.170
4543.000 1.148
4546.000 1.110
4549.000 1.090
4552.000 1.056
4555.000 1.033
4558.000 1.022
4561.000 1.004
4564.000 0.994
4567.000 0.984
4570.000 0.973
4573.000 0.965
4576.000 0.955
4579.000 0.949
4582.000 0.946
4585.000 0.941
4588.000 0.939
4591.000 0.916
4594.000 0.929
4597.000 0.932
4600.000 0.937
4603.000 0.940
4606.000 0.948
4609.000 0.953
4612.000 0.961
4615.000 0.974
4618.000 0.979
4621.000 0.998
4624.000 1.005
4627.000 1.028
4630.000 1.035
4633.000 1.057
4636.000 1.312
4639.000 1.302
4642.000 1.291
4645.000 1.295
4648.000 1.306
4651.000 1.327
4654.000 1.332
4657.000 1.374
4660.000 1.395
4663.000 1.452
4666.000 1.531
4669.000 1.581
4672.000 1.663
4675.000 1.714
4678.000 1.816
4681.000 1.945
4684.000 2.020
4687.000 2.190
4690.000 2.288
4693.000 2.509
4696.000 2.755
4699.000 2.880
4702.000 3.124
4705.000 3.226
4708.000 3.339
4711.000 3.272
4714.000 3.203
4717.000 3.006
4720.000 2.883
4723.000 2.601
4726.000 2.275
4729.000 2.131
4732.000 1.870
4735.000 1.749
4738.000 1.537
4741.000 1.393
4744.000 1.306
4747.000 1.165
4750.000 1.109
4753.000 1.000
4756.000 0.901
4759.000 0.856
4762.000 0.781
4765.000 0.749
4768.000 0.689
4771.000 0.637
4774.000 0.618
4777.000 0.575
4780.000 0.556
4783.000 0.524
4786.000 0.497
4789.000 0.482
4792.000 0.458
4795.000 0.447
4798.000 0.429
4801.000 0.411
4804.000 0.401
4807.000 0.388
4810.000 0.381
4813.000 0.369
4816.000 0.356
4819.000 0.351
4822.000 0.340
4825.000 0.335
4828.000 0.331
4831.000 0.327
4834.000 0.326
4837.000 0.330
4840.000 0.332
4843.000 0.341
4846.000 0.356
4849.000 0.362
4852.000 0.381
4855.000 0.392
4858.000 0.418
4861.000 0.450
4864.000 0.473
4867.000 0.518
4870.000 0.546
4873.000 0.619
4876.000 0.713
4879.000 0.773
4882.000 0.921
4885.000 1.010
4888.000 1.250
4891.000 1.580
4894.000 1.790
4897.000 2.301
4900.000 2.603
4903.000 3.291
4906.000 4.018
4909.000 4.323
4912.000 4.844
4915.000 5.009
4918.000 5.136
4921.000 4.980
4924.000 4.793
4927.000 4.282
4930.000 3.985
4933.000 3.455
4936.000 2.990
4939.000 2.789
4942.000 2.452
4945.000 2.310
4948.000 2.077
4951.000 1.912
4954.000 1.850
4957.000 1.780
4960.000 1.752
4963.000 1.715
4966.000 1.697
4969.000 1.687
4972.000 1.659
4975.000 1.653
4978.000 1.650
4981.000 1.657
4984.000 1.653
4987.000 1.670
4990.000 1.655
4993.000 1.670
4996.000 1.695
4999.000 1.703
5002.000 1.745
5005.000 1.763
5008.000 1.797
5011.000 1.818
5014.000 1.859
5017.000 1.929
5020.000 1.945
5023.000 2.018
5026.000 2.073
5029.000 2.151
5032.000 2.252
5035.000 2.303
5038.000 2.431
5041.000 2.504
5044.000 2.670
5047.000 2.861
5050.000 2.955
5053.000 3.196
5056.000 3.325
5059.000 3.609
5062.000 3.909
5065.000 4.051
5068.000 4.281
5071.000 4.357
5074.000 4.375
5077.000 4.299
5080.000 4.240
5083.000 4.068
5086.000 3.948
5089.000 3.642
5092.000 3.340
5095.000 3.197
5098.000 2.939
5101.000 2.823
5104.000 2.611
5107.000 2.436
5110.000 2.360
5113.000 2.241
5116.000 2.188
5119.000 2.097
5122.000 2.040
5125.000 2.018
5128.000 1.994
5131.000 1.997
5134.000 1.997
5137.000 2.015
5140.000 2.031
5143.000 2.089
5146.000 2.122
5149.000 2.209
5152.000 2.293
5155.000 2.344
5158.000 2.428
5161.000 2.463
5164.000 2.499
5167.000 2.467
5170.000 2.422
5173.000 2.239
5176.000 2.132
5179.000 1.902
5182.000 1.681
5185.000 1.579
5188.000 1.397
5191.000 1.320
5194.000 1.177
5197.000 1.057
5200.000 1.008
5203.000 0.916
5206.000 0.878
5209.000 0.806
5212.000 0.747
5215.000 0.720
5218.000 0.667
5221.000 0.647
5224.000 0.611
5227.000 0.577
5230.000 0.559
5233.000 0.524
5236.000 0.506
5239.000 0.477
5242.000 0.449
5245.000 0.442
5248.000 0.420
5251.000 0.412
5254.000 0.878
5257.000 0.770
5260.000 0.712
5263.000 0.631
5266.000 0.595
5269.000 0.523
5272.000 0.996
5275.000 0.597
5278.000 0.589
5281.000 0.551
5284.000 0.496
5287.000 0.449
5290.000 0.426
5293.000 0.395
5296.000 0.476
5299.000 0.641
5302.000 0.369
5305.000 0.414
5308.000 0.389
5311.000 0.377
5314.000 0.359
5317.000 0.345
5320.000 0.338
5323.000 0.336
5326.000 0.329
5329.000 0.315
5332.000 0.307
5335.000 0.304
5338.000 0.299
5341.000 0.295
5344.000 0.291
5347.000 0.286
5350.000 0.284
5353.000 0.281
5356.000 0.279
5359.000 0.276
5362.000 0.276
5365.000 0.274
5368.000 0.272
5371.000 0.273
5374.000 0.273
5377.000 0.272
5380.000 0.271
5383.000 0.272
5386.000 0.271
5389.000 0.270
5392.000 0.269
5395.000 0.270
5398.000 0.270
5401.000 0.270
5404.000 0.269
5407.000 0.269
5410.000 0.270
5413.000 0.268
5416.000 0.268
5419.000 0.269
5422.000 0.268
5425.000 0.268
5428.000 0.268
5431.000 0.268
5434.000 0.269
5437.000 0.268
5440.000 0.269
5443.000 0.267
5446.000 0.269
5449.000 0.269
5452.000 0.269
5455.000 0.270
5458.000 0.269
5461.000 0.270
5464.000 0.268
5467.000 0.270
5470.000 0.269
5473.000 0.269
5476.000 0.271
5479.000 0.269
5482.000 0.270
5485.000 0.269
5488.000 0.270
5491.000 0.271
5494.000 0.271
5497.000 0.270
5500.000 0.272
5503.000 0.271
5506.000 0.270
5509.000 0.271
5512.000 0.270
5515.000 0.270
5518.000 0.270
5521.000 0.270
5524.000 0.271
5527.000 0.271
5530.000 0.271
5533.000 0.271
5536.000 0.273
5539.000 0.271
5542.000 0.272
5545.000 0.272
5548.000 0.273
5551.000 0.273
5554.000 0.272
5557.000 0.272
5560.000 0.273
5563.000 0.272
5566.000 0.274
5569.000 0.274
5572.000 0.275
5575.000 0.276
5578.000 0.273
5581.000 0.273
5584.000 0.274
5587.000 0.275
5590.000 0.273
5593.000 0.275
5596.000 0.275
5599.000 0.276
5602.000 0.274
5605.000 0.274
5608.000 0.276
5611.000 0.276
5614.000 0.276
5617.000 0.277
5620.000 0.277
5623.000 0.277
5626.000 0.278
5629.000 0.279
5632.000 0.279
5635.000 0.280
5638.000 0.280
5641.000 0.279
5644.000 0.279
5647.000 0.281
5650.000 0.281
5653.000 0.282
5656.000 0.281
5659.000 0.280
5662.000 0.282
5665.000 0.283
5668.000 0.283
5671.000 0.281
5674.000 0.284
5677.000 0.283
5680.000 0.283
5683.000 0.283
5686.000 0.285
5689.000 0.284
5692.000 0.284
5695.000 0.286
5698.000 0.285
5701.000 0.287
5704.000 0.288
5707.000 0.287
5710.000 0.288
5713.000 0.287
5716.000 0.287
5719.000 0.288
5722.000 0.288
5725.000 0.289
5728.000 0.290
5731.000 0.290
5734.000 0.290
5737.000 0.290
5740.000 0.290
5743.000 0.291
5746.000 0.293
5749.000 0.292
5752.000 0.293
5755.000 0.293
5758.000 0.295
5761.000 0.293
5764.000 0.295
5767.000 0.296
5770.000 0.295
5773.000 0.296
5776.000 0.296
5779.000 0.297
5782.000 0.298
5785.000 0.299
5788.000 0.297
5791.000 0.300
5794.000 0.300
5797.000 0.300
5800.000 0.300
5803.000 0.302
5806.000 0.302
5809.000 0.302
5812.000 0.302
5815.000 0.303
5818.000 0.304
5821.000 0.305
5824.000 0.304
5827.000 0.304
5830.000 0.305
5833.000 0.305
5836.000 0.308
5839.000 0.308
5842.000 0.306
5845.000 0.310
5848.000 0.310
5851.000 0.311
5854.000 0.311
5857.000 0.312
5860.000 0.310
5863.000 0.312
5866.000 0.313
5869.000 0.313
5872.000 0.316
5875.000 0.315
5878.000 0.315
5881.000 0.317
5884.000 0.318
5887.000 0.320
5890.000 0.320
5893.000 0.320
5896.000 0.321
5899.000 0.322
5902.000 0.321
5905.000 0.322
5908.000 0.323
5911.000 0.321
5914.000 0.324
5917.000 0.323
5920.000 0.322
5923.000 0.324
5926.000 0.324
5929.000 0.325
5932.000 0.322
5935.000 0.324
5938.000 0.325
5941.000 0.322
5944.000 0.322
5947.000 0.324
5950.000 0.326
5953.000 0.321
5956.000 0.325
5959.000 0.327
5962.000 0.327
5965.000 0.331
5968.000 0.329
5971.000 0.323
5974.000 0.321
5977.000 0.323
5980.000 0.327
5983.000 0.333
5986.000 0.325
5989.000 0.323
5992.000 0.333
5995.000 0.331
5998.000 0.333
6001.000 0.323
6004.000 0.331
6007.000 0.331
6010.000 0.326
6013.000 0.325
6016.000 0.336
6019.000 0.334
6022.000 0.332
6025.000 0.328
6028.000 0.334
6031.000 0.327
6034.000 0.333
6037.000 0.335
6040.000 0.335
6043.000 0.333
6046.000 0.328
6049.000 0.334
6052.000 0.327
6055.000 0.330
6058.000 0.334
6061.000 0.329
6064.000 0.333
6067.000 0.336
6070.000 0.332
6073.000 0.336
6076.000 0.334
6079.000 0.330
6082.000 0.335
6085.000 0.333
6088.000 0.332
6091.000 0.330
6094.000 0.333
6097.000 0.334
6100.000 0.335
6103.000 0.334
6106.000 0.333
6109.000 0.334
6112.000 0.335
6115.000 0.335
6118.000 0.335
6121.000 0.337
6124.000 0.334
6127.000 0.335
6130.000 0.336
6133.000 0.336
6136.000 0.336
6139.000 0.336
6142.000 0.337
6145.000 0.335
6148.000 0.336
6151.000 0.336
6154.000 0.336
6157.000 0.336
6160.000 0.336
6163.000 0.335
6166.000 0.336
6169.000 0.337
6172.000 0.337
6175.000 0.337
6178.000 0.336
6181.000 0.335
6184.000 0.338
6187.000 0.337
6190.000 0.336
6193.000 0.336
6196.000 0.336
6199.000 0.336
6202.000 0.336
6205.000 0.338
6208.000 0.338
6211.000 0.338
6214.000 0.337
6217.000 0.336
6220.000 0.340
6223.000 0.339
6226.000 0.338
6229.000 0.340
6232.000 0.338
6235.000 0.340
6238.000 0.338
6241.000 0.340
6244.000 0.341
6247.000 0.340
6250.000 0.339
6253.000 0.341
6256.000 0.340
6259.000 0.340
6262.000 0.341
6265.000 0.341
6268.000 0.341
6271.000 0.341
6274.000 0.341
6277.000 0.341
6280.000 0.343
6283.000 0.342
6286.000 0.342
6289.000 0.343
6292.000 0.344
6295.000 0.344
6298.000 0.345
6301.000 0.345
6304.000 0.342
6307.000 0.355
6310.000 0.347
6313.000 0.346
6316.000 0.348
6319.000 0.348
6322.000 0.346
6325.000 0.345
6328.000 0.345
6331.000 0.344
6334.000 0.344
6337.000 0.344
6340.000 0.346
6343.000 0.345
6346.000 0.346
6349.000 0.346
6352.000 0.345
6355.000 0.346
6358.000 0.348
6361.000 0.348
6364.000 0.345
6367.000 0.346
6370.000 0.348
6373.000 0.346
6376.000 0.346
6379.000 0.348
6382.000 0.345
6385.000 0.345
6388.000 0.348
6391.000 0.347
6394.000 0.349
6397.000 0.349
6400.000 0.348
6403.000 0.349
6406.000 0.351
6409.000 0.349
6412.000 0.350
6415.000 0.349
6418.000 0.349
6421.000 0.351
6424.000 0.350
6427.000 0.350
6430.000 0.349
6433.000 0.350
6436.000 0.351
6439.000 0.350
6442.000 0.350
6445.000 0.350
6448.000 0.350
6451.000 0.502
6454.000 0.522
6457.000 0.502
6460.000 0.478
6463.000 0.440
6466.000 0.411
6469.000 0.399
6472.000 0.381
6475.000 0.376
6478.000 0.364
6481.000 0.358
6484.000 0.355
6487.000 0.350
6490.000 0.350
6493.000 0.350
6496.000 0.349
6499.000 0.349
6502.000 0.346
6505.000 0.346
6508.000 0.343
6511.000 0.339
6514.000 0.339
6517.000 0.335
6520.000 0.334
6523.000 0.334
6526.000 0.330
6529.000 0.327
6532.000 0.323
6535.000 0.351
6538.000 0.346
6541.000 0.330
6544.000 0.324
6547.000 0.311
6550.000 0.306
6553.000 0.295
6556.000 0.286
6559.000 0.282
6562.000 0.271
6565.000 0.264
6568.000 0.246
6571.000 0.245
6574.000 0.239
6577.000 0.219
6580.000 0.210
6583.000 0.187
6586.000 0.164
6589.000 0.151
6592.000 0.131
6595.000 0.141
6598.000 0.099
6601.000 0.095
6604.000 0.114
6607.000 0.170
6610.000 0.393
6613.000 0.377
6616.000 0.445
6619.000 0.835
6622.000 1.226
6625.000 1.502
6628.000 2.066
6631.000 2.330
6634.000 2.836
6637.000 3.241
6640.000 3.388
6643.000 3.580
6646.000 3.629
6649.000 3.678
6652.000 3.737
6655.000 3.759
6658.000 3.790
6661.000 3.808
6664.000 3.843
6667.000 3.895
6670.000 3.931
6673.000 4.041
6676.000 4.121
6679.000 4.280
6682.000 4.465
6685.000 4.568
6688.000 4.782
6691.000 4.898
6694.000 5.148
6697.000 5.408
6700.000 5.535
6703.000 5.778
6706.000 5.880
6709.000 6.069
6712.000 6.162
6715.000 6.165
6718.000 6.112
6721.000 6.052
6724.000 5.873
6727.000 5.617
6730.000 5.469
6733.000 5.131
6736.000 4.939
6739.000 4.530
6742.000 4.107
6745.000 3.904
6748.000 3.533
6751.000 3.365
6754.000 3.074
6757.000 2.829
6760.000 2.724
6763.000 2.548
6766.000 2.480
6769.000 2.371
6772.000 2.326
6775.000 2.316
6778.000 2.316
6781.000 2.323
6784.000 2.337
6787.000 2.369
6790.000 2.393
6793.000 2.431
6796.000 2.457
6799.000 2.523
6802.000 2.597
6805.000 2.635
6808.000 2.730
6811.000 2.781
6814.000 2.894
6817.000 3.025
6820.000 3.083
6823.000 3.221
6826.000 3.291
6829.000 3.425
6832.000 3.547
6835.000 3.605
6838.000 3.682
6841.000 3.703
6844.000 3.692
6847.000 3.650
6850.000 3.618
6853.000 3.528
6856.000 3.472
6859.000 3.361
6862.000 3.227
6865.000 3.160
6868.000 3.037
6871.000 2.967
6874.000 2.857
6877.000 2.759
6880.000 2.714
6883.000 2.630
6886.000 2.587
6889.000 2.527
6892.000 2.471
6895.000 2.438
6898.000 2.397
6901.000 2.377
6904.000 2.358
6907.000 2.330
6910.000 2.326
6913.000 2.316
6916.000 2.317
6919.000 2.318
6922.000 2.331
6925.000 2.335
6928.000 2.360
6931.000 2.373
6934.000 2.407
6937.000 2.471
6940.000 2.503
6943.000 2.558
6946.000 2.573
6949.000 3.988
6952.000 4.144
6955.000 3.952
6958.000 3.637
6961.000 3.523
6964.000 3.363
6967.000 3.308
6970.000 3.260
6973.000 3.290
6976.000 3.344
6979.000 3.462
6982.000 3.517
6985.000 3.613
6988.000 3.717
6991.000 3.773
6994.000 3.841
6997.000 3.848
7000.000 3.893
7003.000 3.852
7006.000 5.577
7009.000 5.910
7012.000 5.802
7015.000 5.044
7018.000 4.343
7021.000 4.047
7024.000 3.562
7027.000 3.355
7030.000 3.020
7033.000 2.792
7036.000 2.717
7039.000 2.576
7042.000 2.532
7045.000 2.395
7048.000 2.270
7051.000 2.218
7054.000 2.123
7057.000 2.076
7060.000 2.003
7063.000 1.931
7066.000 1.892
7069.000 1.827
7072.000 1.799
7075.000 1.745
7078.000 1.698
7081.000 1.668
7084.000 1.629
7087.000 1.618
7090.000 1.586
7093.000 1.556
7096.000 1.546
7099.000 1.527
7102.000 1.518
7105.000 1.505
7108.000 1.498
7111.000 1.498
7114.000 1.501
7117.000 1.500
7120.000 1.507
7123.000 1.514
7126.000 1.520
7129.000 1.538
7132.000 1.548
7135.000 1.576
7138.000 1.608
7141.000 1.634
7144.000 1.675
7147.000 1.700
7150.000 1.752
7153.000 1.819
7156.000 1.854
7159.000 1.929
7162.000 1.966
7165.000 2.051
7168.000 2.143
7171.000 2.182
7174.000 2.268
7177.000 2.317
7180.000 2.385
7183.000 2.441
7186.000 2.466
7189.000 2.493
7192.000 2.493
7195.000 2.466
7198.000 2.420
7201.000 2.390
7204.000 2.309
7207.000 2.270
7210.000 2.181
7213.000 2.096
7216.000 2.049
7219.000 1.959
7222.000 1.920
7225.000 1.841
7228.000 1.773
7231.000 1.731
7234.000 1.672
7237.000 1.641
7240.000 1.590
7243.000 1.551
7246.000 1.531
7249.000 1.493
7252.000 1.476
7255.000 1.449
7258.000 1.421
7261.000 1.411
7264.000 1.387
7267.000 1.380
7270.000 1.365
7273.000 1.353
7276.000 1.350
7279.000 1.341
7282.000 1.339
7285.000 1.334
7288.000 1.332
7291.000 1.335
7294.000 1.348
7297.000 1.347
7300.000 1.356
7303.000 1.366
7306.000 1.373
7309.000 1.389
7312.000 1.403
7315.000 1.422
7318.000 1.437
7321.000 1.464
7324.000 1.490
7327.000 1.508
7330.000 1.551
7333.000 1.572
7336.000 1.618
7339.000 1.669
7342.000 1.705
7345.000 1.778
7348.000 1.811
7351.000 1.911
7354.000 2.080
7357.000 2.133
7360.000 2.142
7363.000 2.267
7366.000 2.314
7369.000 2.348
7372.000 2.363
7375.000 2.415
7378.000 2.453
7381.000 2.520
7384.000 2.561
7387.000 2.573
7390.000 2.570
7393.000 2.562
7396.000 2.521
7399.000 2.450
7402.000 2.401
7405.000 2.299
7408.000 2.241
7411.000 2.124
7414.000 1.993
7417.000 1.932
7420.000 1.815
7423.000 1.765
7426.000 1.654
7429.000 1.549
7432.000 1.507
7435.000 1.423
7438.000 1.384
7441.000 1.315
7444.000 1.252
7447.000 1.218
7450.000 1.160
7453.000 1.134
7456.000 1.085
7459.000 1.044
7462.000 1.030
7465.000 0.992
7468.000 0.977
7471.000 0.943
7474.000 0.916
7477.000 0.903
7480.000 0.881
7483.000 0.873
7486.000 0.850
7489.000 0.831
7492.000 0.820
7495.000 0.805
7498.000 0.796
7501.000 0.785
7504.000 0.773
7507.000 0.770
7510.000 0.759
7513.000 0.754
7516.000 0.751
7519.000 0.749
7522.000 0.748
7525.000 0.740
7528.000 0.740
7531.000 0.743
7534.000 0.745
7537.000 0.750
7540.000 0.755
7543.000 0.757
7546.000 0.776
7549.000 0.796
7552.000 0.800
7555.000 0.813
7558.000 0.818
7561.000 0.840
7564.000 0.859
7567.000 0.877
7570.000 0.905
7573.000 0.921
7576.000 0.954
7579.000 0.991
7582.000 1.007
7585.000 1.037
7588.000 1.055
7591.000 1.083
7594.000 1.111
7597.000 1.113
7600.000 1.115
7603.000 1.120
7606.000 1.110
7609.000 1.092
7612.000 1.080
7615.000 1.056
7618.000 1.040
7621.000 1.021
7624.000 0.989
7627.000 0.977
7630.000 0.950
7633.000 0.936
7636.000 0.921
7639.000 0.901
7642.000 0.903
7645.000 0.885
7648.000 0.878
7651.000 0.859
7654.000 0.848
7657.000 0.842
7660.000 0.834
7663.000 0.834
7666.000 0.822
7669.000 0.820
7672.000 0.813
7675.000 0.819
7678.000 0.817
7681.000 0.817
7684.000 0.817
7687.000 0.822
7690.000 0.826
7693.000 0.830
7696.000 0.833
7699.000 0.839
7702.000 0.846
7705.000 0.851
7708.000 0.859
7711.000 0.869
7714.000 0.876
7717.000 0.895
7720.000 0.911
7723.000 0.920
7726.000 0.941
7729.000 0.954
7732.000 0.977
7735.000 1.004
7738.000 1.017
7741.000 1.055
7744.000 1.070
7747.000 1.114
7750.000 1.149
7753.000 1.174
7756.000 1.219
7759.000 1.244
7762.000 1.296
7765.000 1.345
7768.000 1.406
7771.000 1.458
7774.000 1.478
7777.000 1.550
7780.000 1.566
7783.000 1.569
7786.000 1.554
7789.000 1.534
7792.000 1.481
7795.000 1.422
7798.000 1.382
7801.000 1.303
7804.000 1.260
7807.000 1.176
7810.000 1.095
7813.000 1.055
7816.000 0.981
7819.000 0.951
7822.000 0.887
7825.000 0.827
7828.000 0.803
7831.000 0.756
7834.000 0.737
7837.000 0.697
7840.000 0.662
7843.000 0.646
7846.000 0.616
7849.000 0.599
7852.000 0.574
7855.000 0.551
7858.000 0.543
7861.000 0.523
7864.000 0.510
7867.000 0.493
7870.000 0.477
7873.000 0.468
7876.000 0.456
7879.000 0.447
7882.000 0.432
7885.000 0.420
7888.000 0.415
7891.000 0.403
7894.000 0.395
7897.000 0.383
7900.000 0.366
7903.000 0.363
7906.000 0.344
7909.000 0.335
7912.000 0.317
7915.000 0.298
7918.000 0.288
7921.000 0.266
7924.000 0.256
7927.000 0.233
7930.000 0.214
7933.000 0.206
7936.000 0.197
7939.000 0.197
7942.000 0.213
7945.000 0.251
7948.000 0.278
7951.000 0.341
7954.000 0.363
7957.000 0.425
7960.000 0.471
7963.000 0.488
7966.000 0.521
7969.000 0.529
7972.000 0.523
7975.000 0.516
7978.000 0.509
7981.000 0.506
7984.000 0.497
7987.000 0.487
7990.000 0.485
7993.000 0.481
7996.000 0.480
7999.000 0.489
8002.000 0.495
8005.000 0.492
8008.000 0.493
8011.000 0.501
8014.000 0.499
8017.000 0.495
8020.000 0.490
8023.000 0.502
8026.000 0.501
8029.000 0.504
8032.000 0.505
8035.000 0.516
8038.000 0.524
8041.000 0.536
8044.000 0.538
8047.000 0.556
8050.000 0.564
8053.000 0.577
8056.000 0.588
8059.000 0.589
8062.000 0.597
8065.000 0.594
8068.000 0.580
8071.000 0.557
8074.000 0.548
8077.000 0.521
8080.000 0.516
8083.000 0.493
8086.000 0.479
8089.000 0.473
8092.000 0.463
8095.000 0.459
8098.000 0.449
8101.000 0.444
8104.000 0.446
8107.000 0.437
8110.000 0.432
8113.000 0.426
8116.000 0.418
8119.000 0.421
8122.000 0.416
8125.000 0.415
8128.000 0.410
8131.000 0.408
8134.000 0.406
8137.000 0.405
8140.000 0.401
8143.000 0.403
8146.000 0.403
8149.000 0.404
8152.000 0.404
8155.000 0.403
8158.000 0.404
8161.000 0.401
8164.000 0.403
8167.000 0.405
8170.000 0.404
8173.000 0.406
8176.000 0.407
8179.000 0.408
8182.000 0.409
8185.000 0.406
8188.000 0.404
8191.000 0.404
8194.000 0.402
8197.000 0.405
8200.000 0.405
8203.000 0.404
8206.000 0.403
8209.000 0.404
8212.000 0.402
8215.000 0.404
8218.000 0.405
8221.000 0.404
8224.000 0.405
8227.000 0.405
8230.000 0.405
8233.000 0.403
8236.000 0.404
8239.000 0.405
8242.000 0.404
8245.000 0.402
8248.000 0.404
8251.000 0.406
8254.000 0.410
8257.000 0.410
8260.000 0.407
8263.000 0.404
8266.000 0.407
8269.000 0.406
8272.000 0.408
8275.000 0.410
8278.000 0.408
8281.000 0.408
8284.000 0.410
8287.000 0.412
8290.000 0.410
8293.000 0.411
8296.000 0.411
8299.000 0.407
8302.000 0.409
8305.000 0.409
8308.000 0.409
8311.000 0.409
8314.000 0.410
8317.000 0.411
8320.000 0.409
8323.000 0.406
8326.000 0.412
8329.000 0.413
8332.000 0.411
8335.000 0.410
8338.000 0.413
8341.000 0.413
8344.000 0.412
8347.000 0.413
8350.000 0.408
8353.000 0.409
8356.000 0.410
8359.000 0.410
8362.000 0.410
8365.000 0.411
8368.000 0.409
8371.000 0.411
8374.000 0.413
8377.000 0.412
8380.000 0.414
8383.000 0.414
8386.000 0.412
8389.000 0.415
8392.000 0.412
8395.000 0.413
8398.000 0.411
8401.000 0.413
8404.000 0.416
8407.000 0.416
8410.000 0.413
8413.000 0.416
8416.000 0.411
8419.000 0.413
8422.000 0.413
8425.000 0.415
8428.000 0.415
8431.000 0.413
8434.000 0.415
8437.000 0.414
8440.000 0.413
8443.000 0.413
8446.000 0.417
8449.000 0.420
8452.000 0.419
8455.000 0.417
8458.000 0.419
8461.000 0.419
8464.000 0.418
8467.000 0.416
8470.000 0.418
8473.000 0.415
8476.000 0.419
8479.000 0.414
8482.000 0.415
8485.000 0.416
8488.000 0.415
8491.000 0.415
8494.000 0.416
8497.000 0.415
8500.000 0.417
8503.000 0.419
8506.000 0.417
8509.000 0.417
8512.000 0.415
8515.000 0.418
8518.000 0.416
8521.000 0.418
8524.000 0.417
8527.000 0.419
8530.000 0.419
8533.000 0.419
8536.000 0.420
8539.000 0.421
8542.000 0.418
8545.000 0.421
8548.000 0.419
8551.000 0.420
8554.000 0.416
8557.000 0.417
8560.000 0.418
8563.000 0.418
8566.000 0.418
8569.000 0.417
8572.000 0.424
8575.000 0.431
8578.000 0.426
8581.000 0.428
8584.000 0.423
8587.000 0.421
8590.000 0.421
8593.000 0.422
8596.000 0.420
8599.000 0.419
8602.000 0.418
8605.000 0.422
8608.000 0.421
8611.000 0.420
8614.000 0.421
8617.000 0.418
8620.000 0.423
8623.000 0.420
8626.000 0.420
8629.000 0.424
8632.000 0.421
8635.000 0.423
8638.000 0.423
8641.000 0.423
8644.000 0.422
8647.000 0.423
8650.000 0.421
8653.000 0.427
8656.000 0.424
8659.000 0.426
8662.000 0.421
8665.000 0.421
8668.000 0.428
8671.000 0.428
8674.000 0.422
8677.000 0.423
8680.000 0.424
8683.000 0.426
8686.000 0.427
8689.000 0.428
8692.000 0.426
8695.000 0.425
8698.000 0.429
8701.000 0.430
8704.000 0.428
8707.000 0.428
8710.000 0.425
8713.000 0.426
8716.000 0.425
8719.000 0.426
8722.000 0.426
8725.000 0.425
8728.000 0.427
8731.000 0.430
8734.000 0.431
8737.000 0.424
8740.000 0.429
8743.000 0.427
8746.000 0.423
8749.000 0.428
8752.000 0.427
8755.000 0.428
8758.000 0.425
8761.000 0.427
8764.000 0.426
8767.000 0.425
8770.000 0.426
8773.000 0.424
8776.000 0.427
8779.000 0.428
8782.000 0.426
8785.000 0.424
8788.000 0.426
8791.000 0.428
8794.000 0.427
8797.000 0.425
8800.000 0.429
8803.000 0.429
8806.000 0.428
8809.000 0.427
8812.000 0.432
8815.000 0.444
8818.000 0.451
8821.000 0.456
8824.000 0.445
8827.000 0.418
8830.000 0.466
8833.000 0.449
8836.000 0.458
8839.000 0.432
8842.000 0.434
8845.000 0.437
8848.000 0.432
8851.000 0.437
8854.000 0.433
8857.000 0.435
8860.000 0.429
8863.000 0.430
8866.000 0.435
8869.000 0.429
8872.000 0.431
8875.000 0.429
8878.000 0.430
8881.000 0.429
8884.000 0.434
8887.000 0.430
8890.000 0.430
8893.000 0.427
8896.000 0.433
8899.000 0.441
8902.000 0.440
8905.000 0.434
8908.000 0.431
8911.000 0.430
8914.000 0.431
8917.000 0.431
8920.000 0.433
8923.000 0.431
8926.000 0.434
8929.000 0.429
8932.000 0.430
8935.000 0.433
8938.000 0.435
8941.000 0.432
8944.000 0.430
8947.000 0.434
8950.000 0.432
8953.000 0.431
8956.000 0.443
8959.000 0.439
8962.000 0.436
8965.000 0.437
8968.000 0.431
8971.000 0.428
8974.000 0.425
8977.000 0.424
8980.000 0.428
8983.000 0.433
8986.000 0.428
8989.000 0.427
8992.000 0.434
8995.000 0.436
8998.000 0.430
9001.000 0.430
9004.000 0.433
9007.000 0.434
9010.000 0.435
9013.000 0.428
9016.000 0.429
9019.000 0.427
9022.000 0.436
9025.000 0.435
9028.000 0.428
9031.000 0.437
9034.000 0.431
9037.000 0.428
9040.000 0.427
9043.000 0.429
9046.000 0.432
9049.000 0.427
9052.000 0.433
9055.000 0.431
9058.000 0.432
9061.000 0.431
9064.000 0.433
9067.000 0.440
9070.000 0.436
9073.000 0.434
9076.000 0.434
9079.000 0.434
9082.000 0.435
9085.000 0.435
9088.000 0.436
9091.000 0.436
9094.000 0.440
9097.000 0.435
9100.000 0.436
9103.000 0.436
9106.000 0.434
9109.000 0.433
9112.000 0.431
9115.000 0.432
9118.000 0.433
9121.000 0.432
9124.000 0.432
9127.000 0.427
9130.000 0.428
9133.000 0.426
9136.000 0.425
9139.000 0.426
9142.000 0.426
9145.000 0.423
9148.000 0.424
9151.000 0.428
9154.000 0.430
9157.000 0.431
9160.000 0.426
9163.000 0.426
9166.000 0.426
9169.000 0.425
9172.000 0.428
9175.000 0.430
9178.000 0.433
9181.000 0.433
9184.000 0.436
9187.000 0.437
9190.000 0.440
9193.000 0.441
9196.000 0.438
9199.000 0.439
9202.000 0.441
9205.000 0.439
9208.000 0.438
9211.000 0.436
9214.000 0.444
9217.000 0.441
9220.000 0.435
9223.000 0.433
9226.000 0.438
9229.000 0.431
9232.000 0.433
9235.000 0.435
9238.000 0.435
9241.000 0.437
9244.000 0.433
9247.000 0.432
9250.000 0.429
9253.000 0.430
9256.000 0.429
9259.000 0.430
9262.000 0.431
9265.000 0.431
9268.000 0.428
9271.000 0.433
9274.000 0.433
9277.000 0.433
9280.000 0.434
9283.000 0.434
9286.000 0.436
9289.000 0.433
9292.000 0.437
9295.000 0.436
9298.000 0.435
9301.000 0.434
9304.000 0.435
9307.000 0.436
9310.000 0.438
9313.000 0.436
9316.000 0.434
9319.000 0.432
9322.000 0.438
9325.000 0.435
9328.000 0.433
9331.000 0.437
9334.000 0.436
9337.000 0.435
9340.000 0.434
9343.000 0.434
9346.000 0.434
9349.000 0.437
9352.000 0.436
9355.000 0.435
9358.000 0.436
9361.000 0.436
9364.000 0.439
9367.000 0.439
9370.000 0.436
9373.000 0.435
9376.000 0.433
9379.000 0.436
9382.000 0.436
9385.000 0.438
9388.000 0.436
9391.000 0.433
9394.000 0.435
9397.000 0.433
9400.000 0.435
9403.000 0.438
9406.000 0.436
9409.000 0.436
9412.000 0.435
9415.000 0.435
9418.000 0.433
9421.000 0.431
9424.000 0.434
9427.000 0.437
9430.000 0.438
9433.000 0.439
9436.000 0.434
9439.000 0.437
9442.000 0.438
9445.000 0.437
9448.000 0.439
9451.000 0.434
9454.000 0.435
9457.000 0.433
9460.000 0.433
9463.000 0.433
9466.000 0.433
9469.000 0.432
9472.000 0.433
9475.000 0.435
9478.000 0.432
9481.000 0.435
9484.000 0.435
9487.000 0.436
9490.000 0.435
9493.000 0.434
9496.000 0.437
9499.000 0.434
9502.000 0.436
9505.000 0.433
9508.000 0.432
9511.000 0.428
9514.000 0.430
9517.000 0.432
9520.000 0.431
9523.000 0.433
9526.000 0.434
9529.000 0.436
9532.000 0.435
9535.000 0.439
9538.000 0.439
9541.000 0.438
9544.000 0.437
9547.000 0.435
9550.000 0.434
9553.000 0.433
9556.000 0.433
9559.000 0.432
9562.000 0.434
9565.000 0.434
9568.000 0.434
9571.000 0.435
9574.000 0.436
9577.000 0.438
9580.000 0.433
9583.000 0.432
9586.000 0.436
9589.000 0.435
9592.000 0.436
9595.000 0.434
9598.000 0.437
9601.000 0.438
9604.000 0.436
9607.000 0.438
9610.000 0.438
9613.000 0.435
9616.000 0.440
9619.000 0.438
9622.000 0.437
9625.000 0.437
9628.000 0.436
9631.000 0.435
9634.000 0.436
9637.000 0.436
9640.000 0.435
9643.000 0.432
9646.000 0.437
9649.000 0.436
9652.000 0.435
9655.000 0.437
9658.000 0.433
9661.000 0.435
9664.000 0.435
9667.000 0.432
9670.000 0.433
9673.000 0.433
9676.000 0.435
9679.000 0.435
9682.000 0.432
9685.000 0.435
9688.000 0.433
9691.000 0.436
9694.000 0.437
9697.000 0.437
9700.000 0.439
9703.000 0.438
9706.000 0.437
9709.000 0.435
9712.000 0.437
9715.000 0.435
9718.000 0.438
9721.000 0.438
9724.000 0.438
9727.000 0.438
9730.000 0.438
9733.000 0.440
9736.000 0.439
9739.000 0.440
9742.000 0.439
9745.000 0.441
9748.000 0.442
9751.000 0.443
9754.000 0.445
9757.000 0.441
9760.000 0.441
9763.000 0.444
9766.000 0.442
9769.000 0.444
9772.000 0.444
9775.000 0.443
9778.000 0.446
9781.000 0.447
9784.000 0.448
9787.000 0.452
9790.000 0.455
9793.000 0.455
9796.000 0.453
9799.000 0.457
9802.000 0.456
9805.000 0.457
9808.000 0.459
9811.000 0.464
9814.000 0.464
9817.000 0.468
9820.000 0.467
9823.000 0.467
9826.000 0.470
9829.000 0.471
9832.000 0.476
9835.000 0.479
9838.000 0.482
9841.000 0.486
9844.000 0.490
9847.000 0.497
9850.000 0.502
9853.000 0.510
9856.000 0.520
9859.000 0.526
9862.000 0.530
9865.000 0.534
9868.000 0.540
9871.000 0.536
9874.000 0.531
9877.000 0.513
9880.000 0.495
9883.000 0.453
9886.000 0.401
9889.000 0.373
9892.000 0.322
9895.000 0.298
9898.000 0.260
9901.000 0.230
9904.000 0.219
9907.000 0.201
9910.000 0.194
9913.000 0.183
9916.000 0.176
9919.000 0.169
9922.000 0.165
9925.000 0.159
9928.000 0.149
9931.000 0.142
9934.000 0.138
9937.000 0.137
9940.000 0.139
9943.000 0.140
9946.000 0.150
9949.000 0.158
9952.000 0.188
9955.000 0.206
9958.000 0.267
9961.000 0.356
9964.000 0.412
9967.000 0.566
9970.000 0.660
9973.000 0.884
9976.000 1.106
9979.000 1.211
9982.000 1.364
9985.000 1.435
9988.000 1.513
9991.000 1.536
9994.000 1.499
9997.000 1.416
10000.000 1.366
10003.000 1.251
10006.000 1.192
10009.000 1.087
10012.000 1.004
10015.000 0.985
10018.000 0.912
10021.000 0.886
10024.000 0.844
10027.000 0.816
10030.000 0.811
10033.000 0.791
10036.000 0.789
10039.000 0.784
10042.000 0.782
10045.000 0.783
10048.000 0.789
10051.000 0.788
10054.000 0.788
10057.000 0.793
10060.000 0.798
10063.000 0.810
10066.000 0.814
10069.000 0.828
10072.000 0.839
10075.000 0.841
10078.000 0.856
10081.000 0.866
10084.000 0.880
10087.000 0.902
10090.000 0.915
10093.000 0.937
10096.000 0.954
10099.000 0.980
10102.000 1.013
10105.000 1.024
10108.000 1.047
10111.000 1.057
10114.000 1.077
10117.000 1.082
10120.000 1.077
10123.000 1.051
10126.000 1.023
10129.000 0.959
10132.000 0.889
10135.000 0.839
10138.000 0.739
10141.000 0.690
10144.000 0.588
10147.000 0.513
10150.000 0.475
10153.000 0.409
10156.000 0.377
10159.000 0.328
10162.000 0.285
10165.000 0.264
10168.000 0.233
10171.000 0.221
10174.000 0.190
10177.000 0.179
10180.000 0.162
10183.000 0.147
10186.000 0.140
10189.000 0.133
10192.000 0.127
10195.000 0.117
10198.000 0.109
10201.000 0.104
10204.000 0.098
10207.000 0.095
10210.000 0.092
10213.000 0.083
10216.000 0.081
10219.000 0.073
10222.000 0.070
10225.000 0.065
10228.000 0.057
10231.000 0.054
10234.000 0.047
10237.000 0.046
10240.000 0.045
10243.000 0.050
10246.000 0.053
10249.000 0.070
10252.000 0.081
10255.000 0.105
10258.000 0.139
10261.000 0.162
10264.000 0.209
10267.000 0.242
10270.000 0.312
10273.000 0.412
10276.000 0.467
10279.000 0.598
10282.000 0.679
10285.000 0.855
10288.000 1.057
10291.000 1.165
10294.000 1.366
10297.000 1.464
10300.000 1.651
10303.000 1.772
10306.000 1.783
10309.000 1.835
10312.000 1.839
10315.000 1.798
10318.000 1.715
10321.000 1.663
10324.000 1.536
10327.000 1.472
10330.000 1.355
10333.000 1.229
10336.000 1.169
10339.000 1.059
10342.000 1.013
10345.000 0.933
10348.000 0.876
10351.000 0.855
10354.000 0.829
10357.000 0.822
10360.000 0.816
10363.000 0.805
10366.000 0.797
10369.000 0.786
10372.000 0.783
10375.000 0.780
10378.000 0.769
10381.000 0.761
10384.000 0.771
10387.000 0.770
10390.000 0.752
10393.000 0.747
10396.000 0.751
10399.000 0.756
10402.000 0.753
10405.000 0.759
10408.000 0.760
10411.000 0.760
10414.000 0.766
10417.000 0.766
10420.000 0.772
10423.000 0.777
10426.000 0.785
10429.000 0.787
10432.000 0.794
10435.000 0.809
10438.000 0.821
10441.000 0.835
10444.000 0.850
10447.000 0.861
10450.000 0.872
10453.000 0.890
10456.000 0.905
10459.000 0.928
10462.000 0.930
10465.000 0.955
10468.000 0.974
10471.000 0.984
10474.000 1.003
10477.000 1.011
10480.000 1.028
10483.000 1.026
10486.000 1.019
10489.000 1.001
10492.000 0.982
10495.000 0.924
10498.000 0.827
10501.000 0.796
10504.000 0.724
10507.000 0.686
10510.000 0.596
10513.000 0.512
10516.000 0.476
10519.000 0.412
10522.000 0.384
10525.000 0.330
10528.000 0.309
10531.000 0.275
10534.000 0.245
10537.000 0.231
10540.000 0.208
10543.000 0.199
10546.000 0.185
10549.000 0.174
10552.000 0.171
10555.000 0.159
10558.000 0.155
10561.000 0.148
10564.000 0.144
10567.000 0.142
10570.000 0.139
10573.000 0.138
10576.000 0.141
10579.000 0.132
10582.000 0.131
10585.000 0.133
10588.000 0.131
10591.000 0.127
10594.000 0.125
10597.000 0.124
10600.000 0.120
10603.000 0.120
10606.000 0.112
10609.000 0.109
10612.000 0.107
10615.000 0.103
10618.000 0.101
10621.000 0.101
10624.000 0.101
10627.000 0.104
10630.000 0.105
10633.000 0.109
10636.000 0.118
10639.000 0.136
10642.000 0.146
10645.000 0.171
10648.000 0.191
10651.000 0.237
10654.000 0.296
10657.000 0.333
10660.000 0.417
10663.000 0.462
10666.000 0.556
10669.000 0.664
10672.000 0.733
10675.000 0.810
10678.000 0.872
10681.000 0.932
10684.000 1.019
10687.000 1.056
10690.000 1.121
10693.000 1.138
10696.000 1.166
10699.000 1.163
10702.000 1.159
10705.000 1.126
10708.000 1.112
10711.000 1.062
10714.000 1.021
10717.000 0.993
10720.000 0.934
10723.000 0.906
10726.000 0.851
10729.000 0.800
10732.000 0.783
10735.000 0.750
10738.000 0.740
10741.000 0.731
10744.000 0.719
10747.000 0.717
10750.000 0.706
10753.000 0.712
10756.000 0.705
10759.000 0.700
10762.000 0.699
10765.000 0.697
10768.000 0.696
10771.000 0.685
10774.000 0.689
10777.000 0.692
10780.000 0.701
10783.000 0.695
10786.000 0.694
10789.000 0.686
10792.000 0.685
10795.000 0.686
10798.000 0.688
10801.000 0.692
10804.000 0.695
10807.000 0.695
10810.000 0.697
10813.000 0.703
10816.000 0.705
10819.000 0.710
10822.000 0.711
10825.000 0.723
10828.000 0.727
10831.000 0.735
10834.000 0.747
10837.000 0.755
10840.000 0.762
10843.000 0.765
10846.000 0.778
10849.000 0.787
10852.000 0.792
10855.000 0.795
10858.000 0.795
10861.000 0.789
10864.000 0.775
10867.000 0.760
10870.000 0.727
10873.000 0.705
10876.000 0.657
10879.000 0.595
10882.000 0.560
10885.000 0.487
10888.000 0.458
10891.000 0.401
10894.000 0.371
10897.000 0.321
10900.000 0.281
10903.000 0.265
10906.000 0.238
10909.000 0.230
10912.000 0.213
10915.000 0.204
10918.000 0.200
10921.000 0.198
10924.000 0.197
10927.000 0.199
10930.000 0.198
10933.000 0.200
10936.000 0.204
10939.000 0.205
10942.000 0.210
10945.000 0.209
10948.000 0.211
10951.000 0.215
10954.000 0.216
10957.000 0.219
10960.000 0.221
10963.000 0.217
10966.000 0.221
10969.000 0.221
10972.000 0.219
10975.000 0.219
10978.000 0.220
10981.000 0.227
10984.000 0.227
10987.000 0.231
10990.000 0.231
10993.000 0.235
10996.000 0.239
10999.000 0.247
11002.000 0.262
11005.000 0.273
11008.000 0.281
11011.000 0.309
11014.000 0.325
11017.000 0.352
11020.000 0.391
11023.000 0.414
11026.000 0.460
11029.000 0.481
11032.000 0.515
11035.000 0.602
11038.000 0.605
11041.000 0.628
11044.000 0.644
11047.000 0.640
11050.000 0.632
11053.000 0.625
11056.000 0.612
11059.000 0.606
11062.000 0.597
11065.000 0.595
11068.000 0.596
11071.000 0.589
11074.000 0.585
11077.000 0.572
11080.000 0.566
11083.000 0.565
11086.000 0.566
11089.000 0.560
11092.000 0.555
11095.000 0.554
11098.000 0.554
11101.000 0.549
11104.000 0.547
11107.000 0.542
11110.000 0.544
11113.000 0.542
11116.000 0.546
11119.000 0.547
11122.000 0.543
11125.000 0.541
11128.000 0.540
11131.000 0.530
11134.000 0.525
11137.000 0.518
11140.000 0.504
11143.000 0.496
11146.000 0.477
11149.000 0.470
11152.000 0.452
11155.000 0.440
11158.000 0.431
11161.000 0.417
11164.000 0.410
11167.000 0.402
11170.000 0.395
11173.000 0.392
11176.000 0.391
11179.000 0.392
11182.000 0.390
11185.000 0.390
11188.000 0.394
11191.000 0.394
11194.000 0.395
11197.000 0.396
11200.000 0.398
11203.000 0.405
11206.000 0.406
11209.000 0.404
11212.000 0.405
11215.000 0.407
11218.000 0.409
11221.000 0.411
11224.000 0.411
11227.000 0.408
11230.000 0.408
11233.000 0.408
11236.000 0.409
11239.000 0.409
11242.000 0.410
11245.000 0.410
11248.000 0.410
11251.000 0.408
11254.000 0.411
11257.000 0.408
11260.000 0.406
11263.000 0.405
11266.000 0.405
11269.000 0.407
11272.000 0.404
11275.000 0.407
11278.000 0.411
11281.000 0.408
11284.000 0.413
11287.000 0.413
11290.000 0.413
11293.000 0.411
11296.000 0.412
11299.000 0.410
11302.000 0.408
11305.000 0.408
11308.000 0.406
11311.000 0.409
11314.000 0.409
11317.000 0.412
11320.000 0.408
11323.000 0.412
11326.000 0.409
11329.000 0.410
11332.000 0.410
11335.000 0.412
11338.000 0.405
11341.000 0.404
11344.000 0.406
11347.000 0.406
11350.000 0.405
11353.000 0.406
11356.000 0.409
11359.000 0.407
11362.000 0.408
11365.000 0.408
11368.000 0.406
11371.000 0.411
11374.000 0.408
11377.000 0.407
11380.000 0.410
11383.000 0.407
11386.000 0.411
11389.000 0.413
11392.000 0.409
11395.000 0.409
11398.000 0.412
11401.000 0.416
11404.000 0.410
11407.000 0.413
11410.000 0.413
11413.000 0.413
11416.000 0.412
11419.000 0.414
11422.000 0.417
11425.000 0.415
11428.000 0.411
11431.000 0.409
11434.000 0.406
11437.000 0.406
11440.000 0.409
11443.000 0.409
11446.000 0.405
11449.000 0.407
11452.000 0.407
11455.000 0.408
11458.000 0.407
11461.000 0.406
11464.000 0.406
11467.000 0.406
11470.000 0.406
11473.000 0.410
11476.000 0.402
11479.000 0.404
11482.000 0.408
11485.000 0.407
11488.000 0.403
11491.000 0.404
11494.000 0.404
11497.000 0.407
11500.000 0.404
11503.000 0.411
11506.000 0.409
11509.000 0.408
11512.000 0.408
11515.000 0.409
11518.000 0.414
11521.000 0.414
11524.000 0.413
11527.000 0.414
11530.000 0.415
11533.000 0.412
11536.000 0.412
11539.000 0.412
11542.000 0.414
11545.000 0.412
11548.000 0.409
11551.000 0.408
11554.000 0.407
11557.000 0.410
11560.000 0.412
11563.000 0.408
11566.000 0.409
11569.000 0.408
11572.000 0.410
11575.000 0.410
11578.000 0.408
11581.000 0.408
11584.000 0.409
11587.000 0.406
11590.000 0.407
11593.000 0.407
11596.000 0.409
11599.000 0.408
11602.000 0.408
11605.000 0.410
11608.000 0.408
11611.000 0.410
11614.000 0.409
11617.000 0.411
11620.000 0.428
11623.000 0.423
11626.000 0.418
11629.000 0.411
11632.000 0.409
11635.000 0.408
11638.000 0.408
11641.000 0.406
11644.000 0.407
11647.000 0.405
11650.000 0.409
11653.000 0.409
11656.000 0.405
11659.000 0.404
11662.000 0.405
11665.000 0.408
11668.000 0.406
11671.000 0.404
11674.000 0.402
11677.000 0.401
11680.000 0.405
11683.000 0.408
11686.000 0.407
11689.000 0.412
11692.000 0.411
11695.000 0.405
11698.000 0.412
11701.000 0.412
11704.000 0.407
11707.000 0.406
11710.000 0.407
11713.000 0.407
11716.000 0.410
11719.000 0.406
11722.000 0.406
11725.000 0.406
11728.000 0.405
11731.000 0.408
11734.000 0.406
11737.000 0.403
11740.000 0.402
11743.000 0.401
11746.000 0.402
11749.000 0.401
11752.000 0.404
11755.000 0.402
11758.000 0.400
11761.000 0.403
11764.000 0.401
11767.000 0.404
11770.000 0.401
11773.000 0.400
11776.000 0.400
11779.000 0.395
11782.000 0.398
11785.000 0.394
11788.000 0.396
11791.000 0.396
11794.000 0.397
11797.000 0.398
11800.000 0.396
11803.000 0.397
11806.000 0.395
11809.000 0.395
11812.000 0.396
11815.000 0.395
11818.000 0.397
11821.000 0.396
11824.000 0.399
11827.000 0.400
11830.000 0.400
11833.000 0.397
11836.000 0.400
11839.000 0.398
11842.000 0.399
11845.000 0.398
11848.000 0.400
11851.000 0.398
11854.000 0.399
11857.000 0.397
11860.000 0.396
11863.000 0.396
11866.000 0.398
11869.000 0.396
11872.000 0.391
11875.000 0.393
11878.000 0.392
11881.000 0.392
11884.000 0.393
11887.000 0.395
11890.000 0.394
11893.000 0.397
11896.000 0.394
11899.000 0.398
11902.000 0.397
11905.000 0.396
11908.000 0.396
11911.000 0.394
11914.000 0.392
11917.000 0.395
11920.000 0.394
11923.000 0.396
11926.000 0.395
11929.000 0.395
11932.000 0.395
11935.000 0.397
11938.000 0.398
11941.000 0.396
11944.000 0.393
11947.000 0.394
11950.000 0.396
11953.000 0.396
11956.000 0.394
11959.000 0.392
11962.000 0.394
11965.000 0.392
11968.000 0.390
11971.000 0.392
11974.000 0.392
11977.000 0.390
11980.000 0.394
11983.000 0.398
11986.000 0.397
11989.000 0.398
11992.000 0.399
11995.000 0.408
11998.000 0.404
12001.000 0.412
