#Der erste Zylinder wurde ersetzt
103.000 1.640
106.000 1.574
109.000 2.091
112.000 2.040
115.000 1.739
118.000 2.041
121.000 1.922
124.000 2.655
127.000 2.556
130.000 3.382
133.000 4.101
136.000 4.822
139.000 5.288
142.000 5.703
145.000 6.756
148.000 6.569
151.000 6.497
154.000 6.230
157.000 6.166
160.000 5.809
163.000 5.315
166.000 5.207
169.000 4.830
172.000 4.816
175.000 4.398
178.000 4.130
181.000 4.048
184.000 3.858
187.000 3.757
190.000 3.468
193.000 3.248
196.000 3.281
199.000 3.072
202.000 2.985
205.000 2.855
208.000 2.786
211.000 3.006
214.000 4.471
217.000 4.368
220.000 4.346
223.000 4.843
226.000 4.612
229.000 6.869
232.000 6.052
235.000 3.665
238.000 2.912
241.000 2.587
244.000 4.338
247.000 3.465
250.000 3.054
253.000 2.612
256.000 2.694
259.000 3.579
262.000 4.786
265.000 4.513
268.000 5.425
271.000 4.706
274.000 4.215
277.000 4.019
280.000 3.551
283.000 3.272
286.000 3.436
289.000 3.267
292.000 3.214
295.000 3.193
298.000 3.518
301.000 3.421
304.000 3.415
307.000 3.595
310.000 3.725
313.000 3.861
316.000 4.473
319.000 4.748
322.000 5.277
325.000 5.316
328.000 5.535
331.000 5.991
334.000 6.966
337.000 7.419
340.000 7.850
343.000 8.309
346.000 10.600
349.000 10.908
352.000 11.292
355.000 12.778
358.000 13.394
361.000 15.268
364.000 17.174
367.000 18.234
370.000 20.863
373.000 21.811
376.000 24.255
379.000 26.813
382.000 28.000
385.000 31.289
388.000 31.845
391.000 33.176
394.000 33.980
397.000 34.370
400.000 34.269
403.000 33.888
406.000 33.129
409.000 31.676
412.000 30.897
415.000 29.381
418.000 28.738
421.000 27.641
424.000 26.345
427.000 25.824
430.000 25.666
433.000 25.248
436.000 24.662
439.000 23.980
442.000 23.507
445.000 22.698
448.000 22.086
451.000 21.360
454.000 19.830
457.000 19.105
460.000 17.675
463.000 17.006
466.000 15.772
469.000 15.092
472.000 14.374
475.000 13.211
478.000 12.708
481.000 11.872
484.000 11.261
487.000 11.225
490.000 10.636
493.000 10.371
496.000 10.568
499.000 9.900
502.000 9.608
505.000 9.157
508.000 9.121
511.000 8.846
514.000 8.470
517.000 8.298
520.000 8.036
523.000 7.900
526.000 7.701
529.000 7.581
532.000 8.712
535.000 7.948
538.000 7.662
541.000 7.369
544.000 7.258
547.000 7.147
550.000 7.014
553.000 6.994
556.000 6.981
559.000 6.956
562.000 6.928
565.000 7.218
568.000 7.173
571.000 7.179
574.000 7.226
577.000 7.253
580.000 7.341
583.000 7.662
586.000 7.919
589.000 7.639
592.000 8.444
595.000 8.494
598.000 8.785
601.000 9.049
604.000 9.194
607.000 9.331
610.000 9.943
613.000 10.157
616.000 10.652
619.000 11.091
622.000 11.582
625.000 12.216
628.000 12.522
631.000 13.146
634.000 13.868
637.000 13.944
640.000 14.072
643.000 14.017
646.000 13.703
649.000 13.347
652.000 12.423
655.000 12.702
658.000 11.192
661.000 10.521
664.000 8.817
667.000 9.902
670.000 8.147
673.000 7.401
676.000 6.937
679.000 6.597
682.000 6.061
685.000 5.258
688.000 5.083
691.000 4.675
694.000 4.509
697.000 5.332
700.000 5.119
703.000 5.436
706.000 4.143
709.000 3.834
712.000 3.358
715.000 3.043
718.000 4.445
721.000 5.125
724.000 5.048
727.000 3.850
730.000 3.194
733.000 3.240
736.000 2.807
739.000 2.609
742.000 2.218
745.000 2.480
748.000 2.296
751.000 2.147
754.000 2.178
757.000 2.317
760.000 2.140
763.000 2.092
766.000 2.004
769.000 1.951
772.000 1.833
775.000 1.768
778.000 1.728
781.000 1.641
784.000 1.718
787.000 1.673
790.000 1.612
793.000 1.583
796.000 1.574
799.000 1.567
802.000 1.571
805.000 1.578
808.000 1.686
811.000 1.670
814.000 1.651
817.000 1.743
820.000 1.778
823.000 1.742
826.000 1.709
829.000 1.718
832.000 1.665
835.000 1.889
838.000 1.844
841.000 1.789
844.000 1.844
847.000 1.857
850.000 2.134
853.000 2.070
856.000 2.151
859.000 2.165
862.000 2.158
865.000 2.223
868.000 2.314
871.000 2.387
874.000 2.441
877.000 2.787
880.000 2.956
883.000 2.970
886.000 3.262
889.000 3.421
892.000 3.780
895.000 4.237
898.000 4.450
901.000 4.761
904.000 4.939
907.000 4.947
910.000 4.487
913.000 4.187
916.000 3.689
919.000 3.381
922.000 2.807
925.000 2.486
928.000 2.315
931.000 1.901
934.000 1.847
937.000 1.660
940.000 1.667
943.000 1.468
946.000 1.263
949.000 1.180
952.000 1.038
955.000 0.923
958.000 0.866
961.000 0.766
964.000 0.734
967.000 0.676
970.000 0.620
973.000 0.600
976.000 0.556
979.000 0.526
982.000 0.501
985.000 0.458
988.000 0.446
991.000 0.418
994.000 0.409
997.000 0.381
1000.000 0.387
1003.000 0.404
1006.000 0.351
1009.000 0.342
1012.000 0.327
1015.000 0.315
1018.000 0.315
1021.000 0.297
1024.000 0.286
1027.000 0.281
1030.000 0.273
1033.000 0.269
1036.000 0.257
1039.000 0.259
1042.000 0.261
1045.000 0.257
1048.000 0.249
1051.000 0.255
1054.000 0.252
1057.000 0.253
1060.000 0.251
1063.000 0.258
1066.000 0.250
1069.000 0.260
1072.000 0.265
1075.000 0.269
1078.000 0.301
1081.000 0.298
1084.000 0.314
1087.000 0.314
1090.000 0.316
1093.000 0.340
1096.000 0.352
1099.000 0.365
1102.000 0.379
1105.000 0.400
1108.000 0.429
1111.000 0.457
1114.000 0.473
1117.000 0.517
1120.000 0.540
1123.000 0.588
1126.000 0.644
1129.000 0.676
1132.000 0.772
1135.000 0.825
1138.000 0.965
1141.000 1.149
1144.000 1.240
1147.000 1.504
1150.000 1.671
1153.000 2.101
1156.000 2.758
1159.000 3.159
1162.000 3.785
1165.000 4.133
1168.000 4.698
1171.000 5.213
1174.000 5.344
1177.000 5.425
1180.000 5.324
1183.000 4.790
1186.000 4.219
1189.000 3.905
1192.000 3.349
1195.000 3.114
1198.000 2.699
1201.000 2.702
1204.000 2.446
1207.000 3.102
1210.000 3.079
1213.000 2.793
1216.000 2.334
1219.000 2.191
1222.000 2.710
1225.000 2.670
1228.000 2.324
1231.000 2.565
1234.000 2.902
1237.000 2.571
1240.000 2.365
1243.000 2.164
1246.000 2.312
1249.000 2.141
1252.000 1.861
1255.000 1.791
1258.000 1.844
1261.000 1.651
1264.000 1.596
1267.000 1.506
1270.000 1.574
1273.000 1.729
1276.000 1.601
1279.000 1.550
1282.000 1.487
1285.000 1.470
1288.000 1.444
1291.000 1.560
1294.000 1.539
1297.000 1.742
1300.000 1.778
1303.000 1.916
1306.000 1.937
1309.000 1.892
1312.000 1.798
1315.000 1.764
1318.000 1.844
1321.000 2.559
1324.000 2.339
1327.000 2.197
1330.000 2.131
1333.000 2.052
1336.000 2.050
1339.000 2.033
1342.000 2.003
1345.000 2.004
1348.000 2.015
1351.000 2.064
1354.000 2.098
1357.000 2.182
1360.000 2.228
1363.000 2.328
1366.000 2.373
1369.000 2.494
1372.000 2.634
1375.000 2.709
1378.000 2.890
1381.000 2.944
1384.000 3.135
1387.000 3.289
1390.000 3.383
1393.000 3.604
1396.000 3.713
1399.000 3.942
1402.000 4.239
1405.000 4.347
1408.000 4.589
1411.000 4.743
1414.000 5.049
1417.000 5.340
1420.000 5.484
1423.000 6.189
1426.000 7.905
1429.000 8.166
1432.000 7.664
1435.000 7.643
1438.000 7.328
1441.000 7.291
1444.000 6.828
1447.000 6.469
1450.000 6.324
1453.000 5.710
1456.000 5.410
1459.000 5.054
1462.000 4.574
1465.000 4.417
1468.000 4.161
1471.000 4.032
1474.000 3.804
1477.000 3.572
1480.000 3.482
1483.000 3.303
1486.000 3.211
1489.000 3.079
1492.000 2.925
1495.000 2.885
1498.000 2.777
1501.000 3.215
1504.000 3.197
1507.000 2.917
1510.000 2.838
1513.000 3.243
1516.000 3.191
1519.000 2.773
1522.000 2.576
1525.000 2.494
1528.000 2.354
1531.000 2.301
1534.000 2.197
1537.000 2.119
1540.000 2.083
1543.000 3.068
1546.000 2.876
1549.000 2.566
1552.000 2.500
1555.000 2.304
1558.000 2.316
1561.000 2.286
1564.000 2.204
1567.000 2.443
1570.000 2.417
1573.000 2.620
1576.000 2.844
1579.000 2.884
1582.000 2.819
1585.000 2.548
1588.000 2.385
1591.000 2.341
1594.000 2.275
1597.000 2.255
1600.000 2.235
1603.000 2.224
1606.000 2.226
1609.000 2.237
1612.000 2.246
1615.000 2.280
1618.000 2.425
1621.000 2.434
1624.000 2.497
1627.000 2.528
1630.000 2.625
1633.000 2.762
1636.000 2.799
1639.000 2.900
1642.000 2.968
1645.000 3.447
1648.000 3.706
1651.000 3.709
1654.000 3.862
1657.000 3.984
1660.000 4.056
1663.000 4.203
1666.000 4.399
1669.000 4.740
1672.000 4.950
1675.000 5.277
1678.000 6.556
1681.000 7.268
1684.000 7.577
1687.000 7.713
1690.000 8.053
1693.000 8.391
1696.000 8.590
1699.000 8.819
1702.000 8.780
1705.000 8.516
1708.000 8.096
1711.000 7.953
1714.000 7.741
1717.000 7.601
1720.000 7.316
1723.000 7.000
1726.000 6.862
1729.000 6.540
1732.000 6.398
1735.000 6.135
1738.000 5.889
1741.000 5.788
1744.000 5.569
1747.000 5.476
1750.000 5.298
1753.000 5.131
1756.000 5.050
1759.000 4.921
1762.000 4.865
1765.000 4.749
1768.000 4.655
1771.000 4.614
1774.000 4.528
1777.000 4.491
1780.000 4.415
1783.000 4.436
1786.000 4.391
1789.000 4.306
1792.000 4.280
1795.000 4.265
1798.000 4.238
1801.000 4.235
1804.000 4.217
1807.000 4.211
1810.000 4.221
1813.000 4.230
1816.000 4.231
1819.000 4.250
1822.000 8.069
1825.000 7.702
1828.000 6.757
1831.000 6.268
1834.000 5.566
1837.000 5.385
1840.000 4.927
1843.000 4.651
1846.000 4.748
1849.000 4.886
1852.000 4.809
1855.000 4.775
1858.000 7.871
1861.000 7.367
1864.000 6.509
1867.000 6.209
1870.000 5.790
1873.000 5.513
1876.000 5.444
1879.000 5.365
1882.000 5.371
1885.000 5.465
1888.000 5.676
1891.000 6.018
1894.000 6.191
1897.000 6.396
1900.000 11.404
1903.000 10.889
1906.000 9.976
1909.000 9.252
1912.000 9.021
1915.000 8.646
1918.000 8.575
1921.000 8.526
1924.000 8.742
1927.000 8.895
1930.000 9.295
1933.000 9.512
1936.000 9.965
1939.000 10.444
1942.000 10.388
1945.000 17.624
1948.000 17.730
1951.000 17.276
1954.000 15.164
1957.000 14.296
1960.000 12.920
1963.000 12.326
1966.000 11.236
1969.000 10.244
1972.000 9.843
1975.000 9.233
1978.000 8.941
1981.000 8.378
1984.000 7.828
1987.000 7.561
1990.000 7.054
1993.000 6.829
1996.000 6.317
1999.000 5.930
2002.000 5.730
2005.000 5.466
2008.000 5.314
2011.000 5.053
2014.000 4.840
2017.000 4.728
2020.000 4.533
2023.000 4.428
2026.000 4.257
2029.000 4.109
2032.000 4.045
2035.000 3.840
2038.000 3.784
2041.000 3.708
2044.000 3.621
2047.000 3.580
2050.000 3.490
2053.000 3.458
2056.000 3.370
2059.000 3.284
2062.000 3.274
2065.000 3.231
2068.000 3.214
2071.000 3.186
2074.000 3.150
2077.000 3.142
2080.000 3.121
2083.000 3.120
2086.000 3.114
2089.000 3.116
2092.000 3.120
2095.000 3.135
2098.000 3.152
2101.000 3.181
2104.000 3.218
2107.000 3.228
2110.000 3.288
2113.000 3.306
2116.000 3.355
2119.000 3.435
2122.000 3.477
2125.000 3.571
2128.000 3.617
2131.000 3.715
2134.000 3.839
2137.000 3.905
2140.000 4.043
2143.000 4.052
2146.000 4.182
2149.000 6.949
2152.000 7.211
2155.000 7.330
2158.000 7.061
2161.000 6.687
2164.000 6.493
2167.000 6.442
2170.000 6.431
2173.000 6.463
2176.000 6.662
2179.000 6.983
2182.000 7.166
2185.000 10.150
2188.000 11.625
2191.000 10.538
2194.000 9.887
2197.000 9.578
2200.000 9.161
2203.000 8.675
2206.000 7.799
2209.000 7.041
2212.000 6.712
2215.000 6.115
2218.000 5.843
2221.000 5.384
2224.000 5.053
2227.000 4.904
2230.000 4.614
2233.000 4.490
2236.000 4.212
2239.000 3.864
2242.000 3.704
2245.000 3.405
2248.000 3.272
2251.000 3.009
2254.000 2.899
2257.000 2.699
2260.000 2.525
2263.000 2.446
2266.000 2.299
2269.000 2.233
2272.000 2.114
2275.000 2.006
2278.000 1.960
2281.000 1.876
2284.000 1.839
2287.000 1.768
2290.000 1.709
2293.000 1.684
2296.000 1.634
2299.000 1.613
2302.000 1.577
2305.000 1.548
2308.000 1.534
2311.000 1.509
2314.000 1.502
2317.000 1.486
2320.000 1.476
2323.000 1.474
2326.000 1.470
2329.000 1.471
2332.000 1.476
2335.000 1.489
2338.000 1.498
2341.000 1.518
2344.000 1.533
2347.000 1.566
2350.000 1.609
2353.000 1.634
2356.000 1.687
2359.000 1.722
2362.000 1.805
2365.000 1.909
2368.000 1.971
2371.000 2.124
2374.000 2.215
2377.000 2.442
2380.000 2.735
2383.000 2.918
2386.000 3.359
2389.000 3.623
2392.000 4.122
2395.000 4.460
2398.000 4.561
2401.000 4.462
2404.000 4.305
2407.000 3.878
2410.000 3.317
2413.000 2.992
2416.000 2.423
2419.000 2.183
2422.000 1.787
2425.000 1.529
2428.000 1.446
2431.000 1.200
2434.000 1.101
2437.000 0.948
2440.000 0.822
2443.000 0.768
2446.000 0.675
2449.000 0.631
2452.000 0.567
2455.000 0.507
2458.000 0.483
2461.000 0.436
2464.000 0.415
2467.000 0.379
2470.000 0.347
2473.000 0.332
2476.000 0.306
2479.000 0.294
2482.000 0.273
2485.000 0.253
2488.000 0.224
2491.000 0.243
2494.000 0.231
2497.000 0.222
2500.000 0.210
2503.000 0.205
2506.000 0.196
2509.000 0.193
2512.000 0.186
2515.000 0.182
2518.000 0.179
2521.000 0.175
2524.000 0.173
2527.000 0.172
2530.000 0.169
2533.000 0.168
2536.000 0.168
2539.000 0.167
2542.000 0.165
2545.000 0.166
2548.000 0.165
2551.000 0.166
2554.000 0.167
2557.000 0.168
2560.000 0.168
2563.000 0.169
2566.000 0.168
2569.000 0.168
2572.000 0.170
2575.000 0.170
2578.000 0.171
2581.000 0.172
2584.000 0.171
2587.000 0.172
2590.000 0.174
2593.000 0.186
2596.000 0.192
2599.000 0.192
2602.000 0.193
2605.000 0.191
2608.000 0.192
2611.000 0.189
2614.000 0.229
2617.000 0.324
2620.000 0.306
2623.000 0.279
2626.000 0.259
2629.000 0.251
2632.000 0.238
2635.000 0.233
2638.000 0.224
2641.000 0.251
2644.000 0.254
2647.000 0.242
2650.000 0.236
2653.000 0.228
2656.000 0.220
2659.000 0.216
2662.000 0.211
2665.000 0.212
2668.000 0.206
2671.000 0.206
2674.000 0.203
2677.000 0.201
2680.000 0.202
2683.000 0.200
2686.000 0.200
2689.000 0.202
2692.000 0.201
2695.000 0.201
2698.000 0.228
2701.000 0.293
2704.000 0.280
2707.000 0.271
2710.000 0.266
2713.000 0.252
2716.000 0.242
2719.000 0.238
2722.000 0.232
2725.000 0.227
2728.000 0.224
2731.000 0.219
2734.000 0.219
2737.000 0.214
2740.000 0.213
2743.000 0.212
2746.000 0.210
2749.000 0.210
2752.000 0.210
2755.000 0.209
2758.000 0.209
2761.000 0.208
2764.000 0.209
2767.000 0.205
2770.000 0.243
2773.000 0.245
2776.000 0.235
2779.000 0.232
2782.000 0.227
2785.000 0.224
2788.000 0.220
2791.000 0.216
2794.000 0.215
2797.000 0.212
2800.000 0.211
2803.000 0.212
2806.000 0.210
2809.000 0.209
2812.000 0.211
2815.000 0.209
2818.000 0.210
2821.000 0.210
2824.000 0.209
2827.000 0.210
2830.000 0.209
2833.000 0.209
2836.000 0.234
2839.000 0.261
2842.000 0.250
2845.000 0.246
2848.000 0.239
2851.000 0.231
2854.000 0.229
2857.000 0.228
2860.000 0.226
2863.000 0.222
2866.000 0.218
2869.000 0.216
2872.000 0.213
2875.000 0.213
2878.000 0.212
2881.000 0.208
2884.000 0.211
2887.000 0.210
2890.000 0.209
2893.000 0.208
2896.000 0.207
2899.000 0.206
2902.000 0.208
2905.000 0.207
2908.000 0.207
2911.000 0.208
2914.000 0.208
2917.000 0.207
2920.000 0.207
2923.000 0.210
2926.000 0.210
2929.000 0.211
2932.000 0.213
2935.000 0.211
2938.000 0.210
2941.000 0.215
2944.000 0.214
2947.000 0.214
2950.000 0.216
2953.000 0.219
2956.000 0.224
2959.000 0.219
2962.000 0.225
2965.000 0.227
2968.000 0.226
2971.000 0.226
2974.000 0.220
2977.000 0.232
2980.000 0.235
2983.000 0.242
2986.000 0.239
2989.000 0.248
2992.000 0.251
2995.000 0.264
2998.000 0.262
3001.000 0.273
3004.000 0.284
3007.000 0.295
3010.000 0.301
3013.000 0.306
3016.000 0.310
3019.000 0.331
3022.000 0.351
3025.000 0.359
3028.000 0.386
3031.000 0.392
3034.000 0.416
3037.000 0.448
3040.000 0.465
3043.000 0.497
3046.000 0.520
3049.000 0.569
3052.000 0.628
3055.000 0.656
3058.000 0.729
3061.000 0.773
3064.000 0.859
3067.000 0.944
3070.000 0.991
3073.000 1.064
3076.000 1.092
3079.000 1.125
3082.000 1.100
3085.000 1.081
3088.000 1.011
3091.000 0.969
3094.000 0.900
3097.000 0.829
3100.000 0.801
3103.000 0.743
3106.000 0.720
3109.000 0.678
3112.000 0.640
3115.000 0.626
3118.000 0.592
3121.000 0.580
3124.000 0.561
3127.000 0.539
3130.000 0.530
3133.000 0.516
3136.000 0.510
3139.000 0.497
3142.000 0.485
3145.000 0.481
3148.000 0.473
3151.000 0.469
3154.000 0.465
3157.000 0.463
3160.000 0.458
3163.000 0.454
3166.000 0.450
3169.000 0.444
3172.000 0.440
3175.000 0.439
3178.000 0.435
3181.000 0.436
3184.000 0.432
3187.000 0.432
3190.000 0.432
3193.000 0.429
3196.000 0.429
3199.000 0.428
3202.000 0.427
3205.000 0.427
3208.000 0.427
3211.000 0.427
3214.000 0.426
3217.000 0.425
3220.000 0.429
3223.000 0.428
3226.000 0.428
3229.000 0.428
3232.000 0.433
3235.000 0.433
3238.000 0.437
3241.000 0.437
3244.000 0.439
3247.000 0.439
3250.000 0.441
3253.000 0.446
3256.000 0.448
3259.000 0.453
3262.000 0.457
3265.000 0.458
3268.000 0.465
3271.000 0.467
3274.000 0.475
3277.000 0.482
3280.000 0.486
3283.000 0.496
3286.000 0.501
3289.000 0.512
3292.000 0.520
3295.000 0.534
3298.000 0.544
3301.000 0.544
3304.000 0.561
3307.000 0.578
3310.000 0.584
3313.000 0.608
3316.000 0.624
3319.000 0.648
3322.000 0.662
3325.000 0.699
3328.000 0.738
3331.000 0.762
3334.000 0.811
3337.000 0.844
3340.000 0.908
3343.000 0.997
3346.000 1.047
3349.000 1.163
3352.000 1.224
3355.000 1.354
3358.000 1.504
3361.000 1.590
3364.000 1.816
3367.000 1.942
3370.000 2.253
3373.000 2.623
3376.000 2.820
3379.000 3.182
3382.000 3.335
3385.000 3.532
3388.000 3.513
3391.000 3.439
3394.000 3.175
3397.000 2.995
3400.000 2.644
3403.000 2.351
3406.000 2.233
3409.000 2.049
3412.000 1.967
3415.000 1.826
3418.000 1.704
3421.000 1.655
3424.000 1.567
3427.000 1.528
3430.000 1.465
3433.000 1.404
3436.000 1.388
3439.000 1.353
3442.000 1.336
3445.000 1.301
3448.000 1.280
3451.000 1.268
3454.000 1.258
3457.000 1.250
3460.000 1.245
3463.000 1.243
3466.000 1.246
3469.000 1.249
3472.000 1.254
3475.000 1.265
3478.000 1.306
3481.000 1.304
3484.000 1.297
3487.000 1.308
3490.000 1.350
3493.000 1.391
3496.000 1.410
3499.000 1.453
3502.000 1.482
3505.000 1.536
3508.000 1.568
3511.000 1.636
3514.000 1.711
3517.000 1.753
3520.000 1.851
3523.000 1.900
3526.000 2.020
3529.000 2.155
3532.000 2.235
3535.000 2.418
3538.000 2.520
3541.000 2.755
3544.000 3.048
3547.000 3.218
3550.000 3.617
3553.000 3.840
3556.000 4.306
3559.000 4.739
3562.000 4.919
3565.000 5.123
3568.000 5.116
3571.000 4.915
3574.000 4.582
3577.000 4.403
3580.000 4.058
3583.000 3.893
3586.000 3.572
3589.000 3.266
3592.000 3.123
3595.000 2.864
3598.000 2.755
3601.000 2.547
3604.000 2.359
3607.000 2.285
3610.000 2.143
3613.000 2.078
3616.000 1.965
3619.000 1.863
3622.000 1.817
3625.000 1.738
3628.000 1.696
3631.000 1.626
3634.000 1.571
3637.000 1.542
3640.000 1.491
3643.000 1.470
3646.000 1.434
3649.000 1.395
3652.000 1.379
3655.000 1.350
3658.000 1.342
3661.000 1.320
3664.000 1.299
3667.000 1.292
3670.000 1.272
3673.000 1.270
3676.000 1.271
3679.000 1.264
3682.000 1.264
3685.000 1.267
3688.000 1.258
3691.000 1.252
3694.000 1.251
3697.000 1.254
3700.000 1.255
3703.000 1.252
3706.000 1.270
3709.000 1.283
3712.000 1.292
3715.000 1.311
3718.000 1.323
3721.000 1.350
3724.000 1.376
3727.000 1.392
3730.000 1.425
3733.000 1.454
3736.000 1.594
3739.000 1.601
3742.000 1.611
3745.000 1.643
3748.000 1.674
3751.000 1.752
3754.000 1.838
3757.000 1.886
3760.000 2.004
3763.000 2.066
3766.000 2.213
3769.000 2.388
3772.000 2.480
3775.000 2.706
3778.000 2.833
3781.000 3.085
3784.000 3.347
3787.000 3.584
3790.000 3.749
3793.000 3.744
3796.000 3.693
3799.000 3.550
3802.000 3.459
3805.000 3.215
3808.000 3.077
3811.000 2.783
3814.000 2.504
3817.000 2.368
3820.000 2.142
3823.000 2.036
3826.000 1.853
3829.000 1.700
3832.000 1.632
3835.000 1.511
3838.000 1.453
3841.000 1.357
3844.000 1.276
3847.000 1.237
3850.000 1.172
3853.000 1.140
3856.000 1.084
3859.000 1.057
3862.000 1.013
3865.000 0.973
3868.000 0.955
3871.000 0.923
3874.000 0.912
3877.000 0.885
3880.000 0.864
3883.000 0.853
3886.000 0.836
3889.000 0.831
3892.000 0.814
3895.000 0.804
3898.000 0.797
3901.000 0.789
3904.000 0.785
3907.000 0.781
3910.000 0.775
3913.000 0.773
3916.000 0.777
3919.000 0.778
3922.000 0.779
3925.000 0.816
3928.000 0.839
3931.000 0.846
3934.000 0.836
3937.000 0.841
3940.000 0.833
3943.000 0.833
3946.000 0.834
3949.000 0.839
3952.000 0.861
3955.000 0.873
3958.000 0.888
3961.000 0.904
3964.000 0.920
3967.000 0.945
3970.000 0.985
3973.000 1.001
3976.000 1.037
3979.000 1.061
3982.000 1.093
3985.000 1.160
3988.000 1.176
3991.000 1.236
3994.000 1.282
3997.000 1.361
4000.000 1.443
4003.000 1.485
4006.000 1.602
4009.000 1.668
4012.000 1.827
4015.000 2.042
4018.000 2.138
4021.000 2.369
4024.000 2.505
4027.000 2.797
4030.000 3.085
4033.000 3.232
4036.000 3.450
4039.000 3.515
4042.000 3.527
4045.000 3.359
4048.000 3.236
4051.000 3.001
4054.000 2.891
4057.000 2.667
4060.000 2.454
4063.000 2.346
4066.000 2.148
4069.000 2.060
4072.000 1.903
4075.000 1.763
4078.000 1.711
4081.000 1.592
4084.000 1.543
4087.000 1.450
4090.000 1.373
4093.000 1.332
4096.000 1.275
4099.000 1.246
4102.000 1.195
4105.000 1.149
4108.000 1.128
4111.000 1.086
4114.000 1.067
4117.000 1.036
4120.000 1.009
4123.000 0.998
4126.000 0.968
4129.000 0.958
4132.000 0.935
4135.000 0.917
4138.000 0.909
4141.000 0.893
4144.000 0.885
4147.000 0.872
4150.000 0.862
4153.000 0.855
4156.000 0.848
4159.000 0.841
4162.000 0.833
4165.000 0.826
4168.000 0.822
4171.000 0.817
4174.000 0.815
4177.000 0.812
4180.000 0.809
4183.000 0.809
4186.000 0.814
4189.000 0.813
4192.000 0.811
4195.000 0.820
4198.000 0.822
4201.000 0.830
4204.000 0.830
4207.000 0.844
4210.000 0.850
4213.000 0.859
4216.000 0.872
4219.000 0.872
4222.000 0.886
4225.000 0.895
4228.000 0.912
4231.000 0.930
4234.000 0.942
4237.000 0.967
4240.000 0.977
4243.000 1.010
4246.000 1.043
4249.000 1.068
4252.000 1.104
4255.000 1.127
4258.000 1.176
4261.000 1.232
4264.000 1.260
4267.000 1.323
4270.000 1.363
4273.000 1.437
4276.000 1.523
4279.000 1.566
4282.000 1.640
4285.000 1.675
4288.000 1.730
4291.000 1.753
4294.000 1.746
4297.000 1.682
4300.000 1.636
4303.000 1.508
4306.000 1.365
4309.000 1.296
4312.000 1.157
4315.000 1.094
4318.000 0.980
4321.000 0.879
4324.000 0.832
4327.000 0.757
4330.000 0.724
4333.000 0.666
4336.000 0.612
4339.000 0.591
4342.000 0.552
4345.000 0.539
4348.000 0.509
4351.000 0.485
4354.000 0.471
4357.000 0.452
4360.000 0.445
4363.000 0.429
4366.000 0.413
4369.000 0.407
4372.000 0.397
4375.000 0.393
4378.000 0.384
4381.000 0.376
4384.000 0.375
4387.000 0.368
4390.000 0.367
4393.000 0.361
4396.000 0.358
4399.000 0.356
4402.000 0.355
4405.000 0.353
4408.000 0.356
4411.000 0.360
4414.000 0.362
4417.000 0.365
4420.000 0.374
4423.000 0.376
4426.000 0.373
4429.000 0.372
4432.000 0.377
4435.000 0.377
4438.000 0.381
4441.000 0.393
4444.000 0.394
4447.000 0.407
4450.000 0.409
4453.000 0.423
4456.000 0.432
4459.000 0.441
4462.000 0.455
4465.000 0.467
4468.000 0.486
4471.000 0.508
4474.000 0.517
4477.000 0.549
4480.000 0.563
4483.000 0.598
4486.000 0.640
4489.000 0.661
4492.000 0.717
4495.000 0.750
4498.000 0.824
4501.000 0.905
4504.000 0.959
4507.000 1.087
4510.000 1.162
4513.000 1.340
4516.000 1.567
4519.000 1.697
4522.000 1.982
4525.000 2.141
4528.000 2.444
4531.000 2.685
4534.000 2.757
4537.000 2.780
4540.000 2.727
4543.000 2.510
4546.000 2.222
4549.000 2.085
4552.000 1.837
4555.000 1.740
4558.000 1.591
4561.000 1.476
4564.000 1.429
4567.000 1.337
4570.000 1.296
4573.000 1.228
4576.000 1.195
4579.000 1.138
4582.000 1.089
4585.000 1.069
4588.000 1.029
4591.000 1.027
4594.000 1.018
4597.000 0.974
4600.000 0.965
4603.000 0.934
4606.000 0.922
4609.000 0.901
4612.000 0.884
4615.000 0.878
4618.000 0.866
4621.000 0.859
4624.000 0.845
4627.000 0.835
4630.000 0.830
4633.000 0.824
4636.000 0.824
4639.000 0.820
4642.000 0.819
4645.000 0.821
4648.000 0.819
4651.000 0.820
4654.000 0.818
4657.000 0.817
4660.000 0.817
4663.000 0.820
4666.000 0.820
4669.000 0.825
4672.000 0.828
4675.000 0.834
4678.000 0.903
4681.000 0.897
4684.000 0.897
4687.000 0.888
4690.000 0.884
4693.000 0.888
4696.000 0.903
4699.000 0.919
4702.000 0.930
4705.000 0.936
4708.000 0.999
4711.000 1.007
4714.000 1.017
4717.000 1.028
4720.000 1.041
4723.000 1.065
4726.000 1.082
4729.000 1.120
4732.000 1.157
4735.000 1.185
4738.000 1.232
4741.000 1.260
4744.000 1.320
4747.000 1.443
4750.000 1.484
4753.000 1.517
4756.000 1.527
4759.000 1.546
4762.000 1.541
4765.000 1.497
4768.000 1.364
4771.000 1.281
4774.000 1.112
4777.000 0.951
4780.000 0.867
4783.000 0.715
4786.000 0.652
4789.000 0.539
4792.000 0.451
4795.000 0.414
4798.000 0.356
4801.000 0.328
4804.000 0.283
4807.000 0.246
4810.000 0.231
4813.000 0.204
4816.000 0.197
4819.000 0.181
4822.000 0.165
4825.000 0.161
4828.000 0.153
4831.000 0.148
4834.000 0.140
4837.000 0.133
4840.000 0.130
4843.000 0.124
4846.000 0.121
4849.000 0.118
4852.000 0.114
4855.000 0.112
4858.000 0.109
4861.000 0.107
4864.000 0.104
4867.000 0.101
4870.000 0.098
4873.000 0.097
4876.000 0.093
4879.000 0.089
4882.000 0.084
4885.000 0.082
4888.000 0.076
4891.000 0.073
4894.000 0.074
4897.000 0.073
4900.000 0.072
4903.000 0.073
4906.000 0.081
4909.000 0.092
4912.000 0.113
4915.000 0.123
4918.000 0.149
4921.000 0.165
4924.000 0.201
4927.000 0.229
4930.000 0.292
4933.000 0.442
4936.000 0.528
4939.000 0.667
4942.000 0.760
4945.000 0.945
4948.000 1.190
4951.000 1.347
4954.000 1.685
4957.000 1.879
4960.000 2.235
4963.000 2.579
4966.000 2.767
4969.000 3.037
4972.000 3.150
4975.000 3.296
4978.000 3.271
4981.000 3.214
4984.000 3.056
4987.000 2.916
4990.000 2.668
4993.000 2.388
4996.000 2.273
4999.000 1.965
5002.000 1.847
5005.000 1.632
5008.000 1.446
5011.000 1.363
5014.000 1.220
5017.000 1.179
5020.000 1.082
5023.000 1.025
5026.000 1.021
5029.000 0.991
5032.000 0.990
5035.000 0.986
5038.000 0.973
5041.000 0.968
5044.000 0.962
5047.000 0.952
5050.000 0.960
5053.000 1.004
5056.000 1.005
5059.000 0.983
5062.000 0.983
5065.000 0.975
5068.000 0.967
5071.000 0.971
5074.000 0.978
5077.000 0.987
5080.000 0.995
5083.000 1.015
5086.000 1.021
5089.000 1.047
5092.000 1.059
5095.000 1.084
5098.000 1.117
5101.000 1.139
5104.000 1.159
5107.000 1.174
5110.000 1.190
5113.000 1.190
5116.000 1.180
5119.000 1.128
5122.000 1.088
5125.000 0.973
5128.000 0.825
5131.000 0.741
5134.000 0.587
5137.000 0.508
5140.000 0.378
5143.000 0.268
5146.000 0.219
5149.000 0.138
5152.000 0.101
5155.000 0.043
5158.000 0.005
5161.000 0.023
5164.000 0.053
5167.000 0.068
5170.000 0.099
5173.000 0.130
5176.000 0.148
5179.000 0.185
5182.000 0.204
5185.000 0.240
5188.000 0.275
5191.000 0.295
5194.000 0.324
5197.000 0.336
5200.000 0.345
5203.000 0.356
5206.000 0.352
5209.000 0.351
5212.000 0.353
5215.000 0.345
5218.000 0.334
5221.000 0.330
5224.000 0.322
5227.000 0.320
5230.000 0.314
5233.000 0.308
5236.000 0.311
5239.000 0.316
5242.000 0.315
5245.000 0.321
5248.000 0.321
5251.000 0.323
5254.000 0.326
5257.000 0.328
5260.000 0.331
5263.000 0.332
5266.000 0.337
5269.000 0.339
5272.000 0.339
5275.000 0.342
5278.000 0.342
5281.000 0.343
5284.000 0.343
5287.000 0.347
5290.000 0.343
5293.000 0.346
5296.000 0.347
5299.000 0.348
5302.000 0.349
5305.000 0.350
5308.000 0.351
5311.000 0.352
5314.000 0.350
5317.000 0.352
5320.000 0.351
5323.000 0.353
5326.000 0.357
5329.000 0.353
5332.000 0.356
5335.000 0.355
5338.000 0.358
5341.000 0.357
5344.000 0.358
5347.000 0.357
5350.000 0.362
5353.000 0.360
5356.000 0.357
5359.000 0.357
5362.000 0.362
5365.000 0.361
5368.000 0.359
5371.000 0.357
5374.000 0.357
5377.000 0.356
5380.000 0.358
5383.000 0.358
5386.000 0.359
5389.000 0.360
5392.000 0.361
5395.000 0.365
5398.000 0.362
5401.000 0.362
5404.000 0.360
5407.000 0.360
5410.000 0.362
5413.000 0.364
5416.000 0.361
5419.000 0.362
5422.000 0.360
5425.000 0.364
5428.000 0.365
5431.000 0.363
5434.000 0.364
5437.000 0.366
5440.000 0.366
5443.000 0.368
5446.000 0.366
5449.000 0.367
5452.000 0.367
5455.000 0.380
5458.000 0.375
5461.000 0.372
5464.000 0.369
5467.000 0.371
5470.000 0.369
5473.000 0.367
5476.000 0.367
5479.000 0.368
5482.000 0.369
5485.000 0.372
5488.000 0.373
5491.000 0.374
5494.000 0.373
5497.000 0.370
5500.000 0.373
5503.000 0.377
5506.000 0.372
5509.000 0.372
5512.000 0.376
5515.000 0.380
5518.000 0.387
5521.000 0.381
5524.000 0.380
5527.000 0.383
5530.000 0.378
5533.000 0.380
5536.000 0.375
5539.000 0.375
5542.000 0.374
5545.000 0.372
5548.000 0.372
5551.000 0.375
5554.000 0.372
5557.000 0.374
5560.000 0.372
5563.000 0.373
5566.000 0.370
5569.000 0.374
5572.000 0.373
5575.000 0.374
5578.000 0.376
5581.000 0.376
5584.000 0.376
5587.000 0.376
5590.000 0.373
5593.000 0.373
5596.000 0.375
5599.000 0.373
5602.000 0.376
5605.000 0.373
5608.000 0.371
5611.000 0.373
5614.000 0.372
5617.000 0.373
5620.000 0.375
5623.000 0.375
5626.000 0.372
5629.000 0.372
5632.000 0.374
5635.000 0.373
5638.000 0.375
5641.000 0.373
5644.000 0.377
5647.000 0.379
5650.000 0.378
5653.000 0.376
5656.000 0.375
5659.000 0.373
5662.000 0.374
5665.000 0.376
5668.000 0.375
5671.000 0.376
5674.000 0.376
5677.000 0.378
5680.000 0.375
5683.000 0.380
5686.000 0.381
5689.000 0.380
5692.000 0.376
5695.000 0.378
5698.000 0.380
5701.000 0.380
5704.000 0.381
5707.000 0.378
5710.000 0.380
5713.000 0.381
5716.000 0.382
5719.000 0.379
5722.000 0.380
5725.000 0.386
5728.000 0.386
5731.000 0.386
5734.000 0.389
5737.000 0.381
5740.000 0.387
5743.000 0.386
5746.000 0.384
5749.000 0.385
5752.000 0.388
5755.000 0.391
5758.000 0.392
5761.000 0.394
5764.000 0.398
5767.000 0.400
5770.000 0.398
5773.000 0.403
5776.000 0.407
5779.000 0.408
5782.000 0.414
5785.000 0.412
5788.000 0.412
5791.000 0.410
5794.000 0.408
5797.000 0.405
5800.000 0.401
5803.000 0.400
5806.000 0.395
5809.000 0.398
5812.000 0.393
5815.000 0.390
5818.000 0.387
5821.000 0.390
5824.000 0.390
5827.000 0.388
5830.000 0.388
5833.000 0.387
5836.000 0.386
5839.000 0.386
5842.000 0.387
5845.000 0.388
5848.000 0.392
5851.000 0.390
5854.000 0.388
5857.000 0.387
5860.000 0.389
5863.000 0.389
5866.000 0.388
5869.000 0.385
5872.000 0.385
5875.000 0.389
5878.000 0.393
5881.000 0.394
5884.000 0.394
5887.000 0.392
5890.000 0.392
5893.000 0.389
5896.000 0.387
5899.000 0.390
5902.000 0.390
5905.000 0.389
5908.000 0.386
5911.000 0.390
5914.000 0.391
5917.000 0.388
5920.000 0.390
5923.000 0.392
5926.000 0.391
5929.000 0.389
5932.000 0.391
5935.000 0.390
5938.000 0.394
5941.000 0.395
5944.000 0.391
5947.000 0.390
5950.000 0.386
5953.000 0.393
5956.000 0.392
5959.000 0.396
5962.000 0.390
5965.000 0.395
5968.000 0.386
5971.000 0.394
5974.000 0.395
5977.000 0.396
5980.000 0.393
5983.000 0.399
5986.000 0.385
5989.000 0.397
5992.000 0.403
5995.000 0.389
5998.000 0.393
6001.000 0.389
6004.000 0.394
6007.000 0.398
6010.000 0.396
6013.000 0.394
6016.000 0.400
6019.000 0.389
6022.000 0.392
6025.000 0.404
6028.000 0.400
6031.000 0.396
6034.000 0.395
6037.000 0.394
6040.000 0.391
6043.000 0.393
6046.000 0.404
6049.000 0.398
6052.000 0.403
6055.000 0.392
6058.000 0.392
6061.000 0.402
6064.000 0.398
6067.000 0.394
6070.000 0.393
6073.000 0.393
6076.000 0.395
6079.000 0.396
6082.000 0.394
6085.000 0.399
6088.000 0.398
6091.000 0.396
6094.000 0.395
6097.000 0.398
6100.000 0.397
6103.000 0.393
6106.000 0.394
6109.000 0.395
6112.000 0.396
6115.000 0.396
6118.000 0.394
6121.000 0.398
6124.000 0.397
6127.000 0.399
6130.000 0.397
6133.000 0.396
6136.000 0.394
6139.000 0.398
6142.000 0.398
6145.000 0.397
6148.000 0.397
6151.000 0.397
6154.000 0.397
6157.000 0.399
6160.000 0.398
6163.000 0.396
6166.000 0.402
6169.000 0.401
6172.000 0.399
6175.000 0.396
6178.000 0.396
6181.000 0.399
6184.000 0.399
6187.000 0.399
6190.000 0.400
6193.000 0.395
6196.000 0.399
6199.000 0.400
6202.000 0.397
6205.000 0.399
6208.000 0.397
6211.000 0.396
6214.000 0.396
6217.000 0.395
6220.000 0.398
6223.000 0.399
6226.000 0.399
6229.000 0.396
6232.000 0.403
6235.000 0.402
6238.000 0.396
6241.000 0.396
6244.000 0.398
6247.000 0.397
6250.000 0.400
6253.000 0.400
6256.000 0.400
6259.000 0.401
6262.000 0.399
6265.000 0.399
6268.000 0.403
6271.000 0.398
6274.000 0.404
6277.000 0.398
6280.000 0.400
6283.000 0.402
6286.000 0.401
6289.000 0.401
6292.000 0.401
6295.000 0.398
6298.000 0.408
6301.000 0.399
6304.000 0.401
6307.000 0.405
6310.000 0.419
6313.000 0.419
6316.000 0.415
6319.000 0.406
6322.000 0.404
6325.000 0.405
6328.000 0.399
6331.000 0.402
6334.000 0.402
6337.000 0.401
6340.000 0.407
6343.000 0.406
6346.000 0.406
6349.000 0.404
6352.000 0.406
6355.000 0.405
6358.000 0.405
6361.000 0.408
6364.000 0.402
6367.000 0.403
6370.000 0.405
6373.000 0.403
6376.000 0.403
6379.000 0.401
6382.000 0.406
6385.000 0.407
6388.000 0.403
6391.000 0.404
6394.000 0.403
6397.000 0.402
6400.000 0.405
6403.000 0.406
6406.000 0.409
6409.000 0.408
6412.000 0.406
6415.000 0.404
6418.000 0.404
6421.000 0.399
6424.000 0.404
6427.000 0.402
6430.000 0.402
6433.000 0.402
6436.000 0.401
6439.000 0.401
6442.000 0.405
6445.000 0.402
6448.000 0.407
6451.000 0.406
6454.000 0.406
6457.000 0.403
6460.000 0.403
6463.000 0.400
6466.000 0.402
6469.000 0.404
6472.000 0.401
6475.000 0.400
6478.000 0.398
6481.000 0.403
6484.000 0.399
6487.000 0.399
6490.000 0.401
6493.000 0.401
6496.000 0.401
6499.000 0.399
6502.000 0.397
6505.000 0.398
6508.000 0.391
6511.000 0.388
6514.000 0.394
6517.000 0.392
6520.000 0.388
6523.000 0.389
6526.000 0.389
6529.000 0.388
6532.000 0.385
6535.000 0.383
6538.000 0.384
6541.000 0.382
6544.000 0.378
6547.000 0.375
6550.000 0.371
6553.000 0.368
6556.000 0.369
6559.000 0.359
6562.000 0.359
6565.000 0.354
6568.000 0.349
6571.000 0.339
6574.000 0.334
6577.000 0.330
6580.000 0.320
6583.000 0.311
6586.000 0.304
6589.000 0.289
6592.000 0.280
6595.000 0.258
6598.000 0.234
6601.000 0.221
6604.000 0.192
6607.000 0.176
6610.000 0.136
6613.000 0.098
6616.000 0.074
6619.000 0.051
6622.000 0.062
6625.000 0.140
6628.000 0.309
6631.000 0.403
6634.000 0.576
6637.000 0.663
6640.000 0.816
6643.000 0.960
6646.000 1.019
6649.000 1.125
6652.000 1.171
6655.000 1.250
6658.000 1.301
6661.000 1.319
6664.000 1.357
6667.000 1.376
6670.000 1.406
6673.000 1.437
6676.000 1.446
6679.000 1.471
6682.000 1.487
6685.000 1.516
6688.000 1.552
6691.000 1.565
6694.000 1.611
6697.000 1.633
6700.000 1.681
6703.000 1.731
6706.000 1.759
6709.000 1.826
6712.000 1.873
6715.000 1.944
6718.000 2.030
6721.000 2.074
6724.000 2.164
6727.000 2.198
6730.000 2.269
6733.000 2.319
6736.000 2.344
6739.000 2.369
6742.000 2.357
6745.000 2.310
6748.000 2.209
6751.000 2.144
6754.000 1.978
6757.000 1.887
6760.000 1.696
6763.000 1.529
6766.000 1.448
6769.000 1.304
6772.000 1.243
6775.000 1.135
6778.000 1.050
6781.000 1.023
6784.000 0.968
6787.000 0.947
6790.000 0.912
6793.000 0.879
6796.000 0.859
6799.000 0.825
6802.000 0.812
6805.000 0.781
6808.000 0.759
6811.000 0.746
6814.000 0.725
6817.000 0.713
6820.000 0.703
6823.000 0.686
6826.000 0.683
6829.000 0.673
6832.000 0.667
6835.000 0.656
6838.000 0.648
6841.000 0.643
6844.000 0.639
6847.000 0.633
6850.000 0.633
6853.000 0.627
6856.000 0.628
6859.000 0.630
6862.000 0.631
6865.000 0.635
6868.000 0.643
6871.000 0.644
6874.000 0.654
6877.000 0.665
6880.000 0.675
6883.000 0.689
6886.000 0.700
6889.000 0.722
6892.000 0.731
6895.000 0.761
6898.000 0.774
6901.000 0.804
6904.000 0.832
6907.000 0.848
6910.000 0.873
6913.000 0.879
6916.000 0.900
6919.000 0.910
6922.000 0.912
6925.000 0.916
6928.000 0.918
6931.000 0.912
6934.000 0.901
6937.000 0.899
6940.000 0.892
6943.000 0.888
6946.000 0.875
6949.000 0.863
6952.000 0.862
6955.000 0.852
6958.000 0.856
6961.000 0.852
6964.000 0.837
6967.000 0.838
6970.000 0.829
6973.000 0.826
6976.000 0.823
6979.000 0.821
6982.000 0.829
6985.000 0.818
6988.000 0.829
6991.000 0.830
6994.000 0.835
6997.000 0.827
7000.000 0.833
7003.000 0.844
7006.000 0.847
7009.000 0.856
7012.000 0.856
7015.000 0.870
7018.000 0.881
7021.000 0.888
7024.000 0.902
7027.000 0.908
7030.000 0.929
7033.000 0.929
7036.000 0.953
7039.000 0.972
7042.000 0.981
7045.000 1.010
7048.000 1.026
7051.000 1.047
7054.000 1.073
7057.000 1.095
7060.000 1.126
7063.000 1.147
7066.000 1.194
7069.000 1.233
7072.000 1.254
7075.000 1.302
7078.000 1.326
7081.000 1.374
7084.000 1.425
7087.000 1.453
7090.000 1.500
7093.000 1.518
7096.000 1.550
7099.000 1.575
7102.000 1.587
7105.000 1.593
7108.000 1.603
7111.000 1.601
7114.000 1.592
7117.000 1.587
7120.000 1.543
7123.000 1.519
7126.000 1.482
7129.000 1.421
7132.000 1.412
7135.000 1.350
7138.000 1.312
7141.000 1.249
7144.000 1.188
7147.000 1.164
7150.000 1.110
7153.000 1.085
7156.000 1.043
7159.000 1.001
7162.000 0.981
7165.000 0.946
7168.000 0.928
7171.000 0.907
7174.000 0.886
7177.000 0.875
7180.000 0.849
7183.000 0.833
7186.000 0.800
7189.000 0.768
7192.000 0.750
7195.000 0.730
7198.000 0.721
7201.000 0.702
7204.000 0.683
7207.000 0.675
7210.000 0.664
7213.000 0.654
7216.000 0.642
7219.000 0.631
7222.000 0.623
7225.000 0.613
7228.000 0.607
7231.000 0.599
7234.000 0.591
7237.000 0.589
7240.000 0.580
7243.000 0.577
7246.000 0.568
7249.000 0.566
7252.000 0.568
7255.000 0.561
7258.000 0.559
7261.000 0.553
7264.000 0.552
7267.000 0.569
7270.000 0.565
7273.000 0.781
7276.000 0.849
7279.000 0.824
7282.000 0.732
7285.000 0.672
7288.000 0.645
7291.000 0.625
7294.000 0.613
7297.000 0.605
7300.000 0.600
7303.000 0.605
7306.000 0.610
7309.000 0.616
7312.000 0.630
7315.000 0.645
7318.000 0.658
7321.000 0.668
7324.000 0.677
7327.000 0.693
7330.000 0.701
7333.000 0.704
7336.000 0.716
7339.000 0.714
7342.000 0.717
7345.000 0.719
7348.000 0.727
7351.000 0.744
7354.000 0.745
7357.000 0.757
7360.000 0.741
7363.000 0.765
7366.000 0.745
7369.000 0.733
7372.000 0.720
7375.000 0.709
7378.000 0.711
7381.000 0.708
7384.000 0.709
7387.000 0.696
7390.000 0.712
7393.000 0.699
7396.000 0.704
7399.000 0.700
7402.000 0.701
7405.000 0.704
7408.000 0.703
7411.000 0.708
7414.000 0.710
7417.000 0.712
7420.000 0.720
7423.000 0.724
7426.000 0.730
7429.000 0.728
7432.000 0.737
7435.000 0.741
7438.000 0.744
7441.000 0.752
7444.000 0.756
7447.000 0.761
7450.000 0.765
7453.000 0.776
7456.000 0.792
7459.000 0.798
7462.000 0.810
7465.000 0.815
7468.000 0.832
7471.000 0.845
7474.000 0.856
7477.000 0.874
7480.000 0.883
7483.000 0.907
7486.000 0.931
7489.000 0.947
7492.000 0.969
7495.000 0.983
7498.000 1.010
7501.000 1.049
7504.000 1.067
7507.000 1.104
7510.000 1.121
7513.000 1.163
7516.000 1.206
7519.000 1.225
7522.000 1.274
7525.000 1.319
7528.000 1.335
7531.000 1.375
7534.000 1.392
7537.000 1.422
7540.000 1.446
7543.000 1.453
7546.000 1.466
7549.000 1.466
7552.000 1.452
7555.000 1.429
7558.000 1.411
7561.000 1.368
7564.000 1.336
7567.000 1.285
7570.000 1.225
7573.000 1.185
7576.000 1.137
7579.000 1.118
7582.000 1.097
7585.000 1.044
7588.000 1.011
7591.000 0.965
7594.000 0.945
7597.000 0.903
7600.000 0.865
7603.000 0.845
7606.000 0.806
7609.000 0.786
7612.000 0.762
7615.000 0.747
7618.000 0.719
7621.000 0.698
7624.000 0.696
7627.000 0.675
7630.000 0.662
7633.000 0.642
7636.000 0.630
7639.000 0.620
7642.000 0.604
7645.000 0.593
7648.000 0.583
7651.000 0.572
7654.000 0.562
7657.000 0.553
7660.000 0.551
7663.000 0.541
7666.000 0.531
7669.000 0.522
7672.000 0.513
7675.000 0.509
7678.000 0.501
7681.000 0.495
7684.000 0.495
7687.000 0.494
7690.000 0.485
7693.000 0.478
7696.000 0.475
7699.000 0.473
7702.000 0.475
7705.000 0.474
7708.000 0.479
7711.000 0.477
7714.000 0.481
7717.000 0.477
7720.000 0.480
7723.000 0.483
7726.000 0.496
7729.000 0.504
7732.000 0.518
7735.000 0.523
7738.000 0.536
7741.000 0.559
7744.000 0.578
7747.000 0.607
7750.000 0.620
7753.000 0.655
7756.000 0.681
7759.000 0.676
7762.000 0.688
7765.000 0.686
7768.000 0.681
7771.000 0.682
7774.000 0.682
7777.000 0.677
7780.000 0.671
7783.000 0.683
7786.000 0.680
7789.000 0.683
7792.000 0.675
7795.000 0.670
7798.000 0.664
7801.000 0.655
7804.000 0.653
7807.000 0.654
7810.000 0.650
7813.000 0.651
7816.000 0.645
7819.000 0.649
7822.000 0.652
7825.000 0.651
7828.000 0.651
7831.000 0.652
7834.000 0.663
7837.000 0.668
7840.000 0.669
7843.000 0.677
7846.000 0.677
7849.000 0.685
7852.000 0.694
7855.000 0.704
7858.000 0.714
7861.000 0.724
7864.000 0.734
7867.000 0.746
7870.000 0.751
7873.000 0.774
7876.000 0.783
7879.000 0.803
7882.000 0.821
7885.000 0.835
7888.000 0.866
7891.000 0.877
7894.000 0.910
7897.000 0.938
7900.000 0.957
7903.000 1.009
7906.000 1.028
7909.000 1.054
7912.000 1.083
7915.000 1.095
7918.000 1.114
7921.000 1.120
7924.000 1.116
7927.000 1.098
7930.000 1.083
7933.000 1.041
7936.000 1.016
7939.000 0.957
7942.000 0.901
7945.000 0.871
7948.000 0.813
7951.000 0.794
7954.000 0.734
7957.000 0.689
7960.000 0.662
7963.000 0.630
7966.000 0.606
7969.000 0.578
7972.000 0.548
7975.000 0.540
7978.000 0.517
7981.000 0.501
7984.000 0.475
7987.000 0.461
7990.000 0.453
7993.000 0.437
7996.000 0.414
7999.000 0.409
8002.000 0.376
8005.000 0.367
8008.000 0.345
8011.000 0.338
8014.000 0.329
8017.000 0.311
8020.000 0.317
8023.000 0.312
8026.000 0.297
8029.000 0.289
8032.000 0.277
8035.000 0.274
8038.000 0.240
8041.000 0.224
8044.000 0.187
8047.000 0.155
8050.000 0.132
8053.000 0.111
8056.000 0.110
8059.000 0.134
8062.000 0.183
8065.000 0.221
8068.000 0.299
8071.000 0.324
8074.000 0.368
8077.000 0.386
8080.000 0.397
8083.000 0.406
8086.000 0.413
8089.000 0.414
8092.000 0.410
8095.000 0.407
8098.000 0.404
8101.000 0.402
8104.000 0.396
8107.000 0.391
8110.000 0.390
8113.000 0.385
8116.000 0.384
8119.000 0.382
8122.000 0.385
8125.000 0.385
8128.000 0.387
8131.000 0.386
8134.000 0.389
8137.000 0.390
8140.000 0.390
8143.000 0.391
8146.000 0.389
8149.000 0.392
8152.000 0.393
8155.000 0.389
8158.000 0.390
8161.000 0.393
8164.000 0.392
8167.000 0.393
8170.000 0.393
8173.000 0.394
8176.000 0.391
8179.000 0.391
8182.000 0.389
8185.000 0.387
8188.000 0.388
8191.000 0.387
8194.000 0.390
8197.000 0.390
8200.000 0.402
8203.000 0.401
8206.000 0.399
8209.000 0.396
8212.000 0.398
8215.000 0.396
8218.000 0.395
8221.000 0.400
8224.000 0.400
8227.000 0.403
8230.000 0.414
8233.000 0.416
8236.000 0.413
8239.000 0.406
8242.000 0.406
8245.000 0.402
8248.000 0.400
8251.000 0.402
8254.000 0.403
8257.000 0.401
8260.000 0.400
8263.000 0.401
8266.000 0.397
8269.000 0.398
8272.000 0.400
8275.000 0.398
8278.000 0.398
8281.000 0.398
8284.000 0.395
8287.000 0.396
8290.000 0.395
8293.000 0.397
8296.000 0.398
8299.000 0.395
8302.000 0.396
8305.000 0.399
8308.000 0.399
8311.000 0.398
8314.000 0.397
8317.000 0.398
8320.000 0.398
8323.000 0.399
8326.000 0.399
8329.000 0.401
8332.000 0.403
8335.000 0.404
8338.000 0.405
8341.000 0.408
8344.000 0.411
8347.000 0.409
8350.000 0.409
8353.000 0.409
8356.000 0.413
8359.000 0.407
8362.000 0.404
8365.000 0.400
8368.000 0.404
8371.000 0.402
8374.000 0.401
8377.000 0.401
8380.000 0.404
8383.000 0.402
8386.000 0.402
8389.000 0.404
8392.000 0.402
8395.000 0.401
8398.000 0.400
8401.000 0.401
8404.000 0.404
8407.000 0.405
8410.000 0.402
8413.000 0.402
8416.000 0.402
8419.000 0.402
8422.000 0.403
8425.000 0.402
8428.000 0.406
8431.000 0.408
8434.000 0.409
8437.000 0.409
8440.000 0.406
8443.000 0.406
8446.000 0.408
8449.000 0.409
8452.000 0.412
8455.000 0.408
8458.000 0.406
8461.000 0.406
8464.000 0.407
8467.000 0.406
8470.000 0.402
8473.000 0.400
8476.000 0.402
8479.000 0.400
8482.000 0.401
8485.000 0.406
8488.000 0.401
8491.000 0.399
8494.000 0.399
8497.000 0.396
8500.000 0.399
8503.000 0.402
8506.000 0.401
8509.000 0.399
8512.000 0.402
8515.000 0.399
8518.000 0.400
8521.000 0.401
8524.000 0.400
8527.000 0.399
8530.000 0.403
8533.000 0.400
8536.000 0.406
8539.000 0.405
8542.000 0.410
8545.000 0.406
8548.000 0.406
8551.000 0.405
8554.000 0.406
8557.000 0.405
8560.000 0.405
8563.000 0.403
8566.000 0.402
8569.000 0.400
8572.000 0.403
8575.000 0.401
8578.000 0.399
8581.000 0.400
8584.000 0.398
8587.000 0.401
8590.000 0.399
8593.000 0.400
8596.000 0.400
8599.000 0.400
8602.000 0.398
8605.000 0.398
8608.000 0.397
8611.000 0.399
8614.000 0.400
8617.000 0.402
8620.000 0.398
8623.000 0.399
8626.000 0.400
8629.000 0.401
8632.000 0.402
8635.000 0.402
8638.000 0.404
8641.000 0.406
8644.000 0.403
8647.000 0.401
8650.000 0.402
8653.000 0.406
8656.000 0.407
8659.000 0.405
8662.000 0.403
8665.000 0.405
8668.000 0.406
8671.000 0.403
8674.000 0.406
8677.000 0.405
8680.000 0.404
8683.000 0.406
8686.000 0.405
8689.000 0.405
8692.000 0.407
8695.000 0.405
8698.000 0.406
8701.000 0.404
8704.000 0.409
8707.000 0.406
8710.000 0.403
8713.000 0.404
8716.000 0.404
8719.000 0.408
8722.000 0.405
8725.000 0.406
8728.000 0.405
8731.000 0.405
8734.000 0.408
8737.000 0.406
8740.000 0.410
8743.000 0.409
8746.000 0.406
8749.000 0.405
8752.000 0.405
8755.000 0.407
8758.000 0.410
8761.000 0.409
8764.000 0.409
8767.000 0.405
8770.000 0.406
8773.000 0.407
8776.000 0.405
8779.000 0.410
8782.000 0.407
8785.000 0.407
8788.000 0.408
8791.000 0.410
8794.000 0.409
8797.000 0.410
8800.000 0.408
8803.000 0.413
8806.000 0.413
8809.000 0.411
8812.000 0.415
8815.000 0.419
8818.000 0.412
8821.000 0.433
8824.000 0.441
8827.000 0.448
8830.000 0.408
8833.000 0.404
8836.000 0.431
8839.000 0.412
8842.000 0.420
8845.000 0.416
8848.000 0.421
8851.000 0.416
8854.000 0.417
8857.000 0.411
8860.000 0.413
8863.000 0.411
8866.000 0.415
8869.000 0.414
8872.000 0.411
8875.000 0.411
8878.000 0.411
8881.000 0.410
8884.000 0.410
8887.000 0.409
8890.000 0.408
8893.000 0.413
8896.000 0.410
8899.000 0.414
8902.000 0.413
8905.000 0.413
8908.000 0.411
8911.000 0.412
8914.000 0.413
8917.000 0.413
8920.000 0.414
8923.000 0.414
8926.000 0.414
8929.000 0.414
8932.000 0.412
8935.000 0.412
8938.000 0.412
8941.000 0.415
8944.000 0.414
8947.000 0.411
8950.000 0.411
8953.000 0.411
8956.000 0.410
8959.000 0.412
8962.000 0.413
8965.000 0.410
8968.000 0.411
8971.000 0.418
8974.000 0.420
8977.000 0.417
8980.000 0.412
8983.000 0.411
8986.000 0.418
8989.000 0.416
8992.000 0.412
8995.000 0.417
8998.000 0.408
9001.000 0.415
9004.000 0.418
9007.000 0.418
9010.000 0.414
9013.000 0.408
9016.000 0.412
9019.000 0.413
9022.000 0.414
9025.000 0.415
9028.000 0.412
9031.000 0.410
9034.000 0.414
9037.000 0.419
9040.000 0.417
9043.000 0.411
9046.000 0.407
9049.000 0.412
9052.000 0.405
9055.000 0.405
9058.000 0.410
9061.000 0.409
9064.000 0.408
9067.000 0.408
9070.000 0.409
9073.000 0.413
9076.000 0.406
9079.000 0.407
9082.000 0.410
9085.000 0.410
9088.000 0.411
9091.000 0.413
9094.000 0.411
9097.000 0.407
9100.000 0.406
9103.000 0.407
9106.000 0.406
9109.000 0.404
9112.000 0.407
9115.000 0.406
9118.000 0.404
9121.000 0.405
9124.000 0.405
9127.000 0.405
9130.000 0.405
9133.000 0.407
9136.000 0.405
9139.000 0.406
9142.000 0.404
9145.000 0.406
9148.000 0.405
9151.000 0.405
9154.000 0.405
9157.000 0.406
9160.000 0.405
9163.000 0.408
9166.000 0.404
9169.000 0.405
9172.000 0.404
9175.000 0.404
9178.000 0.404
9181.000 0.405
9184.000 0.402
9187.000 0.407
9190.000 0.407
9193.000 0.406
9196.000 0.408
9199.000 0.407
9202.000 0.407
9205.000 0.408
9208.000 0.409
9211.000 0.410
9214.000 0.409
9217.000 0.407
9220.000 0.410
9223.000 0.412
9226.000 0.410
9229.000 0.412
9232.000 0.411
9235.000 0.410
9238.000 0.409
9241.000 0.408
9244.000 0.406
9247.000 0.405
9250.000 0.407
9253.000 0.408
9256.000 0.408
9259.000 0.407
9262.000 0.404
9265.000 0.402
9268.000 0.403
9271.000 0.403
9274.000 0.405
9277.000 0.407
9280.000 0.409
9283.000 0.404
9286.000 0.407
9289.000 0.405
9292.000 0.407
9295.000 0.406
9298.000 0.404
9301.000 0.411
9304.000 0.409
9307.000 0.407
9310.000 0.406
9313.000 0.407
9316.000 0.410
9319.000 0.410
9322.000 0.410
9325.000 0.407
9328.000 0.411
9331.000 0.408
9334.000 0.410
9337.000 0.409
9340.000 0.407
9343.000 0.416
9346.000 0.414
9349.000 0.413
9352.000 0.408
9355.000 0.408
9358.000 0.409
9361.000 0.411
9364.000 0.412
9367.000 0.411
9370.000 0.412
9373.000 0.406
9376.000 0.415
9379.000 0.409
9382.000 0.411
9385.000 0.411
9388.000 0.410
9391.000 0.407
9394.000 0.409
9397.000 0.410
9400.000 0.418
9403.000 0.413
9406.000 0.414
9409.000 0.413
9412.000 0.410
9415.000 0.413
9418.000 0.411
9421.000 0.409
9424.000 0.408
9427.000 0.411
9430.000 0.409
9433.000 0.414
9436.000 0.410
9439.000 0.410
9442.000 0.408
9445.000 0.408
9448.000 0.408
9451.000 0.407
9454.000 0.407
9457.000 0.407
9460.000 0.408
9463.000 0.406
9466.000 0.412
9469.000 0.407
9472.000 0.414
9475.000 0.414
9478.000 0.412
9481.000 0.412
9484.000 0.408
9487.000 0.409
9490.000 0.408
9493.000 0.405
9496.000 0.409
9499.000 0.417
9502.000 0.415
9505.000 0.417
9508.000 0.411
9511.000 0.412
9514.000 0.411
9517.000 0.411
9520.000 0.410
9523.000 0.407
9526.000 0.411
9529.000 0.410
9532.000 0.411
9535.000 0.410
9538.000 0.418
9541.000 0.418
9544.000 0.414
9547.000 0.412
9550.000 0.412
9553.000 0.412
9556.000 0.411
9559.000 0.412
9562.000 0.411
9565.000 0.411
9568.000 0.416
9571.000 0.412
9574.000 0.413
9577.000 0.413
9580.000 0.410
9583.000 0.409
9586.000 0.411
9589.000 0.411
9592.000 0.409
9595.000 0.410
9598.000 0.413
9601.000 0.413
9604.000 0.414
9607.000 0.409
9610.000 0.414
9613.000 0.415
9616.000 0.414
9619.000 0.411
9622.000 0.414
9625.000 0.411
9628.000 0.410
9631.000 0.407
9634.000 0.406
9637.000 0.405
9640.000 0.406
9643.000 0.406
9646.000 0.405
9649.000 0.408
9652.000 0.408
9655.000 0.407
9658.000 0.409
9661.000 0.407
9664.000 0.407
9667.000 0.406
9670.000 0.407
9673.000 0.407
9676.000 0.404
9679.000 0.404
9682.000 0.403
9685.000 0.405
9688.000 0.404
9691.000 0.403
9694.000 0.407
9697.000 0.406
9700.000 0.408
9703.000 0.409
9706.000 0.409
9709.000 0.406
9712.000 0.405
9715.000 0.404
9718.000 0.403
9721.000 0.404
9724.000 0.405
9727.000 0.402
9730.000 0.404
9733.000 0.403
9736.000 0.403
9739.000 0.402
9742.000 0.403
9745.000 0.402
9748.000 0.403
9751.000 0.404
9754.000 0.400
9757.000 0.402
9760.000 0.401
9763.000 0.403
9766.000 0.404
9769.000 0.399
9772.000 0.398
9775.000 0.397
9778.000 0.396
9781.000 0.399
9784.000 0.395
9787.000 0.394
9790.000 0.394
9793.000 0.393
9796.000 0.394
9799.000 0.393
9802.000 0.393
9805.000 0.393
9808.000 0.390
9811.000 0.389
9814.000 0.390
9817.000 0.389
9820.000 0.382
9823.000 0.378
9826.000 0.375
9829.000 0.370
9832.000 0.367
9835.000 0.363
9838.000 0.356
9841.000 0.354
9844.000 0.350
9847.000 0.351
9850.000 0.346
9853.000 0.349
9856.000 0.354
9859.000 0.365
9862.000 0.377
9865.000 0.414
9868.000 0.461
9871.000 0.492
9874.000 0.555
9877.000 0.583
9880.000 0.626
9883.000 0.649
9886.000 0.654
9889.000 0.656
9892.000 0.660
9895.000 0.662
9898.000 0.666
9901.000 0.665
9904.000 0.674
9907.000 0.676
9910.000 0.677
9913.000 0.685
9916.000 0.689
9919.000 0.699
9922.000 0.708
9925.000 0.719
9928.000 0.736
9931.000 0.747
9934.000 0.764
9937.000 0.777
9940.000 0.798
9943.000 0.828
9946.000 0.840
9949.000 0.863
9952.000 0.869
9955.000 0.884
9958.000 0.887
9961.000 0.879
9964.000 0.853
9967.000 0.828
9970.000 0.760
9973.000 0.681
9976.000 0.634
9979.000 0.543
9982.000 0.495
9985.000 0.425
9988.000 0.354
9991.000 0.324
9994.000 0.271
9997.000 0.254
10000.000 0.212
10003.000 0.180
10006.000 0.167
10009.000 0.143
10012.000 0.132
10015.000 0.118
10018.000 0.097
10021.000 0.089
10024.000 0.077
10027.000 0.069
10030.000 0.055
10033.000 0.043
10036.000 0.033
10039.000 0.023
10042.000 0.019
10045.000 0.006
10048.000 0.021
10051.000 0.028
10054.000 0.051
10057.000 0.068
10060.000 0.094
10063.000 0.136
10066.000 0.159
10069.000 0.222
10072.000 0.254
10075.000 0.338
10078.000 0.450
10081.000 0.514
10084.000 0.674
10087.000 0.765
10090.000 0.963
10093.000 1.180
10096.000 1.296
10099.000 1.539
10102.000 1.654
10105.000 1.872
10108.000 1.956
10111.000 2.086
10114.000 2.145
10117.000 2.172
10120.000 2.145
10123.000 2.116
10126.000 2.012
10129.000 1.881
10132.000 1.804
10135.000 1.649
10138.000 1.572
10141.000 1.426
10144.000 1.286
10147.000 1.231
10150.000 1.139
10153.000 1.089
10156.000 1.010
10159.000 0.960
10162.000 0.940
10165.000 0.910
10168.000 0.899
10171.000 0.883
10174.000 0.881
10177.000 0.877
10180.000 0.874
10183.000 0.871
10186.000 0.866
10189.000 0.865
10192.000 0.871
10195.000 0.873
10198.000 0.878
10201.000 0.879
10204.000 0.885
10207.000 0.891
10210.000 0.900
10213.000 0.906
10216.000 0.922
10219.000 0.934
10222.000 0.945
10225.000 0.962
10228.000 0.975
10231.000 1.073
10234.000 1.072
10237.000 1.078
10240.000 1.091
10243.000 1.101
10246.000 1.131
10249.000 1.167
10252.000 1.188
10255.000 1.227
10258.000 1.250
10261.000 1.287
10264.000 1.319
10267.000 1.328
10270.000 1.663
10273.000 1.908
10276.000 1.844
10279.000 1.722
10282.000 1.668
10285.000 1.420
10288.000 1.291
10291.000 1.071
10294.000 0.890
10297.000 0.812
10300.000 0.683
10303.000 0.630
10306.000 0.544
10309.000 0.468
10312.000 0.439
10315.000 0.384
10318.000 0.358
10321.000 0.314
10324.000 0.276
10327.000 0.256
10330.000 0.225
10333.000 0.211
10336.000 0.182
10339.000 0.163
10342.000 0.152
10345.000 0.135
10348.000 0.128
10351.000 0.120
10354.000 0.127
10357.000 0.120
10360.000 0.099
10363.000 0.090
10366.000 0.073
10369.000 0.065
10372.000 0.058
10375.000 0.052
10378.000 0.053
10381.000 0.052
10384.000 0.053
10387.000 0.056
10390.000 0.064
10393.000 0.067
10396.000 0.075
10399.000 0.094
10402.000 0.100
10405.000 0.125
10408.000 0.139
10411.000 0.173
10414.000 0.214
10417.000 0.238
10420.000 0.290
10423.000 0.322
10426.000 0.400
10429.000 0.499
10432.000 0.562
10435.000 0.711
10438.000 0.798
10441.000 0.988
10444.000 1.190
10447.000 1.297
10450.000 1.512
10453.000 1.627
10456.000 1.845
10459.000 1.947
10462.000 2.113
10465.000 2.227
10468.000 2.263
10471.000 2.281
10474.000 2.262
10477.000 2.183
10480.000 2.051
10483.000 1.966
10486.000 1.793
10489.000 1.703
10492.000 1.529
10495.000 1.380
10498.000 1.316
10501.000 1.197
10504.000 1.148
10507.000 1.062
10510.000 1.001
10513.000 0.979
10516.000 0.944
10519.000 0.932
10522.000 0.911
10525.000 0.895
10528.000 0.889
10531.000 0.882
10534.000 1.189
10537.000 1.263
10540.000 1.208
10543.000 1.143
10546.000 1.046
10549.000 1.003
10552.000 0.942
10555.000 0.894
10558.000 0.879
10561.000 0.865
10564.000 0.863
10567.000 0.861
10570.000 0.868
10573.000 0.866
10576.000 0.878
10579.000 0.879
10582.000 0.886
10585.000 0.893
10588.000 0.902
10591.000 0.916
10594.000 0.923
10597.000 0.934
10600.000 0.951
10603.000 0.959
10606.000 0.980
10609.000 0.992
10612.000 1.017
10615.000 1.044
10618.000 1.058
10621.000 1.085
10624.000 1.102
10627.000 1.127
10630.000 1.152
10633.000 1.167
10636.000 1.186
10639.000 1.196
10642.000 1.201
10645.000 1.184
10648.000 1.170
10651.000 1.140
10654.000 1.575
10657.000 1.509
10660.000 1.399
10663.000 1.347
10666.000 1.125
10669.000 1.067
10672.000 0.883
10675.000 0.801
10678.000 0.733
10681.000 0.632
10684.000 0.583
10687.000 0.510
10690.000 0.448
10693.000 0.420
10696.000 0.373
10699.000 0.349
10702.000 0.308
10705.000 0.270
10708.000 0.253
10711.000 0.221
10714.000 0.207
10717.000 0.180
10720.000 0.154
10723.000 0.144
10726.000 0.120
10729.000 0.112
10732.000 0.092
10735.000 0.078
10738.000 0.069
10741.000 0.059
10744.000 0.054
10747.000 0.045
10750.000 0.039
10753.000 0.039
10756.000 0.039
10759.000 0.040
10762.000 0.046
10765.000 0.054
10768.000 0.060
10771.000 0.073
10774.000 0.080
10777.000 0.099
10780.000 0.120
10783.000 0.141
10786.000 0.177
10789.000 0.197
10792.000 0.252
10795.000 0.326
10798.000 0.369
10801.000 0.457
10804.000 0.501
10807.000 0.595
10810.000 0.694
10813.000 0.762
10816.000 0.893
10819.000 0.966
10822.000 1.121
10825.000 1.207
10828.000 1.386
10831.000 1.564
10834.000 1.648
10837.000 1.802
10840.000 1.865
10843.000 1.952
10846.000 1.990
10849.000 1.986
10852.000 1.949
10855.000 1.925
10858.000 1.845
10861.000 1.753
10864.000 1.703
10867.000 1.602
10870.000 1.555
10873.000 1.460
10876.000 1.366
10879.000 1.323
10882.000 1.236
10885.000 1.196
10888.000 1.117
10891.000 1.046
10894.000 1.015
10897.000 0.956
10900.000 0.933
10903.000 0.891
10906.000 0.863
10909.000 0.851
10912.000 0.844
10915.000 0.840
10918.000 0.838
10921.000 0.838
10924.000 0.839
10927.000 0.838
10930.000 0.837
10933.000 0.835
10936.000 0.835
10939.000 0.835
10942.000 0.839
10945.000 0.841
10948.000 0.853
10951.000 0.863
10954.000 0.866
10957.000 0.875
10960.000 0.884
10963.000 0.901
10966.000 0.914
10969.000 0.922
10972.000 0.943
10975.000 0.966
10978.000 0.972
10981.000 0.987
10984.000 0.989
10987.000 0.968
10990.000 0.958
10993.000 0.932
10996.000 0.897
10999.000 0.870
11002.000 0.809
11005.000 0.778
11008.000 0.706
11011.000 0.622
11014.000 0.584
11017.000 0.506
11020.000 0.473
11023.000 0.406
11026.000 0.346
11029.000 0.318
11032.000 0.268
11035.000 0.254
11038.000 0.213
11041.000 0.174
11044.000 0.157
11047.000 0.122
11050.000 0.109
11053.000 0.081
11056.000 0.060
11059.000 0.049
11062.000 0.036
11065.000 0.027
11068.000 0.027
11071.000 0.035
11074.000 0.043
11077.000 0.058
11080.000 0.064
11083.000 0.087
11086.000 0.115
11089.000 0.134
11092.000 0.181
11095.000 0.209
11098.000 0.284
11101.000 0.375
11104.000 0.425
11107.000 0.525
11110.000 0.568
11113.000 0.663
11116.000 0.762
11119.000 0.809
11122.000 0.891
11125.000 0.925
11128.000 0.988
11131.000 1.023
11134.000 1.033
11137.000 1.041
11140.000 1.037
11143.000 0.992
11146.000 0.981
11149.000 0.968
11152.000 0.942
11155.000 0.936
11158.000 0.909
11161.000 0.867
11164.000 0.854
11167.000 0.809
11170.000 0.783
11173.000 0.755
11176.000 0.740
11179.000 0.706
11182.000 0.677
11185.000 0.655
11188.000 0.620
11191.000 0.602
11194.000 0.574
11197.000 0.550
11200.000 0.532
11203.000 0.505
11206.000 0.495
11209.000 0.473
11212.000 0.458
11215.000 0.445
11218.000 0.426
11221.000 0.418
11224.000 0.404
11227.000 0.393
11230.000 0.388
11233.000 0.382
11236.000 0.382
11239.000 0.379
11242.000 0.377
11245.000 0.377
11248.000 0.395
11251.000 0.408
11254.000 0.542
11257.000 0.527
11260.000 0.524
11263.000 0.481
11266.000 0.462
11269.000 0.430
11272.000 0.409
11275.000 0.398
11278.000 0.388
11281.000 0.385
11284.000 0.379
11287.000 0.379
11290.000 0.382
11293.000 0.391
11296.000 0.389
11299.000 0.386
11302.000 0.387
11305.000 0.387
11308.000 0.387
11311.000 0.391
11314.000 0.390
11317.000 0.391
11320.000 0.388
11323.000 0.387
11326.000 0.389
11329.000 0.387
11332.000 0.386
11335.000 0.384
11338.000 0.390
11341.000 0.385
11344.000 0.388
11347.000 0.388
11350.000 0.387
11353.000 0.388
11356.000 0.389
11359.000 0.388
11362.000 0.389
11365.000 0.386
11368.000 0.385
11371.000 0.384
11374.000 0.383
11377.000 0.387
11380.000 0.387
11383.000 0.393
11386.000 0.390
11389.000 0.392
11392.000 0.389
11395.000 0.389
11398.000 0.389
11401.000 0.388
11404.000 0.392
11407.000 0.389
11410.000 0.387
11413.000 0.388
11416.000 0.387
11419.000 0.386
11422.000 0.385
11425.000 0.384
11428.000 0.381
11431.000 0.379
11434.000 0.383
11437.000 0.385
11440.000 0.381
11443.000 0.384
11446.000 0.383
11449.000 0.382
11452.000 0.382
11455.000 0.383
11458.000 0.379
11461.000 0.383
11464.000 0.382
11467.000 0.384
11470.000 0.384
11473.000 0.384
11476.000 0.384
11479.000 0.382
11482.000 0.384
11485.000 0.385
11488.000 0.385
11491.000 0.386
11494.000 0.386
11497.000 0.385
11500.000 0.522
11503.000 0.562
11506.000 0.556
11509.000 0.559
11512.000 0.540
11515.000 0.532
11518.000 0.524
11521.000 0.497
11524.000 0.516
11527.000 0.516
11530.000 0.516
11533.000 0.517
11536.000 0.499
11539.000 0.458
11542.000 0.445
11545.000 0.421
11548.000 0.399
11551.000 0.395
11554.000 0.385
11557.000 0.385
11560.000 0.382
11563.000 0.384
11566.000 0.380
11569.000 0.384
11572.000 0.384
11575.000 0.384
11578.000 0.383
11581.000 0.383
11584.000 0.384
11587.000 0.382
11590.000 0.381
11593.000 0.381
11596.000 0.382
11599.000 0.382
11602.000 0.381
11605.000 0.382
11608.000 0.383
11611.000 0.384
11614.000 0.381
11617.000 0.383
11620.000 0.386
11623.000 0.387
11626.000 0.384
11629.000 0.386
11632.000 0.388
11635.000 0.384
11638.000 0.385
11641.000 0.389
11644.000 0.388
11647.000 0.387
11650.000 0.388
11653.000 0.387
11656.000 0.388
11659.000 0.387
11662.000 0.386
11665.000 0.386
11668.000 0.386
11671.000 0.385
11674.000 0.385
11677.000 0.389
11680.000 0.389
11683.000 0.387
11686.000 0.389
11689.000 0.388
11692.000 0.385
11695.000 0.385
11698.000 0.384
11701.000 0.386
11704.000 0.382
11707.000 0.383
11710.000 0.384
11713.000 0.384
11716.000 0.384
11719.000 0.385
11722.000 0.385
11725.000 0.383
11728.000 0.387
11731.000 0.385
11734.000 0.387
11737.000 0.383
11740.000 0.385
11743.000 0.385
11746.000 0.381
11749.000 0.384
11752.000 0.380
11755.000 0.379
11758.000 0.381
11761.000 0.381
11764.000 0.381
11767.000 0.383
11770.000 0.384
11773.000 0.382
11776.000 0.389
11779.000 0.556
11782.000 0.541
11785.000 0.527
11788.000 0.522
11791.000 0.487
11794.000 0.452
11797.000 0.436
11800.000 0.410
11803.000 0.402
11806.000 0.390
11809.000 0.383
11812.000 0.380
11815.000 0.377
11818.000 0.379
11821.000 0.378
11824.000 0.378
11827.000 0.379
11830.000 0.375
11833.000 0.374
11836.000 0.378
11839.000 0.490
11842.000 0.519
11845.000 0.516
11848.000 0.524
11851.000 0.521
11854.000 0.514
11857.000 0.512
11860.000 0.178
11863.000 0.429
11866.000 0.441
11869.000 0.427
11872.000 0.419
11875.000 0.409
11878.000 0.431
11881.000 0.432
11884.000 0.409
11887.000 0.401
11890.000 0.385
11893.000 0.377
11896.000 0.368
11899.000 0.364
11902.000 0.362
11905.000 0.361
11908.000 0.358
11911.000 0.360
11914.000 0.359
11917.000 0.361
11920.000 0.360
11923.000 0.360
11926.000 0.361
11929.000 0.359
11932.000 0.365
11935.000 0.361
11938.000 0.365
11941.000 0.366
11944.000 0.365
11947.000 0.365
11950.000 0.364
11953.000 0.365
11956.000 0.363
11959.000 0.442
11962.000 0.452
11965.000 0.434
11968.000 0.451
11971.000 0.471
11974.000 0.471
11977.000 0.455
11980.000 0.421
11983.000 0.413
11986.000 0.393
11989.000 0.381
11992.000 0.376
11995.000 0.372
11998.000 0.368
12001.000 0.370
