#Der erste Zylinder wurde ersetzt
103.000 0.034
106.000 0.028
109.000 0.818
112.000 1.041
115.000 1.221
118.000 1.704
121.000 1.835
124.000 2.786
127.000 3.796
130.000 4.012
133.000 4.771
136.000 5.162
139.000 5.761
142.000 6.047
145.000 6.284
148.000 6.471
151.000 6.366
154.000 6.184
157.000 5.986
160.000 5.690
163.000 5.381
166.000 5.366
169.000 5.043
172.000 4.775
175.000 4.607
178.000 4.428
181.000 4.414
184.000 4.340
187.000 4.278
190.000 4.077
193.000 4.155
196.000 4.202
199.000 4.183
202.000 4.244
205.000 4.283
208.000 6.549
211.000 5.576
214.000 5.134
217.000 4.862
220.000 4.862
223.000 4.642
226.000 4.623
229.000 4.293
232.000 4.192
235.000 3.813
238.000 3.505
241.000 3.355
244.000 3.145
247.000 3.096
250.000 3.112
253.000 5.314
256.000 4.941
259.000 4.437
262.000 4.075
265.000 3.787
268.000 3.568
271.000 3.550
274.000 3.568
277.000 3.599
280.000 3.474
283.000 3.649
286.000 3.900
289.000 3.936
292.000 3.820
295.000 4.347
298.000 4.654
301.000 4.327
304.000 4.478
307.000 4.606
310.000 4.718
313.000 5.205
316.000 5.739
319.000 5.702
322.000 6.411
325.000 6.864
328.000 7.251
331.000 7.942
334.000 8.633
337.000 8.976
340.000 9.729
343.000 10.878
346.000 11.450
349.000 12.280
352.000 13.238
355.000 14.605
358.000 17.595
361.000 18.050
364.000 19.854
367.000 20.725
370.000 22.737
373.000 25.177
376.000 26.411
379.000 28.937
382.000 30.425
385.000 33.192
388.000 35.743
391.000 36.903
394.000 38.768
397.000 39.602
400.000 40.811
403.000 41.436
406.000 41.475
409.000 40.863
412.000 40.201
415.000 38.764
418.000 37.199
421.000 36.481
424.000 34.941
427.000 34.199
430.000 33.035
433.000 32.462
436.000 32.160
439.000 31.310
442.000 30.777
445.000 29.510
448.000 28.177
451.000 27.421
454.000 25.720
457.000 24.832
460.000 22.980
463.000 21.235
466.000 20.449
469.000 18.897
472.000 18.170
475.000 16.868
478.000 15.674
481.000 15.157
484.000 14.288
487.000 13.963
490.000 13.292
493.000 13.001
496.000 12.420
499.000 11.921
502.000 11.674
505.000 11.176
508.000 10.947
511.000 10.523
514.000 10.099
517.000 9.901
520.000 9.560
523.000 9.402
526.000 9.141
529.000 8.834
532.000 8.696
535.000 8.460
538.000 8.351
541.000 8.152
544.000 7.984
547.000 7.922
550.000 7.810
553.000 7.706
556.000 7.545
559.000 7.393
562.000 7.312
565.000 7.198
568.000 7.149
571.000 7.102
574.000 7.045
577.000 7.022
580.000 7.035
583.000 7.033
586.000 7.056
589.000 7.116
592.000 7.169
595.000 7.261
598.000 7.357
601.000 7.444
604.000 7.599
607.000 7.668
610.000 7.886
613.000 8.021
616.000 8.272
619.000 8.589
622.000 8.779
625.000 9.046
628.000 9.295
631.000 9.865
634.000 10.376
637.000 10.693
640.000 11.433
643.000 11.904
646.000 12.955
649.000 14.412
652.000 15.202
655.000 16.464
658.000 17.013
661.000 17.532
664.000 17.113
667.000 16.391
670.000 14.821
673.000 14.054
676.000 12.434
679.000 11.639
682.000 10.215
685.000 8.937
688.000 8.427
691.000 7.471
694.000 7.040
697.000 6.277
700.000 5.712
703.000 5.442
706.000 5.055
709.000 4.770
712.000 4.412
715.000 4.090
718.000 3.939
721.000 3.692
724.000 3.573
727.000 3.364
730.000 3.163
733.000 3.068
736.000 2.913
739.000 2.839
742.000 2.709
745.000 2.631
748.000 2.534
751.000 2.381
754.000 2.296
757.000 2.150
760.000 2.057
763.000 2.009
766.000 1.938
769.000 1.929
772.000 1.848
775.000 1.731
778.000 1.706
781.000 1.628
784.000 1.590
787.000 1.528
790.000 1.497
793.000 1.495
796.000 1.470
799.000 1.496
802.000 1.481
805.000 1.447
808.000 1.427
811.000 1.395
814.000 1.384
817.000 1.368
820.000 1.348
823.000 1.347
826.000 1.343
829.000 1.340
832.000 1.318
835.000 1.311
838.000 1.348
841.000 1.324
844.000 1.328
847.000 1.309
850.000 1.302
853.000 1.314
856.000 1.331
859.000 1.338
862.000 1.343
865.000 1.348
868.000 1.355
871.000 1.344
874.000 1.463
877.000 1.445
880.000 1.453
883.000 1.489
886.000 1.526
889.000 1.542
892.000 1.615
895.000 1.711
898.000 1.783
901.000 1.852
904.000 2.031
907.000 2.123
910.000 2.234
913.000 2.318
916.000 2.429
919.000 2.544
922.000 2.750
925.000 2.897
928.000 2.975
931.000 3.128
934.000 3.414
937.000 3.388
940.000 3.315
943.000 3.264
946.000 3.080
949.000 2.951
952.000 2.688
955.000 2.420
958.000 2.260
961.000 2.033
964.000 1.874
967.000 1.681
970.000 1.421
973.000 1.366
976.000 1.202
979.000 1.108
982.000 0.989
985.000 0.858
988.000 0.825
991.000 0.741
994.000 0.695
997.000 0.635
1000.000 0.584
1003.000 0.563
1006.000 0.520
1009.000 0.502
1012.000 0.461
1015.000 0.432
1018.000 0.421
1021.000 0.395
1024.000 0.377
1027.000 0.357
1030.000 0.348
1033.000 0.338
1036.000 0.321
1039.000 0.313
1042.000 0.306
1045.000 0.302
1048.000 0.288
1051.000 0.286
1054.000 0.283
1057.000 0.278
1060.000 0.278
1063.000 0.278
1066.000 0.279
1069.000 0.279
1072.000 0.281
1075.000 0.282
1078.000 0.290
1081.000 0.293
1084.000 0.294
1087.000 0.302
1090.000 0.306
1093.000 0.312
1096.000 0.325
1099.000 0.331
1102.000 0.340
1105.000 0.345
1108.000 0.357
1111.000 0.368
1114.000 0.374
1117.000 0.388
1120.000 0.397
1123.000 0.414
1126.000 0.441
1129.000 0.450
1132.000 0.477
1135.000 0.493
1138.000 0.526
1141.000 0.564
1144.000 0.583
1147.000 0.627
1150.000 0.651
1153.000 0.697
1156.000 0.755
1159.000 0.787
1162.000 0.853
1165.000 0.893
1168.000 0.978
1171.000 1.082
1174.000 1.147
1177.000 1.278
1180.000 1.370
1183.000 1.559
1186.000 1.815
1189.000 1.972
1192.000 2.368
1195.000 2.559
1198.000 2.977
1201.000 3.459
1204.000 3.703
1207.000 4.148
1210.000 4.338
1213.000 4.607
1216.000 4.629
1219.000 4.539
1222.000 4.214
1225.000 4.016
1228.000 3.612
1231.000 3.229
1234.000 3.056
1237.000 2.786
1240.000 2.692
1243.000 2.523
1246.000 2.388
1249.000 2.323
1252.000 2.209
1255.000 2.164
1258.000 2.059
1261.000 1.992
1264.000 1.956
1267.000 1.880
1270.000 1.851
1273.000 1.791
1276.000 1.742
1279.000 1.722
1282.000 1.693
1285.000 1.667
1288.000 1.676
1291.000 1.647
1294.000 1.619
1297.000 1.595
1300.000 1.599
1303.000 1.581
1306.000 1.562
1309.000 1.556
1312.000 1.533
1315.000 1.530
1318.000 1.515
1321.000 1.513
1324.000 1.516
1327.000 1.802
1330.000 1.763
1333.000 1.931
1336.000 1.976
1339.000 1.936
1342.000 1.898
1345.000 1.900
1348.000 1.817
1351.000 1.927
1354.000 2.136
1357.000 1.995
1360.000 1.941
1363.000 1.869
1366.000 1.844
1369.000 1.846
1372.000 1.853
1375.000 1.911
1378.000 2.052
1381.000 2.142
1384.000 2.324
1387.000 2.560
1390.000 2.491
1393.000 2.380
1396.000 2.347
1399.000 2.353
1402.000 2.368
1405.000 2.356
1408.000 2.455
1411.000 2.475
1414.000 2.574
1417.000 2.738
1420.000 2.922
1423.000 3.825
1426.000 4.196
1429.000 4.293
1432.000 4.136
1435.000 4.152
1438.000 4.180
1441.000 4.315
1444.000 4.484
1447.000 4.828
1450.000 4.999
1453.000 5.514
1456.000 5.736
1459.000 6.422
1462.000 7.281
1465.000 7.693
1468.000 8.473
1471.000 8.865
1474.000 9.878
1477.000 10.798
1480.000 10.837
1483.000 10.529
1486.000 10.187
1489.000 9.364
1492.000 8.459
1495.000 8.034
1498.000 7.202
1501.000 6.844
1504.000 6.443
1507.000 5.795
1510.000 5.551
1513.000 5.153
1516.000 4.948
1519.000 4.609
1522.000 4.314
1525.000 4.177
1528.000 3.917
1531.000 3.813
1534.000 3.599
1537.000 3.418
1540.000 3.335
1543.000 3.187
1546.000 3.172
1549.000 3.034
1552.000 2.903
1555.000 2.864
1558.000 3.160
1561.000 3.043
1564.000 2.842
1567.000 2.714
1570.000 2.771
1573.000 2.622
1576.000 2.549
1579.000 2.430
1582.000 2.402
1585.000 2.533
1588.000 2.446
1591.000 2.378
1594.000 2.271
1597.000 2.202
1600.000 2.167
1603.000 2.109
1606.000 2.292
1609.000 2.514
1612.000 2.344
1615.000 2.273
1618.000 2.168
1621.000 2.130
1624.000 2.101
1627.000 2.051
1630.000 2.023
1633.000 2.017
1636.000 2.030
1639.000 2.161
1642.000 2.075
1645.000 2.042
1648.000 2.024
1651.000 2.003
1654.000 1.988
1657.000 2.216
1660.000 2.399
1663.000 2.362
1666.000 2.340
1669.000 2.329
1672.000 2.351
1675.000 2.374
1678.000 2.444
1681.000 2.509
1684.000 2.862
1687.000 3.211
1690.000 3.295
1693.000 3.484
1696.000 3.608
1699.000 4.092
1702.000 4.661
1705.000 4.878
1708.000 5.393
1711.000 5.999
1714.000 6.928
1717.000 7.870
1720.000 8.466
1723.000 9.780
1726.000 10.587
1729.000 11.985
1732.000 13.571
1735.000 14.457
1738.000 16.369
1741.000 17.289
1744.000 18.976
1747.000 19.700
1750.000 20.868
1753.000 21.548
1756.000 21.612
1759.000 20.975
1762.000 20.225
1765.000 18.099
1768.000 16.091
1771.000 15.166
1774.000 13.194
1777.000 12.384
1780.000 10.939
1783.000 10.123
1786.000 9.618
1789.000 8.888
1792.000 8.632
1795.000 8.180
1798.000 7.787
1801.000 7.591
1804.000 7.289
1807.000 7.138
1810.000 7.009
1813.000 6.700
1816.000 6.601
1819.000 6.486
1822.000 6.444
1825.000 6.190
1828.000 6.019
1831.000 5.944
1834.000 5.813
1837.000 5.750
1840.000 5.660
1843.000 5.572
1846.000 5.534
1849.000 5.457
1852.000 5.424
1855.000 5.375
1858.000 5.332
1861.000 5.312
1864.000 5.280
1867.000 5.276
1870.000 5.271
1873.000 5.259
1876.000 5.262
1879.000 5.272
1882.000 5.277
1885.000 5.301
1888.000 5.338
1891.000 5.360
1894.000 5.415
1897.000 5.438
1900.000 5.510
1903.000 5.592
1906.000 5.628
1909.000 5.724
1912.000 5.769
1915.000 5.906
1918.000 6.031
1921.000 6.094
1924.000 6.243
1927.000 6.337
1930.000 6.532
1933.000 6.721
1936.000 6.810
1939.000 7.033
1942.000 7.155
1945.000 7.410
1948.000 7.687
1951.000 7.835
1954.000 8.157
1957.000 8.314
1960.000 8.679
1963.000 9.086
1966.000 9.290
1969.000 9.756
1972.000 10.014
1975.000 10.492
1978.000 11.002
1981.000 11.263
1984.000 11.778
1987.000 12.034
1990.000 12.506
1993.000 12.930
1996.000 13.115
1999.000 13.479
2002.000 13.618
2005.000 13.841
2008.000 13.936
2011.000 13.920
2014.000 13.852
2017.000 13.779
2020.000 13.556
2023.000 13.263
2026.000 13.070
2029.000 12.666
2032.000 12.440
2035.000 11.973
2038.000 11.457
2041.000 11.212
2044.000 10.701
2047.000 10.438
2050.000 9.926
2053.000 9.456
2056.000 9.233
2059.000 8.797
2062.000 8.588
2065.000 8.205
2068.000 7.836
2071.000 7.671
2074.000 7.351
2077.000 7.201
2080.000 6.932
2083.000 6.674
2086.000 6.573
2089.000 6.377
2092.000 6.264
2095.000 6.068
2098.000 5.976
2101.000 5.813
2104.000 5.668
2107.000 5.614
2110.000 5.477
2113.000 5.424
2116.000 5.313
2119.000 5.228
2122.000 5.198
2125.000 5.116
2128.000 5.083
2131.000 5.028
2134.000 4.990
2137.000 5.000
2140.000 4.970
2143.000 4.961
2146.000 4.945
2149.000 4.936
2152.000 4.938
2155.000 4.950
2158.000 4.969
2161.000 4.994
2164.000 5.038
2167.000 5.100
2170.000 5.145
2173.000 5.169
2176.000 5.246
2179.000 5.346
2182.000 5.400
2185.000 5.532
2188.000 5.602
2191.000 5.773
2194.000 5.988
2197.000 6.088
2200.000 6.377
2203.000 6.524
2206.000 6.872
2209.000 7.169
2212.000 7.317
2215.000 7.731
2218.000 7.931
2221.000 8.528
2224.000 9.027
2227.000 9.228
2230.000 9.895
2233.000 10.444
2236.000 11.023
2239.000 11.402
2242.000 11.603
2245.000 11.934
2248.000 12.035
2251.000 12.052
2254.000 11.841
2257.000 11.705
2260.000 11.189
2263.000 10.854
2266.000 10.128
2269.000 9.421
2272.000 9.004
2275.000 8.318
2278.000 8.011
2281.000 7.431
2284.000 6.924
2287.000 6.693
2290.000 6.266
2293.000 6.096
2296.000 5.748
2299.000 5.439
2302.000 5.284
2305.000 5.010
2308.000 4.886
2311.000 4.653
2314.000 4.449
2317.000 4.364
2320.000 4.198
2323.000 4.119
2326.000 3.978
2329.000 3.844
2332.000 3.789
2335.000 3.680
2338.000 3.626
2341.000 3.539
2344.000 3.467
2347.000 3.429
2350.000 3.377
2353.000 3.354
2356.000 3.312
2359.000 3.290
2362.000 3.278
2365.000 3.269
2368.000 3.275
2371.000 3.286
2374.000 3.306
2377.000 3.328
2380.000 3.372
2383.000 3.402
2386.000 3.485
2389.000 3.579
2392.000 3.643
2395.000 3.796
2398.000 3.915
2401.000 4.110
2404.000 4.314
2407.000 4.444
2410.000 4.741
2413.000 4.928
2416.000 5.331
2419.000 5.741
2422.000 5.922
2425.000 6.125
2428.000 6.103
2431.000 5.829
2434.000 5.250
2437.000 4.872
2440.000 4.106
2443.000 3.740
2446.000 3.131
2449.000 2.626
2452.000 2.375
2455.000 2.007
2458.000 1.851
2461.000 1.555
2464.000 1.418
2467.000 1.190
2470.000 1.011
2473.000 0.933
2476.000 0.799
2479.000 0.743
2482.000 0.646
2485.000 0.569
2488.000 0.533
2491.000 0.473
2494.000 0.483
2497.000 0.423
2500.000 0.373
2503.000 0.351
2506.000 0.315
2509.000 0.297
2512.000 0.273
2515.000 0.252
2518.000 0.243
2521.000 0.234
2524.000 0.227
2527.000 0.212
2530.000 0.200
2533.000 0.197
2536.000 0.187
2539.000 0.186
2542.000 0.183
2545.000 0.180
2548.000 0.178
2551.000 0.175
2554.000 0.176
2557.000 0.178
2560.000 0.177
2563.000 0.176
2566.000 0.176
2569.000 0.177
2572.000 0.178
2575.000 0.178
2578.000 0.180
2581.000 0.181
2584.000 0.181
2587.000 0.184
2590.000 0.184
2593.000 0.186
2596.000 0.186
2599.000 0.189
2602.000 0.188
2605.000 0.193
2608.000 0.190
2611.000 0.194
2614.000 0.194
2617.000 0.195
2620.000 0.197
2623.000 0.198
2626.000 0.198
2629.000 0.198
2632.000 0.200
2635.000 0.201
2638.000 0.202
2641.000 0.202
2644.000 0.203
2647.000 0.204
2650.000 0.205
2653.000 0.218
2656.000 0.231
2659.000 0.231
2662.000 0.229
2665.000 0.228
2668.000 0.224
2671.000 0.222
2674.000 0.218
2677.000 0.218
2680.000 0.219
2683.000 0.219
2686.000 0.219
2689.000 0.218
2692.000 0.216
2695.000 0.220
2698.000 0.233
2701.000 0.240
2704.000 0.236
2707.000 0.235
2710.000 0.232
2713.000 0.244
2716.000 0.246
2719.000 0.240
2722.000 0.236
2725.000 0.239
2728.000 0.243
2731.000 0.236
2734.000 0.236
2737.000 0.249
2740.000 0.248
2743.000 0.243
2746.000 0.241
2749.000 0.238
2752.000 0.239
2755.000 0.247
2758.000 0.251
2761.000 0.254
2764.000 0.255
2767.000 0.255
2770.000 0.254
2773.000 0.252
2776.000 0.252
2779.000 0.249
2782.000 0.246
2785.000 0.243
2788.000 0.243
2791.000 0.242
2794.000 0.244
2797.000 0.260
2800.000 0.261
2803.000 0.259
2806.000 0.255
2809.000 0.251
2812.000 0.249
2815.000 0.250
2818.000 0.247
2821.000 0.248
2824.000 0.247
2827.000 0.246
2830.000 0.244
2833.000 0.244
2836.000 0.243
2839.000 0.242
2842.000 0.242
2845.000 0.242
2848.000 0.242
2851.000 0.242
2854.000 0.243
2857.000 0.243
2860.000 0.245
2863.000 0.245
2866.000 0.242
2869.000 0.242
2872.000 0.252
2875.000 0.252
2878.000 0.249
2881.000 0.247
2884.000 0.247
2887.000 0.245
2890.000 0.246
2893.000 0.246
2896.000 0.245
2899.000 0.245
2902.000 0.245
2905.000 0.244
2908.000 0.243
2911.000 0.244
2914.000 0.245
2917.000 0.243
2920.000 0.244
2923.000 0.256
2926.000 0.573
2929.000 0.568
2932.000 0.517
2935.000 0.489
2938.000 0.450
2941.000 0.386
2944.000 0.367
2947.000 0.332
2950.000 0.322
2953.000 0.294
2956.000 0.284
2959.000 0.278
2962.000 0.275
2965.000 0.263
2968.000 0.268
2971.000 0.258
2974.000 0.253
2977.000 0.253
2980.000 0.254
2983.000 0.247
2986.000 0.243
2989.000 0.243
2992.000 0.242
2995.000 0.249
2998.000 0.238
3001.000 0.247
3004.000 0.245
3007.000 0.242
3010.000 0.244
3013.000 0.250
3016.000 0.252
3019.000 0.274
3022.000 0.273
3025.000 0.263
3028.000 0.266
3031.000 0.255
3034.000 0.258
3037.000 0.255
3040.000 0.517
3043.000 0.533
3046.000 0.489
3049.000 0.445
3052.000 0.377
3055.000 0.361
3058.000 0.318
3061.000 0.313
3064.000 0.283
3067.000 0.274
3070.000 0.272
3073.000 0.264
3076.000 0.259
3079.000 0.253
3082.000 0.246
3085.000 0.249
3088.000 0.254
3091.000 0.259
3094.000 0.262
3097.000 0.259
3100.000 0.254
3103.000 0.253
3106.000 0.250
3109.000 0.246
3112.000 0.241
3115.000 0.241
3118.000 0.242
3121.000 0.240
3124.000 0.240
3127.000 0.238
3130.000 0.237
3133.000 0.237
3136.000 0.238
3139.000 0.238
3142.000 0.237
3145.000 0.243
3148.000 0.244
3151.000 0.240
3154.000 0.247
3157.000 0.243
3160.000 0.247
3163.000 0.247
3166.000 0.247
3169.000 0.244
3172.000 0.247
3175.000 0.247
3178.000 0.249
3181.000 0.250
3184.000 0.249
3187.000 0.248
3190.000 0.255
3193.000 0.268
3196.000 0.267
3199.000 0.266
3202.000 0.262
3205.000 0.260
3208.000 0.262
3211.000 0.263
3214.000 0.262
3217.000 0.263
3220.000 0.266
3223.000 0.273
3226.000 0.279
3229.000 0.283
3232.000 0.281
3235.000 0.283
3238.000 0.282
3241.000 0.285
3244.000 0.285
3247.000 0.287
3250.000 0.292
3253.000 0.368
3256.000 0.379
3259.000 0.368
3262.000 0.363
3265.000 0.361
3268.000 0.352
3271.000 0.362
3274.000 0.357
3277.000 0.359
3280.000 0.361
3283.000 0.364
3286.000 0.380
3289.000 0.398
3292.000 0.418
3295.000 0.422
3298.000 0.441
3301.000 0.558
3304.000 0.588
3307.000 0.584
3310.000 0.591
3313.000 0.671
3316.000 0.694
3319.000 0.718
3322.000 0.743
3325.000 0.757
3328.000 0.809
3331.000 0.843
3334.000 0.938
3337.000 1.203
3340.000 1.307
3343.000 1.480
3346.000 1.564
3349.000 1.839
3352.000 2.037
3355.000 2.460
3358.000 2.955
3361.000 3.199
3364.000 3.621
3367.000 3.786
3370.000 3.994
3373.000 4.004
3376.000 3.795
3379.000 3.277
3382.000 3.022
3385.000 2.577
3388.000 2.227
3391.000 2.101
3394.000 1.898
3397.000 1.815
3400.000 1.690
3403.000 1.603
3406.000 1.577
3409.000 1.511
3412.000 1.484
3415.000 1.448
3418.000 1.417
3421.000 1.407
3424.000 1.391
3427.000 1.385
3430.000 1.371
3433.000 1.371
3436.000 1.369
3439.000 1.387
3442.000 1.430
3445.000 1.431
3448.000 1.454
3451.000 1.467
3454.000 1.495
3457.000 1.513
3460.000 1.561
3463.000 1.606
3466.000 1.636
3469.000 1.702
3472.000 1.742
3475.000 1.821
3478.000 1.940
3481.000 2.012
3484.000 2.162
3487.000 2.250
3490.000 2.506
3493.000 2.778
3496.000 2.941
3499.000 3.334
3502.000 3.548
3505.000 4.158
3508.000 4.735
3511.000 5.028
3514.000 5.485
3517.000 5.607
3520.000 5.380
3523.000 4.854
3526.000 4.560
3529.000 3.923
3532.000 3.697
3535.000 3.230
3538.000 2.876
3541.000 2.719
3544.000 2.453
3547.000 2.334
3550.000 2.135
3553.000 1.968
3556.000 1.895
3559.000 1.764
3562.000 1.704
3565.000 1.608
3568.000 1.534
3571.000 1.494
3574.000 1.431
3577.000 1.401
3580.000 1.346
3583.000 1.302
3586.000 1.286
3589.000 1.252
3592.000 1.234
3595.000 1.220
3598.000 1.256
3601.000 1.254
3604.000 1.215
3607.000 1.209
3610.000 1.196
3613.000 1.170
3616.000 1.171
3619.000 1.160
3622.000 1.156
3625.000 1.157
3628.000 1.160
3631.000 1.167
3634.000 1.172
3637.000 1.175
3640.000 1.188
3643.000 1.210
3646.000 1.223
3649.000 1.245
3652.000 1.261
3655.000 1.288
3658.000 1.327
3661.000 1.341
3664.000 1.391
3667.000 1.415
3670.000 1.472
3673.000 1.536
3676.000 1.569
3679.000 1.664
3682.000 1.707
3685.000 1.804
3688.000 1.909
3691.000 1.959
3694.000 2.073
3697.000 2.145
3700.000 2.325
3703.000 2.423
3706.000 2.666
3709.000 2.965
3712.000 3.144
3715.000 3.570
3718.000 3.816
3721.000 4.381
3724.000 5.010
3727.000 5.329
3730.000 5.879
3733.000 6.067
3736.000 6.185
3739.000 5.876
3742.000 5.591
3745.000 4.940
3748.000 4.618
3751.000 4.047
3754.000 3.625
3757.000 3.445
3760.000 3.143
3763.000 2.997
3766.000 2.737
3769.000 2.521
3772.000 2.438
3775.000 2.319
3778.000 2.236
3781.000 2.094
3784.000 1.970
3787.000 1.933
3790.000 1.826
3793.000 1.780
3796.000 1.694
3799.000 1.616
3802.000 1.586
3805.000 1.523
3808.000 1.496
3811.000 1.447
3814.000 1.401
3817.000 1.385
3820.000 1.369
3823.000 1.351
3826.000 1.318
3829.000 1.284
3832.000 1.271
3835.000 1.256
3838.000 1.242
3841.000 1.228
3844.000 1.210
3847.000 1.206
3850.000 1.190
3853.000 1.189
3856.000 1.183
3859.000 1.181
3862.000 1.177
3865.000 1.175
3868.000 1.176
3871.000 1.184
3874.000 1.188
3877.000 1.194
3880.000 1.202
3883.000 1.207
3886.000 1.221
3889.000 1.233
3892.000 1.238
3895.000 1.260
3898.000 1.271
3901.000 1.294
3904.000 1.324
3907.000 1.339
3910.000 1.388
3913.000 1.433
3916.000 1.467
3919.000 1.578
3922.000 1.625
3925.000 1.694
3928.000 1.706
3931.000 1.747
3934.000 1.814
3937.000 1.858
3940.000 1.963
3943.000 2.016
3946.000 2.146
3949.000 2.292
3952.000 2.375
3955.000 2.579
3958.000 2.692
3961.000 2.945
3964.000 3.202
3967.000 3.322
3970.000 3.517
3973.000 3.587
3976.000 3.654
3979.000 3.594
3982.000 3.542
3985.000 3.389
3988.000 3.270
3991.000 2.998
3994.000 2.723
3997.000 2.601
4000.000 2.389
4003.000 2.273
4006.000 2.052
4009.000 1.881
4012.000 1.831
4015.000 1.677
4018.000 1.609
4021.000 1.493
4024.000 1.392
4027.000 1.374
4030.000 1.301
4033.000 1.271
4036.000 1.209
4039.000 1.149
4042.000 1.120
4045.000 1.058
4048.000 1.040
4051.000 1.003
4054.000 0.972
4057.000 0.959
4060.000 0.925
4063.000 0.916
4066.000 0.889
4069.000 0.877
4072.000 0.859
4075.000 0.847
4078.000 0.842
4081.000 0.825
4084.000 0.825
4087.000 0.815
4090.000 0.810
4093.000 0.807
4096.000 0.806
4099.000 0.805
4102.000 0.815
4105.000 0.813
4108.000 0.813
4111.000 0.822
4114.000 0.820
4117.000 0.825
4120.000 0.833
4123.000 0.841
4126.000 0.844
4129.000 0.851
4132.000 0.862
4135.000 0.881
4138.000 0.889
4141.000 0.908
4144.000 0.921
4147.000 0.943
4150.000 0.969
4153.000 0.988
4156.000 1.020
4159.000 1.037
4162.000 1.079
4165.000 1.123
4168.000 1.152
4171.000 1.211
4174.000 1.243
4177.000 1.312
4180.000 1.392
4183.000 1.440
4186.000 1.538
4189.000 1.593
4192.000 1.728
4195.000 1.888
4198.000 1.989
4201.000 2.214
4204.000 2.352
4207.000 2.670
4210.000 3.065
4213.000 3.296
4216.000 3.785
4219.000 4.043
4222.000 4.523
4225.000 4.829
4228.000 4.861
4231.000 4.634
4234.000 4.378
4237.000 3.857
4240.000 3.337
4243.000 3.120
4246.000 2.778
4249.000 2.638
4252.000 2.388
4255.000 2.172
4258.000 2.080
4261.000 1.911
4264.000 1.835
4267.000 1.708
4270.000 1.588
4273.000 1.534
4276.000 1.447
4279.000 1.405
4282.000 1.332
4285.000 1.260
4288.000 1.231
4291.000 1.175
4294.000 1.148
4297.000 1.107
4300.000 1.065
4303.000 1.048
4306.000 1.016
4309.000 1.000
4312.000 0.973
4315.000 0.949
4318.000 0.942
4321.000 0.924
4324.000 0.917
4327.000 0.903
4330.000 0.894
4333.000 0.888
4336.000 0.876
4339.000 0.872
4342.000 0.868
4345.000 0.867
4348.000 0.865
4351.000 0.861
4354.000 0.858
4357.000 0.855
4360.000 0.854
4363.000 0.854
4366.000 0.855
4369.000 0.857
4372.000 0.861
4375.000 0.863
4378.000 0.866
4381.000 0.876
4384.000 0.876
4387.000 0.882
4390.000 0.893
4393.000 0.902
4396.000 0.924
4399.000 0.928
4402.000 0.947
4405.000 0.971
4408.000 0.987
4411.000 1.014
4414.000 1.028
4417.000 1.058
4420.000 1.086
4423.000 1.117
4426.000 1.149
4429.000 1.168
4432.000 1.225
4435.000 1.251
4438.000 1.311
4441.000 1.375
4444.000 1.424
4447.000 1.578
4450.000 1.635
4453.000 1.729
4456.000 1.836
4459.000 1.908
4462.000 2.147
4465.000 2.273
4468.000 2.430
4471.000 2.549
4474.000 2.589
4477.000 2.607
4480.000 2.575
4483.000 2.505
4486.000 2.357
4489.000 2.262
4492.000 2.046
4495.000 1.932
4498.000 1.717
4501.000 1.524
4504.000 1.436
4507.000 1.286
4510.000 1.218
4513.000 1.101
4516.000 1.006
4519.000 0.964
4522.000 0.883
4525.000 0.850
4528.000 0.791
4531.000 0.748
4534.000 0.728
4537.000 0.682
4540.000 0.662
4543.000 0.632
4546.000 0.604
4549.000 0.590
4552.000 0.570
4555.000 0.559
4558.000 0.542
4561.000 0.527
4564.000 0.524
4567.000 0.522
4570.000 0.514
4573.000 0.511
4576.000 0.581
4579.000 0.599
4582.000 0.579
4585.000 0.565
4588.000 0.546
4591.000 0.534
4594.000 0.521
4597.000 0.513
4600.000 0.506
4603.000 0.513
4606.000 0.508
4609.000 0.513
4612.000 0.517
4615.000 0.521
4618.000 0.527
4621.000 0.532
4624.000 0.561
4627.000 0.586
4630.000 0.616
4633.000 0.634
4636.000 0.640
4639.000 0.652
4642.000 0.706
4645.000 0.733
4648.000 0.760
4651.000 0.770
4654.000 0.805
4657.000 0.849
4660.000 0.876
4663.000 0.937
4666.000 0.965
4669.000 1.027
4672.000 1.110
4675.000 1.160
4678.000 1.280
4681.000 1.350
4684.000 1.512
4687.000 1.711
4690.000 1.835
4693.000 2.120
4696.000 2.287
4699.000 2.674
4702.000 3.136
4705.000 3.394
4708.000 3.927
4711.000 4.199
4714.000 4.646
4717.000 4.812
4720.000 4.750
4723.000 4.367
4726.000 4.095
4729.000 3.544
4732.000 3.022
4735.000 2.797
4738.000 2.411
4741.000 2.263
4744.000 2.039
4747.000 1.921
4750.000 1.830
4753.000 1.680
4756.000 1.616
4759.000 1.503
4762.000 1.403
4765.000 1.355
4768.000 1.275
4771.000 1.237
4774.000 1.179
4777.000 1.138
4780.000 1.106
4783.000 1.051
4786.000 1.025
4789.000 0.979
4792.000 0.947
4795.000 0.925
4798.000 0.900
4801.000 0.887
4804.000 0.867
4807.000 0.851
4810.000 0.838
4813.000 0.824
4816.000 0.820
4819.000 0.804
4822.000 0.801
4825.000 0.804
4828.000 0.798
4831.000 0.794
4834.000 0.798
4837.000 0.795
4840.000 0.795
4843.000 0.802
4846.000 0.805
4849.000 0.810
4852.000 0.821
4855.000 0.827
4858.000 0.851
4861.000 0.872
4864.000 0.886
4867.000 0.903
4870.000 0.920
4873.000 0.945
4876.000 0.963
4879.000 0.997
4882.000 1.045
4885.000 1.066
4888.000 1.123
4891.000 1.157
4894.000 1.225
4897.000 1.306
4900.000 1.363
4903.000 1.472
4906.000 1.555
4909.000 1.732
4912.000 1.903
4915.000 2.007
4918.000 2.277
4921.000 3.263
4924.000 3.882
4927.000 3.937
4930.000 3.947
4933.000 4.058
4936.000 4.019
4939.000 3.893
4942.000 3.522
4945.000 3.315
4948.000 3.060
4951.000 3.137
4954.000 2.491
4957.000 2.258
4960.000 1.919
4963.000 1.951
4966.000 1.758
4969.000 1.600
4972.000 1.537
4975.000 1.329
4978.000 1.119
4981.000 1.036
4984.000 0.887
4987.000 0.843
4990.000 0.752
4993.000 0.688
4996.000 0.653
4999.000 0.622
5002.000 0.598
5005.000 0.564
5008.000 0.542
5011.000 0.538
5014.000 0.748
5017.000 0.785
5020.000 0.929
5023.000 0.855
5026.000 0.813
5029.000 0.781
5032.000 0.752
5035.000 0.709
5038.000 0.690
5041.000 0.680
5044.000 0.673
5047.000 0.685
5050.000 0.728
5053.000 0.785
5056.000 0.814
5059.000 0.893
5062.000 0.919
5065.000 0.994
5068.000 1.072
5071.000 1.117
5074.000 1.229
5077.000 1.295
5080.000 1.444
5083.000 1.631
5086.000 1.735
5089.000 1.976
5092.000 2.112
5095.000 2.411
5098.000 2.727
5101.000 2.879
5104.000 3.148
5107.000 3.261
5110.000 3.313
5113.000 3.152
5116.000 3.025
5119.000 2.721
5122.000 2.579
5125.000 2.257
5128.000 1.992
5131.000 1.888
5134.000 1.721
5137.000 1.649
5140.000 1.516
5143.000 1.404
5146.000 1.353
5149.000 1.260
5152.000 1.217
5155.000 1.141
5158.000 1.075
5161.000 1.044
5164.000 0.988
5167.000 0.966
5170.000 0.916
5173.000 0.876
5176.000 0.854
5179.000 0.819
5182.000 0.803
5185.000 0.769
5188.000 0.741
5191.000 0.731
5194.000 0.707
5197.000 0.699
5200.000 0.677
5203.000 0.654
5206.000 0.643
5209.000 0.626
5212.000 0.613
5215.000 0.589
5218.000 0.569
5221.000 0.558
5224.000 0.543
5227.000 0.524
5230.000 0.516
5233.000 0.502
5236.000 0.495
5239.000 0.481
5242.000 0.470
5245.000 0.466
5248.000 0.457
5251.000 0.454
5254.000 0.443
5257.000 0.434
5260.000 0.433
5263.000 0.424
5266.000 0.421
5269.000 0.415
5272.000 0.408
5275.000 0.406
5278.000 0.401
5281.000 0.397
5284.000 0.391
5287.000 0.387
5290.000 0.384
5293.000 0.379
5296.000 0.376
5299.000 0.369
5302.000 0.362
5305.000 0.360
5308.000 0.347
5311.000 0.343
5314.000 0.331
5317.000 0.313
5320.000 0.302
5323.000 0.277
5326.000 0.262
5329.000 0.230
5332.000 0.191
5335.000 0.171
5338.000 0.128
5341.000 0.107
5344.000 0.067
5347.000 0.048
5350.000 0.052
5353.000 0.074
5356.000 0.088
5359.000 0.113
5362.000 0.135
5365.000 0.144
5368.000 0.163
5371.000 0.171
5374.000 0.184
5377.000 0.198
5380.000 0.202
5383.000 0.212
5386.000 0.218
5389.000 0.227
5392.000 0.232
5395.000 0.237
5398.000 0.242
5401.000 0.244
5404.000 0.249
5407.000 0.255
5410.000 0.255
5413.000 0.257
5416.000 0.262
5419.000 0.265
5422.000 0.269
5425.000 0.269
5428.000 0.273
5431.000 0.272
5434.000 0.276
5437.000 0.279
5440.000 0.280
5443.000 0.282
5446.000 0.284
5449.000 0.283
5452.000 0.288
5455.000 0.289
5458.000 0.291
5461.000 0.291
5464.000 0.294
5467.000 0.295
5470.000 0.295
5473.000 0.298
5476.000 0.298
5479.000 0.301
5482.000 0.302
5485.000 0.306
5488.000 0.308
5491.000 0.307
5494.000 0.310
5497.000 0.308
5500.000 0.310
5503.000 0.315
5506.000 0.314
5509.000 0.315
5512.000 0.317
5515.000 0.322
5518.000 0.325
5521.000 0.323
5524.000 0.328
5527.000 0.330
5530.000 0.329
5533.000 0.326
5536.000 0.326
5539.000 0.328
5542.000 0.326
5545.000 0.329
5548.000 0.329
5551.000 0.326
5554.000 0.330
5557.000 0.329
5560.000 0.330
5563.000 0.332
5566.000 0.330
5569.000 0.330
5572.000 0.331
5575.000 0.331
5578.000 0.333
5581.000 0.333
5584.000 0.330
5587.000 0.331
5590.000 0.331
5593.000 0.331
5596.000 0.333
5599.000 0.333
5602.000 0.334
5605.000 0.331
5608.000 0.330
5611.000 0.333
5614.000 0.331
5617.000 0.333
5620.000 0.331
5623.000 0.333
5626.000 0.332
5629.000 0.335
5632.000 0.334
5635.000 0.335
5638.000 0.336
5641.000 0.336
5644.000 0.334
5647.000 0.332
5650.000 0.337
5653.000 0.338
5656.000 0.336
5659.000 0.336
5662.000 0.337
5665.000 0.337
5668.000 0.335
5671.000 0.337
5674.000 0.334
5677.000 0.336
5680.000 0.336
5683.000 0.338
5686.000 0.337
5689.000 0.338
5692.000 0.336
5695.000 0.339
5698.000 0.341
5701.000 0.338
5704.000 0.337
5707.000 0.338
5710.000 0.340
5713.000 0.340
5716.000 0.338
5719.000 0.340
5722.000 0.340
5725.000 0.340
5728.000 0.341
5731.000 0.341
5734.000 0.340
5737.000 0.339
5740.000 0.342
5743.000 0.337
5746.000 0.341
5749.000 0.342
5752.000 0.339
5755.000 0.339
5758.000 0.341
5761.000 0.344
5764.000 0.341
5767.000 0.339
5770.000 0.341
5773.000 0.342
5776.000 0.344
5779.000 0.343
5782.000 0.342
5785.000 0.340
5788.000 0.344
5791.000 0.342
5794.000 0.343
5797.000 0.342
5800.000 0.344
5803.000 0.343
5806.000 0.345
5809.000 0.342
5812.000 0.341
5815.000 0.342
5818.000 0.343
5821.000 0.342
5824.000 0.344
5827.000 0.343
5830.000 0.343
5833.000 0.347
5836.000 0.346
5839.000 0.346
5842.000 0.345
5845.000 0.345
5848.000 0.347
5851.000 0.346
5854.000 0.344
5857.000 0.344
5860.000 0.345
5863.000 0.346
5866.000 0.346
5869.000 0.348
5872.000 0.349
5875.000 0.347
5878.000 0.350
5881.000 0.348
5884.000 0.350
5887.000 0.349
5890.000 0.348
5893.000 0.349
5896.000 0.351
5899.000 0.349
5902.000 0.349
5905.000 0.350
5908.000 0.351
5911.000 0.349
5914.000 0.349
5917.000 0.347
5920.000 0.351
5923.000 0.350
5926.000 0.346
5929.000 0.348
5932.000 0.354
5935.000 0.349
5938.000 0.351
5941.000 0.353
5944.000 0.351
5947.000 0.351
5950.000 0.351
5953.000 0.357
5956.000 0.354
5959.000 0.353
5962.000 0.347
5965.000 0.355
5968.000 0.350
5971.000 0.352
5974.000 0.355
5977.000 0.353
5980.000 0.352
5983.000 0.360
5986.000 0.351
5989.000 0.354
5992.000 0.363
5995.000 0.361
5998.000 0.359
6001.000 0.349
6004.000 0.356
6007.000 0.359
6010.000 0.356
6013.000 0.352
6016.000 0.365
6019.000 0.364
6022.000 0.353
6025.000 0.354
6028.000 0.363
6031.000 0.351
6034.000 0.358
6037.000 0.358
6040.000 0.357
6043.000 0.352
6046.000 0.359
6049.000 0.353
6052.000 0.360
6055.000 0.362
6058.000 0.356
6061.000 0.359
6064.000 0.357
6067.000 0.357
6070.000 0.358
6073.000 0.357
6076.000 0.355
6079.000 0.358
6082.000 0.355
6085.000 0.357
6088.000 0.357
6091.000 0.358
6094.000 0.357
6097.000 0.357
6100.000 0.358
6103.000 0.360
6106.000 0.355
6109.000 0.356
6112.000 0.360
6115.000 0.357
6118.000 0.356
6121.000 0.359
6124.000 0.355
6127.000 0.359
6130.000 0.356
6133.000 0.359
6136.000 0.359
6139.000 0.358
6142.000 0.358
6145.000 0.359
6148.000 0.361
6151.000 0.361
6154.000 0.364
6157.000 0.359
6160.000 0.360
6163.000 0.365
6166.000 0.356
6169.000 0.357
6172.000 0.362
6175.000 0.361
6178.000 0.361
6181.000 0.360
6184.000 0.362
6187.000 0.360
6190.000 0.362
6193.000 0.365
6196.000 0.363
6199.000 0.365
6202.000 0.368
6205.000 0.363
6208.000 0.361
6211.000 0.369
6214.000 0.365
6217.000 0.363
6220.000 0.364
6223.000 0.364
6226.000 0.364
6229.000 0.366
6232.000 0.364
6235.000 0.366
6238.000 0.365
6241.000 0.362
6244.000 0.364
6247.000 0.370
6250.000 0.364
6253.000 0.362
6256.000 0.368
6259.000 0.369
6262.000 0.368
6265.000 0.369
6268.000 0.368
6271.000 0.369
6274.000 0.369
6277.000 0.369
6280.000 0.367
6283.000 0.369
6286.000 0.380
6289.000 0.377
6292.000 0.369
6295.000 0.370
6298.000 0.371
6301.000 0.397
6304.000 0.393
6307.000 0.379
6310.000 0.394
6313.000 0.385
6316.000 0.377
6319.000 0.375
6322.000 0.371
6325.000 0.370
6328.000 0.370
6331.000 0.370
6334.000 0.374
6337.000 0.371
6340.000 0.367
6343.000 0.366
6346.000 0.370
6349.000 0.369
6352.000 0.373
6355.000 0.375
6358.000 0.373
6361.000 0.372
6364.000 0.372
6367.000 0.373
6370.000 0.371
6373.000 0.370
6376.000 0.373
6379.000 0.370
6382.000 0.372
6385.000 0.375
6388.000 0.373
6391.000 0.373
6394.000 0.376
6397.000 0.371
6400.000 0.371
6403.000 0.373
6406.000 0.374
6409.000 0.374
6412.000 0.373
6415.000 0.373
6418.000 0.374
6421.000 0.372
6424.000 0.372
6427.000 0.370
6430.000 0.375
6433.000 0.374
6436.000 0.376
6439.000 0.376
6442.000 0.373
6445.000 0.376
6448.000 0.375
6451.000 0.377
6454.000 0.375
6457.000 0.376
6460.000 0.377
6463.000 0.374
6466.000 0.377
6469.000 0.375
6472.000 0.377
6475.000 0.375
6478.000 0.377
6481.000 0.380
6484.000 0.378
6487.000 0.379
6490.000 0.380
6493.000 0.384
6496.000 0.382
6499.000 0.383
6502.000 0.380
6505.000 0.383
6508.000 0.385
6511.000 0.385
6514.000 0.384
6517.000 0.388
6520.000 0.390
6523.000 0.387
6526.000 0.389
6529.000 0.391
6532.000 0.392
6535.000 0.393
6538.000 0.394
6541.000 0.395
6544.000 0.395
6547.000 0.396
6550.000 0.404
6553.000 0.404
6556.000 0.409
6559.000 0.413
6562.000 0.415
6565.000 0.416
6568.000 0.421
6571.000 0.423
6574.000 0.425
6577.000 0.435
6580.000 0.427
6583.000 0.439
6586.000 0.455
6589.000 0.459
6592.000 0.470
6595.000 0.479
6598.000 0.494
6601.000 0.514
6604.000 0.522
6607.000 0.544
6610.000 0.559
6613.000 0.587
6616.000 0.613
6619.000 0.634
6622.000 0.668
6625.000 0.686
6628.000 0.724
6631.000 0.762
6634.000 0.779
6637.000 0.808
6640.000 0.815
6643.000 0.821
6646.000 0.814
6649.000 0.802
6652.000 0.774
6655.000 0.754
6658.000 0.712
6661.000 0.671
6664.000 0.652
6667.000 0.611
6670.000 0.594
6673.000 0.563
6676.000 0.534
6679.000 0.521
6682.000 0.499
6685.000 0.488
6688.000 0.469
6691.000 0.452
6694.000 0.445
6697.000 0.433
6700.000 0.428
6703.000 0.420
6706.000 0.409
6709.000 0.407
6712.000 0.401
6715.000 0.401
6718.000 0.402
6721.000 0.410
6724.000 0.416
6727.000 0.428
6730.000 0.438
6733.000 0.464
6736.000 0.478
6739.000 0.515
6742.000 0.557
6745.000 0.584
6748.000 0.637
6751.000 0.664
6754.000 0.712
6757.000 0.756
6760.000 0.772
6763.000 0.794
6766.000 0.804
6769.000 0.812
6772.000 0.822
6775.000 0.825
6778.000 0.829
6781.000 0.831
6784.000 0.829
6787.000 0.832
6790.000 0.832
6793.000 0.831
6796.000 0.824
6799.000 0.821
6802.000 0.816
6805.000 0.816
6808.000 0.813
6811.000 0.817
6814.000 0.818
6817.000 0.820
6820.000 0.821
6823.000 0.825
6826.000 0.829
6829.000 0.836
6832.000 0.846
6835.000 0.851
6838.000 0.860
6841.000 0.875
6844.000 0.882
6847.000 0.893
6850.000 0.905
6853.000 0.923
6856.000 0.942
6859.000 0.948
6862.000 0.974
6865.000 0.987
6868.000 1.016
6871.000 1.048
6874.000 1.067
6877.000 1.098
6880.000 1.118
6883.000 1.162
6886.000 1.206
6889.000 1.231
6892.000 1.283
6895.000 1.306
6898.000 1.364
6901.000 1.423
6904.000 1.456
6907.000 1.525
6910.000 1.559
6913.000 1.616
6916.000 1.640
6919.000 1.689
6922.000 1.720
6925.000 1.726
6928.000 1.727
6931.000 1.722
6934.000 1.692
6937.000 1.651
6940.000 1.623
6943.000 1.561
6946.000 1.526
6949.000 1.520
6952.000 1.435
6955.000 1.390
6958.000 1.318
6961.000 1.277
6964.000 1.195
6967.000 1.117
6970.000 1.081
6973.000 1.024
6976.000 0.996
6979.000 0.941
6982.000 0.905
6985.000 0.881
6988.000 0.851
6991.000 0.823
6994.000 0.795
6997.000 0.776
7000.000 0.764
7003.000 0.733
7006.000 0.720
7009.000 0.706
7012.000 0.700
7015.000 0.682
7018.000 0.677
7021.000 0.659
7024.000 0.646
7027.000 0.639
7030.000 0.637
7033.000 0.634
7036.000 0.628
7039.000 0.621
7042.000 0.622
7045.000 0.620
7048.000 0.609
7051.000 0.615
7054.000 0.612
7057.000 0.611
7060.000 0.611
7063.000 0.614
7066.000 0.624
7069.000 0.681
7072.000 0.680
7075.000 0.680
7078.000 0.683
7081.000 0.693
7084.000 0.702
7087.000 0.709
7090.000 0.731
7093.000 0.757
7096.000 0.767
7099.000 0.803
7102.000 0.824
7105.000 0.868
7108.000 0.922
7111.000 0.943
7114.000 0.990
7117.000 1.020
7120.000 1.068
7123.000 1.109
7126.000 1.128
7129.000 1.165
7132.000 1.178
7135.000 1.179
7138.000 1.171
7141.000 1.164
7144.000 1.148
7147.000 1.140
7150.000 1.102
7153.000 1.073
7156.000 1.054
7159.000 1.022
7162.000 1.010
7165.000 0.996
7168.000 0.956
7171.000 0.943
7174.000 0.924
7177.000 0.910
7180.000 0.892
7183.000 0.871
7186.000 0.868
7189.000 0.854
7192.000 0.847
7195.000 0.839
7198.000 0.829
7201.000 0.827
7204.000 0.817
7207.000 0.816
7210.000 0.812
7213.000 0.807
7216.000 0.809
7219.000 0.809
7222.000 0.808
7225.000 0.807
7228.000 0.807
7231.000 0.811
7234.000 0.813
7237.000 0.818
7240.000 0.824
7243.000 1.282
7246.000 1.289
7249.000 1.302
7252.000 1.310
7255.000 1.245
7258.000 1.125
7261.000 1.082
7264.000 1.008
7267.000 0.982
7270.000 0.949
7273.000 0.942
7276.000 0.948
7279.000 0.966
7282.000 0.980
7285.000 1.010
7288.000 1.043
7291.000 1.059
7294.000 1.094
7297.000 1.114
7300.000 1.161
7303.000 1.206
7306.000 1.232
7309.000 1.281
7312.000 1.320
7315.000 1.386
7318.000 1.453
7321.000 1.487
7324.000 1.584
7327.000 1.625
7330.000 1.688
7333.000 1.751
7336.000 1.767
7339.000 1.841
7342.000 1.854
7345.000 1.862
7348.000 1.846
7351.000 1.838
7354.000 1.787
7357.000 1.709
7360.000 1.696
7363.000 1.590
7366.000 1.505
7369.000 1.367
7372.000 1.324
7375.000 1.231
7378.000 1.142
7381.000 1.108
7384.000 1.033
7387.000 1.002
7390.000 0.933
7393.000 0.895
7396.000 0.869
7399.000 0.828
7402.000 0.805
7405.000 0.765
7408.000 0.733
7411.000 0.717
7414.000 0.686
7417.000 0.672
7420.000 0.654
7423.000 0.629
7426.000 0.625
7429.000 0.604
7432.000 0.594
7435.000 0.578
7438.000 0.565
7441.000 0.557
7444.000 0.546
7447.000 0.540
7450.000 0.528
7453.000 0.526
7456.000 0.516
7459.000 0.508
7462.000 0.505
7465.000 0.497
7468.000 0.492
7471.000 0.487
7474.000 0.479
7477.000 0.478
7480.000 0.471
7483.000 0.471
7486.000 0.468
7489.000 0.468
7492.000 0.466
7495.000 0.464
7498.000 0.467
7501.000 0.467
7504.000 0.468
7507.000 0.471
7510.000 0.480
7513.000 0.487
7516.000 0.514
7519.000 0.520
7522.000 0.521
7525.000 0.537
7528.000 0.548
7531.000 0.561
7534.000 0.588
7537.000 0.602
7540.000 0.637
7543.000 0.658
7546.000 0.698
7549.000 0.741
7552.000 0.764
7555.000 0.809
7558.000 0.835
7561.000 0.881
7564.000 0.914
7567.000 0.925
7570.000 0.921
7573.000 0.919
7576.000 0.914
7579.000 0.899
7582.000 0.890
7585.000 0.872
7588.000 0.862
7591.000 0.904
7594.000 0.885
7597.000 0.878
7600.000 0.838
7603.000 0.816
7606.000 0.796
7609.000 0.777
7612.000 0.765
7615.000 0.748
7618.000 0.743
7621.000 0.731
7624.000 0.717
7627.000 0.713
7630.000 0.703
7633.000 0.703
7636.000 0.696
7639.000 0.691
7642.000 0.690
7645.000 0.689
7648.000 0.685
7651.000 0.688
7654.000 0.687
7657.000 0.687
7660.000 0.687
7663.000 0.687
7666.000 0.693
7669.000 0.697
7672.000 0.699
7675.000 0.708
7678.000 0.713
7681.000 0.721
7684.000 0.732
7687.000 0.736
7690.000 0.744
7693.000 0.753
7696.000 0.764
7699.000 0.785
7702.000 0.787
7705.000 0.807
7708.000 0.817
7711.000 0.843
7714.000 0.867
7717.000 0.880
7720.000 0.912
7723.000 0.927
7726.000 0.965
7729.000 1.003
7732.000 1.025
7735.000 1.071
7738.000 1.097
7741.000 1.146
7744.000 1.197
7747.000 1.225
7750.000 1.276
7753.000 1.298
7756.000 1.340
7759.000 1.362
7762.000 1.364
7765.000 1.347
7768.000 1.329
7771.000 1.279
7774.000 1.213
7777.000 1.172
7780.000 1.087
7783.000 1.050
7786.000 0.970
7789.000 0.895
7792.000 0.865
7795.000 0.798
7798.000 0.771
7801.000 0.710
7804.000 0.683
7807.000 0.645
7810.000 0.604
7813.000 0.588
7816.000 0.563
7819.000 0.544
7822.000 0.520
7825.000 0.495
7828.000 0.486
7831.000 0.472
7834.000 0.461
7837.000 0.444
7840.000 0.428
7843.000 0.423
7846.000 0.412
7849.000 0.401
7852.000 0.389
7855.000 0.380
7858.000 0.375
7861.000 0.363
7864.000 0.359
7867.000 0.346
7870.000 0.336
7873.000 0.333
7876.000 0.325
7879.000 0.321
7882.000 0.308
7885.000 0.297
7888.000 0.289
7891.000 0.277
7894.000 0.275
7897.000 0.259
7900.000 0.241
7903.000 0.230
7906.000 0.214
7909.000 0.204
7912.000 0.187
7915.000 0.170
7918.000 0.163
7921.000 0.151
7924.000 0.155
7927.000 0.174
7930.000 0.217
7933.000 0.243
7936.000 0.312
7939.000 0.352
7942.000 0.418
7945.000 0.470
7948.000 0.492
7951.000 0.519
7954.000 0.534
7957.000 0.538
7960.000 0.538
7963.000 0.533
7966.000 0.526
7969.000 0.516
7972.000 0.508
7975.000 0.495
7978.000 0.490
7981.000 0.473
7984.000 0.479
7987.000 0.470
7990.000 0.471
7993.000 0.485
7996.000 0.475
7999.000 0.486
8002.000 0.479
8005.000 0.476
8008.000 0.478
8011.000 0.479
8014.000 0.478
8017.000 0.478
8020.000 0.477
8023.000 0.495
8026.000 0.503
8029.000 0.511
8032.000 0.517
8035.000 0.534
8038.000 0.535
8041.000 0.537
8044.000 0.539
8047.000 0.548
8050.000 0.543
8053.000 0.544
8056.000 0.542
8059.000 0.540
8062.000 0.535
8065.000 0.529
8068.000 0.522
8071.000 0.507
8074.000 0.501
8077.000 0.480
8080.000 0.463
8083.000 0.453
8086.000 0.436
8089.000 0.429
8092.000 0.417
8095.000 0.406
8098.000 0.401
8101.000 0.393
8104.000 0.391
8107.000 0.384
8110.000 0.383
8113.000 0.383
8116.000 0.380
8119.000 0.381
8122.000 0.381
8125.000 0.377
8128.000 0.377
8131.000 0.377
8134.000 0.376
8137.000 0.378
8140.000 0.376
8143.000 0.377
8146.000 0.374
8149.000 0.375
8152.000 0.376
8155.000 0.377
8158.000 0.380
8161.000 0.378
8164.000 0.377
8167.000 0.380
8170.000 0.377
8173.000 0.380
8176.000 0.379
8179.000 0.382
8182.000 0.381
8185.000 0.380
8188.000 0.380
8191.000 0.381
8194.000 0.379
8197.000 0.379
8200.000 0.380
8203.000 0.380
8206.000 0.379
8209.000 0.377
8212.000 0.383
8215.000 0.381
8218.000 0.380
8221.000 0.382
8224.000 0.380
8227.000 0.379
8230.000 0.380
8233.000 0.381
8236.000 0.385
8239.000 0.381
8242.000 0.383
8245.000 0.384
8248.000 0.383
8251.000 0.384
8254.000 0.385
8257.000 0.385
8260.000 0.383
8263.000 0.384
8266.000 0.384
8269.000 0.383
8272.000 0.387
8275.000 0.386
8278.000 0.385
8281.000 0.388
8284.000 0.384
8287.000 0.384
8290.000 0.387
8293.000 0.383
8296.000 0.384
8299.000 0.382
8302.000 0.382
8305.000 0.381
8308.000 0.382
8311.000 0.385
8314.000 0.386
8317.000 0.385
8320.000 0.386
8323.000 0.383
8326.000 0.384
8329.000 0.384
8332.000 0.387
8335.000 0.385
8338.000 0.386
8341.000 0.388
8344.000 0.388
8347.000 0.392
8350.000 0.391
8353.000 0.390
8356.000 0.390
8359.000 0.388
8362.000 0.393
8365.000 0.397
8368.000 0.388
8371.000 0.392
8374.000 0.391
8377.000 0.396
8380.000 0.394
8383.000 0.391
8386.000 0.390
8389.000 0.390
8392.000 0.394
8395.000 0.392
8398.000 0.397
8401.000 0.396
8404.000 0.400
8407.000 0.401
8410.000 0.401
8413.000 0.398
8416.000 0.394
8419.000 0.393
8422.000 0.394
8425.000 0.394
8428.000 0.390
8431.000 0.393
8434.000 0.392
8437.000 0.394
8440.000 0.395
8443.000 0.392
8446.000 0.394
8449.000 0.397
8452.000 0.396
8455.000 0.395
8458.000 0.396
8461.000 0.395
8464.000 0.393
8467.000 0.393
8470.000 0.392
8473.000 0.392
8476.000 0.393
8479.000 0.392
8482.000 0.395
8485.000 0.394
8488.000 0.395
8491.000 0.395
8494.000 0.392
8497.000 0.393
8500.000 0.393
8503.000 0.398
8506.000 0.398
8509.000 0.399
8512.000 0.399
8515.000 0.398
8518.000 0.401
8521.000 0.401
8524.000 0.400
8527.000 0.400
8530.000 0.397
8533.000 0.400
8536.000 0.403
8539.000 0.399
8542.000 0.399
8545.000 0.399
8548.000 0.399
8551.000 0.396
8554.000 0.406
8557.000 0.403
8560.000 0.406
8563.000 0.402
8566.000 0.405
8569.000 0.399
8572.000 0.397
8575.000 0.398
8578.000 0.396
8581.000 0.394
8584.000 0.400
8587.000 0.400
8590.000 0.399
8593.000 0.401
8596.000 0.402
8599.000 0.403
8602.000 0.405
8605.000 0.402
8608.000 0.402
8611.000 0.402
8614.000 0.401
8617.000 0.404
8620.000 0.402
8623.000 0.402
8626.000 0.399
8629.000 0.405
8632.000 0.401
8635.000 0.400
8638.000 0.400
8641.000 0.399
8644.000 0.404
8647.000 0.408
8650.000 0.403
8653.000 0.405
8656.000 0.402
8659.000 0.401
8662.000 0.404
8665.000 0.404
8668.000 0.403
8671.000 0.406
8674.000 0.404
8677.000 0.403
8680.000 0.402
8683.000 0.403
8686.000 0.408
8689.000 0.407
8692.000 0.404
8695.000 0.403
8698.000 0.404
8701.000 0.406
8704.000 0.407
8707.000 0.406
8710.000 0.406
8713.000 0.407
8716.000 0.405
8719.000 0.406
8722.000 0.408
8725.000 0.407
8728.000 0.405
8731.000 0.403
8734.000 0.406
8737.000 0.403
8740.000 0.404
8743.000 0.406
8746.000 0.405
8749.000 0.405
8752.000 0.407
8755.000 0.406
8758.000 0.407
8761.000 0.408
8764.000 0.418
8767.000 0.416
8770.000 0.412
8773.000 0.412
8776.000 0.410
8779.000 0.410
8782.000 0.411
8785.000 0.410
8788.000 0.408
8791.000 0.408
8794.000 0.412
8797.000 0.409
8800.000 0.409
8803.000 0.411
8806.000 0.411
8809.000 0.413
8812.000 0.409
8815.000 0.401
8818.000 0.400
8821.000 0.402
8824.000 0.401
8827.000 0.396
8830.000 0.441
8833.000 0.426
8836.000 0.428
8839.000 0.419
8842.000 0.416
8845.000 0.416
8848.000 0.418
8851.000 0.417
8854.000 0.417
8857.000 0.419
8860.000 0.413
8863.000 0.411
8866.000 0.410
8869.000 0.411
8872.000 0.412
8875.000 0.412
8878.000 0.413
8881.000 0.412
8884.000 0.413
8887.000 0.413
8890.000 0.410
8893.000 0.412
8896.000 0.413
8899.000 0.411
8902.000 0.409
8905.000 0.406
8908.000 0.408
8911.000 0.403
8914.000 0.401
8917.000 0.403
8920.000 0.405
8923.000 0.406
8926.000 0.407
8929.000 0.408
8932.000 0.412
8935.000 0.412
8938.000 0.411
8941.000 0.409
8944.000 0.412
8947.000 0.410
8950.000 0.412
8953.000 0.415
8956.000 0.420
8959.000 0.419
8962.000 0.413
8965.000 0.415
8968.000 0.412
8971.000 0.415
8974.000 0.414
8977.000 0.415
8980.000 0.413
8983.000 0.418
8986.000 0.415
8989.000 0.422
8992.000 0.417
8995.000 0.423
8998.000 0.415
9001.000 0.417
9004.000 0.416
9007.000 0.414
9010.000 0.416
9013.000 0.403
9016.000 0.414
9019.000 0.408
9022.000 0.417
9025.000 0.416
9028.000 0.411
9031.000 0.415
9034.000 0.410
9037.000 0.410
9040.000 0.411
9043.000 0.415
9046.000 0.410
9049.000 0.418
9052.000 0.412
9055.000 0.412
9058.000 0.415
9061.000 0.412
9064.000 0.411
9067.000 0.410
9070.000 0.409
9073.000 0.422
9076.000 0.424
9079.000 0.422
9082.000 0.421
9085.000 0.420
9088.000 0.424
9091.000 0.421
9094.000 0.413
9097.000 0.418
9100.000 0.417
9103.000 0.413
9106.000 0.416
9109.000 0.415
9112.000 0.414
9115.000 0.418
9118.000 0.416
9121.000 0.413
9124.000 0.428
9127.000 0.431
9130.000 0.420
9133.000 0.419
9136.000 0.414
9139.000 0.413
9142.000 0.409
9145.000 0.406
9148.000 0.402
9151.000 0.404
9154.000 0.410
9157.000 0.409
9160.000 0.406
9163.000 0.407
9166.000 0.409
9169.000 0.409
9172.000 0.414
9175.000 0.419
9178.000 0.428
9181.000 0.426
9184.000 0.424
9187.000 0.422
9190.000 0.423
9193.000 0.422
9196.000 0.422
9199.000 0.421
9202.000 0.422
9205.000 0.415
9208.000 0.414
9211.000 0.420
9214.000 0.416
9217.000 0.414
9220.000 0.413
9223.000 0.414
9226.000 0.411
9229.000 0.409
9232.000 0.408
9235.000 0.424
9238.000 0.426
9241.000 0.426
9244.000 0.422
9247.000 0.420
9250.000 0.421
9253.000 0.421
9256.000 0.414
9259.000 0.417
9262.000 0.418
9265.000 0.413
9268.000 0.413
9271.000 0.419
9274.000 0.418
9277.000 0.418
9280.000 0.418
9283.000 0.414
9286.000 0.416
9289.000 0.417
9292.000 0.416
9295.000 0.432
9298.000 0.439
9301.000 0.428
9304.000 0.425
9307.000 0.424
9310.000 0.420
9313.000 0.418
9316.000 0.416
9319.000 0.415
9322.000 0.417
9325.000 0.419
9328.000 0.417
9331.000 0.429
9334.000 0.424
9337.000 0.424
9340.000 0.421
9343.000 0.419
9346.000 0.416
9349.000 0.414
9352.000 0.417
9355.000 0.415
9358.000 0.412
9361.000 0.418
9364.000 0.415
9367.000 0.420
9370.000 0.414
9373.000 0.419
9376.000 0.418
9379.000 0.416
9382.000 0.416
9385.000 0.418
9388.000 0.418
9391.000 0.439
9394.000 0.428
9397.000 0.422
9400.000 0.422
9403.000 0.419
9406.000 0.417
9409.000 0.415
9412.000 0.414
9415.000 0.414
9418.000 0.415
9421.000 0.414
9424.000 0.413
9427.000 0.417
9430.000 0.417
9433.000 0.415
9436.000 0.415
9439.000 0.413
9442.000 0.415
9445.000 0.436
9448.000 0.430
9451.000 0.428
9454.000 0.424
9457.000 0.418
9460.000 0.419
9463.000 0.416
9466.000 0.421
9469.000 0.431
9472.000 0.424
9475.000 0.420
9478.000 0.420
9481.000 0.419
9484.000 0.418
9487.000 0.417
9490.000 0.415
9493.000 0.417
9496.000 0.422
9499.000 0.424
9502.000 0.426
9505.000 0.425
9508.000 0.421
9511.000 0.420
9514.000 0.418
9517.000 0.416
9520.000 0.431
9523.000 0.431
9526.000 0.424
9529.000 0.424
9532.000 0.421
9535.000 0.421
9538.000 0.420
9541.000 0.421
9544.000 0.419
9547.000 0.419
9550.000 0.418
9553.000 0.417
9556.000 0.419
9559.000 0.418
9562.000 0.416
9565.000 0.418
9568.000 0.416
9571.000 0.415
9574.000 0.412
9577.000 0.413
9580.000 0.414
9583.000 0.414
9586.000 0.414
9589.000 0.414
9592.000 0.414
9595.000 0.417
9598.000 0.413
9601.000 0.415
9604.000 0.422
9607.000 0.416
9610.000 0.418
9613.000 0.420
9616.000 0.415
9619.000 0.419
9622.000 0.419
9625.000 0.418
9628.000 0.417
9631.000 0.417
9634.000 0.416
9637.000 0.416
9640.000 0.415
9643.000 0.416
9646.000 0.419
9649.000 0.418
9652.000 0.417
9655.000 0.415
9658.000 0.417
9661.000 0.416
9664.000 0.417
9667.000 0.418
9670.000 0.420
9673.000 0.416
9676.000 0.417
9679.000 0.418
9682.000 0.416
9685.000 0.416
9688.000 0.421
9691.000 0.418
9694.000 0.420
9697.000 0.419
9700.000 0.424
9703.000 0.421
9706.000 0.422
9709.000 0.421
9712.000 0.420
9715.000 0.419
9718.000 0.420
9721.000 0.422
9724.000 0.421
9727.000 0.424
9730.000 0.422
9733.000 0.422
9736.000 0.423
9739.000 0.422
9742.000 0.423
9745.000 0.425
9748.000 0.426
9751.000 0.425
9754.000 0.426
9757.000 0.426
9760.000 0.428
9763.000 0.433
9766.000 0.436
9769.000 0.433
9772.000 0.437
9775.000 0.435
9778.000 0.440
9781.000 0.444
9784.000 0.443
9787.000 0.445
9790.000 0.447
9793.000 0.444
9796.000 0.450
9799.000 0.449
9802.000 0.456
9805.000 0.461
9808.000 0.462
9811.000 0.471
9814.000 0.469
9817.000 0.468
9820.000 0.473
9823.000 0.470
9826.000 0.475
9829.000 0.477
9832.000 0.482
9835.000 0.487
9838.000 0.494
9841.000 0.503
9844.000 0.505
9847.000 0.517
9850.000 0.523
9853.000 0.535
9856.000 0.548
9859.000 0.555
9862.000 0.568
9865.000 0.573
9868.000 0.581
9871.000 0.581
9874.000 0.572
9877.000 0.552
9880.000 0.533
9883.000 0.479
9886.000 0.414
9889.000 0.379
9892.000 0.313
9895.000 0.286
9898.000 0.238
9901.000 0.192
9904.000 0.174
9907.000 0.150
9910.000 0.141
9913.000 0.122
9916.000 0.108
9919.000 0.102
9922.000 0.086
9925.000 0.082
9928.000 0.066
9931.000 0.054
9934.000 0.053
9937.000 0.051
9940.000 0.052
9943.000 0.070
9946.000 0.104
9949.000 0.127
9952.000 0.181
9955.000 0.226
9958.000 0.325
9961.000 0.462
9964.000 0.541
9967.000 0.747
9970.000 0.859
9973.000 1.105
9976.000 1.366
9979.000 1.493
9982.000 1.721
9985.000 1.827
9988.000 1.987
9991.000 2.063
9994.000 2.086
9997.000 2.048
10000.000 2.023
10003.000 1.925
10006.000 1.802
10009.000 1.738
10012.000 1.602
10015.000 1.518
10018.000 1.387
10021.000 1.263
10024.000 1.201
10027.000 1.099
10030.000 1.058
10033.000 0.992
10036.000 0.946
10039.000 0.928
10042.000 0.902
10045.000 0.894
10048.000 0.875
10051.000 0.866
10054.000 0.871
10057.000 0.865
10060.000 0.861
10063.000 0.874
10066.000 0.881
10069.000 0.891
10072.000 0.895
10075.000 0.903
10078.000 0.914
10081.000 0.925
10084.000 0.929
10087.000 0.950
10090.000 0.966
10093.000 0.990
10096.000 1.018
10099.000 1.034
10102.000 1.069
10105.000 1.087
10108.000 1.124
10111.000 1.170
10114.000 1.191
10117.000 1.240
10120.000 1.256
10123.000 1.284
10126.000 1.295
10129.000 1.306
10132.000 1.294
10135.000 1.277
10138.000 1.216
10141.000 1.172
10144.000 1.074
10147.000 0.974
10150.000 0.920
10153.000 0.807
10156.000 0.753
10159.000 0.655
10162.000 0.566
10165.000 0.528
10168.000 0.459
10171.000 0.427
10174.000 0.373
10177.000 0.326
10180.000 0.305
10183.000 0.268
10186.000 0.250
10189.000 0.225
10192.000 0.195
10195.000 0.186
10198.000 0.164
10201.000 0.154
10204.000 0.135
10207.000 0.120
10210.000 0.114
10213.000 0.099
10216.000 0.092
10219.000 0.083
10222.000 0.070
10225.000 0.066
10228.000 0.054
10231.000 0.051
10234.000 0.040
10237.000 0.032
10240.000 0.029
10243.000 0.030
10246.000 0.032
10249.000 0.040
10252.000 0.050
10255.000 0.058
10258.000 0.075
10261.000 0.087
10264.000 0.117
10267.000 0.149
10270.000 0.167
10273.000 0.215
10276.000 0.238
10279.000 0.298
10282.000 0.372
10285.000 0.422
10288.000 0.534
10291.000 0.602
10294.000 0.758
10297.000 0.956
10300.000 1.064
10303.000 1.282
10306.000 1.390
10309.000 1.622
10312.000 1.844
10315.000 1.939
10318.000 2.090
10321.000 2.142
10324.000 2.203
10327.000 2.185
10330.000 2.151
10333.000 2.031
10336.000 1.956
10339.000 1.797
10342.000 1.620
10345.000 1.531
10348.000 1.375
10351.000 1.309
10354.000 1.180
10357.000 1.077
10360.000 1.036
10363.000 0.966
10366.000 0.944
10369.000 0.910
10372.000 0.891
10375.000 0.885
10378.000 0.862
10381.000 0.858
10384.000 0.846
10387.000 0.832
10390.000 0.834
10393.000 0.819
10396.000 0.818
10399.000 0.809
10402.000 0.808
10405.000 0.803
10408.000 0.804
10411.000 0.801
10414.000 0.798
10417.000 0.801
10420.000 0.798
10423.000 0.797
10426.000 0.802
10429.000 0.801
10432.000 0.810
10435.000 0.815
10438.000 0.819
10441.000 0.820
10444.000 0.828
10447.000 0.837
10450.000 0.840
10453.000 0.853
10456.000 0.861
10459.000 0.878
10462.000 0.887
10465.000 0.894
10468.000 0.915
10471.000 0.924
10474.000 0.952
10477.000 0.960
10480.000 0.992
10483.000 1.018
10486.000 1.032
10489.000 1.066
10492.000 1.072
10495.000 1.099
10498.000 1.121
10501.000 1.127
10504.000 1.133
10507.000 1.128
10510.000 1.110
10513.000 1.063
10516.000 1.033
10519.000 0.958
10522.000 0.917
10525.000 0.820
10528.000 0.727
10531.000 0.678
10534.000 0.591
10537.000 0.548
10540.000 0.458
10543.000 0.403
10546.000 0.376
10549.000 0.329
10552.000 0.309
10555.000 0.276
10558.000 0.246
10561.000 0.230
10564.000 0.206
10567.000 0.196
10570.000 0.176
10573.000 0.164
10576.000 0.156
10579.000 0.144
10582.000 0.136
10585.000 0.129
10588.000 0.116
10591.000 0.113
10594.000 0.103
10597.000 0.101
10600.000 0.092
10603.000 0.088
10606.000 0.085
10609.000 0.080
10612.000 0.080
10615.000 0.076
10618.000 0.071
10621.000 0.069
10624.000 0.066
10627.000 0.065
10630.000 0.063
10633.000 0.062
10636.000 0.063
10639.000 0.064
10642.000 0.066
10645.000 0.071
10648.000 0.080
10651.000 0.088
10654.000 0.105
10657.000 0.115
10660.000 0.144
10663.000 0.178
10666.000 0.206
10669.000 0.226
10672.000 0.310
10675.000 0.311
10678.000 0.407
10681.000 0.437
10684.000 0.524
10687.000 0.568
10690.000 0.673
10693.000 0.792
10696.000 0.850
10699.000 0.960
10702.000 1.019
10705.000 1.102
10708.000 1.183
10711.000 1.208
10714.000 1.234
10717.000 1.242
10720.000 1.241
10723.000 1.227
10726.000 1.213
10729.000 1.181
10732.000 1.165
10735.000 1.130
10738.000 1.066
10741.000 1.050
10744.000 0.993
10747.000 0.963
10750.000 0.907
10753.000 0.855
10756.000 0.828
10759.000 0.783
10762.000 0.765
10765.000 0.734
10768.000 0.720
10771.000 0.713
10774.000 0.709
10777.000 0.706
10780.000 0.697
10783.000 0.692
10786.000 0.688
10789.000 0.680
10792.000 0.674
10795.000 0.671
10798.000 0.670
10801.000 0.665
10804.000 0.664
10807.000 0.664
10810.000 0.656
10813.000 0.664
10816.000 0.660
10819.000 0.665
10822.000 0.664
10825.000 0.665
10828.000 0.667
10831.000 0.672
10834.000 0.676
10837.000 0.680
10840.000 0.687
10843.000 0.690
10846.000 0.696
10849.000 0.704
10852.000 0.706
10855.000 0.713
10858.000 0.717
10861.000 0.729
10864.000 0.739
10867.000 0.743
10870.000 0.750
10873.000 0.754
10876.000 0.751
10879.000 0.749
10882.000 0.748
10885.000 0.737
10888.000 0.722
10891.000 0.687
10894.000 0.640
10897.000 0.615
10900.000 0.549
10903.000 0.515
10906.000 0.451
10909.000 0.392
10912.000 0.367
10915.000 0.319
10918.000 0.298
10921.000 0.266
10924.000 0.241
10927.000 0.234
10930.000 0.224
10933.000 0.221
10936.000 0.218
10939.000 0.235
10942.000 0.293
10945.000 0.298
10948.000 0.290
10951.000 0.263
10954.000 0.247
10957.000 0.240
10960.000 0.232
10963.000 0.231
10966.000 0.226
10969.000 0.223
10972.000 0.227
10975.000 0.228
10978.000 0.228
10981.000 0.225
10984.000 0.230
10987.000 0.228
10990.000 0.229
10993.000 0.235
10996.000 0.232
10999.000 0.237
11002.000 0.234
11005.000 0.235
11008.000 0.239
11011.000 0.250
11014.000 0.262
11017.000 0.266
11020.000 0.275
11023.000 0.290
11026.000 0.310
11029.000 0.325
11032.000 0.337
11035.000 0.424
11038.000 0.439
11041.000 0.474
11044.000 0.496
11047.000 0.528
11050.000 0.566
11053.000 0.576
11056.000 0.598
11059.000 0.597
11062.000 0.598
11065.000 0.589
11068.000 0.584
11071.000 0.565
11074.000 0.554
11077.000 0.540
11080.000 0.529
11083.000 0.525
11086.000 0.517
11089.000 0.518
11092.000 0.517
11095.000 0.511
11098.000 0.514
11101.000 0.507
11104.000 0.509
11107.000 0.505
11110.000 0.502
11113.000 0.499
11116.000 0.496
11119.000 0.496
11122.000 0.492
11125.000 0.493
11128.000 0.490
11131.000 0.486
11134.000 0.482
11137.000 0.479
11140.000 0.473
11143.000 0.469
11146.000 0.453
11149.000 0.447
11152.000 0.435
11155.000 0.421
11158.000 0.415
11161.000 0.404
11164.000 0.402
11167.000 0.398
11170.000 0.391
11173.000 0.389
11176.000 0.391
11179.000 0.390
11182.000 0.393
11185.000 0.392
11188.000 0.391
11191.000 0.392
11194.000 0.390
11197.000 0.390
11200.000 0.392
11203.000 0.397
11206.000 0.396
11209.000 0.397
11212.000 0.402
11215.000 0.399
11218.000 0.398
11221.000 0.401
11224.000 0.398
11227.000 0.399
11230.000 0.400
11233.000 0.397
11236.000 0.395
11239.000 0.396
11242.000 0.395
11245.000 0.395
11248.000 0.394
11251.000 0.396
11254.000 0.397
11257.000 0.397
11260.000 0.397
11263.000 0.399
11266.000 0.399
11269.000 0.400
11272.000 0.400
11275.000 0.400
11278.000 0.400
11281.000 0.400
11284.000 0.401
11287.000 0.401
11290.000 0.400
11293.000 0.400
11296.000 0.398
11299.000 0.399
11302.000 0.400
11305.000 0.400
11308.000 0.401
11311.000 0.401
11314.000 0.401
11317.000 0.401
11320.000 0.396
11323.000 0.400
11326.000 0.399
11329.000 0.401
11332.000 0.401
11335.000 0.400
11338.000 0.401
11341.000 0.403
11344.000 0.402
11347.000 0.403
11350.000 0.403
11353.000 0.404
11356.000 0.404
11359.000 0.402
11362.000 0.401
11365.000 0.401
11368.000 0.403
11371.000 0.401
11374.000 0.403
11377.000 0.400
11380.000 0.404
11383.000 0.399
11386.000 0.402
11389.000 0.405
11392.000 0.402
11395.000 0.402
11398.000 0.405
11401.000 0.401
11404.000 0.398
11407.000 0.401
11410.000 0.401
11413.000 0.400
11416.000 0.398
11419.000 0.397
11422.000 0.398
11425.000 0.400
11428.000 0.399
11431.000 0.400
11434.000 0.397
11437.000 0.394
11440.000 0.392
11443.000 0.395
11446.000 0.394
11449.000 0.395
11452.000 0.395
11455.000 0.395
11458.000 0.396
11461.000 0.398
11464.000 0.398
11467.000 0.392
11470.000 0.397
11473.000 0.395
11476.000 0.396
11479.000 0.393
11482.000 0.395
11485.000 0.394
11488.000 0.393
11491.000 0.393
11494.000 0.393
11497.000 0.394
11500.000 0.398
11503.000 0.396
11506.000 0.396
11509.000 0.396
11512.000 0.399
11515.000 0.400
11518.000 0.402
11521.000 0.406
11524.000 0.403
11527.000 0.402
11530.000 0.402
11533.000 0.401
11536.000 0.399
11539.000 0.400
11542.000 0.401
11545.000 0.400
11548.000 0.397
11551.000 0.400
11554.000 0.397
11557.000 0.396
11560.000 0.396
11563.000 0.397
11566.000 0.397
11569.000 0.395
11572.000 0.396
11575.000 0.397
11578.000 0.395
11581.000 0.394
11584.000 0.398
11587.000 0.398
11590.000 0.396
11593.000 0.401
11596.000 0.394
11599.000 0.395
11602.000 0.398
11605.000 0.399
11608.000 0.395
11611.000 0.397
11614.000 0.395
11617.000 0.396
11620.000 0.397
11623.000 0.395
11626.000 0.394
11629.000 0.399
11632.000 0.399
11635.000 0.399
11638.000 0.398
11641.000 0.398
11644.000 0.399
11647.000 0.397
11650.000 0.394
11653.000 0.396
11656.000 0.392
11659.000 0.397
11662.000 0.396
11665.000 0.394
11668.000 0.395
11671.000 0.396
11674.000 0.394
11677.000 0.395
11680.000 0.395
11683.000 0.396
11686.000 0.394
11689.000 0.395
11692.000 0.397
11695.000 0.391
11698.000 0.396
11701.000 0.392
11704.000 0.393
11707.000 0.394
11710.000 0.396
11713.000 0.399
11716.000 0.395
11719.000 0.395
11722.000 0.396
11725.000 0.393
11728.000 0.395
11731.000 0.394
11734.000 0.397
11737.000 0.398
11740.000 0.396
11743.000 0.395
11746.000 0.391
11749.000 0.397
11752.000 0.396
11755.000 0.397
11758.000 0.397
11761.000 0.396
11764.000 0.397
11767.000 0.393
11770.000 0.393
11773.000 0.384
11776.000 0.388
11779.000 0.391
11782.000 0.385
11785.000 0.391
11788.000 0.381
11791.000 0.385
11794.000 0.396
11797.000 0.393
11800.000 0.392
11803.000 0.393
11806.000 0.393
11809.000 0.389
11812.000 0.392
11815.000 0.387
11818.000 0.394
11821.000 0.394
11824.000 0.392
11827.000 0.389
11830.000 0.391
11833.000 0.391
11836.000 0.390
11839.000 0.389
11842.000 0.390
11845.000 0.393
11848.000 0.391
11851.000 0.390
11854.000 0.389
11857.000 0.389
11860.000 0.387
11863.000 0.386
11866.000 0.385
11869.000 0.387
11872.000 0.389
11875.000 0.389
11878.000 0.388
11881.000 0.392
11884.000 0.391
11887.000 0.392
11890.000 0.392
11893.000 0.391
11896.000 0.389
11899.000 0.386
11902.000 0.386
11905.000 0.388
11908.000 0.384
11911.000 0.386
11914.000 0.387
11917.000 0.389
11920.000 0.389
11923.000 0.387
11926.000 0.390
11929.000 0.388
11932.000 0.388
11935.000 0.389
11938.000 0.386
11941.000 0.384
11944.000 0.385
11947.000 0.388
11950.000 0.385
11953.000 0.385
11956.000 0.388
11959.000 0.385
11962.000 0.387
11965.000 0.390
11968.000 0.388
11971.000 0.385
11974.000 0.388
11977.000 0.389
11980.000 0.388
11983.000 0.388
11986.000 0.386
11989.000 0.388
11992.000 0.390
11995.000 0.392
11998.000 0.390
12001.000 0.393
