#Zuerst 13mm, dann 16mm usw
103.000 7.083
106.000 7.698
109.000 5.124
112.000 1.703
115.000 3.264
118.000 2.824
121.000 2.849
124.000 3.444
127.000 4.557
130.000 4.922
133.000 5.465
136.000 5.744
139.000 5.767
142.000 5.777
145.000 5.671
148.000 5.458
151.000 5.368
154.000 4.973
157.000 4.572
160.000 4.472
163.000 4.056
166.000 3.845
169.000 3.619
172.000 3.332
175.000 3.182
178.000 2.984
181.000 2.912
184.000 2.753
187.000 2.569
190.000 2.589
193.000 2.509
196.000 2.472
199.000 2.462
202.000 2.437
205.000 2.392
208.000 2.363
211.000 2.376
214.000 2.447
217.000 2.478
220.000 2.508
223.000 2.560
226.000 2.420
229.000 2.428
232.000 2.384
235.000 2.311
238.000 2.432
241.000 2.380
244.000 2.408
247.000 2.540
250.000 2.525
253.000 2.829
256.000 2.768
259.000 2.958
262.000 3.037
265.000 3.198
268.000 3.124
271.000 3.244
274.000 3.569
277.000 4.020
280.000 3.911
283.000 3.938
286.000 4.093
289.000 4.440
292.000 4.692
295.000 4.406
298.000 4.982
301.000 4.851
304.000 4.834
307.000 5.259
310.000 5.434
313.000 6.350
316.000 6.908
319.000 7.070
322.000 7.805
325.000 8.598
328.000 9.304
331.000 10.093
334.000 11.594
337.000 12.253
340.000 14.812
343.000 18.031
346.000 20.083
349.000 23.960
352.000 28.505
355.000 30.994
358.000 35.896
361.000 38.213
364.000 43.075
367.000 47.237
370.000 49.051
373.000 51.894
376.000 52.752
379.000 53.002
382.000 49.797
385.000 50.695
388.000 45.204
391.000 46.878
394.000 40.130
397.000 36.399
400.000 34.783
403.000 31.902
406.000 31.130
409.000 29.239
412.000 27.813
415.000 27.287
418.000 26.331
421.000 26.068
424.000 25.853
427.000 25.608
430.000 25.432
433.000 25.186
436.000 24.917
439.000 24.261
442.000 23.443
445.000 22.965
448.000 21.839
451.000 21.258
454.000 20.021
457.000 19.285
460.000 18.564
463.000 17.376
466.000 16.836
469.000 15.815
472.000 14.953
475.000 14.552
478.000 13.977
481.000 13.733
484.000 13.271
487.000 12.817
490.000 12.531
493.000 12.102
496.000 11.854
499.000 11.484
502.000 11.304
505.000 11.032
508.000 10.716
511.000 10.563
514.000 10.336
517.000 10.223
520.000 11.348
523.000 10.431
526.000 10.161
529.000 9.747
532.000 9.673
535.000 9.620
538.000 9.533
541.000 9.491
544.000 9.570
547.000 9.551
550.000 9.372
553.000 9.371
556.000 9.260
559.000 9.435
562.000 9.453
565.000 9.358
568.000 9.699
571.000 9.614
574.000 9.931
577.000 10.247
580.000 10.651
583.000 11.756
586.000 11.793
589.000 11.980
592.000 12.331
595.000 13.669
598.000 14.100
601.000 14.884
604.000 21.719
607.000 20.233
610.000 20.415
613.000 20.464
616.000 20.983
619.000 22.325
622.000 22.954
625.000 23.750
628.000 23.388
631.000 22.528
634.000 20.125
637.000 18.686
640.000 15.832
643.000 13.579
646.000 12.651
649.000 10.975
652.000 10.204
655.000 8.933
658.000 7.923
661.000 7.484
664.000 6.696
667.000 6.338
670.000 5.714
673.000 5.479
676.000 5.088
679.000 4.920
682.000 5.726
685.000 6.403
688.000 7.487
691.000 9.107
694.000 6.117
697.000 5.500
700.000 4.530
703.000 4.104
706.000 3.597
709.000 3.121
712.000 2.946
715.000 2.693
718.000 2.565
721.000 2.484
724.000 2.245
727.000 2.174
730.000 2.041
733.000 1.992
736.000 2.110
739.000 1.990
742.000 1.922
745.000 1.821
748.000 1.775
751.000 2.068
754.000 1.929
757.000 1.848
760.000 1.755
763.000 1.705
766.000 1.630
769.000 1.583
772.000 1.560
775.000 1.570
778.000 1.547
781.000 1.545
784.000 2.718
787.000 2.169
790.000 2.004
793.000 1.964
796.000 2.534
799.000 2.282
802.000 2.214
805.000 2.070
808.000 2.022
811.000 1.934
814.000 1.898
817.000 1.892
820.000 1.864
823.000 1.840
826.000 1.861
829.000 1.875
832.000 1.896
835.000 1.962
838.000 2.025
841.000 2.115
844.000 2.176
847.000 2.264
850.000 2.416
853.000 2.503
856.000 2.732
859.000 2.977
862.000 3.152
865.000 3.422
868.000 3.533
871.000 3.821
874.000 4.154
877.000 4.306
880.000 4.456
883.000 4.479
886.000 4.411
889.000 4.120
892.000 3.976
895.000 3.541
898.000 3.346
901.000 2.922
904.000 2.441
907.000 2.255
910.000 1.915
913.000 1.763
916.000 1.533
919.000 1.338
922.000 1.254
925.000 1.127
928.000 1.054
931.000 0.941
934.000 3.313
937.000 2.235
940.000 1.583
943.000 1.434
946.000 1.147
949.000 0.956
952.000 0.890
955.000 0.752
958.000 0.719
961.000 0.640
964.000 0.566
967.000 0.552
970.000 0.495
973.000 0.476
976.000 0.439
979.000 0.409
982.000 0.401
985.000 0.376
988.000 0.369
991.000 0.350
994.000 0.359
997.000 0.357
1000.000 0.321
1003.000 0.319
1006.000 0.307
1009.000 0.302
1012.000 0.294
1015.000 0.283
1018.000 0.288
1021.000 0.286
1024.000 0.282
1027.000 0.279
1030.000 0.288
1033.000 0.286
1036.000 0.286
1039.000 0.292
1042.000 0.320
1045.000 0.304
1048.000 0.307
1051.000 0.326
1054.000 0.328
1057.000 0.335
1060.000 0.358
1063.000 0.361
1066.000 0.385
1069.000 0.395
1072.000 0.418
1075.000 0.441
1078.000 0.461
1081.000 0.491
1084.000 0.511
1087.000 0.543
1090.000 0.587
1093.000 0.618
1096.000 0.671
1099.000 0.700
1102.000 0.773
1105.000 0.863
1108.000 0.922
1111.000 1.042
1114.000 1.120
1117.000 1.301
1120.000 1.509
1123.000 1.621
1126.000 1.825
1129.000 1.966
1132.000 2.265
1135.000 2.575
1138.000 2.733
1141.000 2.979
1144.000 3.046
1147.000 3.091
1150.000 3.002
1153.000 3.153
1156.000 2.835
1159.000 2.688
1162.000 2.392
1165.000 2.179
1168.000 2.082
1171.000 1.915
1174.000 1.844
1177.000 1.718
1180.000 1.698
1183.000 1.657
1186.000 2.842
1189.000 2.445
1192.000 2.673
1195.000 2.303
1198.000 3.613
1201.000 2.265
1204.000 2.093
1207.000 1.872
1210.000 1.640
1213.000 1.560
1216.000 1.446
1219.000 1.411
1222.000 1.355
1225.000 1.319
1228.000 1.306
1231.000 1.287
1234.000 1.283
1237.000 1.273
1240.000 1.271
1243.000 1.276
1246.000 1.294
1249.000 1.293
1252.000 1.324
1255.000 1.351
1258.000 1.370
1261.000 1.424
1264.000 1.438
1267.000 1.493
1270.000 1.562
1273.000 1.598
1276.000 1.676
1279.000 1.732
1282.000 1.831
1285.000 1.956
1288.000 2.026
1291.000 2.201
1294.000 2.311
1297.000 2.553
1300.000 2.804
1303.000 2.925
1306.000 3.206
1309.000 3.355
1312.000 3.720
1315.000 4.135
1318.000 4.346
1321.000 4.781
1324.000 4.955
1327.000 5.138
1330.000 3.417
1333.000 5.720
1336.000 7.152
1339.000 6.477
1342.000 5.001
1345.000 4.113
1348.000 3.759
1351.000 3.162
1354.000 2.938
1357.000 2.581
1360.000 2.279
1363.000 2.156
1366.000 1.948
1369.000 1.855
1372.000 1.708
1375.000 1.577
1378.000 1.514
1381.000 1.415
1384.000 1.384
1387.000 1.317
1390.000 1.279
1393.000 1.228
1396.000 1.180
1399.000 1.163
1402.000 1.134
1405.000 1.094
1408.000 1.088
1411.000 1.064
1414.000 1.056
1417.000 1.037
1420.000 1.030
1423.000 1.010
1426.000 0.992
1429.000 0.981
1432.000 0.962
1435.000 0.958
1438.000 0.939
1441.000 0.927
1444.000 0.916
1447.000 0.904
1450.000 0.895
1453.000 0.883
1456.000 0.875
1459.000 0.871
1462.000 0.858
1465.000 0.858
1468.000 0.846
1471.000 0.843
1474.000 0.837
1477.000 0.836
1480.000 0.832
1483.000 0.829
1486.000 0.825
1489.000 0.828
1492.000 0.830
1495.000 0.831
1498.000 0.834
1501.000 0.841
1504.000 0.844
1507.000 0.852
1510.000 0.855
1513.000 0.867
1516.000 0.876
1519.000 0.883
1522.000 0.900
1525.000 0.905
1528.000 0.927
1531.000 0.942
1534.000 0.952
1537.000 0.975
1540.000 0.988
1543.000 1.014
1546.000 1.048
1549.000 1.063
1552.000 1.105
1555.000 1.120
1558.000 1.164
1561.000 1.212
1564.000 1.238
1567.000 1.297
1570.000 1.327
1573.000 1.395
1576.000 1.471
1579.000 1.507
1582.000 1.596
1585.000 1.652
1588.000 1.761
1591.000 1.891
1594.000 1.961
1597.000 2.133
1600.000 2.230
1603.000 2.470
1606.000 2.780
1609.000 2.968
1612.000 3.424
1615.000 3.704
1618.000 4.394
1621.000 5.291
1624.000 5.807
1627.000 6.768
1630.000 7.222
1633.000 7.981
1636.000 8.264
1639.000 8.121
1642.000 7.387
1645.000 6.878
1648.000 5.833
1651.000 4.888
1654.000 4.486
1657.000 3.829
1660.000 3.588
1663.000 3.186
1666.000 2.884
1669.000 2.759
1672.000 2.558
1675.000 2.471
1678.000 2.334
1681.000 2.233
1684.000 2.191
1687.000 2.131
1690.000 2.108
1693.000 2.080
1696.000 2.083
1699.000 2.095
1702.000 2.099
1705.000 2.106
1708.000 2.121
1711.000 2.140
1714.000 2.148
1717.000 2.178
1720.000 2.192
1723.000 2.232
1726.000 2.261
1729.000 2.281
1732.000 2.304
1735.000 2.314
1738.000 2.344
1741.000 2.359
1744.000 2.391
1747.000 2.432
1750.000 2.474
1753.000 2.503
1756.000 2.520
1759.000 2.564
1762.000 2.610
1765.000 2.639
1768.000 2.697
1771.000 2.733
1774.000 2.806
1777.000 2.877
1780.000 2.912
1783.000 3.002
1786.000 3.054
1789.000 3.159
1792.000 3.277
1795.000 3.338
1798.000 3.499
1801.000 3.579
1804.000 3.727
1807.000 3.873
1810.000 3.948
1813.000 4.153
1816.000 4.224
1819.000 4.424
1822.000 4.671
1825.000 4.824
1828.000 5.186
1831.000 5.339
1834.000 5.716
1837.000 6.177
1840.000 6.453
1843.000 7.109
1846.000 7.501
1849.000 8.483
1852.000 9.696
1855.000 10.410
1858.000 12.037
1861.000 12.946
1864.000 14.891
1867.000 16.808
1870.000 17.641
1873.000 18.489
1876.000 18.367
1879.000 16.770
1882.000 14.529
1885.000 13.372
1888.000 11.315
1891.000 10.448
1894.000 9.045
1897.000 8.096
1900.000 7.758
1903.000 7.109
1906.000 6.827
1909.000 6.316
1912.000 5.912
1915.000 5.706
1918.000 5.381
1921.000 5.229
1924.000 4.989
1927.000 4.760
1930.000 4.640
1933.000 4.444
1936.000 4.357
1939.000 4.191
1942.000 4.051
1945.000 3.996
1948.000 3.884
1951.000 3.840
1954.000 3.756
1957.000 3.670
1960.000 3.636
1963.000 3.569
1966.000 3.549
1969.000 3.574
1972.000 3.494
1975.000 3.487
1978.000 3.445
1981.000 3.451
1984.000 3.404
1987.000 3.393
1990.000 3.372
1993.000 3.367
1996.000 3.372
1999.000 3.398
2002.000 3.411
2005.000 3.425
2008.000 3.457
2011.000 3.475
2014.000 3.547
2017.000 3.625
2020.000 3.658
2023.000 3.739
2026.000 3.771
2029.000 3.885
2032.000 4.003
2035.000 4.076
2038.000 4.244
2041.000 4.331
2044.000 4.534
2047.000 4.789
2050.000 4.934
2053.000 5.256
2056.000 5.434
2059.000 5.861
2062.000 6.391
2065.000 6.714
2068.000 7.476
2071.000 7.930
2074.000 9.005
2077.000 10.244
2080.000 10.883
2083.000 12.103
2086.000 12.586
2089.000 13.081
2092.000 12.666
2095.000 12.072
2098.000 10.775
2101.000 10.118
2104.000 8.897
2107.000 8.420
2110.000 7.558
2113.000 6.805
2116.000 6.479
2119.000 5.896
2122.000 5.633
2125.000 5.191
2128.000 4.801
2131.000 4.629
2134.000 4.327
2137.000 4.187
2140.000 3.940
2143.000 3.731
2146.000 3.636
2149.000 3.469
2152.000 3.392
2155.000 3.257
2158.000 3.127
2161.000 3.077
2164.000 2.959
2167.000 2.907
2170.000 2.820
2173.000 2.742
2176.000 2.716
2179.000 2.659
2182.000 2.635
2185.000 2.597
2188.000 2.570
2191.000 2.557
2194.000 2.548
2197.000 2.543
2200.000 2.483
2203.000 2.510
2206.000 2.519
2209.000 2.549
2212.000 2.566
2215.000 2.626
2218.000 2.710
2221.000 2.752
2224.000 2.872
2227.000 2.939
2230.000 3.094
2233.000 3.277
2236.000 3.377
2239.000 3.598
2242.000 3.714
2245.000 3.933
2248.000 4.096
2251.000 4.147
2254.000 4.129
2257.000 4.010
2260.000 3.542
2263.000 2.972
2266.000 2.686
2269.000 2.177
2272.000 1.932
2275.000 1.573
2278.000 1.259
2281.000 1.126
2284.000 0.920
2287.000 0.827
2290.000 0.670
2293.000 0.552
2296.000 0.502
2299.000 0.416
2302.000 0.381
2305.000 0.319
2308.000 0.269
2311.000 0.246
2314.000 0.207
2317.000 0.188
2320.000 0.160
2323.000 0.136
2326.000 0.126
2329.000 0.108
2332.000 0.101
2335.000 0.091
2338.000 0.087
2341.000 0.082
2344.000 0.083
2347.000 0.083
2350.000 0.086
2353.000 0.090
2356.000 0.090
2359.000 0.095
2362.000 0.099
2365.000 0.103
2368.000 0.109
2371.000 0.111
2374.000 0.117
2377.000 0.120
2380.000 0.124
2383.000 0.128
2386.000 0.131
2389.000 0.135
2392.000 0.138
2395.000 0.144
2398.000 0.145
2401.000 0.146
2404.000 0.150
2407.000 0.152
2410.000 0.155
2413.000 0.158
2416.000 0.159
2419.000 0.162
2422.000 0.165
2425.000 0.167
2428.000 0.170
2431.000 0.171
2434.000 0.174
2437.000 0.175
2440.000 0.176
2443.000 0.180
2446.000 0.180
2449.000 0.182
2452.000 0.183
2455.000 0.184
2458.000 0.186
2461.000 0.189
2464.000 0.190
2467.000 0.192
2470.000 0.193
2473.000 0.200
2476.000 0.228
2479.000 0.229
2482.000 0.226
2485.000 0.220
2488.000 0.220
2491.000 0.217
2494.000 0.214
2497.000 0.215
2500.000 0.215
2503.000 0.212
2506.000 0.219
2509.000 0.220
2512.000 0.218
2515.000 0.231
2518.000 0.231
2521.000 0.224
2524.000 0.240
2527.000 0.243
2530.000 0.239
2533.000 0.236
2536.000 0.228
2539.000 0.227
2542.000 0.225
2545.000 0.222
2548.000 0.221
2551.000 0.244
2554.000 0.244
2557.000 0.244
2560.000 0.238
2563.000 0.233
2566.000 0.231
2569.000 0.224
2572.000 0.222
2575.000 0.222
2578.000 0.221
2581.000 0.221
2584.000 0.223
2587.000 0.229
2590.000 0.224
2593.000 0.225
2596.000 0.221
2599.000 0.220
2602.000 0.217
2605.000 0.218
2608.000 0.217
2611.000 0.216
2614.000 0.215
2617.000 0.217
2620.000 0.216
2623.000 0.214
2626.000 0.216
2629.000 0.215
2632.000 0.215
2635.000 0.215
2638.000 0.215
2641.000 0.216
2644.000 0.216
2647.000 0.219
2650.000 0.216
2653.000 0.217
2656.000 0.217
2659.000 0.217
2662.000 0.219
2665.000 0.217
2668.000 0.219
2671.000 0.221
2674.000 0.221
2677.000 0.222
2680.000 0.221
2683.000 0.221
2686.000 0.224
2689.000 0.221
2692.000 0.222
2695.000 0.222
2698.000 0.222
2701.000 0.224
2704.000 0.269
2707.000 0.280
2710.000 0.265
2713.000 0.259
2716.000 0.255
2719.000 0.251
2722.000 0.252
2725.000 0.250
2728.000 0.248
2731.000 0.247
2734.000 0.246
2737.000 0.247
2740.000 0.249
2743.000 0.246
2746.000 0.249
2749.000 0.248
2752.000 0.249
2755.000 0.249
2758.000 0.252
2761.000 0.254
2764.000 0.254
2767.000 0.255
2770.000 0.252
2773.000 0.253
2776.000 0.253
2779.000 0.253
2782.000 0.253
2785.000 0.252
2788.000 0.253
2791.000 0.253
2794.000 0.254
2797.000 0.261
2800.000 0.258
2803.000 0.258
2806.000 0.257
2809.000 0.257
2812.000 0.257
2815.000 0.256
2818.000 0.255
2821.000 0.269
2824.000 0.267
2827.000 0.264
2830.000 0.268
2833.000 0.266
2836.000 0.265
2839.000 0.262
2842.000 0.262
2845.000 0.257
2848.000 0.256
2851.000 0.256
2854.000 0.255
2857.000 0.255
2860.000 0.253
2863.000 0.253
2866.000 0.252
2869.000 0.253
2872.000 0.253
2875.000 0.251
2878.000 0.252
2881.000 0.252
2884.000 0.252
2887.000 0.252
2890.000 0.252
2893.000 0.255
2896.000 0.252
2899.000 0.252
2902.000 0.252
2905.000 0.250
2908.000 0.251
2911.000 0.251
2914.000 0.250
2917.000 0.251
2920.000 0.260
2923.000 0.260
2926.000 0.261
2929.000 0.265
2932.000 0.259
2935.000 0.259
2938.000 0.255
2941.000 0.252
2944.000 0.254
2947.000 0.250
2950.000 0.257
2953.000 0.264
2956.000 0.269
2959.000 0.261
2962.000 0.260
2965.000 0.255
2968.000 0.255
2971.000 0.248
2974.000 0.244
2977.000 0.245
2980.000 0.249
2983.000 0.241
2986.000 0.246
2989.000 0.240
2992.000 0.238
2995.000 0.247
2998.000 0.237
3001.000 0.248
3004.000 0.244
3007.000 0.242
3010.000 0.246
3013.000 0.241
3016.000 0.238
3019.000 0.246
3022.000 0.253
3025.000 0.241
3028.000 0.247
3031.000 0.243
3034.000 0.248
3037.000 0.249
3040.000 0.247
3043.000 0.245
3046.000 0.242
3049.000 0.247
3052.000 0.240
3055.000 0.243
3058.000 0.239
3061.000 0.243
3064.000 0.242
3067.000 0.245
3070.000 0.248
3073.000 0.246
3076.000 0.243
3079.000 0.247
3082.000 0.245
3085.000 0.246
3088.000 0.249
3091.000 0.250
3094.000 0.249
3097.000 0.251
3100.000 0.258
3103.000 0.261
3106.000 0.284
3109.000 0.285
3112.000 0.291
3115.000 0.286
3118.000 0.278
3121.000 0.280
3124.000 0.287
3127.000 0.319
3130.000 0.313
3133.000 0.302
3136.000 0.291
3139.000 0.288
3142.000 0.283
3145.000 0.280
3148.000 0.275
3151.000 0.272
3154.000 0.274
3157.000 0.272
3160.000 0.274
3163.000 0.275
3166.000 0.273
3169.000 0.275
3172.000 0.274
3175.000 0.274
3178.000 0.276
3181.000 0.277
3184.000 0.278
3187.000 0.280
3190.000 0.281
3193.000 0.284
3196.000 0.300
3199.000 0.299
3202.000 0.298
3205.000 0.298
3208.000 0.295
3211.000 0.297
3214.000 0.301
3217.000 0.301
3220.000 0.304
3223.000 0.310
3226.000 0.312
3229.000 0.314
3232.000 0.318
3235.000 0.320
3238.000 0.327
3241.000 0.338
3244.000 0.339
3247.000 0.344
3250.000 0.343
3253.000 0.353
3256.000 0.361
3259.000 0.364
3262.000 0.375
3265.000 0.383
3268.000 0.396
3271.000 0.415
3274.000 0.426
3277.000 0.447
3280.000 0.526
3283.000 0.553
3286.000 0.554
3289.000 0.559
3292.000 0.576
3295.000 0.590
3298.000 0.634
3301.000 0.697
3304.000 0.725
3307.000 0.810
3310.000 0.854
3313.000 0.977
3316.000 1.199
3319.000 1.341
3322.000 1.599
3325.000 1.762
3328.000 2.196
3331.000 2.813
3334.000 3.209
3337.000 4.153
3340.000 4.721
3343.000 6.140
3346.000 6.898
3349.000 8.528
3352.000 10.166
3355.000 10.836
3358.000 11.616
3361.000 11.635
3364.000 11.030
3367.000 9.955
3370.000 9.183
3373.000 7.779
3376.000 7.258
3379.000 6.192
3382.000 5.377
3385.000 5.049
3388.000 4.703
3391.000 4.498
3394.000 4.155
3397.000 3.956
3400.000 3.920
3403.000 3.903
3406.000 3.908
3409.000 3.992
3412.000 4.173
3415.000 4.285
3418.000 4.585
3421.000 4.769
3424.000 5.223
3427.000 5.843
3430.000 6.294
3433.000 7.175
3436.000 7.677
3439.000 8.667
3442.000 9.459
3445.000 9.611
3448.000 9.381
3451.000 9.041
3454.000 8.121
3457.000 7.167
3460.000 6.758
3463.000 6.227
3466.000 5.892
3469.000 5.293
3472.000 4.790
3475.000 4.579
3478.000 4.208
3481.000 4.051
3484.000 3.786
3487.000 3.582
3490.000 3.484
3493.000 3.321
3496.000 3.257
3499.000 3.167
3502.000 3.088
3505.000 3.058
3508.000 3.014
3511.000 2.971
3514.000 2.916
3517.000 2.939
3520.000 2.951
3523.000 2.939
3526.000 2.928
3529.000 2.919
3532.000 2.941
3535.000 2.957
3538.000 2.999
3541.000 3.025
3544.000 3.092
3547.000 3.178
3550.000 3.229
3553.000 3.348
3556.000 3.413
3559.000 3.567
3562.000 3.754
3565.000 3.860
3568.000 4.092
3571.000 4.225
3574.000 4.535
3577.000 4.934
3580.000 5.170
3583.000 5.720
3586.000 6.045
3589.000 6.800
3592.000 7.665
3595.000 8.115
3598.000 8.962
3601.000 9.317
3604.000 9.854
3607.000 9.644
3610.000 9.364
3613.000 8.495
3616.000 8.014
3619.000 7.225
3622.000 6.571
3625.000 6.252
3628.000 5.659
3631.000 5.389
3634.000 4.922
3637.000 4.528
3640.000 4.363
3643.000 4.207
3646.000 4.080
3649.000 3.815
3652.000 3.580
3655.000 3.466
3658.000 3.289
3661.000 3.213
3664.000 3.065
3667.000 2.934
3670.000 2.874
3673.000 2.825
3676.000 2.841
3679.000 2.748
3682.000 2.674
3685.000 2.668
3688.000 2.599
3691.000 2.567
3694.000 2.500
3697.000 2.467
3700.000 2.449
3703.000 2.422
3706.000 2.421
3709.000 2.417
3712.000 2.410
3715.000 2.409
3718.000 2.417
3721.000 2.423
3724.000 2.441
3727.000 2.458
3730.000 2.494
3733.000 2.544
3736.000 2.574
3739.000 2.637
3742.000 2.676
3745.000 2.764
3748.000 2.861
3751.000 2.931
3754.000 3.053
3757.000 3.125
3760.000 3.283
3763.000 3.466
3766.000 3.574
3769.000 3.815
3772.000 3.952
3775.000 4.291
3778.000 4.701
3781.000 4.953
3784.000 5.487
3787.000 5.783
3790.000 6.405
3793.000 6.976
3796.000 7.186
3799.000 7.378
3802.000 7.349
3805.000 6.969
3808.000 6.527
3811.000 6.299
3814.000 5.807
3817.000 5.549
3820.000 5.035
3823.000 4.642
3826.000 4.487
3829.000 4.093
3832.000 3.913
3835.000 3.589
3838.000 3.312
3841.000 3.194
3844.000 2.968
3847.000 2.872
3850.000 2.729
3853.000 2.673
3856.000 2.628
3859.000 2.477
3862.000 2.417
3865.000 2.325
3868.000 2.255
3871.000 2.215
3874.000 2.138
3877.000 2.104
3880.000 2.052
3883.000 1.996
3886.000 1.975
3889.000 1.959
3892.000 1.946
3895.000 1.915
3898.000 1.910
3901.000 1.915
3904.000 1.966
3907.000 1.962
3910.000 1.965
3913.000 1.970
3916.000 1.968
3919.000 1.975
3922.000 1.987
3925.000 2.017
3928.000 2.049
3931.000 2.066
3934.000 2.181
3937.000 2.198
3940.000 2.255
3943.000 2.305
3946.000 2.337
3949.000 2.433
3952.000 2.482
3955.000 2.592
3958.000 2.821
3961.000 2.899
3964.000 3.052
3967.000 3.154
3970.000 3.384
3973.000 3.636
3976.000 3.782
3979.000 4.109
3982.000 4.304
3985.000 4.741
3988.000 5.291
3991.000 5.603
3994.000 6.282
3997.000 6.667
4000.000 7.381
4003.000 7.968
4006.000 8.137
4009.000 8.125
4012.000 7.964
4015.000 7.519
4018.000 6.883
4021.000 6.626
4024.000 6.101
4027.000 5.824
4030.000 5.376
4033.000 5.024
4036.000 4.836
4039.000 4.508
4042.000 4.367
4045.000 4.120
4048.000 3.908
4051.000 3.834
4054.000 3.681
4057.000 3.616
4060.000 3.524
4063.000 3.479
4066.000 3.506
4069.000 3.421
4072.000 3.412
4075.000 3.415
4078.000 3.414
4081.000 3.447
4084.000 3.443
4087.000 3.458
4090.000 3.497
4093.000 3.530
4096.000 3.600
4099.000 3.695
4102.000 3.746
4105.000 3.849
4108.000 3.903
4111.000 3.965
4114.000 3.948
4117.000 3.908
4120.000 3.744
4123.000 3.641
4126.000 3.315
4129.000 2.955
4132.000 2.766
4135.000 2.406
4138.000 2.238
4141.000 1.949
4144.000 1.756
4147.000 1.639
4150.000 1.421
4153.000 1.325
4156.000 1.162
4159.000 1.015
4162.000 0.947
4165.000 0.822
4168.000 0.761
4171.000 0.656
4174.000 0.571
4177.000 0.537
4180.000 0.487
4183.000 0.464
4186.000 0.415
4189.000 0.375
4192.000 0.358
4195.000 0.328
4198.000 0.314
4201.000 0.291
4204.000 0.274
4207.000 0.267
4210.000 0.254
4213.000 0.248
4216.000 0.237
4219.000 0.229
4222.000 0.226
4225.000 0.220
4228.000 0.218
4231.000 0.213
4234.000 0.209
4237.000 0.207
4240.000 0.205
4243.000 0.203
4246.000 0.202
4249.000 0.206
4252.000 0.207
4255.000 0.206
4258.000 0.205
4261.000 0.202
4264.000 0.203
4267.000 0.201
4270.000 0.202
4273.000 0.202
4276.000 0.201
4279.000 0.200
4282.000 0.200
4285.000 0.200
4288.000 0.201
4291.000 0.199
4294.000 0.199
4297.000 0.199
4300.000 0.201
4303.000 0.200
4306.000 0.199
4309.000 0.200
4312.000 0.199
4315.000 0.200
4318.000 0.200
4321.000 0.200
4324.000 0.200
4327.000 0.199
4330.000 0.199
4333.000 0.200
4336.000 0.199
4339.000 0.201
4342.000 0.200
4345.000 0.200
4348.000 0.202
4351.000 0.203
4354.000 0.203
4357.000 0.204
4360.000 0.204
4363.000 0.206
4366.000 0.206
4369.000 0.207
4372.000 0.209
4375.000 0.209
4378.000 0.210
4381.000 0.210
4384.000 0.212
4387.000 0.212
4390.000 0.216
4393.000 0.216
4396.000 0.219
4399.000 0.222
4402.000 0.223
4405.000 0.228
4408.000 0.229
4411.000 0.240
4414.000 0.243
4417.000 0.255
4420.000 0.263
4423.000 0.268
4426.000 0.279
4429.000 0.286
4432.000 0.311
4435.000 0.333
4438.000 0.351
4441.000 0.390
4444.000 0.416
4447.000 0.472
4450.000 0.542
4453.000 0.588
4456.000 0.677
4459.000 0.728
4462.000 0.878
4465.000 1.082
4468.000 1.207
4471.000 1.521
4474.000 1.692
4477.000 2.019
4480.000 2.268
4483.000 2.325
4486.000 2.307
4489.000 2.209
4492.000 1.921
4495.000 1.637
4498.000 1.542
4501.000 1.320
4504.000 1.228
4507.000 1.076
4510.000 0.986
4513.000 0.960
4516.000 0.918
4519.000 0.893
4522.000 0.854
4525.000 0.835
4528.000 0.822
4531.000 0.790
4534.000 0.775
4537.000 0.760
4540.000 0.762
4543.000 0.753
4546.000 0.763
4549.000 0.761
4552.000 0.749
4555.000 0.726
4558.000 0.711
4561.000 0.699
4564.000 0.750
4567.000 0.801
4570.000 0.772
4573.000 0.758
4576.000 0.733
4579.000 0.723
4582.000 0.711
4585.000 0.708
4588.000 0.723
4591.000 0.768
4594.000 0.788
4597.000 0.786
4600.000 0.811
4603.000 0.818
4606.000 0.813
4609.000 0.809
4612.000 0.806
4615.000 0.809
4618.000 0.823
4621.000 0.845
4624.000 0.859
4627.000 0.890
4630.000 0.918
4633.000 0.969
4636.000 1.018
4639.000 1.049
4642.000 1.121
4645.000 1.162
4648.000 1.253
4651.000 1.349
4654.000 1.395
4657.000 1.367
4660.000 1.346
4663.000 1.267
4666.000 1.135
4669.000 1.056
4672.000 0.895
4675.000 0.820
4678.000 0.684
4681.000 0.568
4684.000 0.517
4687.000 0.454
4690.000 0.470
4693.000 0.591
4696.000 0.534
4699.000 0.470
4702.000 0.378
4705.000 0.342
4708.000 0.294
4711.000 0.260
4714.000 0.246
4717.000 0.232
4720.000 0.232
4723.000 0.245
4726.000 0.243
4729.000 0.243
4732.000 0.242
4735.000 0.245
4738.000 0.247
4741.000 0.301
4744.000 0.310
4747.000 0.309
4750.000 0.309
4753.000 0.304
4756.000 0.310
4759.000 0.308
4762.000 0.343
4765.000 0.356
4768.000 0.357
4771.000 0.363
4774.000 0.367
4777.000 0.374
4780.000 0.380
4783.000 0.401
4786.000 0.422
4789.000 0.439
4792.000 0.474
4795.000 0.510
4798.000 0.579
4801.000 0.644
4804.000 0.681
4807.000 0.776
4810.000 0.823
4813.000 0.886
4816.000 0.912
4819.000 0.901
4822.000 0.847
4825.000 0.811
4828.000 0.746
4831.000 0.708
4834.000 0.692
4837.000 0.667
4840.000 0.648
4843.000 0.612
4846.000 0.579
4849.000 0.566
4852.000 0.551
4855.000 0.540
4858.000 0.533
4861.000 0.525
4864.000 0.522
4867.000 0.514
4870.000 0.514
4873.000 0.514
4876.000 0.509
4879.000 0.507
4882.000 0.511
4885.000 0.529
4888.000 0.533
4891.000 0.532
4894.000 0.534
4897.000 0.532
4900.000 0.597
4903.000 0.619
4906.000 0.618
4909.000 0.610
4912.000 0.603
4915.000 0.595
4918.000 0.567
4921.000 0.520
4924.000 0.488
4927.000 0.432
4930.000 0.402
4933.000 0.348
4936.000 0.307
4939.000 0.300
4942.000 0.291
4945.000 0.287
4948.000 0.282
4951.000 0.284
4954.000 0.337
4957.000 0.328
4960.000 0.332
4963.000 0.327
4966.000 0.335
4969.000 0.332
4972.000 0.328
4975.000 0.325
4978.000 0.320
4981.000 0.315
4984.000 0.343
4987.000 0.339
4990.000 0.335
4993.000 0.328
4996.000 0.336
4999.000 0.320
5002.000 0.333
5005.000 0.339
5008.000 0.343
5011.000 0.338
5014.000 0.341
5017.000 0.381
5020.000 0.360
5023.000 0.356
5026.000 0.382
5029.000 0.362
5032.000 0.362
5035.000 0.354
5038.000 0.347
5041.000 0.349
5044.000 0.364
5047.000 0.381
5050.000 0.376
5053.000 0.362
5056.000 0.363
5059.000 0.352
5062.000 0.351
5065.000 0.346
5068.000 0.340
5071.000 0.339
5074.000 0.339
5077.000 0.342
5080.000 0.339
5083.000 0.340
5086.000 0.337
5089.000 0.338
5092.000 0.340
5095.000 0.339
5098.000 0.397
5101.000 0.395
5104.000 0.379
5107.000 0.365
5110.000 0.359
5113.000 0.351
5116.000 0.350
5119.000 0.346
5122.000 0.343
5125.000 0.340
5128.000 0.337
5131.000 0.334
5134.000 0.334
5137.000 0.334
5140.000 0.338
5143.000 0.333
5146.000 0.331
5149.000 0.331
5152.000 0.330
5155.000 0.329
5158.000 0.328
5161.000 0.328
5164.000 0.328
5167.000 0.329
5170.000 0.329
5173.000 0.326
5176.000 0.330
5179.000 0.329
5182.000 0.330
5185.000 0.332
5188.000 0.329
5191.000 0.329
5194.000 0.333
5197.000 0.333
5200.000 0.334
5203.000 0.330
5206.000 0.330
5209.000 0.331
5212.000 0.332
5215.000 0.334
5218.000 0.336
5221.000 0.336
5224.000 0.337
5227.000 0.337
5230.000 0.338
5233.000 0.340
5236.000 0.337
5239.000 0.341
5242.000 0.344
5245.000 0.341
5248.000 0.343
5251.000 0.343
5254.000 0.343
5257.000 0.343
5260.000 0.347
5263.000 0.346
5266.000 0.347
5269.000 0.349
5272.000 0.350
5275.000 0.352
5278.000 0.350
5281.000 0.351
5284.000 0.349
5287.000 0.352
5290.000 0.352
5293.000 0.354
5296.000 0.354
5299.000 0.352
5302.000 0.355
5305.000 0.355
5308.000 0.351
5311.000 0.355
5314.000 0.355
5317.000 0.358
5320.000 0.358
5323.000 0.361
5326.000 0.354
5329.000 0.356
5332.000 0.355
5335.000 0.356
5338.000 0.355
5341.000 0.352
5344.000 0.352
5347.000 0.353
5350.000 0.357
5353.000 0.353
5356.000 0.355
5359.000 0.354
5362.000 0.351
5365.000 0.353
5368.000 0.350
5371.000 0.349
5374.000 0.351
5377.000 0.352
5380.000 0.352
5383.000 0.351
5386.000 0.353
5389.000 0.353
5392.000 0.352
5395.000 0.348
5398.000 0.350
5401.000 0.355
5404.000 0.352
5407.000 0.352
5410.000 0.351
5413.000 0.349
5416.000 0.354
5419.000 0.353
5422.000 0.352
5425.000 0.352
5428.000 0.353
5431.000 0.351
5434.000 0.351
5437.000 0.354
5440.000 0.351
5443.000 0.350
5446.000 0.350
5449.000 0.352
5452.000 0.354
5455.000 0.355
5458.000 0.357
5461.000 0.355
5464.000 0.355
5467.000 0.356
5470.000 0.356
5473.000 0.353
5476.000 0.355
5479.000 0.355
5482.000 0.357
5485.000 0.355
5488.000 0.355
5491.000 0.356
5494.000 0.357
5497.000 0.358
5500.000 0.357
5503.000 0.355
5506.000 0.356
5509.000 0.354
5512.000 0.356
5515.000 0.367
5518.000 0.376
5521.000 0.368
5524.000 0.375
5527.000 0.369
5530.000 0.361
5533.000 0.363
5536.000 0.361
5539.000 0.357
5542.000 0.358
5545.000 0.371
5548.000 0.368
5551.000 0.365
5554.000 0.360
5557.000 0.360
5560.000 0.358
5563.000 0.357
5566.000 0.365
5569.000 0.369
5572.000 0.366
5575.000 0.361
5578.000 0.361
5581.000 0.359
5584.000 0.361
5587.000 0.357
5590.000 0.359
5593.000 0.358
5596.000 0.356
5599.000 0.361
5602.000 0.362
5605.000 0.360
5608.000 0.362
5611.000 0.360
5614.000 0.358
5617.000 0.361
5620.000 0.363
5623.000 0.360
5626.000 0.361
5629.000 0.359
5632.000 0.355
5635.000 0.359
5638.000 0.359
5641.000 0.362
5644.000 0.358
5647.000 0.358
5650.000 0.361
5653.000 0.359
5656.000 0.362
5659.000 0.360
5662.000 0.361
5665.000 0.366
5668.000 0.373
5671.000 0.369
5674.000 0.368
5677.000 0.366
5680.000 0.362
5683.000 0.362
5686.000 0.360
5689.000 0.363
5692.000 0.362
5695.000 0.365
5698.000 0.364
5701.000 0.361
5704.000 0.362
5707.000 0.363
5710.000 0.362
5713.000 0.363
5716.000 0.362
5719.000 0.364
5722.000 0.363
5725.000 0.364
5728.000 0.362
5731.000 0.365
5734.000 0.367
5737.000 0.361
5740.000 0.366
5743.000 0.362
5746.000 0.367
5749.000 0.366
5752.000 0.367
5755.000 0.366
5758.000 0.366
5761.000 0.366
5764.000 0.365
5767.000 0.365
5770.000 0.362
5773.000 0.368
5776.000 0.365
5779.000 0.365
5782.000 0.366
5785.000 0.365
5788.000 0.366
5791.000 0.368
5794.000 0.367
5797.000 0.363
5800.000 0.366
5803.000 0.369
5806.000 0.365
5809.000 0.367
5812.000 0.366
5815.000 0.366
5818.000 0.363
5821.000 0.362
5824.000 0.364
5827.000 0.362
5830.000 0.367
5833.000 0.367
5836.000 0.372
5839.000 0.370
5842.000 0.371
5845.000 0.372
5848.000 0.368
5851.000 0.369
5854.000 0.370
5857.000 0.366
5860.000 0.371
5863.000 0.371
5866.000 0.378
5869.000 0.374
5872.000 0.373
5875.000 0.375
5878.000 0.373
5881.000 0.382
5884.000 0.386
5887.000 0.383
5890.000 0.396
5893.000 0.397
5896.000 0.391
5899.000 0.391
5902.000 0.383
5905.000 0.380
5908.000 0.378
5911.000 0.374
5914.000 0.424
5917.000 0.409
5920.000 0.391
5923.000 0.380
5926.000 0.384
5929.000 0.388
5932.000 0.381
5935.000 0.382
5938.000 0.378
5941.000 0.382
5944.000 0.379
5947.000 0.376
5950.000 0.373
5953.000 0.373
5956.000 0.380
5959.000 0.381
5962.000 0.371
5965.000 0.377
5968.000 0.374
5971.000 0.377
5974.000 0.378
5977.000 0.377
5980.000 0.372
5983.000 0.379
5986.000 0.374
5989.000 0.377
5992.000 0.385
5995.000 0.384
5998.000 0.380
6001.000 0.376
6004.000 0.380
6007.000 0.384
6010.000 0.380
6013.000 0.377
6016.000 0.391
6019.000 0.381
6022.000 0.406
6025.000 0.391
6028.000 0.403
6031.000 0.385
6034.000 0.381
6037.000 0.382
6040.000 0.380
6043.000 0.379
6046.000 0.380
6049.000 0.384
6052.000 0.381
6055.000 0.384
6058.000 0.378
6061.000 0.382
6064.000 0.378
6067.000 0.382
6070.000 0.385
6073.000 0.382
6076.000 0.378
6079.000 0.380
6082.000 0.376
6085.000 0.376
6088.000 0.378
6091.000 0.384
6094.000 0.383
6097.000 0.379
6100.000 0.382
6103.000 0.379
6106.000 0.381
6109.000 0.376
6112.000 0.379
6115.000 0.375
6118.000 0.378
6121.000 0.376
6124.000 0.377
6127.000 0.376
6130.000 0.378
6133.000 0.378
6136.000 0.383
6139.000 0.385
6142.000 0.382
6145.000 0.380
6148.000 0.379
6151.000 0.377
6154.000 0.379
6157.000 0.380
6160.000 0.378
6163.000 0.378
6166.000 0.390
6169.000 0.392
6172.000 0.384
6175.000 0.382
6178.000 0.380
6181.000 0.378
6184.000 0.377
6187.000 0.382
6190.000 0.382
6193.000 0.380
6196.000 0.383
6199.000 0.379
6202.000 0.379
6205.000 0.378
6208.000 0.380
6211.000 0.381
6214.000 0.378
6217.000 0.376
6220.000 0.378
6223.000 0.381
6226.000 0.385
6229.000 0.382
6232.000 0.381
6235.000 0.381
6238.000 0.379
6241.000 0.389
6244.000 0.388
6247.000 0.385
6250.000 0.382
6253.000 0.380
6256.000 0.383
6259.000 0.382
6262.000 0.382
6265.000 0.381
6268.000 0.385
6271.000 0.387
6274.000 0.385
6277.000 0.387
6280.000 0.386
6283.000 0.385
6286.000 0.392
6289.000 0.395
6292.000 0.394
6295.000 0.389
6298.000 0.387
6301.000 0.399
6304.000 0.407
6307.000 0.398
6310.000 0.412
6313.000 0.405
6316.000 0.395
6319.000 0.389
6322.000 0.389
6325.000 0.387
6328.000 0.385
6331.000 0.387
6334.000 0.385
6337.000 0.386
6340.000 0.393
6343.000 0.390
6346.000 0.392
6349.000 0.388
6352.000 0.385
6355.000 0.388
6358.000 0.391
6361.000 0.388
6364.000 0.386
6367.000 0.386
6370.000 0.387
6373.000 0.384
6376.000 0.384
6379.000 0.385
6382.000 0.387
6385.000 0.383
6388.000 0.419
6391.000 0.416
6394.000 0.415
6397.000 0.404
6400.000 0.401
6403.000 0.395
6406.000 0.392
6409.000 0.392
6412.000 0.398
6415.000 0.401
6418.000 0.395
6421.000 0.403
6424.000 0.402
6427.000 0.395
6430.000 0.389
6433.000 0.389
6436.000 0.389
6439.000 0.387
6442.000 0.389
6445.000 0.386
6448.000 0.389
6451.000 0.385
6454.000 0.382
6457.000 0.386
6460.000 0.381
6463.000 0.376
6466.000 0.382
6469.000 0.382
6472.000 0.381
6475.000 0.380
6478.000 0.383
6481.000 0.382
6484.000 0.381
6487.000 0.385
6490.000 0.386
6493.000 0.387
6496.000 0.396
6499.000 0.395
6502.000 0.396
6505.000 0.392
6508.000 0.408
6511.000 0.418
6514.000 0.413
6517.000 0.411
6520.000 0.406
6523.000 0.401
6526.000 0.397
6529.000 0.398
6532.000 0.400
6535.000 0.400
6538.000 0.398
6541.000 0.398
6544.000 0.398
6547.000 0.397
6550.000 0.400
6553.000 0.401
6556.000 0.404
6559.000 0.408
6562.000 0.408
6565.000 0.411
6568.000 0.411
6571.000 0.407
6574.000 0.415
6577.000 0.421
6580.000 0.422
6583.000 0.431
6586.000 0.433
6589.000 0.439
6592.000 0.447
6595.000 0.451
6598.000 0.462
6601.000 0.464
6604.000 0.481
6607.000 0.494
6610.000 0.506
6613.000 0.521
6616.000 0.536
6619.000 0.562
6622.000 0.595
6625.000 0.614
6628.000 0.656
6631.000 0.684
6634.000 0.746
6637.000 0.831
6640.000 0.882
6643.000 1.014
6646.000 1.099
6649.000 1.301
6652.000 1.588
6655.000 1.759
6658.000 2.195
6661.000 2.424
6664.000 2.877
6667.000 3.222
6670.000 3.315
6673.000 3.295
6676.000 3.188
6679.000 2.882
6682.000 2.635
6685.000 2.505
6688.000 2.308
6691.000 2.237
6694.000 2.132
6697.000 2.117
6700.000 2.111
6703.000 2.153
6706.000 2.199
6709.000 2.392
6712.000 2.596
6715.000 2.678
6718.000 2.872
6721.000 2.973
6724.000 3.173
6727.000 3.334
6730.000 3.382
6733.000 3.501
6736.000 3.472
6739.000 3.358
6742.000 3.238
6745.000 3.292
6748.000 3.179
6751.000 3.109
6754.000 2.981
6757.000 2.883
6760.000 2.840
6763.000 2.787
6766.000 2.754
6769.000 2.717
6772.000 2.709
6775.000 2.705
6778.000 2.725
6781.000 2.744
6784.000 2.785
6787.000 2.835
6790.000 2.870
6793.000 2.999
6796.000 3.031
6799.000 3.113
6802.000 3.220
6805.000 3.276
6808.000 3.417
6811.000 3.496
6814.000 3.652
6817.000 3.820
6820.000 3.910
6823.000 4.089
6826.000 4.168
6829.000 4.318
6832.000 4.430
6835.000 4.462
6838.000 4.474
6841.000 4.455
6844.000 4.355
6847.000 4.203
6850.000 4.107
6853.000 3.899
6856.000 3.788
6859.000 3.574
6862.000 3.369
6865.000 3.274
6868.000 3.091
6871.000 3.012
6874.000 2.862
6877.000 2.732
6880.000 2.677
6883.000 2.570
6886.000 2.522
6889.000 2.442
6892.000 2.381
6895.000 2.350
6898.000 2.308
6901.000 2.292
6904.000 2.293
6907.000 2.305
6910.000 2.288
6913.000 2.278
6916.000 2.305
6919.000 2.294
6922.000 2.325
6925.000 2.320
6928.000 2.346
6931.000 2.371
6934.000 2.436
6937.000 2.465
6940.000 2.544
6943.000 2.642
6946.000 2.745
6949.000 2.825
6952.000 2.872
6955.000 2.964
6958.000 3.121
6961.000 3.188
6964.000 3.338
6967.000 3.381
6970.000 3.612
6973.000 3.715
6976.000 3.749
6979.000 3.789
6982.000 3.807
6985.000 3.759
6988.000 3.650
6991.000 3.605
6994.000 3.479
6997.000 3.423
7000.000 3.310
7003.000 3.209
7006.000 3.141
7009.000 3.009
7012.000 2.937
7015.000 2.865
7018.000 2.767
7021.000 2.729
7024.000 2.666
7027.000 2.627
7030.000 2.580
7033.000 2.607
7036.000 2.576
7039.000 2.523
7042.000 2.498
7045.000 2.467
7048.000 2.453
7051.000 2.440
7054.000 2.446
7057.000 2.455
7060.000 2.468
7063.000 2.480
7066.000 2.500
7069.000 2.539
7072.000 2.563
7075.000 2.614
7078.000 2.675
7081.000 2.708
7084.000 2.784
7087.000 2.833
7090.000 2.923
7093.000 3.028
7096.000 3.083
7099.000 3.206
7102.000 3.278
7105.000 3.423
7108.000 3.590
7111.000 3.672
7114.000 3.919
7117.000 4.029
7120.000 4.192
7123.000 4.356
7126.000 4.443
7129.000 4.629
7132.000 4.699
7135.000 4.810
7138.000 4.930
7141.000 4.967
7144.000 4.988
7147.000 4.993
7150.000 4.956
7153.000 4.890
7156.000 4.834
7159.000 4.718
7162.000 4.659
7165.000 4.525
7168.000 4.386
7171.000 4.330
7174.000 4.196
7177.000 4.131
7180.000 4.002
7183.000 3.873
7186.000 3.808
7189.000 3.678
7192.000 3.613
7195.000 3.481
7198.000 3.318
7201.000 3.241
7204.000 3.087
7207.000 2.990
7210.000 4.158
7213.000 3.900
7216.000 3.501
7219.000 2.858
7222.000 2.572
7225.000 2.068
7228.000 1.755
7231.000 1.723
7234.000 1.509
7237.000 1.421
7240.000 1.293
7243.000 1.189
7246.000 1.122
7249.000 1.016
7252.000 0.970
7255.000 0.893
7258.000 0.828
7261.000 0.801
7264.000 0.744
7267.000 0.751
7270.000 0.712
7273.000 0.670
7276.000 0.629
7279.000 0.585
7282.000 0.567
7285.000 0.534
7288.000 0.527
7291.000 0.506
7294.000 0.489
7297.000 0.481
7300.000 0.470
7303.000 0.466
7306.000 0.460
7309.000 0.449
7312.000 0.444
7315.000 0.437
7318.000 0.433
7321.000 0.432
7324.000 0.427
7327.000 0.425
7330.000 0.423
7333.000 0.421
7336.000 0.421
7339.000 0.421
7342.000 0.420
7345.000 0.421
7348.000 0.422
7351.000 0.425
7354.000 0.435
7357.000 0.429
7360.000 0.421
7363.000 0.431
7366.000 0.428
7369.000 0.422
7372.000 0.420
7375.000 0.416
7378.000 0.419
7381.000 0.420
7384.000 0.423
7387.000 0.424
7390.000 0.432
7393.000 0.428
7396.000 0.428
7399.000 0.430
7402.000 0.430
7405.000 0.434
7408.000 0.436
7411.000 0.439
7414.000 0.446
7417.000 0.447
7420.000 0.450
7423.000 0.456
7426.000 0.461
7429.000 0.470
7432.000 0.475
7435.000 0.485
7438.000 0.487
7441.000 0.498
7444.000 0.511
7447.000 0.516
7450.000 0.533
7453.000 0.540
7456.000 0.556
7459.000 0.577
7462.000 0.584
7465.000 0.610
7468.000 0.614
7471.000 0.637
7474.000 0.656
7477.000 0.666
7480.000 0.687
7483.000 0.699
7486.000 0.731
7489.000 0.792
7492.000 0.795
7495.000 0.843
7498.000 0.864
7501.000 0.910
7504.000 0.966
7507.000 0.992
7510.000 1.049
7513.000 1.104
7516.000 1.189
7519.000 1.279
7522.000 1.311
7525.000 1.369
7528.000 1.385
7531.000 1.406
7534.000 1.388
7537.000 1.366
7540.000 1.292
7543.000 1.251
7546.000 1.159
7549.000 1.062
7552.000 1.016
7555.000 0.934
7558.000 0.897
7561.000 0.826
7564.000 0.772
7567.000 0.747
7570.000 0.718
7573.000 0.725
7576.000 0.679
7579.000 0.637
7582.000 0.605
7585.000 0.580
7588.000 0.567
7591.000 0.540
7594.000 0.522
7597.000 0.512
7600.000 0.496
7603.000 0.488
7606.000 0.474
7609.000 0.470
7612.000 0.463
7615.000 0.447
7618.000 0.442
7621.000 0.434
7624.000 0.423
7627.000 0.417
7630.000 0.407
7633.000 0.405
7636.000 0.398
7639.000 0.399
7642.000 0.399
7645.000 0.404
7648.000 0.412
7651.000 0.422
7654.000 0.430
7657.000 0.451
7660.000 0.478
7663.000 0.494
7666.000 0.541
7669.000 0.566
7672.000 0.611
7675.000 0.630
7678.000 0.661
7681.000 0.672
7684.000 0.669
7687.000 0.660
7690.000 0.657
7693.000 0.654
7696.000 0.648
7699.000 0.640
7702.000 0.633
7705.000 0.621
7708.000 0.618
7711.000 0.614
7714.000 0.610
7717.000 0.605
7720.000 0.604
7723.000 0.603
7726.000 0.606
7729.000 0.603
7732.000 0.605
7735.000 0.612
7738.000 0.615
7741.000 0.620
7744.000 0.623
7747.000 0.629
7750.000 0.649
7753.000 0.649
7756.000 0.667
7759.000 0.674
7762.000 0.704
7765.000 0.737
7768.000 0.745
7771.000 0.770
7774.000 0.784
7777.000 0.813
7780.000 0.839
7783.000 0.855
7786.000 0.889
7789.000 0.900
7792.000 0.920
7795.000 0.940
7798.000 0.918
7801.000 0.883
7804.000 0.855
7807.000 0.792
7810.000 0.715
7813.000 0.685
7816.000 0.622
7819.000 0.592
7822.000 0.542
7825.000 0.502
7828.000 0.487
7831.000 0.454
7834.000 0.436
7837.000 0.419
7840.000 0.395
7843.000 0.385
7846.000 0.362
7849.000 0.354
7852.000 0.332
7855.000 0.313
7858.000 0.305
7861.000 0.279
7864.000 0.264
7867.000 0.234
7870.000 0.209
7873.000 0.196
7876.000 0.183
7879.000 0.184
7882.000 0.190
7885.000 0.215
7888.000 0.229
7891.000 0.262
7894.000 0.280
7897.000 0.310
7900.000 0.336
7903.000 0.341
7906.000 0.362
7909.000 0.366
7912.000 0.364
7915.000 0.364
7918.000 0.358
7921.000 0.363
7924.000 0.364
7927.000 0.362
7930.000 0.364
7933.000 0.365
7936.000 0.363
7939.000 0.361
7942.000 0.362
7945.000 0.361
7948.000 0.365
7951.000 0.361
7954.000 0.360
7957.000 0.360
7960.000 0.363
7963.000 0.370
7966.000 0.357
7969.000 0.356
7972.000 0.362
7975.000 0.366
7978.000 0.364
7981.000 0.360
7984.000 0.368
7987.000 0.364
7990.000 0.373
7993.000 0.369
7996.000 0.361
7999.000 0.370
8002.000 0.373
8005.000 0.372
8008.000 0.369
8011.000 0.371
8014.000 0.365
8017.000 0.371
8020.000 0.368
8023.000 0.371
8026.000 0.373
8029.000 0.380
8032.000 0.367
8035.000 0.367
8038.000 0.369
8041.000 0.365
8044.000 0.364
8047.000 0.371
8050.000 0.363
8053.000 0.369
8056.000 0.366
8059.000 0.368
8062.000 0.365
8065.000 0.370
8068.000 0.367
8071.000 0.369
8074.000 0.367
8077.000 0.369
8080.000 0.369
8083.000 0.367
8086.000 0.371
8089.000 0.368
8092.000 0.369
8095.000 0.369
8098.000 0.364
8101.000 0.365
8104.000 0.369
8107.000 0.367
8110.000 0.366
8113.000 0.365
8116.000 0.368
8119.000 0.369
8122.000 0.370
8125.000 0.367
8128.000 0.368
8131.000 0.368
8134.000 0.369
8137.000 0.368
8140.000 0.369
8143.000 0.369
8146.000 0.369
8149.000 0.370
8152.000 0.368
8155.000 0.368
8158.000 0.369
8161.000 0.368
8164.000 0.370
8167.000 0.372
8170.000 0.372
8173.000 0.370
8176.000 0.370
8179.000 0.371
8182.000 0.370
8185.000 0.368
8188.000 0.372
8191.000 0.370
8194.000 0.369
8197.000 0.370
8200.000 0.369
8203.000 0.370
8206.000 0.367
8209.000 0.367
8212.000 0.368
8215.000 0.372
8218.000 0.370
8221.000 0.372
8224.000 0.372
8227.000 0.370
8230.000 0.367
8233.000 0.371
8236.000 0.372
8239.000 0.371
8242.000 0.376
8245.000 0.375
8248.000 0.390
8251.000 0.385
8254.000 0.382
8257.000 0.381
8260.000 0.378
8263.000 0.380
8266.000 0.375
8269.000 0.377
8272.000 0.374
8275.000 0.376
8278.000 0.374
8281.000 0.380
8284.000 0.380
8287.000 0.381
8290.000 0.385
8293.000 0.392
8296.000 0.386
8299.000 0.386
8302.000 0.385
8305.000 0.380
8308.000 0.379
8311.000 0.379
8314.000 0.382
8317.000 0.391
8320.000 0.394
8323.000 0.388
8326.000 0.387
8329.000 0.387
8332.000 0.381
8335.000 0.378
8338.000 0.381
8341.000 0.379
8344.000 0.378
8347.000 0.380
8350.000 0.378
8353.000 0.379
8356.000 0.378
8359.000 0.374
8362.000 0.372
8365.000 0.375
8368.000 0.377
8371.000 0.375
8374.000 0.377
8377.000 0.378
8380.000 0.379
8383.000 0.378
8386.000 0.378
8389.000 0.377
8392.000 0.378
8395.000 0.381
8398.000 0.380
8401.000 0.378
8404.000 0.377
8407.000 0.376
8410.000 0.376
8413.000 0.378
8416.000 0.380
8419.000 0.385
8422.000 0.390
8425.000 0.392
8428.000 0.389
8431.000 0.387
8434.000 0.385
8437.000 0.382
8440.000 0.380
8443.000 0.382
8446.000 0.380
8449.000 0.378
8452.000 0.383
8455.000 0.382
8458.000 0.381
8461.000 0.382
8464.000 0.380
8467.000 0.378
8470.000 0.378
8473.000 0.380
8476.000 0.379
8479.000 0.378
8482.000 0.397
8485.000 0.401
8488.000 0.395
8491.000 0.397
8494.000 0.391
8497.000 0.389
8500.000 0.385
8503.000 0.386
8506.000 0.385
8509.000 0.386
8512.000 0.386
8515.000 0.382
8518.000 0.382
8521.000 0.386
8524.000 0.395
8527.000 0.391
8530.000 0.389
8533.000 0.388
8536.000 0.387
8539.000 0.385
8542.000 0.383
8545.000 0.385
8548.000 0.382
8551.000 0.382
8554.000 0.385
8557.000 0.387
8560.000 0.387
8563.000 0.384
8566.000 0.382
8569.000 0.382
8572.000 0.381
8575.000 0.382
8578.000 0.384
8581.000 0.385
8584.000 0.384
8587.000 0.384
8590.000 0.384
8593.000 0.384
8596.000 0.383
8599.000 0.382
8602.000 0.381
8605.000 0.384
8608.000 0.383
8611.000 0.385
8614.000 0.383
8617.000 0.385
8620.000 0.383
8623.000 0.386
8626.000 0.387
8629.000 0.387
8632.000 0.386
8635.000 0.384
8638.000 0.386
8641.000 0.386
8644.000 0.386
8647.000 0.388
8650.000 0.391
8653.000 0.391
8656.000 0.391
8659.000 0.387
8662.000 0.390
8665.000 0.388
8668.000 0.391
8671.000 0.394
8674.000 0.390
8677.000 0.390
8680.000 0.403
8683.000 0.399
8686.000 0.402
8689.000 0.400
8692.000 0.395
8695.000 0.395
8698.000 0.394
8701.000 0.409
8704.000 0.404
8707.000 0.401
8710.000 0.400
8713.000 0.395
8716.000 0.395
8719.000 0.393
8722.000 0.397
8725.000 0.394
8728.000 0.395
8731.000 0.394
8734.000 0.396
8737.000 0.393
8740.000 0.389
8743.000 0.392
8746.000 0.391
8749.000 0.394
8752.000 0.393
8755.000 0.395
8758.000 0.396
8761.000 0.396
8764.000 0.398
8767.000 0.396
8770.000 0.392
8773.000 0.394
8776.000 0.394
8779.000 0.396
8782.000 0.395
8785.000 0.396
8788.000 0.393
8791.000 0.393
8794.000 0.395
8797.000 0.395
8800.000 0.393
8803.000 0.395
8806.000 0.393
8809.000 0.398
8812.000 0.392
8815.000 0.394
8818.000 0.386
8821.000 0.385
8824.000 0.385
8827.000 0.395
8830.000 0.428
8833.000 0.411
8836.000 0.416
8839.000 0.399
8842.000 0.406
8845.000 0.400
8848.000 0.402
8851.000 0.399
8854.000 0.403
8857.000 0.401
8860.000 0.396
8863.000 0.400
8866.000 0.399
8869.000 0.401
8872.000 0.398
8875.000 0.398
8878.000 0.397
8881.000 0.399
8884.000 0.398
8887.000 0.396
8890.000 0.398
8893.000 0.398
8896.000 0.398
8899.000 0.399
8902.000 0.398
8905.000 0.395
8908.000 0.397
8911.000 0.399
8914.000 0.394
8917.000 0.396
8920.000 0.400
8923.000 0.398
8926.000 0.397
8929.000 0.400
8932.000 0.402
8935.000 0.399
8938.000 0.399
8941.000 0.400
8944.000 0.396
8947.000 0.400
8950.000 0.402
8953.000 0.400
8956.000 0.401
8959.000 0.401
8962.000 0.397
8965.000 0.399
8968.000 0.396
8971.000 0.399
8974.000 0.403
8977.000 0.400
8980.000 0.399
8983.000 0.400
8986.000 0.398
8989.000 0.404
8992.000 0.402
8995.000 0.407
8998.000 0.397
9001.000 0.407
9004.000 0.405
9007.000 0.406
9010.000 0.405
9013.000 0.397
9016.000 0.400
9019.000 0.397
9022.000 0.406
9025.000 0.406
9028.000 0.400
9031.000 0.403
9034.000 0.398
9037.000 0.396
9040.000 0.400
9043.000 0.402
9046.000 0.418
9049.000 0.414
9052.000 0.408
9055.000 0.406
9058.000 0.408
9061.000 0.414
9064.000 0.407
9067.000 0.404
9070.000 0.405
9073.000 0.406
9076.000 0.405
9079.000 0.405
9082.000 0.414
9085.000 0.408
9088.000 0.411
9091.000 0.408
9094.000 0.406
9097.000 0.402
9100.000 0.401
9103.000 0.400
9106.000 0.403
9109.000 0.401
9112.000 0.401
9115.000 0.403
9118.000 0.398
9121.000 0.407
9124.000 0.403
9127.000 0.403
9130.000 0.401
9133.000 0.402
9136.000 0.404
9139.000 0.403
9142.000 0.400
9145.000 0.402
9148.000 0.401
9151.000 0.400
9154.000 0.403
9157.000 0.402
9160.000 0.400
9163.000 0.400
9166.000 0.402
9169.000 0.402
9172.000 0.401
9175.000 0.399
9178.000 0.402
9181.000 0.401
9184.000 0.404
9187.000 0.403
9190.000 0.407
9193.000 0.407
9196.000 0.403
9199.000 0.400
9202.000 0.400
9205.000 0.401
9208.000 0.405
9211.000 0.403
9214.000 0.403
9217.000 0.404
9220.000 0.402
9223.000 0.403
9226.000 0.405
9229.000 0.404
9232.000 0.403
9235.000 0.406
9238.000 0.404
9241.000 0.402
9244.000 0.404
9247.000 0.402
9250.000 0.403
9253.000 0.406
9256.000 0.404
9259.000 0.404
9262.000 0.405
9265.000 0.403
9268.000 0.410
9271.000 0.408
9274.000 0.407
9277.000 0.412
9280.000 0.412
9283.000 0.408
9286.000 0.406
9289.000 0.405
9292.000 0.405
9295.000 0.403
9298.000 0.404
9301.000 0.405
9304.000 0.406
9307.000 0.407
9310.000 0.405
9313.000 0.404
9316.000 0.405
9319.000 0.405
9322.000 0.404
9325.000 0.406
9328.000 0.407
9331.000 0.409
9334.000 0.407
9337.000 0.405
9340.000 0.405
9343.000 0.405
9346.000 0.407
9349.000 0.411
9352.000 0.409
9355.000 0.407
9358.000 0.408
9361.000 0.408
9364.000 0.407
9367.000 0.406
9370.000 0.406
9373.000 0.407
9376.000 0.405
9379.000 0.409
9382.000 0.405
9385.000 0.408
9388.000 0.406
9391.000 0.407
9394.000 0.405
9397.000 0.405
9400.000 0.407
9403.000 0.410
9406.000 0.406
9409.000 0.405
9412.000 0.406
9415.000 0.407
9418.000 0.408
9421.000 0.409
9424.000 0.409
9427.000 0.409
9430.000 0.409
9433.000 0.407
9436.000 0.404
9439.000 0.406
9442.000 0.407
9445.000 0.405
9448.000 0.406
9451.000 0.405
9454.000 0.408
9457.000 0.405
9460.000 0.406
9463.000 0.405
9466.000 0.403
9469.000 0.407
9472.000 0.416
9475.000 0.416
9478.000 0.414
9481.000 0.414
9484.000 0.416
9487.000 0.410
9490.000 0.409
9493.000 0.407
9496.000 0.406
9499.000 0.402
9502.000 0.407
9505.000 0.409
9508.000 0.407
9511.000 0.411
9514.000 0.407
9517.000 0.404
9520.000 0.405
9523.000 0.405
9526.000 0.402
9529.000 0.399
9532.000 0.402
9535.000 0.406
9538.000 0.412
9541.000 0.406
9544.000 0.406
9547.000 0.403
9550.000 0.404
9553.000 0.404
9556.000 0.404
9559.000 0.403
9562.000 0.402
9565.000 0.401
9568.000 0.400
9571.000 0.530
9574.000 0.546
9577.000 0.560
9580.000 0.559
9583.000 0.542
9586.000 0.493
9589.000 0.474
9592.000 0.438
9595.000 0.429
9598.000 0.416
9601.000 0.409
9604.000 0.411
9607.000 0.406
9610.000 0.419
9613.000 0.421
9616.000 0.410
9619.000 0.412
9622.000 0.406
9625.000 0.404
9628.000 0.402
9631.000 0.406
9634.000 0.408
9637.000 0.401
9640.000 0.403
9643.000 0.396
9646.000 0.394
9649.000 0.395
9652.000 0.395
9655.000 0.394
9658.000 0.393
9661.000 0.395
9664.000 0.395
9667.000 0.398
9670.000 0.403
9673.000 0.401
9676.000 0.402
9679.000 0.400
9682.000 0.402
9685.000 0.403
9688.000 0.401
9691.000 0.402
9694.000 0.421
9697.000 0.421
9700.000 0.429
9703.000 0.418
9706.000 0.410
9709.000 0.412
9712.000 0.412
9715.000 0.412
9718.000 0.408
9721.000 0.408
9724.000 0.406
9727.000 0.405
9730.000 0.405
9733.000 0.405
9736.000 0.404
9739.000 0.404
9742.000 0.405
9745.000 0.406
9748.000 0.401
9751.000 0.402
9754.000 0.403
9757.000 0.404
9760.000 0.402
9763.000 0.404
9766.000 0.404
9769.000 0.403
9772.000 0.407
9775.000 0.407
9778.000 0.404
9781.000 0.406
9784.000 0.407
9787.000 0.409
9790.000 0.408
9793.000 0.410
9796.000 0.418
9799.000 0.416
9802.000 0.419
9805.000 0.421
9808.000 0.418
9811.000 0.426
9814.000 0.422
9817.000 0.417
9820.000 0.414
9823.000 0.537
9826.000 0.600
9829.000 0.602
9832.000 0.585
9835.000 0.584
9838.000 0.537
9841.000 0.492
9844.000 0.475
9847.000 0.449
9850.000 0.437
9853.000 0.425
9856.000 0.421
9859.000 0.419
9862.000 0.422
9865.000 0.422
9868.000 0.423
9871.000 0.424
9874.000 0.427
9877.000 0.434
9880.000 0.436
9883.000 0.443
9886.000 0.444
9889.000 0.447
9892.000 0.450
9895.000 0.454
9898.000 0.460
9901.000 0.473
9904.000 0.479
9907.000 0.490
9910.000 0.496
9913.000 0.510
9916.000 0.521
9919.000 0.527
9922.000 0.539
9925.000 0.544
9928.000 0.545
9931.000 0.529
9934.000 0.519
9937.000 0.476
9940.000 0.449
9943.000 0.386
9946.000 0.355
9949.000 0.309
9952.000 0.278
9955.000 0.276
9958.000 0.293
9961.000 0.310
9964.000 0.376
9967.000 0.501
9970.000 0.582
9973.000 0.786
9976.000 0.917
9979.000 1.232
9982.000 1.586
9985.000 1.788
9988.000 2.172
9991.000 2.366
9994.000 2.687
9997.000 2.892
10000.000 2.968
10003.000 3.000
10006.000 2.969
10009.000 2.847
10012.000 2.655
10015.000 2.534
10018.000 2.322
10021.000 2.204
10024.000 1.994
10027.000 1.826
10030.000 1.756
10033.000 1.645
10036.000 1.596
10039.000 1.524
10042.000 1.495
10045.000 1.499
10048.000 1.525
10051.000 1.547
10054.000 1.593
10057.000 1.640
10060.000 1.675
10063.000 1.760
10066.000 1.796
10069.000 1.871
10072.000 1.950
10075.000 1.991
10078.000 2.061
10081.000 2.088
10084.000 2.126
10087.000 2.132
10090.000 2.127
10093.000 2.027
10096.000 1.963
10099.000 1.805
10102.000 1.644
10105.000 1.568
10108.000 1.402
10111.000 1.331
10114.000 1.195
10117.000 1.079
10120.000 1.030
10123.000 0.945
10126.000 0.909
10129.000 0.843
10132.000 0.793
10135.000 0.772
10138.000 0.746
10141.000 0.733
10144.000 0.717
10147.000 0.712
10150.000 0.712
10153.000 0.715
10156.000 0.724
10159.000 0.743
10162.000 0.772
10165.000 0.790
10168.000 0.835
10171.000 0.863
10174.000 0.928
10177.000 1.014
10180.000 1.063
10183.000 1.182
10186.000 1.253
10189.000 1.423
10192.000 1.630
10195.000 1.747
10198.000 2.000
10201.000 2.134
10204.000 2.397
10207.000 2.614
10210.000 2.692
10213.000 2.760
10216.000 2.751
10219.000 2.642
10222.000 2.475
10225.000 2.383
10228.000 2.206
10231.000 2.130
10234.000 2.022
10237.000 1.931
10240.000 1.891
10243.000 1.814
10246.000 1.780
10249.000 1.717
10252.000 1.666
10255.000 1.640
10258.000 1.601
10261.000 1.579
10264.000 1.550
10267.000 1.526
10270.000 1.516
10273.000 1.499
10276.000 1.496
10279.000 1.483
10282.000 1.481
10285.000 1.477
10288.000 1.486
10291.000 1.489
10294.000 1.499
10297.000 1.510
10300.000 1.528
10303.000 1.552
10306.000 1.564
10309.000 1.602
10312.000 1.623
10315.000 1.661
10318.000 1.712
10321.000 1.744
10324.000 1.801
10327.000 1.835
10330.000 1.907
10333.000 1.997
10336.000 2.048
10339.000 2.154
10342.000 2.209
10345.000 2.335
10348.000 2.455
10351.000 2.518
10354.000 2.636
10357.000 2.691
10360.000 2.792
10363.000 2.869
10366.000 2.905
10369.000 2.929
10372.000 2.923
10375.000 2.888
10378.000 2.829
10381.000 2.792
10384.000 2.708
10387.000 2.665
10390.000 2.569
10393.000 2.489
10396.000 2.447
10399.000 2.384
10402.000 2.351
10405.000 2.297
10408.000 2.254
10411.000 2.234
10414.000 2.183
10417.000 2.159
10420.000 2.085
10423.000 1.990
10426.000 1.939
10429.000 1.832
10432.000 1.773
10435.000 1.658
10438.000 1.542
10441.000 1.483
10444.000 1.377
10447.000 1.331
10450.000 1.241
10453.000 1.166
10456.000 1.130
10459.000 1.065
10462.000 1.037
10465.000 0.985
10468.000 0.930
10471.000 0.913
10474.000 0.872
10477.000 0.855
10480.000 0.822
10483.000 0.807
10486.000 0.781
10489.000 0.805
10492.000 0.780
10495.000 0.748
10498.000 0.735
10501.000 0.718
10504.000 0.695
10507.000 0.685
10510.000 0.675
10513.000 0.672
10516.000 0.682
10519.000 0.658
10522.000 0.650
10525.000 0.650
10528.000 0.640
10531.000 0.625
10534.000 0.620
10537.000 0.617
10540.000 0.615
10543.000 0.609
10546.000 0.606
10549.000 0.602
10552.000 0.601
10555.000 0.591
10558.000 0.589
10561.000 0.618
10564.000 0.601
10567.000 0.599
10570.000 0.591
10573.000 0.590
10576.000 0.589
10579.000 0.587
10582.000 0.589
10585.000 0.589
10588.000 0.591
10591.000 0.590
10594.000 0.583
10597.000 0.586
10600.000 0.627
10603.000 0.624
10606.000 0.615
10609.000 0.605
10612.000 0.608
10615.000 0.611
10618.000 0.611
10621.000 0.629
10624.000 0.658
10627.000 0.655
10630.000 0.652
10633.000 0.654
10636.000 0.665
10639.000 0.675
10642.000 0.716
10645.000 0.756
10648.000 0.749
10651.000 0.740
10654.000 0.739
10657.000 0.738
10660.000 0.749
10663.000 0.759
10666.000 0.840
10669.000 0.846
10672.000 0.817
10675.000 0.865
10678.000 0.857
10681.000 0.827
10684.000 0.816
10687.000 0.797
10690.000 0.760
10693.000 0.731
10696.000 0.664
10699.000 0.590
10702.000 0.553
10705.000 0.475
10708.000 0.438
10711.000 0.372
10714.000 0.315
10717.000 0.290
10720.000 0.246
10723.000 0.222
10726.000 0.188
10729.000 0.160
10732.000 0.149
10735.000 0.131
10738.000 0.125
10741.000 0.113
10744.000 0.107
10747.000 0.102
10750.000 0.100
10753.000 0.095
10756.000 0.092
10759.000 0.090
10762.000 0.089
10765.000 0.088
10768.000 0.089
10771.000 0.088
10774.000 0.091
10777.000 0.092
10780.000 0.101
10783.000 0.105
10786.000 0.120
10789.000 0.140
10792.000 0.152
10795.000 0.185
10798.000 0.207
10801.000 0.268
10804.000 0.352
10807.000 0.407
10810.000 0.534
10813.000 0.603
10816.000 0.733
10819.000 0.834
10822.000 0.881
10825.000 0.947
10828.000 0.970
10831.000 0.991
10834.000 0.991
10837.000 0.975
10840.000 0.944
10843.000 0.928
10846.000 0.886
10849.000 0.859
10852.000 0.804
10855.000 0.769
10858.000 0.753
10861.000 0.722
10864.000 0.705
10867.000 0.673
10870.000 0.642
10873.000 0.632
10876.000 0.621
10879.000 0.623
10882.000 0.614
10885.000 0.615
10888.000 0.613
10891.000 0.616
10894.000 0.613
10897.000 0.616
10900.000 0.614
10903.000 0.613
10906.000 0.605
10909.000 0.615
10912.000 0.603
10915.000 0.598
10918.000 0.594
10921.000 0.591
10924.000 0.585
10927.000 0.574
10930.000 0.555
10933.000 0.537
10936.000 0.509
10939.000 0.489
10942.000 0.448
10945.000 0.403
10948.000 0.387
10951.000 0.356
10954.000 0.342
10957.000 0.317
10960.000 0.302
10963.000 0.301
10966.000 0.292
10969.000 0.292
10972.000 0.290
10975.000 0.286
10978.000 0.280
10981.000 0.285
10984.000 0.292
10987.000 0.300
10990.000 0.304
10993.000 0.313
10996.000 0.310
10999.000 0.319
11002.000 0.326
11005.000 0.338
11008.000 0.344
11011.000 0.361
11014.000 0.375
11017.000 0.383
11020.000 0.394
11023.000 0.398
11026.000 0.420
11029.000 0.411
11032.000 0.434
11035.000 0.425
11038.000 0.434
11041.000 0.425
11044.000 0.424
11047.000 0.412
11050.000 0.411
11053.000 0.407
11056.000 0.401
11059.000 0.402
11062.000 0.398
11065.000 0.405
11068.000 0.460
11071.000 0.464
11074.000 0.449
11077.000 0.434
11080.000 0.423
11083.000 0.418
11086.000 0.413
11089.000 0.403
11092.000 0.401
11095.000 0.397
11098.000 0.397
11101.000 0.394
11104.000 0.394
11107.000 0.391
11110.000 0.396
11113.000 0.396
11116.000 0.414
11119.000 0.411
11122.000 0.406
11125.000 0.403
11128.000 0.402
11131.000 0.400
11134.000 0.400
11137.000 0.398
11140.000 0.399
11143.000 0.397
11146.000 0.400
11149.000 0.398
11152.000 0.398
11155.000 0.397
11158.000 0.397
11161.000 0.398
11164.000 0.396
11167.000 0.401
11170.000 0.398
11173.000 0.399
11176.000 0.391
11179.000 0.385
11182.000 0.387
11185.000 0.388
11188.000 0.387
11191.000 0.386
11194.000 0.383
11197.000 0.384
11200.000 0.384
11203.000 0.384
11206.000 0.382
11209.000 0.388
11212.000 0.388
11215.000 0.387
11218.000 0.389
11221.000 0.392
11224.000 0.394
11227.000 0.394
11230.000 0.394
11233.000 0.395
11236.000 0.395
11239.000 0.394
11242.000 0.394
11245.000 0.395
11248.000 0.399
11251.000 0.396
11254.000 0.396
11257.000 0.396
11260.000 0.397
11263.000 0.396
11266.000 0.395
11269.000 0.398
11272.000 0.395
11275.000 0.396
11278.000 0.396
11281.000 0.398
11284.000 0.398
11287.000 0.398
11290.000 0.397
11293.000 0.395
11296.000 0.395
11299.000 0.396
11302.000 0.385
11305.000 0.388
11308.000 0.391
11311.000 0.387
11314.000 0.386
11317.000 0.386
11320.000 0.387
11323.000 0.418
11326.000 0.511
11329.000 0.529
11332.000 0.521
11335.000 0.524
11338.000 0.479
11341.000 0.513
11344.000 0.517
11347.000 0.505
11350.000 0.484
11353.000 0.451
11356.000 0.420
11359.000 0.413
11362.000 0.396
11365.000 0.390
11368.000 0.388
11371.000 0.383
11374.000 0.385
11377.000 0.377
11380.000 0.365
11383.000 0.376
11386.000 0.380
11389.000 0.381
11392.000 0.381
11395.000 0.382
11398.000 0.388
11401.000 0.391
11404.000 0.390
11407.000 0.392
11410.000 0.385
11413.000 0.387
11416.000 0.381
11419.000 0.380
11422.000 0.380
11425.000 0.384
11428.000 0.385
11431.000 0.383
11434.000 0.385
11437.000 0.388
11440.000 0.390
11443.000 0.388
11446.000 0.390
11449.000 0.390
11452.000 0.389
11455.000 0.387
11458.000 0.390
11461.000 0.389
11464.000 0.391
11467.000 0.389
11470.000 0.388
11473.000 0.392
11476.000 0.392
11479.000 0.393
11482.000 0.396
11485.000 0.393
11488.000 0.392
11491.000 0.394
11494.000 0.393
11497.000 0.395
11500.000 0.394
11503.000 0.393
11506.000 0.395
11509.000 0.393
11512.000 0.393
11515.000 0.392
11518.000 0.396
11521.000 0.394
11524.000 0.391
11527.000 0.392
11530.000 0.392
11533.000 0.393
11536.000 0.391
11539.000 0.391
11542.000 0.390
11545.000 0.398
11548.000 0.392
11551.000 0.397
11554.000 0.385
11557.000 0.386
11560.000 0.388
11563.000 0.385
11566.000 0.383
11569.000 0.381
11572.000 0.382
11575.000 0.382
11578.000 0.367
11581.000 0.373
11584.000 0.375
11587.000 0.379
11590.000 0.379
11593.000 0.378
11596.000 0.379
11599.000 0.381
11602.000 0.382
11605.000 0.381
11608.000 0.383
11611.000 0.385
11614.000 0.386
11617.000 0.386
11620.000 0.385
11623.000 0.386
11626.000 0.390
11629.000 0.392
11632.000 0.392
11635.000 0.390
11638.000 0.390
11641.000 0.389
11644.000 0.388
11647.000 0.386
11650.000 0.387
11653.000 0.387
11656.000 0.385
11659.000 0.392
11662.000 0.391
11665.000 0.395
11668.000 0.404
11671.000 0.410
11674.000 0.404
11677.000 0.398
11680.000 0.395
11683.000 0.393
11686.000 0.392
11689.000 0.393
11692.000 0.389
11695.000 0.383
11698.000 0.389
11701.000 0.389
11704.000 0.386
11707.000 0.384
11710.000 0.386
11713.000 0.387
11716.000 0.390
11719.000 0.387
11722.000 0.385
11725.000 0.385
11728.000 0.380
11731.000 0.380
11734.000 0.381
11737.000 0.382
11740.000 0.383
11743.000 0.382
11746.000 0.380
11749.000 0.377
11752.000 0.377
11755.000 0.379
11758.000 0.376
11761.000 0.374
11764.000 0.380
11767.000 0.379
11770.000 0.378
11773.000 0.371
11776.000 0.373
11779.000 0.374
11782.000 0.374
11785.000 0.377
11788.000 0.380
11791.000 0.375
11794.000 0.379
11797.000 0.378
11800.000 0.379
11803.000 0.380
11806.000 0.380
11809.000 0.375
11812.000 0.376
11815.000 0.376
11818.000 0.375
11821.000 0.377
11824.000 0.378
11827.000 0.378
11830.000 0.378
11833.000 0.376
11836.000 0.378
11839.000 0.377
11842.000 0.384
11845.000 0.388
11848.000 0.382
11851.000 0.382
11854.000 0.383
11857.000 0.381
11860.000 0.379
11863.000 0.375
11866.000 0.377
11869.000 0.379
11872.000 0.376
11875.000 0.376
11878.000 0.376
11881.000 0.377
11884.000 0.376
11887.000 0.376
11890.000 0.377
11893.000 0.375
11896.000 0.377
11899.000 0.374
11902.000 0.373
11905.000 0.372
11908.000 0.373
11911.000 0.372
11914.000 0.372
11917.000 0.374
11920.000 0.376
11923.000 0.373
11926.000 0.373
11929.000 0.374
11932.000 0.373
11935.000 0.373
11938.000 0.373
11941.000 0.372
11944.000 0.371
11947.000 0.372
11950.000 0.374
11953.000 0.372
11956.000 0.373
11959.000 0.375
11962.000 0.374
11965.000 0.375
11968.000 0.372
11971.000 0.373
11974.000 0.375
11977.000 0.376
11980.000 0.373
11983.000 0.376
11986.000 0.375
11989.000 0.374
11992.000 0.380
11995.000 0.377
11998.000 0.378
12001.000 0.381
