105.000 0.016
110.000 0.028
115.000 3.396
120.000 3.883
125.000 4.728
130.000 5.148
135.000 5.248
140.000 5.444
145.000 5.693
150.000 6.021
155.000 6.572
160.000 6.827
165.000 7.196
170.000 7.433
175.000 7.819
180.000 8.452
185.000 8.879
190.000 9.995
195.000 10.611
200.000 11.689
205.000 11.937
210.000 12.521
215.000 14.233
220.000 15.058
225.000 16.604
230.000 17.446
235.000 17.366
240.000 17.441
245.000 17.652
250.000 18.086
255.000 19.864
260.000 21.161
265.000 24.678
270.000 26.172
275.000 31.325
280.000 37.425
285.000 40.753
290.000 47.545
295.000 50.543
300.000 55.131
305.000 55.969
310.000 54.326
315.000 47.037
320.000 43.439
325.000 38.034
330.000 34.496
335.000 33.270
340.000 31.324
345.000 30.547
350.000 28.749
355.000 27.345
360.000 27.040
365.000 26.730
370.000 26.750
375.000 27.066
380.000 27.821
385.000 28.398
390.000 29.685
395.000 30.422
400.000 31.902
405.000 33.077
410.000 33.689
415.000 34.898
420.000 35.452
425.000 36.359
430.000 37.062
435.000 37.370
440.000 37.744
445.000 37.737
450.000 37.652
455.000 37.175
460.000 36.828
465.000 36.062
470.000 35.614
475.000 34.737
480.000 33.879
485.000 33.467
490.000 32.727
495.000 32.454
500.000 31.939
505.000 31.718
510.000 31.660
515.000 31.755
520.000 31.894
525.000 32.569
530.000 33.046
535.000 33.987
540.000 35.345
545.000 36.202
550.000 38.364
555.000 39.707
560.000 42.896
565.000 47.215
570.000 49.851
575.000 55.933
580.000 59.064
585.000 64.277
590.000 65.189
595.000 62.001
600.000 47.274
605.000 40.093
610.000 29.662
615.000 22.679
620.000 19.910
625.000 15.582
630.000 13.912
635.000 11.181
640.000 9.105
645.000 8.257
650.000 6.872
655.000 6.301
660.000 5.387
665.000 4.669
670.000 4.376
675.000 3.878
680.000 3.672
685.000 3.314
690.000 3.026
695.000 2.909
700.000 2.691
705.000 2.599
710.000 2.437
715.000 2.301
720.000 2.244
725.000 2.143
730.000 2.097
735.000 2.022
740.000 1.956
745.000 1.926
750.000 1.882
755.000 1.861
760.000 1.825
765.000 1.801
770.000 1.787
775.000 1.775
780.000 1.773
785.000 1.772
790.000 1.791
795.000 1.808
800.000 1.859
805.000 1.904
810.000 2.024
815.000 2.152
820.000 2.269
825.000 2.468
830.000 2.582
835.000 2.873
840.000 3.294
845.000 3.583
850.000 4.414
855.000 5.031
860.000 7.018
865.000 9.912
870.000 11.281
875.000 11.807
880.000 10.562
885.000 7.321
890.000 5.079
895.000 4.169
900.000 3.091
905.000 2.686
910.000 2.101
915.000 1.687
920.000 1.538
925.000 1.276
930.000 1.171
935.000 1.003
940.000 0.882
945.000 0.828
950.000 0.734
955.000 0.689
960.000 0.625
965.000 0.567
970.000 0.540
975.000 0.500
980.000 0.483
985.000 0.447
990.000 0.427
995.000 0.410
1000.000 0.389
1005.000 0.384
1010.000 0.375
1015.000 0.365
1020.000 0.358
1025.000 0.360
1030.000 0.352
1035.000 0.360
1040.000 0.362
1045.000 0.367
1050.000 0.386
1055.000 0.393
1060.000 0.414
1065.000 0.441
1070.000 0.459
1075.000 0.496
1080.000 0.517
1085.000 0.566
1090.000 0.630
1095.000 0.667
1100.000 0.753
1105.000 0.810
1110.000 0.941
1115.000 1.116
1120.000 1.243
1125.000 1.585
1130.000 1.799
1135.000 2.496
1140.000 3.005
1145.000 4.334
1150.000 5.854
1155.000 6.452
1160.000 6.562
1165.000 6.028
1170.000 4.699
1175.000 3.634
1180.000 3.229
1185.000 2.613
1190.000 2.377
1195.000 2.024
1200.000 1.764
1205.000 1.657
1210.000 1.499
1215.000 1.425
1220.000 1.337
1225.000 1.272
1230.000 1.245
1235.000 1.207
1240.000 1.188
1245.000 1.161
1250.000 1.138
1255.000 1.126
1260.000 1.114
1265.000 1.108
1270.000 1.104
1275.000 1.109
1280.000 1.110
1285.000 1.117
1290.000 1.119
1295.000 1.133
1300.000 1.150
1305.000 1.175
1310.000 1.191
1315.000 1.206
1320.000 1.246
1325.000 1.291
1330.000 1.315
1335.000 1.371
1340.000 1.406
1345.000 1.478
1350.000 1.563
1355.000 1.614
1360.000 1.740
1365.000 1.804
1370.000 1.968
1375.000 2.181
1380.000 2.308
1385.000 2.630
1390.000 2.831
1395.000 3.367
1400.000 4.195
1405.000 4.733
1410.000 6.234
1415.000 7.255
1420.000 10.244
1425.000 14.023
1430.000 15.904
1435.000 17.943
1440.000 17.470
1445.000 13.688
1450.000 9.785
1455.000 8.312
1460.000 6.143
1465.000 5.369
1470.000 4.235
1475.000 3.472
1480.000 3.181
1485.000 2.732
1490.000 2.547
1495.000 2.288
1500.000 2.109
1505.000 2.032
1510.000 1.908
1515.000 1.856
1520.000 1.766
1525.000 1.699
1530.000 1.667
1535.000 1.614
1540.000 1.592
1545.000 1.556
1550.000 1.532
1555.000 1.522
1560.000 1.503
1565.000 1.504
1570.000 1.504
1575.000 1.504
1580.000 1.510
1585.000 1.518
1590.000 1.527
1595.000 1.546
1600.000 1.564
1605.000 1.575
1610.000 1.605
1615.000 1.628
1620.000 1.670
1625.000 1.723
1630.000 1.754
1635.000 1.833
1640.000 1.885
1645.000 2.017
1650.000 2.216
1655.000 2.349
1660.000 2.717
1665.000 2.987
1670.000 3.757
1675.000 5.066
1680.000 5.974
1685.000 8.423
1690.000 10.032
1695.000 14.277
1700.000 19.754
1705.000 22.551
1710.000 26.311
1715.000 26.611
1720.000 23.366
1725.000 20.792
1730.000 16.150
1735.000 12.594
1740.000 11.198
1745.000 9.007
1750.000 8.154
1755.000 6.803
1760.000 5.845
1765.000 5.473
1770.000 4.886
1775.000 4.657
1780.000 4.302
1785.000 4.097
1790.000 4.026
1795.000 3.912
1800.000 3.863
1805.000 3.797
1810.000 3.745
1815.000 3.726
1820.000 3.708
1825.000 3.702
1830.000 3.695
1835.000 3.707
1840.000 3.719
1845.000 3.754
1850.000 3.783
1855.000 3.845
1860.000 3.939
1865.000 3.988
1870.000 4.103
1875.000 4.175
1880.000 4.327
1885.000 4.514
1890.000 4.619
1895.000 4.862
1900.000 5.006
1905.000 5.338
1910.000 5.734
1915.000 5.982
1920.000 6.583
1925.000 6.955
1930.000 7.913
1935.000 9.237
1940.000 10.087
1945.000 12.376
1950.000 13.815
1955.000 17.228
1960.000 21.388
1965.000 23.544
1970.000 27.046
1975.000 27.967
1980.000 27.000
1985.000 22.377
1990.000 19.803
1995.000 15.285
2000.000 13.503
2005.000 10.805
2010.000 8.800
2015.000 8.080
2020.000 6.936
2025.000 6.524
2030.000 5.900
2035.000 5.432
2040.000 5.222
2045.000 4.859
2050.000 4.703
2055.000 4.418
2060.000 4.187
2065.000 4.090
2070.000 3.918
2075.000 3.837
2080.000 3.707
2085.000 3.599
2090.000 3.553
2095.000 3.477
2100.000 3.447
2105.000 3.414
2110.000 3.390
2115.000 3.384
2120.000 3.392
2125.000 3.398
2130.000 3.433
2135.000 3.486
2140.000 3.525
2145.000 3.607
2150.000 3.661
2155.000 3.797
2160.000 3.962
2165.000 4.062
2170.000 4.317
2175.000 4.464
2180.000 4.861
2185.000 5.431
2190.000 5.804
2195.000 6.829
2200.000 7.506
2205.000 9.350
2210.000 12.019
2215.000 13.705
2220.000 17.377
2225.000 19.044
2230.000 20.673
2235.000 18.297
2240.000 16.055
2245.000 11.761
2250.000 10.078
2255.000 7.636
2260.000 6.030
2265.000 5.435
2270.000 4.520
2275.000 4.173
2280.000 3.698
2285.000 3.353
2290.000 3.207
2295.000 2.959
2300.000 2.850
2305.000 2.669
2310.000 2.581
2315.000 2.450
2320.000 2.310
2325.000 2.239
2330.000 2.121
2335.000 2.069
2340.000 1.990
2345.000 1.940
2350.000 1.924
2355.000 1.909
2360.000 1.913
2365.000 1.944
2370.000 1.995
2375.000 2.043
2380.000 2.165
2385.000 2.247
2390.000 2.430
2395.000 2.643
2400.000 2.788
2405.000 3.208
2410.000 3.517
2415.000 4.389
2420.000 5.572
2425.000 6.186
2430.000 6.644
2435.000 6.078
2440.000 4.138
2445.000 2.642
2450.000 2.161
2455.000 1.496
2460.000 1.272
2465.000 0.943
2470.000 0.722
2475.000 0.638
2480.000 0.503
2485.000 0.449
2490.000 0.366
2495.000 0.304
2500.000 0.277
2505.000 0.240
2510.000 0.225
2515.000 0.200
2520.000 0.183
2525.000 0.177
2530.000 0.169
2535.000 0.166
2540.000 0.160
2545.000 0.159
2550.000 0.158
2555.000 0.160
2560.000 0.160
2565.000 0.160
2570.000 0.162
2575.000 0.164
2580.000 0.165
2585.000 0.165
2590.000 0.168
2595.000 0.171
2600.000 0.172
2605.000 0.176
2610.000 0.175
2615.000 0.178
2620.000 0.180
2625.000 0.181
2630.000 0.182
2635.000 0.184
2640.000 0.186
2645.000 0.189
2650.000 0.187
2655.000 0.189
2660.000 0.191
2665.000 0.192
2670.000 0.194
2675.000 0.197
2680.000 0.197
2685.000 0.197
2690.000 0.200
2695.000 0.201
2700.000 0.201
2705.000 0.201
2710.000 0.203
2715.000 0.205
2720.000 0.204
2725.000 0.206
2730.000 0.207
2735.000 0.206
2740.000 0.209
2745.000 0.209
2750.000 0.210
2755.000 0.212
2760.000 0.212
2765.000 0.215
2770.000 0.214
2775.000 0.215
2780.000 0.216
2785.000 0.217
2790.000 0.216
2795.000 0.217
2800.000 0.216
2805.000 0.218
2810.000 0.219
2815.000 0.220
2820.000 0.220
2825.000 0.218
2830.000 0.221
2835.000 0.220
2840.000 0.221
2845.000 0.221
2850.000 0.220
2855.000 0.222
2860.000 0.221
2865.000 0.220
2870.000 0.221
2875.000 0.222
2880.000 0.222
2885.000 0.224
2890.000 0.223
2895.000 0.224
2900.000 0.224
2905.000 0.225
2910.000 0.225
2915.000 0.224
2920.000 0.224
2925.000 0.227
2930.000 0.228
2935.000 0.225
2940.000 0.227
2945.000 0.226
2950.000 0.229
2955.000 0.228
2960.000 0.224
2965.000 0.223
2970.000 0.230
2975.000 0.226
2980.000 0.225
2985.000 0.229
2990.000 0.227
2995.000 0.230
3000.000 0.233
3005.000 0.224
3010.000 0.228
3015.000 0.226
3020.000 0.224
3025.000 0.229
3030.000 0.227
3035.000 0.233
3040.000 0.226
3045.000 0.226
3050.000 0.233
3055.000 0.226
3060.000 0.231
3065.000 0.232
3070.000 0.233
3075.000 0.230
3080.000 0.233
3085.000 0.230
3090.000 0.234
3095.000 0.232
3100.000 0.231
3105.000 0.232
3110.000 0.232
3115.000 0.234
3120.000 0.232
3125.000 0.234
3130.000 0.232
3135.000 0.234
3140.000 0.233
3145.000 0.235
3150.000 0.235
3155.000 0.237
3160.000 0.237
3165.000 0.239
3170.000 0.240
3175.000 0.241
3180.000 0.242
3185.000 0.242
3190.000 0.247
3195.000 0.248
3200.000 0.252
3205.000 0.256
3210.000 0.259
3215.000 0.266
3220.000 0.268
3225.000 0.278
3230.000 0.283
3235.000 0.293
3240.000 0.309
3245.000 0.317
3250.000 0.335
3255.000 0.346
3260.000 0.373
3265.000 0.405
3270.000 0.423
3275.000 0.470
3280.000 0.495
3285.000 0.564
3290.000 0.652
3295.000 0.709
3300.000 0.857
3305.000 0.958
3310.000 1.250
3315.000 1.755
3320.000 2.140
3325.000 3.325
3330.000 4.143
3335.000 6.125
3340.000 8.511
3345.000 9.928
3350.000 12.904
3355.000 14.219
3360.000 15.402
3365.000 14.113
3370.000 13.028
3375.000 11.134
3380.000 10.411
3385.000 9.294
3390.000 8.490
3395.000 8.187
3400.000 7.778
3405.000 7.708
3410.000 7.763
3415.000 8.155
3420.000 8.488
3425.000 9.491
3430.000 10.126
3435.000 11.786
3440.000 13.970
3445.000 15.184
3450.000 17.433
3455.000 18.117
3460.000 17.769
3465.000 14.671
3470.000 12.725
3475.000 9.345
3480.000 8.024
3485.000 6.070
3490.000 4.799
3495.000 4.332
3500.000 3.599
3505.000 3.340
3510.000 2.949
3515.000 2.703
3520.000 2.617
3525.000 2.505
3530.000 2.458
3535.000 2.383
3540.000 2.332
3545.000 2.314
3550.000 2.301
3555.000 2.307
3560.000 2.320
3565.000 2.365
3570.000 2.394
3575.000 2.476
3580.000 2.522
3585.000 2.647
3590.000 2.813
3595.000 2.916
3600.000 3.179
3605.000 3.354
3610.000 3.824
3615.000 4.533
3620.000 5.014
3625.000 6.373
3630.000 7.293
3635.000 9.711
3640.000 12.726
3645.000 14.161
3650.000 15.722
3655.000 15.422
3660.000 12.615
3665.000 9.276
3670.000 7.909
3675.000 5.915
3680.000 5.207
3685.000 4.159
3690.000 3.462
3695.000 3.187
3700.000 2.793
3705.000 2.664
3710.000 2.447
3715.000 2.286
3720.000 2.219
3725.000 2.095
3730.000 2.048
3735.000 1.971
3740.000 1.889
3745.000 1.854
3750.000 1.799
3755.000 1.782
3760.000 1.757
3765.000 1.734
3770.000 1.734
3775.000 1.727
3780.000 1.730
3785.000 1.746
3790.000 1.762
3795.000 1.779
3800.000 1.815
3805.000 1.840
3810.000 1.905
3815.000 1.984
3820.000 2.031
3825.000 2.149
3830.000 2.224
3835.000 2.408
3840.000 2.525
3845.000 2.844
3850.000 3.316
3855.000 3.637
3860.000 4.507
3865.000 5.097
3870.000 6.684
3875.000 8.702
3880.000 9.690
3885.000 10.783
3890.000 10.531
3895.000 8.535
3900.000 6.224
3905.000 5.296
3910.000 3.945
3915.000 3.466
3920.000 2.761
3925.000 2.283
3930.000 2.102
3935.000 1.861
3940.000 1.766
3945.000 1.613
3950.000 1.496
3955.000 1.445
3960.000 1.336
3965.000 1.297
3970.000 1.221
3975.000 1.154
3980.000 1.128
3985.000 1.091
3990.000 1.073
3995.000 1.050
4000.000 1.031
4005.000 1.023
4010.000 1.016
4015.000 1.025
4020.000 1.038
4025.000 1.065
4030.000 1.067
4035.000 1.083
4040.000 1.092
4045.000 1.128
4050.000 1.184
4055.000 1.223
4060.000 1.300
4065.000 1.342
4070.000 1.470
4075.000 1.607
4080.000 1.684
4085.000 1.885
4090.000 2.018
4095.000 2.396
4100.000 2.934
4105.000 3.301
4110.000 4.311
4115.000 4.985
4120.000 6.664
4125.000 8.485
4130.000 9.157
4135.000 9.326
4140.000 8.688
4145.000 6.678
4150.000 4.884
4155.000 4.203
4160.000 3.219
4165.000 2.870
4170.000 2.343
4175.000 1.973
4180.000 1.834
4185.000 1.637
4190.000 1.568
4195.000 1.458
4200.000 1.367
4205.000 1.327
4210.000 1.244
4215.000 1.210
4220.000 1.148
4225.000 1.098
4230.000 1.078
4235.000 1.038
4240.000 1.022
4245.000 0.991
4250.000 0.972
4255.000 0.964
4260.000 0.947
4265.000 0.939
4270.000 0.933
4275.000 0.926
4280.000 0.926
4285.000 0.929
4290.000 0.935
4295.000 0.944
4300.000 0.970
4305.000 0.984
4310.000 1.024
4315.000 1.050
4320.000 1.113
4325.000 1.193
4330.000 1.248
4335.000 1.379
4340.000 1.459
4345.000 1.660
4350.000 1.952
4355.000 2.146
4360.000 2.676
4365.000 3.014
4370.000 3.806
4375.000 4.511
4380.000 4.621
4385.000 4.125
4390.000 3.574
4395.000 2.603
4400.000 2.223
4405.000 1.669
4410.000 1.302
4415.000 1.167
4420.000 0.973
4425.000 0.902
4430.000 0.793
4435.000 0.697
4440.000 0.660
4445.000 0.600
4450.000 0.576
4455.000 0.535
4460.000 0.499
4465.000 0.484
4470.000 0.454
4475.000 0.442
4480.000 0.425
4485.000 0.413
4490.000 0.408
4495.000 0.404
4500.000 0.404
4505.000 0.406
4510.000 0.413
4515.000 0.420
4520.000 0.433
4525.000 0.444
4530.000 0.467
4535.000 0.492
4540.000 0.505
4545.000 0.540
4550.000 0.560
4555.000 0.609
4560.000 0.672
4565.000 0.713
4570.000 0.824
4575.000 0.893
4580.000 1.091
4585.000 1.402
4590.000 1.620
4595.000 2.254
4600.000 2.704
4605.000 3.820
4610.000 5.089
4615.000 5.698
4620.000 6.501
4625.000 6.520
4630.000 5.678
4635.000 4.363
4640.000 3.797
4645.000 2.905
4650.000 2.568
4655.000 2.047
4660.000 1.704
4665.000 1.461
4670.000 1.363
4675.000 1.216
4680.000 1.165
4685.000 1.084
4690.000 1.058
4695.000 1.001
4700.000 0.958
4705.000 0.937
4710.000 0.901
4715.000 0.885
4720.000 0.859
4725.000 0.837
4730.000 0.827
4735.000 0.813
4740.000 0.804
4745.000 0.793
4750.000 0.784
4755.000 0.782
4760.000 0.783
4765.000 0.782
4770.000 0.789
4775.000 0.807
4780.000 0.816
4785.000 0.842
4790.000 0.862
4795.000 0.905
4800.000 0.971
4805.000 1.010
4810.000 1.123
4815.000 1.204
4820.000 1.403
4825.000 1.686
4830.000 1.860
4835.000 2.198
4840.000 2.293
4845.000 2.155
4850.000 1.715
4855.000 1.478
4860.000 1.089
4865.000 0.941
4870.000 0.724
4875.000 0.586
4880.000 0.538
4885.000 0.456
4890.000 0.425
4895.000 0.375
4900.000 0.344
4905.000 0.327
4910.000 0.301
4915.000 0.291
4920.000 0.274
4925.000 0.269
4930.000 0.270
4935.000 0.277
4940.000 0.283
4945.000 0.304
4950.000 0.330
4955.000 0.347
4960.000 0.381
4965.000 0.409
4970.000 0.467
4975.000 0.544
4980.000 0.593
4985.000 0.740
4990.000 0.819
4995.000 1.076
5000.000 1.457
5005.000 1.750
5010.000 2.511
5015.000 2.983
5020.000 4.031
5025.000 5.188
5030.000 5.694
5035.000 6.337
5040.000 6.405
5045.000 5.923
5050.000 4.970
5055.000 4.487
5060.000 3.616
5065.000 3.256
5070.000 2.652
5075.000 2.200
5080.000 2.019
5085.000 1.736
5090.000 1.627
5095.000 1.456
5100.000 1.327
5105.000 1.284
5110.000 1.235
5115.000 1.224
5120.000 1.212
5125.000 1.213
5130.000 1.217
5135.000 1.241
5140.000 1.254
5145.000 1.287
5150.000 1.335
5155.000 1.361
5160.000 1.387
5165.000 1.377
5170.000 1.266
5175.000 0.999
5180.000 0.823
5185.000 0.491
5190.000 0.365
5195.000 0.191
5200.000 0.106
5205.000 0.093
5210.000 0.107
5215.000 0.121
5220.000 0.148
5225.000 0.168
5230.000 0.177
5235.000 0.194
5240.000 0.202
5245.000 0.217
5250.000 0.230
5255.000 0.234
5260.000 0.247
5265.000 0.252
5270.000 0.259
5275.000 0.267
5280.000 0.272
5285.000 0.277
5290.000 0.279
5295.000 0.286
5300.000 0.289
5305.000 0.292
5310.000 0.297
5315.000 0.296
5320.000 0.301
5325.000 0.306
5330.000 0.309
5335.000 0.311
5340.000 0.313
5345.000 0.315
5350.000 0.316
5355.000 0.320
5360.000 0.323
5365.000 0.324
5370.000 0.326
5375.000 0.326
5380.000 0.328
5385.000 0.330
5390.000 0.329
5395.000 0.332
5400.000 0.333
5405.000 0.335
5410.000 0.337
5415.000 0.335
5420.000 0.335
5425.000 0.335
5430.000 0.336
5435.000 0.336
5440.000 0.338
5445.000 0.339
5450.000 0.339
5455.000 0.338
5460.000 0.338
5465.000 0.340
5470.000 0.340
5475.000 0.340
5480.000 0.340
5485.000 0.341
5490.000 0.343
5495.000 0.341
5500.000 0.341
5505.000 0.340
5510.000 0.345
5515.000 0.344
5520.000 0.347
5525.000 0.349
5530.000 0.359
5535.000 0.354
5540.000 0.351
5545.000 0.345
5550.000 0.341
5555.000 0.346
5560.000 0.345
5565.000 0.345
5570.000 0.346
5575.000 0.345
5580.000 0.345
5585.000 0.343
5590.000 0.343
5595.000 0.346
5600.000 0.346
5605.000 0.344
5610.000 0.348
5615.000 0.347
5620.000 0.347
5625.000 0.350
5630.000 0.347
5635.000 0.346
5640.000 0.348
5645.000 0.349
5650.000 0.349
5655.000 0.348
5660.000 0.348
5665.000 0.348
5670.000 0.346
5675.000 0.350
5680.000 0.352
5685.000 0.351
5690.000 0.348
5695.000 0.350
5700.000 0.349
5705.000 0.352
5710.000 0.350
5715.000 0.349
5720.000 0.349
5725.000 0.354
5730.000 0.354
5735.000 0.356
5740.000 0.354
5745.000 0.353
5750.000 0.353
5755.000 0.350
5760.000 0.354
5765.000 0.353
5770.000 0.356
5775.000 0.356
5780.000 0.354
5785.000 0.356
5790.000 0.352
5795.000 0.351
5800.000 0.353
5805.000 0.352
5810.000 0.354
5815.000 0.355
5820.000 0.357
5825.000 0.358
5830.000 0.358
5835.000 0.357
5840.000 0.356
5845.000 0.361
5850.000 0.363
5855.000 0.366
5860.000 0.362
5865.000 0.361
5870.000 0.367
5875.000 0.364
5880.000 0.365
5885.000 0.361
5890.000 0.366
5895.000 0.365
5900.000 0.361
5905.000 0.365
5910.000 0.367
5915.000 0.363
5920.000 0.363
5925.000 0.363
5930.000 0.363
5935.000 0.362
5940.000 0.362
5945.000 0.366
5950.000 0.366
5955.000 0.362
5960.000 0.366
5965.000 0.366
5970.000 0.366
5975.000 0.370
5980.000 0.370
5985.000 0.368
5990.000 0.367
5995.000 0.366
6000.000 0.366
6005.000 0.371
6010.000 0.367
6015.000 0.376
6020.000 0.363
6025.000 0.368
6030.000 0.375
6035.000 0.365
6040.000 0.370
6045.000 0.369
6050.000 0.365
6055.000 0.373
6060.000 0.367
6065.000 0.373
6070.000 0.366
6075.000 0.366
6080.000 0.367
6085.000 0.368
6090.000 0.371
6095.000 0.372
6100.000 0.368
6105.000 0.371
6110.000 0.370
6115.000 0.373
6120.000 0.373
6125.000 0.376
6130.000 0.375
6135.000 0.375
6140.000 0.375
6145.000 0.377
6150.000 0.375
6155.000 0.374
6160.000 0.377
6165.000 0.375
6170.000 0.371
6175.000 0.375
6180.000 0.373
6185.000 0.374
6190.000 0.374
6195.000 0.372
6200.000 0.373
6205.000 0.372
6210.000 0.373
6215.000 0.371
6220.000 0.372
6225.000 0.372
6230.000 0.374
6235.000 0.372
6240.000 0.376
6245.000 0.376
6250.000 0.376
6255.000 0.378
6260.000 0.376
6265.000 0.375
6270.000 0.376
6275.000 0.377
6280.000 0.380
6285.000 0.378
6290.000 0.379
6295.000 0.380
6300.000 0.378
6305.000 0.388
6310.000 0.377
6315.000 0.408
6320.000 0.404
6325.000 0.396
6330.000 0.389
6335.000 0.383
6340.000 0.384
6345.000 0.382
6350.000 0.380
6355.000 0.382
6360.000 0.383
6365.000 0.387
6370.000 0.384
6375.000 0.382
6380.000 0.382
6385.000 0.380
6390.000 0.384
6395.000 0.385
6400.000 0.388
6405.000 0.383
6410.000 0.385
6415.000 0.385
6420.000 0.387
6425.000 0.387
6430.000 0.386
6435.000 0.385
6440.000 0.385
6445.000 0.388
6450.000 0.389
6455.000 0.390
6460.000 0.392
6465.000 0.390
6470.000 0.388
6475.000 0.392
6480.000 0.391
6485.000 0.391
6490.000 0.395
6495.000 0.397
6500.000 0.397
6505.000 0.402
6510.000 0.401
6515.000 0.400
6520.000 0.401
6525.000 0.406
6530.000 0.407
6535.000 0.409
6540.000 0.410
6545.000 0.415
6550.000 0.418
6555.000 0.424
6560.000 0.424
6565.000 0.434
6570.000 0.435
6575.000 0.445
6580.000 0.455
6585.000 0.467
6590.000 0.485
6595.000 0.498
6600.000 0.519
6605.000 0.549
6610.000 0.569
6615.000 0.616
6620.000 0.646
6625.000 0.736
6630.000 0.876
6635.000 0.970
6640.000 1.257
6645.000 1.462
6650.000 2.082
6655.000 3.043
6660.000 3.658
6665.000 5.122
6670.000 5.970
6675.000 7.387
6680.000 7.551
6685.000 7.200
6690.000 6.274
6695.000 5.905
6700.000 5.354
6705.000 5.125
6710.000 5.125
6715.000 5.424
6720.000 5.748
6725.000 6.726
6730.000 8.106
6735.000 8.917
6740.000 10.476
6745.000 11.083
6750.000 11.557
6755.000 10.167
6760.000 7.999
6765.000 6.944
6770.000 6.156
6775.000 4.941
6780.000 4.489
6785.000 3.811
6790.000 3.394
6795.000 3.239
6800.000 3.021
6805.000 2.943
6810.000 2.851
6815.000 2.881
6820.000 2.917
6825.000 3.035
6830.000 3.119
6835.000 3.323
6840.000 3.631
6845.000 3.836
6850.000 4.415
6855.000 4.812
6860.000 5.890
6865.000 7.390
6870.000 8.271
6875.000 9.871
6880.000 10.350
6885.000 10.099
6890.000 8.293
6895.000 7.271
6900.000 5.558
6905.000 4.909
6910.000 3.941
6915.000 3.299
6920.000 3.058
6925.000 2.740
6930.000 2.615
6935.000 2.402
6940.000 2.245
6945.000 2.178
6950.000 2.070
6955.000 2.040
6960.000 1.974
6965.000 1.932
6970.000 1.929
6975.000 1.921
6980.000 1.923
6985.000 1.952
6990.000 1.987
6995.000 2.036
7000.000 2.122
7005.000 2.177
7010.000 2.315
7015.000 2.534
7020.000 2.843
7025.000 3.059
7030.000 3.316
7035.000 4.030
7040.000 5.080
7045.000 5.749
7050.000 7.304
7055.000 8.054
7060.000 9.128
7065.000 8.867
7070.000 8.124
7075.000 6.469
7080.000 5.665
7085.000 4.420
7090.000 3.578
7095.000 3.267
7100.000 2.803
7105.000 2.630
7110.000 2.398
7115.000 2.230
7120.000 2.166
7125.000 2.056
7130.000 2.013
7135.000 1.941
7140.000 1.891
7145.000 1.874
7150.000 1.846
7155.000 1.841
7160.000 1.836
7165.000 1.843
7170.000 1.851
7175.000 1.882
7180.000 1.900
7185.000 1.951
7190.000 2.018
7195.000 2.057
7200.000 2.165
7205.000 2.227
7210.000 2.373
7215.000 2.570
7220.000 2.699
7225.000 3.036
7230.000 3.247
7235.000 3.829
7240.000 4.633
7245.000 5.140
7250.000 6.292
7255.000 6.866
7260.000 7.689
7265.000 7.521
7270.000 6.962
7275.000 5.538
7280.000 4.862
7285.000 3.774
7290.000 3.030
7295.000 2.755
7300.000 2.331
7305.000 2.180
7310.000 1.944
7315.000 1.762
7320.000 1.684
7325.000 1.553
7330.000 1.495
7335.000 1.414
7340.000 1.340
7345.000 1.316
7350.000 1.273
7355.000 1.259
7360.000 1.237
7365.000 1.241
7370.000 1.271
7375.000 1.219
7380.000 1.208
7385.000 1.186
7390.000 1.185
7395.000 1.191
7400.000 1.233
7405.000 1.259
7410.000 1.323
7415.000 1.362
7420.000 1.459
7425.000 1.613
7430.000 1.691
7435.000 1.937
7440.000 2.104
7445.000 2.546
7450.000 3.189
7455.000 3.592
7460.000 4.514
7465.000 4.996
7470.000 5.868
7475.000 5.945
7480.000 5.571
7485.000 4.523
7490.000 4.009
7495.000 3.169
7500.000 2.581
7505.000 2.357
7510.000 2.031
7515.000 1.804
7520.000 1.724
7525.000 1.607
7530.000 1.561
7535.000 1.482
7540.000 1.451
7545.000 1.393
7550.000 1.355
7555.000 1.338
7560.000 1.317
7565.000 1.312
7570.000 1.302
7575.000 1.303
7580.000 1.310
7585.000 1.323
7590.000 1.332
7595.000 1.359
7600.000 1.396
7605.000 1.419
7610.000 1.470
7615.000 1.505
7620.000 1.593
7625.000 1.700
7630.000 1.755
7635.000 1.923
7640.000 2.018
7645.000 2.281
7650.000 2.653
7655.000 2.879
7660.000 3.451
7665.000 3.726
7670.000 4.210
7675.000 4.221
7680.000 3.964
7685.000 3.228
7690.000 2.859
7695.000 2.245
7700.000 1.810
7705.000 1.645
7710.000 1.397
7715.000 1.298
7720.000 1.141
7725.000 1.017
7730.000 0.962
7735.000 0.874
7740.000 0.840
7745.000 0.772
7750.000 0.721
7755.000 0.702
7760.000 0.660
7765.000 0.634
7770.000 0.601
7775.000 0.576
7780.000 0.572
7785.000 0.559
7790.000 0.555
7795.000 0.559
7800.000 0.570
7805.000 0.579
7810.000 0.612
7815.000 0.639
7820.000 0.712
7825.000 0.797
7830.000 0.858
7835.000 1.014
7840.000 1.121
7845.000 1.397
7850.000 1.810
7855.000 2.053
7860.000 2.438
7865.000 2.492
7870.000 2.289
7875.000 1.918
7880.000 1.741
7885.000 1.445
7890.000 1.328
7895.000 1.156
7900.000 1.037
7905.000 0.991
7910.000 0.924
7915.000 0.902
7920.000 0.872
7925.000 0.846
7930.000 0.838
7935.000 0.824
7940.000 0.823
7945.000 0.811
7950.000 0.816
7955.000 0.823
7960.000 0.832
7965.000 0.848
7970.000 0.871
7975.000 0.891
7980.000 0.931
7985.000 0.977
7990.000 1.007
7995.000 1.081
8000.000 1.131
8005.000 1.193
8010.000 1.240
8015.000 1.230
8020.000 1.117
8025.000 1.025
8030.000 0.827
8035.000 0.657
8040.000 0.588
8045.000 0.482
8050.000 0.443
8055.000 0.386
8060.000 0.343
8065.000 0.328
8070.000 0.290
8075.000 0.274
8080.000 0.251
8085.000 0.240
8090.000 0.233
8095.000 0.220
8100.000 0.209
8105.000 0.187
8110.000 0.171
8115.000 0.167
8120.000 0.169
8125.000 0.170
8130.000 0.162
8135.000 0.180
8140.000 0.201
8145.000 0.259
8150.000 0.284
8155.000 0.314
8160.000 0.328
8165.000 0.333
8170.000 0.335
8175.000 0.338
8180.000 0.342
8185.000 0.345
8190.000 0.347
8195.000 0.347
8200.000 0.348
8205.000 0.349
8210.000 0.353
8215.000 0.353
8220.000 0.352
8225.000 0.351
8230.000 0.353
8235.000 0.352
8240.000 0.352
8245.000 0.349
8250.000 0.348
8255.000 0.351
8260.000 0.352
8265.000 0.352
8270.000 0.353
8275.000 0.354
8280.000 0.350
8285.000 0.352
8290.000 0.352
8295.000 0.352
8300.000 0.351
8305.000 0.353
8310.000 0.356
8315.000 0.354
8320.000 0.356
8325.000 0.356
8330.000 0.356
8335.000 0.362
8340.000 0.360
8345.000 0.359
8350.000 0.359
8355.000 0.362
8360.000 0.362
8365.000 0.364
8370.000 0.362
8375.000 0.364
8380.000 0.364
8385.000 0.363
8390.000 0.363
8395.000 0.366
8400.000 0.366
8405.000 0.367
8410.000 0.366
8415.000 0.368
8420.000 0.367
8425.000 0.368
8430.000 0.369
8435.000 0.369
8440.000 0.372
8445.000 0.373
8450.000 0.374
8455.000 0.374
8460.000 0.374
8465.000 0.377
8470.000 0.377
8475.000 0.378
8480.000 0.381
8485.000 0.379
8490.000 0.380
8495.000 0.382
8500.000 0.384
8505.000 0.384
8510.000 0.382
8515.000 0.384
8520.000 0.382
8525.000 0.382
8530.000 0.382
8535.000 0.388
8540.000 0.386
8545.000 0.388
8550.000 0.385
8555.000 0.385
8560.000 0.384
8565.000 0.384
8570.000 0.387
8575.000 0.385
8580.000 0.386
8585.000 0.386
8590.000 0.385
8595.000 0.387
8600.000 0.389
8605.000 0.387
8610.000 0.386
8615.000 0.387
8620.000 0.389
8625.000 0.388
8630.000 0.393
8635.000 0.388
8640.000 0.389
8645.000 0.391
8650.000 0.393
8655.000 0.394
8660.000 0.392
8665.000 0.387
8670.000 0.394
8675.000 0.394
8680.000 0.392
8685.000 0.391
8690.000 0.390
8695.000 0.392
8700.000 0.391
8705.000 0.391
8710.000 0.392
8715.000 0.389
8720.000 0.389
8725.000 0.390
8730.000 0.390
8735.000 0.388
8740.000 0.394
8745.000 0.393
8750.000 0.393
8755.000 0.394
8760.000 0.393
8765.000 0.395
8770.000 0.393
8775.000 0.396
8780.000 0.396
8785.000 0.394
8790.000 0.393
8795.000 0.394
8800.000 0.397
8805.000 0.399
8810.000 0.398
8815.000 0.400
8820.000 0.388
8825.000 0.398
8830.000 0.390
8835.000 0.389
8840.000 0.407
8845.000 0.409
8850.000 0.403
8855.000 0.401
8860.000 0.398
8865.000 0.392
8870.000 0.397
8875.000 0.396
8880.000 0.396
8885.000 0.394
8890.000 0.398
8895.000 0.397
8900.000 0.395
8905.000 0.397
8910.000 0.397
8915.000 0.392
8920.000 0.393
8925.000 0.393
8930.000 0.395
8935.000 0.393
8940.000 0.399
8945.000 0.398
8950.000 0.398
8955.000 0.398
8960.000 0.400
8965.000 0.400
8970.000 0.401
8975.000 0.403
8980.000 0.401
8985.000 0.403
8990.000 0.401
8995.000 0.400
9000.000 0.403
9005.000 0.401
9010.000 0.402
9015.000 0.403
9020.000 0.397
9025.000 0.399
9030.000 0.405
9035.000 0.397
9040.000 0.401
9045.000 0.398
9050.000 0.396
9055.000 0.396
9060.000 0.399
9065.000 0.400
9070.000 0.399
9075.000 0.397
9080.000 0.401
9085.000 0.401
9090.000 0.401
9095.000 0.402
9100.000 0.402
9105.000 0.402
9110.000 0.403
9115.000 0.403
9120.000 0.405
9125.000 0.405
9130.000 0.402
9135.000 0.400
9140.000 0.402
9145.000 0.399
9150.000 0.398
9155.000 0.400
9160.000 0.401
9165.000 0.400
9170.000 0.398
9175.000 0.396
9180.000 0.395
9185.000 0.399
9190.000 0.402
9195.000 0.398
9200.000 0.400
9205.000 0.400
9210.000 0.400
9215.000 0.404
9220.000 0.402
9225.000 0.403
9230.000 0.404
9235.000 0.405
9240.000 0.402
9245.000 0.407
9250.000 0.406
9255.000 0.402
9260.000 0.404
9265.000 0.400
9270.000 0.405
9275.000 0.402
9280.000 0.402
9285.000 0.401
9290.000 0.402
9295.000 0.405
9300.000 0.400
9305.000 0.405
9310.000 0.402
9315.000 0.400
9320.000 0.405
9325.000 0.404
9330.000 0.404
9335.000 0.406
9340.000 0.404
9345.000 0.404
9350.000 0.406
9355.000 0.403
9360.000 0.405
9365.000 0.407
9370.000 0.405
9375.000 0.407
9380.000 0.406
9385.000 0.408
9390.000 0.408
9395.000 0.405
9400.000 0.406
9405.000 0.404
9410.000 0.406
9415.000 0.407
9420.000 0.406
9425.000 0.406
9430.000 0.407
9435.000 0.405
9440.000 0.410
9445.000 0.409
9450.000 0.407
9455.000 0.408
9460.000 0.406
9465.000 0.407
9470.000 0.406
9475.000 0.406
9480.000 0.406
9485.000 0.404
9490.000 0.406
9495.000 0.404
9500.000 0.404
9505.000 0.404
9510.000 0.404
9515.000 0.407
9520.000 0.404
9525.000 0.406
9530.000 0.405
9535.000 0.404
9540.000 0.406
9545.000 0.404
9550.000 0.405
9555.000 0.402
9560.000 0.404
9565.000 0.402
9570.000 0.405
9575.000 0.403
9580.000 0.406
9585.000 0.407
9590.000 0.404
9595.000 0.403
9600.000 0.406
9605.000 0.403
9610.000 0.402
9615.000 0.407
9620.000 0.409
9625.000 0.406
9630.000 0.411
9635.000 0.409
9640.000 0.407
9645.000 0.407
9650.000 0.404
9655.000 0.408
9660.000 0.404
9665.000 0.406
9670.000 0.406
9675.000 0.403
9680.000 0.404
9685.000 0.404
9690.000 0.403
9695.000 0.402
9700.000 0.407
9705.000 0.405
9710.000 0.407
9715.000 0.406
9720.000 0.405
9725.000 0.404
9730.000 0.406
9735.000 0.405
9740.000 0.407
9745.000 0.409
9750.000 0.410
9755.000 0.408
9760.000 0.408
9765.000 0.412
9770.000 0.413
9775.000 0.411
9780.000 0.412
9785.000 0.415
9790.000 0.417
9795.000 0.413
9800.000 0.416
9805.000 0.414
9810.000 0.419
9815.000 0.428
9820.000 0.427
9825.000 0.421
9830.000 0.423
9835.000 0.422
9840.000 0.424
9845.000 0.425
9850.000 0.426
9855.000 0.426
9860.000 0.429
9865.000 0.436
9870.000 0.436
9875.000 0.444
9880.000 0.448
9885.000 0.457
9890.000 0.465
9895.000 0.468
9900.000 0.484
9905.000 0.492
9910.000 0.521
9915.000 0.553
9920.000 0.573
9925.000 0.618
9930.000 0.648
9935.000 0.703
9940.000 0.714
9945.000 0.689
9950.000 0.593
9955.000 0.534
9960.000 0.431
9965.000 0.383
9970.000 0.378
9975.000 0.415
9980.000 0.460
9985.000 0.620
9990.000 0.938
9995.000 1.157
10000.000 1.783
10005.000 2.140
10010.000 2.898
10015.000 3.509
10020.000 3.682
10025.000 3.730
10030.000 3.611
10035.000 3.242
10040.000 3.046
10045.000 2.658
10050.000 2.317
10055.000 2.058
10060.000 1.945
10065.000 1.856
10070.000 1.713
10075.000 1.617
10080.000 1.586
10085.000 1.545
10090.000 1.543
10095.000 1.590
10100.000 1.689
10105.000 1.760
10110.000 1.928
10115.000 2.034
10120.000 2.280
10125.000 2.519
10130.000 2.573
10135.000 2.439
10140.000 2.284
10145.000 1.899
10150.000 1.541
10155.000 1.385
10160.000 1.134
10165.000 1.032
10170.000 0.867
10175.000 0.742
10180.000 0.692
10185.000 0.625
10190.000 0.590
10195.000 0.550
10200.000 0.517
10205.000 0.508
10210.000 0.504
10215.000 0.501
10220.000 0.510
10225.000 0.542
10230.000 0.563
10235.000 0.617
10240.000 0.652
10245.000 0.756
10250.000 0.913
10255.000 1.023
10260.000 1.581
10265.000 2.126
10270.000 2.611
10275.000 2.891
10280.000 3.204
10285.000 3.838
10290.000 4.062
10295.000 4.189
10300.000 3.855
10305.000 3.571
10310.000 2.987
10315.000 2.489
10320.000 2.277
10325.000 1.933
10330.000 1.795
10335.000 1.570
10340.000 1.489
10345.000 1.356
10350.000 1.277
10355.000 1.251
10360.000 1.223
10365.000 1.214
10370.000 1.200
10375.000 1.192
10380.000 1.199
10385.000 1.200
10390.000 1.216
10395.000 1.218
10400.000 1.251
10405.000 1.270
10410.000 1.314
10415.000 1.341
10420.000 1.401
10425.000 1.481
10430.000 1.529
10435.000 1.636
10440.000 1.694
10445.000 1.839
10450.000 1.991
10455.000 2.058
10460.000 2.150
10465.000 2.133
10470.000 1.982
10475.000 1.714
10480.000 1.567
10485.000 1.283
10490.000 1.155
10495.000 0.938
10500.000 0.772
10505.000 0.708
10510.000 0.597
10515.000 0.550
10520.000 0.472
10525.000 0.414
10530.000 0.389
10535.000 0.353
10540.000 0.334
10545.000 0.306
10550.000 0.282
10555.000 0.275
10560.000 0.269
10565.000 0.269
10570.000 0.278
10575.000 0.296
10580.000 0.312
10585.000 0.348
10590.000 0.369
10595.000 0.426
10600.000 0.513
10605.000 0.570
10610.000 0.722
10615.000 0.822
10620.000 1.086
10625.000 1.442
10630.000 1.678
10635.000 2.131
10640.000 2.361
10645.000 2.761
10650.000 2.913
10655.000 3.060
10660.000 2.986
10665.000 2.867
10670.000 2.533
10675.000 2.332
10680.000 1.992
10685.000 1.716
10690.000 1.599
10695.000 1.408
10700.000 1.332
10705.000 1.209
10710.000 1.112
10715.000 1.075
10720.000 1.019
10725.000 0.998
10730.000 0.974
10735.000 0.960
10740.000 0.954
10745.000 0.948
10750.000 0.946
10755.000 0.952
10760.000 0.960
10765.000 0.963
10770.000 0.979
10775.000 0.988
10780.000 1.012
10785.000 1.037
10790.000 1.053
10795.000 1.091
10800.000 1.115
10805.000 1.161
10810.000 1.222
10815.000 1.250
10820.000 1.309
10825.000 1.327
10830.000 1.328
10835.000 1.273
10840.000 1.212
10845.000 1.035
10850.000 0.935
10855.000 0.729
10860.000 0.558
10865.000 0.484
10870.000 0.368
10875.000 0.320
10880.000 0.236
10885.000 0.170
10890.000 0.141
10895.000 0.096
10900.000 0.076
10905.000 0.045
10910.000 0.022
10915.000 0.011
10920.000 0.009
10925.000 0.017
10930.000 0.032
10935.000 0.051
10940.000 0.059
10945.000 0.084
10950.000 0.096
10955.000 0.127
10960.000 0.179
10965.000 0.214
10970.000 0.310
10975.000 0.384
10980.000 0.582
10985.000 0.802
10990.000 0.933
10995.000 1.186
11000.000 1.325
11005.000 1.524
11010.000 1.632
11015.000 1.641
11020.000 1.609
11025.000 1.558
11030.000 1.460
11035.000 1.373
11040.000 1.325
11045.000 1.245
11050.000 1.214
11055.000 1.151
11060.000 1.109
11065.000 1.089
11070.000 1.059
11075.000 1.043
11080.000 1.020
11085.000 0.999
11090.000 0.991
11095.000 0.970
11100.000 0.963
11105.000 0.940
11110.000 0.911
11115.000 0.894
11120.000 0.863
11125.000 0.846
11130.000 0.802
11135.000 0.742
11140.000 0.703
11145.000 0.611
11150.000 0.557
11155.000 0.442
11160.000 0.345
11165.000 0.306
11170.000 0.260
11175.000 0.247
11180.000 0.236
11185.000 0.230
11190.000 0.234
11195.000 0.235
11200.000 0.239
11205.000 0.247
11210.000 0.255
11215.000 0.261
11220.000 0.276
11225.000 0.288
11230.000 0.317
11235.000 0.332
11240.000 0.372
11245.000 0.406
11250.000 0.416
11255.000 0.422
11260.000 0.424
11265.000 0.422
11270.000 0.420
11275.000 0.419
11280.000 0.411
11285.000 0.412
11290.000 0.409
11295.000 0.407
11300.000 0.405
11305.000 0.401
11310.000 0.401
11315.000 0.402
11320.000 0.399
11325.000 0.401
11330.000 0.397
11335.000 0.395
11340.000 0.393
11345.000 0.395
11350.000 0.396
11355.000 0.396
11360.000 0.397
11365.000 0.396
11370.000 0.396
11375.000 0.394
11380.000 0.393
11385.000 0.395
11390.000 0.390
11395.000 0.390
11400.000 0.392
11405.000 0.392
11410.000 0.393
11415.000 0.395
11420.000 0.397
11425.000 0.395
11430.000 0.394
11435.000 0.395
11440.000 0.391
11445.000 0.390
11450.000 0.392
11455.000 0.387
11460.000 0.390
11465.000 0.391
11470.000 0.388
11475.000 0.391
11480.000 0.388
11485.000 0.386
11490.000 0.387
11495.000 0.387
11500.000 0.389
11505.000 0.390
11510.000 0.392
11515.000 0.390
11520.000 0.392
11525.000 0.392
11530.000 0.391
11535.000 0.390
11540.000 0.389
11545.000 0.391
11550.000 0.389
11555.000 0.388
11560.000 0.390
11565.000 0.386
11570.000 0.389
11575.000 0.389
11580.000 0.383
11585.000 0.384
11590.000 0.384
11595.000 0.385
11600.000 0.386
11605.000 0.385
11610.000 0.384
11615.000 0.385
11620.000 0.383
11625.000 0.385
11630.000 0.387
11635.000 0.382
11640.000 0.385
11645.000 0.385
11650.000 0.385
11655.000 0.383
11660.000 0.387
11665.000 0.384
11670.000 0.388
11675.000 0.385
11680.000 0.389
11685.000 0.389
11690.000 0.390
11695.000 0.388
11700.000 0.389
11705.000 0.386
11710.000 0.387
11715.000 0.387
11720.000 0.390
11725.000 0.389
11730.000 0.389
11735.000 0.388
11740.000 0.386
11745.000 0.388
11750.000 0.390
11755.000 0.389
11760.000 0.387
11765.000 0.388
11770.000 0.384
11775.000 0.384
11780.000 0.382
11785.000 0.384
11790.000 0.384
11795.000 0.382
11800.000 0.383
11805.000 0.380
11810.000 0.381
11815.000 0.380
11820.000 0.379
11825.000 0.380
11830.000 0.379
11835.000 0.378
11840.000 0.376
11845.000 0.377
11850.000 0.377
11855.000 0.379
11860.000 0.379
11865.000 0.379
11870.000 0.381
11875.000 0.378
11880.000 0.378
11885.000 0.377
11890.000 0.374
11895.000 0.374
11900.000 0.376
11905.000 0.377
11910.000 0.380
11915.000 0.379
11920.000 0.378
11925.000 0.377
11930.000 0.378
11935.000 0.381
11940.000 0.378
11945.000 0.378
11950.000 0.377
11955.000 0.375
11960.000 0.378
11965.000 0.375
11970.000 0.375
11975.000 0.376
11980.000 0.377
11985.000 0.378
11990.000 0.377
11995.000 0.379
12000.000 0.380
