105.000 0.020
110.000 4.626
115.000 10.912
120.000 13.930
125.000 14.807
130.000 16.331
135.000 17.115
140.000 17.423
145.000 18.008
150.000 18.330
155.000 18.904
160.000 18.996
165.000 19.116
170.000 18.750
175.000 18.640
180.000 18.451
185.000 18.300
190.000 18.347
195.000 18.472
200.000 18.569
205.000 18.813
210.000 19.077
215.000 19.231
220.000 19.441
225.000 19.512
230.000 19.604
235.000 19.598
240.000 19.572
245.000 19.403
250.000 19.480
255.000 19.543
260.000 19.640
265.000 19.896
270.000 20.048
275.000 20.121
280.000 20.295
285.000 20.437
290.000 20.519
295.000 20.713
300.000 20.787
305.000 21.050
310.000 21.373
315.000 21.542
320.000 22.127
325.000 22.397
330.000 23.135
335.000 24.102
340.000 24.426
345.000 24.209
350.000 24.172
355.000 24.591
360.000 25.664
365.000 26.364
370.000 27.969
375.000 28.780
380.000 30.437
385.000 32.029
390.000 32.787
395.000 34.222
400.000 34.926
405.000 36.288
410.000 37.401
415.000 37.934
420.000 38.851
425.000 39.246
430.000 39.880
435.000 40.268
440.000 40.332
445.000 40.185
450.000 39.964
455.000 39.136
460.000 38.007
465.000 37.342
470.000 35.869
475.000 35.124
480.000 33.531
485.000 31.998
490.000 31.208
495.000 29.735
500.000 29.004
505.000 27.628
510.000 26.302
515.000 25.664
520.000 24.481
525.000 23.873
530.000 22.727
535.000 21.629
540.000 21.070
545.000 19.995
550.000 19.473
555.000 18.413
560.000 17.932
565.000 16.821
570.000 15.622
575.000 15.067
580.000 14.061
585.000 13.167
590.000 12.798
595.000 12.118
600.000 11.820
605.000 11.278
610.000 10.785
615.000 10.507
620.000 10.213
625.000 9.578
630.000 8.947
635.000 8.271
640.000 7.938
645.000 7.292
650.000 6.986
655.000 6.447
660.000 5.984
665.000 5.781
670.000 5.368
675.000 5.211
680.000 4.932
685.000 4.777
690.000 4.732
695.000 4.638
700.000 4.605
705.000 4.516
710.000 4.470
715.000 4.401
720.000 4.332
725.000 4.283
730.000 4.238
735.000 4.203
740.000 4.146
745.000 4.089
750.000 4.065
755.000 4.016
760.000 3.996
765.000 3.939
770.000 3.901
775.000 3.879
780.000 3.829
785.000 3.809
790.000 3.773
795.000 3.746
800.000 3.757
805.000 3.793
810.000 3.829
815.000 3.905
820.000 3.947
825.000 3.973
830.000 4.019
835.000 4.018
840.000 4.054
845.000 4.034
850.000 4.209
855.000 4.177
860.000 4.184
865.000 4.294
870.000 4.359
875.000 4.409
880.000 4.534
885.000 4.597
890.000 4.755
895.000 4.943
900.000 5.069
905.000 5.324
910.000 5.477
915.000 5.844
920.000 6.324
925.000 6.599
930.000 7.307
935.000 7.708
940.000 8.675
945.000 9.293
950.000 10.828
955.000 12.751
960.000 13.948
965.000 16.075
970.000 17.123
975.000 16.759
980.000 14.794
985.000 13.290
990.000 10.389
995.000 8.248
1000.000 7.279
1005.000 6.041
1010.000 5.561
1015.000 4.799
1020.000 4.192
1025.000 3.918
1030.000 3.450
1035.000 3.251
1040.000 2.903
1045.000 2.625
1050.000 2.499
1055.000 2.375
1060.000 2.127
1065.000 1.923
1070.000 1.755
1075.000 1.680
1080.000 1.560
1085.000 1.500
1090.000 1.403
1095.000 1.322
1100.000 1.285
1105.000 1.227
1110.000 1.201
1115.000 1.153
1120.000 1.116
1125.000 1.098
1130.000 1.068
1135.000 1.054
1140.000 1.029
1145.000 1.011
1150.000 1.001
1155.000 0.986
1160.000 0.978
1165.000 0.966
1170.000 0.961
1175.000 0.954
1180.000 0.947
1185.000 0.942
1190.000 0.937
1195.000 0.934
1200.000 0.933
1205.000 0.929
1210.000 0.926
1215.000 0.927
1220.000 0.925
1225.000 0.925
1230.000 0.928
1235.000 0.931
1240.000 0.929
1245.000 0.933
1250.000 0.934
1255.000 0.936
1260.000 0.937
1265.000 0.942
1270.000 0.949
1275.000 0.950
1280.000 0.957
1285.000 0.960
1290.000 0.966
1295.000 0.975
1300.000 0.976
1305.000 0.985
1310.000 0.993
1315.000 1.003
1320.000 1.010
1325.000 1.019
1330.000 1.026
1335.000 1.038
1340.000 1.052
1345.000 1.061
1350.000 1.073
1355.000 1.086
1360.000 1.096
1365.000 1.111
1370.000 1.118
1375.000 1.139
1380.000 1.156
1385.000 1.164
1390.000 1.184
1395.000 1.197
1400.000 1.220
1405.000 1.241
1410.000 1.256
1415.000 1.277
1420.000 1.290
1425.000 1.302
1430.000 1.317
1435.000 1.326
1440.000 1.340
1445.000 1.348
1450.000 1.368
1455.000 1.383
1460.000 1.390
1465.000 1.412
1470.000 1.420
1475.000 1.441
1480.000 1.458
1485.000 1.463
1490.000 1.481
1495.000 1.489
1500.000 1.506
1505.000 1.524
1510.000 1.532
1515.000 1.548
1520.000 1.559
1525.000 1.583
1530.000 1.590
1535.000 1.608
1540.000 1.633
1545.000 1.644
1550.000 1.672
1555.000 1.700
1560.000 1.717
1565.000 1.757
1570.000 1.775
1575.000 1.815
1580.000 1.852
1585.000 1.872
1590.000 1.904
1595.000 1.917
1600.000 1.934
1605.000 1.945
1610.000 1.944
1615.000 1.941
1620.000 1.939
1625.000 1.937
1630.000 2.287
1635.000 2.220
1640.000 2.180
1645.000 2.115
1650.000 2.105
1655.000 2.130
1660.000 2.156
1665.000 2.507
1670.000 2.847
1675.000 2.826
1680.000 2.848
1685.000 3.024
1690.000 4.418
1695.000 4.400
1700.000 4.536
1705.000 4.895
1710.000 5.090
1715.000 5.458
1720.000 5.649
1725.000 6.056
1730.000 6.533
1735.000 6.781
1740.000 7.281
1745.000 7.530
1750.000 8.050
1755.000 8.585
1760.000 8.860
1765.000 9.431
1770.000 9.741
1775.000 10.385
1780.000 11.108
1785.000 11.496
1790.000 12.336
1795.000 12.796
1800.000 13.811
1805.000 14.962
1810.000 15.601
1815.000 17.024
1820.000 17.812
1825.000 19.559
1830.000 21.549
1835.000 22.648
1840.000 25.032
1845.000 26.311
1850.000 29.055
1855.000 31.897
1860.000 33.281
1865.000 35.842
1870.000 36.947
1875.000 38.571
1880.000 39.104
1885.000 38.874
1890.000 36.661
1895.000 35.004
1900.000 31.367
1905.000 29.606
1910.000 26.240
1915.000 23.205
1920.000 21.872
1925.000 19.619
1930.000 18.649
1935.000 17.104
1940.000 16.134
1945.000 15.724
1950.000 14.957
1955.000 14.595
1960.000 13.914
1965.000 13.282
1970.000 12.972
1975.000 12.400
1980.000 12.133
1985.000 11.617
1990.000 11.161
1995.000 10.930
2000.000 10.512
2005.000 10.304
2010.000 9.935
2015.000 9.557
2020.000 9.394
2025.000 9.057
2030.000 8.905
2035.000 8.584
2040.000 8.297
2045.000 8.157
2050.000 7.881
2055.000 7.753
2060.000 7.504
2065.000 7.267
2070.000 7.150
2075.000 6.925
2080.000 6.817
2085.000 6.610
2090.000 6.391
2095.000 6.277
2100.000 6.778
2105.000 6.560
2110.000 6.207
2115.000 5.901
2120.000 5.756
2125.000 5.502
2130.000 5.384
2135.000 5.177
2140.000 4.984
2145.000 4.898
2150.000 4.736
2155.000 4.648
2160.000 4.497
2165.000 4.322
2170.000 4.223
2175.000 4.023
2180.000 3.929
2185.000 3.752
2190.000 3.585
2195.000 3.509
2200.000 3.369
2205.000 3.302
2210.000 3.179
2215.000 3.122
2220.000 3.007
2225.000 2.900
2230.000 2.847
2235.000 2.751
2240.000 2.705
2245.000 2.618
2250.000 2.535
2255.000 2.494
2260.000 2.422
2265.000 2.354
2270.000 2.320
2275.000 2.253
2280.000 2.223
2285.000 2.163
2290.000 2.107
2295.000 2.079
2300.000 2.026
2305.000 1.997
2310.000 1.950
2315.000 1.904
2320.000 1.880
2325.000 1.861
2330.000 1.821
2335.000 1.780
2340.000 1.741
2345.000 1.718
2350.000 1.699
2355.000 1.663
2360.000 1.631
2365.000 1.596
2370.000 1.582
2375.000 1.551
2380.000 1.536
2385.000 1.509
2390.000 1.481
2395.000 1.465
2400.000 1.441
2405.000 1.427
2410.000 1.404
2415.000 1.383
2420.000 1.372
2425.000 1.349
2430.000 1.338
2435.000 1.320
2440.000 1.297
2445.000 1.289
2450.000 1.268
2455.000 1.261
2460.000 1.242
2465.000 1.230
2470.000 1.221
2475.000 1.207
2480.000 1.196
2485.000 1.179
2490.000 1.173
2495.000 1.158
2500.000 1.141
2505.000 1.134
2510.000 1.128
2515.000 1.115
2520.000 1.102
2525.000 1.088
2530.000 1.148
2535.000 1.165
2540.000 1.148
2545.000 1.116
2550.000 1.092
2555.000 1.081
2560.000 1.059
2565.000 1.053
2570.000 1.037
2575.000 1.023
2580.000 1.016
2585.000 1.002
2590.000 0.997
2595.000 0.986
2600.000 0.981
2605.000 0.975
2610.000 0.964
2615.000 0.960
2620.000 0.949
2625.000 0.943
2630.000 0.938
2635.000 0.929
2640.000 0.928
2645.000 0.920
2650.000 0.915
2655.000 0.912
2660.000 0.904
2665.000 0.902
2670.000 0.899
2675.000 0.893
2680.000 0.889
2685.000 0.887
2690.000 0.884
2695.000 0.880
2700.000 0.876
2705.000 0.874
2710.000 0.870
2715.000 0.868
2720.000 0.865
2725.000 0.861
2730.000 0.859
2735.000 0.856
2740.000 0.856
2745.000 0.851
2750.000 0.851
2755.000 0.848
2760.000 0.844
2765.000 0.845
2770.000 0.844
2775.000 0.844
2780.000 0.845
2785.000 0.842
2790.000 0.838
2795.000 0.840
2800.000 0.837
2805.000 0.837
2810.000 0.838
2815.000 0.836
2820.000 0.836
2825.000 0.837
2830.000 0.835
2835.000 0.836
2840.000 0.838
2845.000 0.837
2850.000 0.838
2855.000 0.838
2860.000 0.842
2865.000 0.840
2870.000 0.843
2875.000 0.844
2880.000 0.842
2885.000 0.845
2890.000 0.847
2895.000 0.849
2900.000 0.851
2905.000 0.853
2910.000 0.858
2915.000 0.858
2920.000 0.858
2925.000 0.863
2930.000 0.865
2935.000 0.872
2940.000 0.872
2945.000 0.883
2950.000 0.886
2955.000 0.885
2960.000 0.896
2965.000 0.895
2970.000 0.905
2975.000 0.902
2980.000 0.905
2985.000 0.918
2990.000 0.915
2995.000 0.928
3000.000 0.929
3005.000 0.940
3010.000 0.951
3015.000 0.957
3020.000 0.953
3025.000 0.972
3030.000 0.984
3035.000 0.983
3040.000 0.993
3045.000 1.004
3050.000 1.006
3055.000 1.026
3060.000 1.037
3065.000 1.039
3070.000 1.059
3075.000 1.066
3080.000 1.079
3085.000 1.104
3090.000 1.107
3095.000 1.126
3100.000 1.136
3105.000 1.156
3110.000 1.176
3115.000 1.188
3120.000 1.215
3125.000 1.226
3130.000 1.253
3135.000 1.283
3140.000 1.296
3145.000 1.329
3150.000 1.345
3155.000 1.381
3160.000 1.422
3165.000 1.444
3170.000 1.485
3175.000 1.508
3180.000 1.554
3185.000 1.604
3190.000 1.635
3195.000 1.696
3200.000 1.728
3205.000 1.802
3210.000 1.880
3215.000 1.922
3220.000 1.965
3225.000 2.062
3230.000 2.182
3235.000 2.278
3240.000 2.321
3245.000 2.415
3250.000 2.464
3255.000 2.568
3260.000 2.627
3265.000 2.746
3270.000 2.884
3275.000 2.960
3280.000 3.115
3285.000 3.288
3290.000 3.380
3295.000 3.586
3300.000 3.700
3305.000 3.963
3310.000 4.278
3315.000 4.465
3320.000 4.902
3325.000 5.164
3330.000 5.788
3335.000 6.590
3340.000 7.093
3345.000 8.317
3350.000 9.087
3355.000 11.040
3360.000 13.654
3365.000 15.224
3370.000 18.872
3375.000 20.793
3380.000 24.497
3385.000 25.785
3390.000 26.754
3395.000 24.529
3400.000 22.369
3405.000 17.835
3410.000 15.758
3415.000 12.337
3420.000 9.910
3425.000 8.983
3430.000 7.532
3435.000 6.962
3440.000 6.089
3445.000 5.538
3450.000 5.316
3455.000 4.927
3460.000 4.755
3465.000 4.449
3470.000 4.181
3475.000 4.055
3480.000 3.829
3485.000 3.729
3490.000 3.546
3495.000 3.380
3500.000 3.307
3505.000 3.172
3510.000 3.103
3515.000 2.991
3520.000 2.881
3525.000 2.828
3530.000 2.707
3535.000 2.644
3540.000 2.523
3545.000 2.419
3550.000 2.371
3555.000 2.286
3560.000 2.248
3565.000 2.172
3570.000 2.145
3575.000 2.081
3580.000 2.029
3585.000 2.005
3590.000 1.954
3595.000 1.913
3600.000 1.892
3605.000 1.847
3610.000 1.830
3615.000 1.792
3620.000 1.757
3625.000 1.745
3630.000 1.720
3635.000 1.710
3640.000 1.692
3645.000 1.673
3650.000 1.667
3655.000 1.656
3660.000 1.647
3665.000 1.642
3670.000 1.635
3675.000 1.635
3680.000 1.634
3685.000 1.635
3690.000 1.637
3695.000 1.638
3700.000 1.635
3705.000 1.629
3710.000 1.628
3715.000 1.630
3720.000 1.634
3725.000 1.636
3730.000 1.643
3735.000 1.647
3740.000 1.656
3745.000 1.669
3750.000 1.677
3755.000 1.688
3760.000 1.698
3765.000 1.716
3770.000 1.734
3775.000 1.744
3780.000 1.769
3785.000 1.781
3790.000 1.809
3795.000 1.837
3800.000 1.856
3805.000 1.892
3810.000 1.911
3815.000 1.954
3820.000 2.001
3825.000 2.028
3830.000 2.080
3835.000 2.110
3840.000 2.174
3845.000 2.251
3850.000 2.299
3855.000 2.378
3860.000 2.422
3865.000 2.521
3870.000 2.620
3875.000 2.666
3880.000 2.714
3885.000 2.807
3890.000 2.916
3895.000 3.037
3900.000 3.103
3905.000 3.250
3910.000 3.331
3915.000 3.504
3920.000 3.599
3925.000 3.806
3930.000 4.047
3935.000 4.177
3940.000 4.491
3945.000 4.875
3950.000 5.109
3955.000 5.654
3960.000 5.995
3965.000 6.838
3970.000 7.966
3975.000 8.754
3980.000 10.543
3985.000 11.636
3990.000 14.164
3995.000 15.597
4000.000 18.306
4005.000 20.046
4010.000 20.216
4015.000 18.677
4020.000 17.191
4025.000 13.979
4030.000 11.113
4035.000 9.956
4040.000 8.112
4045.000 7.386
4050.000 6.252
4055.000 5.528
4060.000 5.248
4065.000 4.759
4070.000 4.553
4075.000 4.179
4080.000 3.856
4085.000 3.713
4090.000 3.456
4095.000 3.345
4100.000 3.132
4105.000 2.949
4110.000 2.860
4115.000 2.702
4120.000 2.630
4125.000 2.496
4130.000 2.370
4135.000 2.309
4140.000 2.177
4145.000 2.114
4150.000 1.988
4155.000 1.853
4160.000 1.791
4165.000 1.677
4170.000 1.629
4175.000 1.538
4180.000 1.461
4185.000 1.424
4190.000 1.359
4195.000 1.328
4200.000 1.274
4205.000 1.222
4210.000 1.197
4215.000 1.158
4220.000 1.136
4225.000 1.097
4230.000 1.064
4235.000 1.046
4240.000 1.011
4245.000 0.996
4250.000 0.964
4255.000 0.935
4260.000 0.920
4265.000 0.890
4270.000 0.875
4275.000 0.848
4280.000 0.823
4285.000 0.812
4290.000 0.791
4295.000 0.782
4300.000 0.766
4305.000 0.754
4310.000 0.748
4315.000 0.741
4320.000 0.734
4325.000 0.728
4330.000 0.720
4335.000 0.717
4340.000 0.713
4345.000 0.710
4350.000 0.703
4355.000 0.699
4360.000 0.697
4365.000 0.695
4370.000 0.692
4375.000 0.687
4380.000 0.684
4385.000 0.683
4390.000 0.682
4395.000 0.680
4400.000 0.678
4405.000 0.676
4410.000 0.674
4415.000 0.676
4420.000 0.675
4425.000 0.681
4430.000 0.682
4435.000 0.681
4440.000 0.677
4445.000 0.677
4450.000 0.681
4455.000 0.680
4460.000 0.680
4465.000 0.683
4470.000 0.686
4475.000 0.689
4480.000 0.693
4485.000 0.696
4490.000 0.703
4495.000 0.703
4500.000 0.710
4505.000 0.718
4510.000 0.722
4515.000 0.731
4520.000 0.733
4525.000 0.745
4530.000 0.756
4535.000 0.760
4540.000 0.774
4545.000 0.782
4550.000 0.797
4555.000 0.814
4560.000 0.824
4565.000 0.845
4570.000 0.854
4575.000 0.879
4580.000 0.890
4585.000 0.916
4590.000 0.945
4595.000 0.960
4600.000 0.995
4605.000 1.015
4610.000 1.057
4615.000 1.105
4620.000 1.129
4625.000 1.163
4630.000 1.171
4635.000 1.210
4640.000 1.249
4645.000 1.269
4650.000 1.306
4655.000 1.331
4660.000 1.376
4665.000 1.400
4670.000 1.451
4675.000 1.508
4680.000 1.540
4685.000 1.604
4690.000 1.635
4695.000 1.706
4700.000 1.783
4705.000 1.825
4710.000 1.912
4715.000 2.013
4720.000 2.065
4725.000 2.171
4730.000 2.222
4735.000 2.343
4740.000 2.486
4745.000 2.562
4750.000 2.749
4755.000 2.870
4760.000 3.164
4765.000 3.560
4770.000 3.804
4775.000 4.391
4780.000 4.729
4785.000 5.387
4790.000 5.642
4795.000 5.749
4800.000 5.153
4805.000 4.704
4810.000 3.787
4815.000 3.051
4820.000 2.777
4825.000 2.336
4830.000 2.163
4835.000 1.874
4840.000 1.639
4845.000 1.542
4850.000 1.380
4855.000 1.311
4860.000 1.194
4865.000 1.140
4870.000 1.060
4875.000 0.991
4880.000 0.962
4885.000 0.912
4890.000 0.890
4895.000 0.854
4900.000 0.818
4905.000 0.806
4910.000 0.785
4915.000 0.750
4920.000 0.738
4925.000 0.713
4930.000 0.706
4935.000 0.687
4940.000 0.670
4945.000 0.662
4950.000 0.651
4955.000 0.651
4960.000 0.638
4965.000 0.641
4970.000 0.630
4975.000 0.631
4980.000 0.628
4985.000 0.623
4990.000 0.620
4995.000 0.616
5000.000 0.608
5005.000 0.611
5010.000 0.624
5015.000 0.618
5020.000 0.606
5025.000 0.617
5030.000 0.619
5035.000 0.617
5040.000 0.617
5045.000 0.617
5050.000 0.618
5055.000 0.606
5060.000 0.605
5065.000 0.607
5070.000 0.609
5075.000 0.606
5080.000 0.606
5085.000 0.605
5090.000 0.600
5095.000 0.596
5100.000 0.599
5105.000 0.600
5110.000 0.598
5115.000 0.600
5120.000 0.599
5125.000 0.602
5130.000 0.601
5135.000 0.603
5140.000 0.604
5145.000 0.602
5150.000 0.602
5155.000 0.601
5160.000 0.597
5165.000 0.597
5170.000 0.594
5175.000 0.589
5180.000 0.588
5185.000 0.585
5190.000 0.582
5195.000 0.576
5200.000 0.575
5205.000 0.572
5210.000 0.563
5215.000 0.564
5220.000 0.555
5225.000 0.549
5230.000 0.545
5235.000 0.540
5240.000 0.537
5245.000 0.534
5250.000 0.529
5255.000 0.524
5260.000 0.517
5265.000 0.513
5270.000 0.508
5275.000 0.501
5280.000 0.499
5285.000 0.492
5290.000 0.489
5295.000 0.483
5300.000 0.479
5305.000 0.477
5310.000 0.470
5315.000 0.468
5320.000 0.465
5325.000 0.459
5330.000 0.457
5335.000 0.454
5340.000 0.450
5345.000 0.447
5350.000 0.446
5355.000 0.448
5360.000 0.443
5365.000 0.440
5370.000 0.439
5375.000 0.442
5380.000 0.440
5385.000 0.437
5390.000 0.437
5395.000 0.438
5400.000 0.436
5405.000 0.437
5410.000 0.439
5415.000 0.436
5420.000 0.438
5425.000 0.438
5430.000 0.439
5435.000 0.438
5440.000 0.438
5445.000 0.439
5450.000 0.438
5455.000 0.440
5460.000 0.440
5465.000 0.442
5470.000 0.442
5475.000 0.442
5480.000 0.442
5485.000 0.444
5490.000 0.443
5495.000 0.442
5500.000 0.445
5505.000 0.443
5510.000 0.440
5515.000 0.448
5520.000 0.449
5525.000 0.462
5530.000 0.465
5535.000 0.458
5540.000 0.455
5545.000 0.443
5550.000 0.438
5555.000 0.436
5560.000 0.435
5565.000 0.438
5570.000 0.438
5575.000 0.437
5580.000 0.436
5585.000 0.435
5590.000 0.434
5595.000 0.434
5600.000 0.435
5605.000 0.437
5610.000 0.436
5615.000 0.434
5620.000 0.433
5625.000 0.434
5630.000 0.434
5635.000 0.433
5640.000 0.434
5645.000 0.432
5650.000 0.434
5655.000 0.437
5660.000 0.433
5665.000 0.434
5670.000 0.435
5675.000 0.433
5680.000 0.432
5685.000 0.434
5690.000 0.434
5695.000 0.435
5700.000 0.436
5705.000 0.436
5710.000 0.436
5715.000 0.435
5720.000 0.436
5725.000 0.435
5730.000 0.438
5735.000 0.435
5740.000 0.439
5745.000 0.438
5750.000 0.440
5755.000 0.439
5760.000 0.437
5765.000 0.438
5770.000 0.436
5775.000 0.440
5780.000 0.442
5785.000 0.439
5790.000 0.438
5795.000 0.443
5800.000 0.439
5805.000 0.442
5810.000 0.440
5815.000 0.441
5820.000 0.439
5825.000 0.443
5830.000 0.441
5835.000 0.443
5840.000 0.442
5845.000 0.443
5850.000 0.440
5855.000 0.446
5860.000 0.444
5865.000 0.443
5870.000 0.444
5875.000 0.445
5880.000 0.444
5885.000 0.448
5890.000 0.447
5895.000 0.451
5900.000 0.451
5905.000 0.451
5910.000 0.450
5915.000 0.451
5920.000 0.451
5925.000 0.451
5930.000 0.456
5935.000 0.455
5940.000 0.455
5945.000 0.455
5950.000 0.455
5955.000 0.459
5960.000 0.464
5965.000 0.458
5970.000 0.459
5975.000 0.455
5980.000 0.458
5985.000 0.461
5990.000 0.467
5995.000 0.471
6000.000 0.458
6005.000 0.475
6010.000 0.470
6015.000 0.475
6020.000 0.471
6025.000 0.472
6030.000 0.480
6035.000 0.468
6040.000 0.476
6045.000 0.481
6050.000 0.473
6055.000 0.482
6060.000 0.473
6065.000 0.480
6070.000 0.480
6075.000 0.481
6080.000 0.482
6085.000 0.486
6090.000 0.486
6095.000 0.485
6100.000 0.486
6105.000 0.490
6110.000 0.490
6115.000 0.492
6120.000 0.493
6125.000 0.492
6130.000 0.494
6135.000 0.496
6140.000 0.500
6145.000 0.505
6150.000 0.506
6155.000 0.506
6160.000 0.508
6165.000 0.510
6170.000 0.515
6175.000 0.517
6180.000 0.521
6185.000 0.523
6190.000 0.525
6195.000 0.528
6200.000 0.531
6205.000 0.534
6210.000 0.534
6215.000 0.538
6220.000 0.539
6225.000 0.541
6230.000 0.546
6235.000 0.545
6240.000 0.548
6245.000 0.553
6250.000 0.555
6255.000 0.559
6260.000 0.563
6265.000 0.562
6270.000 0.570
6275.000 0.574
6280.000 0.584
6285.000 0.588
6290.000 0.587
6295.000 0.592
6300.000 0.594
6305.000 0.613
6310.000 0.618
6315.000 0.631
6320.000 0.648
6325.000 0.634
6330.000 0.631
6335.000 0.631
6340.000 0.636
6345.000 0.639
6350.000 0.648
6355.000 0.654
6360.000 0.658
6365.000 0.668
6370.000 0.679
6375.000 0.680
6380.000 0.688
6385.000 0.694
6390.000 0.706
6395.000 0.712
6400.000 0.725
6405.000 0.736
6410.000 0.737
6415.000 0.752
6420.000 0.765
6425.000 0.771
6430.000 0.784
6435.000 0.789
6440.000 0.808
6445.000 0.824
6450.000 0.832
6455.000 0.852
6460.000 0.862
6465.000 0.876
6470.000 0.897
6475.000 0.906
6480.000 0.931
6485.000 0.942
6490.000 0.960
6495.000 0.973
6500.000 0.995
6505.000 1.023
6510.000 1.038
6515.000 1.066
6520.000 1.098
6525.000 1.114
6530.000 1.141
6535.000 1.163
6540.000 1.197
6545.000 1.238
6550.000 1.260
6555.000 1.301
6560.000 1.327
6565.000 1.377
6570.000 1.430
6575.000 1.457
6580.000 1.484
6585.000 1.548
6590.000 1.618
6595.000 1.698
6600.000 1.740
6605.000 1.829
6610.000 1.875
6615.000 1.976
6620.000 2.087
6625.000 2.150
6630.000 2.289
6635.000 2.363
6640.000 2.522
6645.000 2.710
6650.000 2.838
6655.000 3.094
6660.000 3.244
6665.000 3.597
6670.000 3.811
6675.000 4.326
6680.000 4.635
6685.000 5.407
6690.000 6.456
6695.000 7.116
6700.000 8.767
6705.000 10.980
6710.000 12.286
6715.000 15.281
6720.000 16.875
6725.000 19.892
6730.000 21.976
6735.000 22.339
6740.000 21.005
6745.000 19.225
6750.000 15.238
6755.000 11.819
6760.000 10.436
6765.000 8.317
6770.000 7.519
6775.000 6.274
6780.000 5.379
6785.000 5.042
6790.000 4.527
6795.000 4.355
6800.000 4.064
6805.000 3.825
6810.000 3.719
6815.000 3.511
6820.000 3.421
6825.000 3.261
6830.000 3.123
6835.000 3.057
6840.000 2.941
6845.000 2.885
6850.000 2.789
6855.000 2.700
6860.000 2.658
6865.000 2.586
6870.000 2.553
6875.000 2.490
6880.000 2.434
6885.000 2.408
6890.000 2.356
6895.000 2.331
6900.000 2.292
6905.000 2.259
6910.000 2.246
6915.000 2.218
6920.000 2.204
6925.000 2.181
6930.000 2.169
6935.000 2.160
6940.000 2.146
6945.000 2.140
6950.000 2.133
6955.000 2.122
6960.000 2.120
6965.000 2.125
6970.000 2.127
6975.000 2.144
6980.000 2.142
6985.000 2.152
6990.000 2.159
6995.000 2.176
7000.000 2.188
7005.000 2.219
7010.000 2.228
7015.000 2.265
7020.000 2.279
7025.000 2.316
7030.000 2.359
7035.000 2.372
7040.000 2.413
7045.000 2.441
7050.000 2.500
7055.000 2.559
7060.000 2.598
7065.000 2.677
7070.000 2.761
7075.000 2.803
7080.000 2.900
7085.000 2.945
7090.000 3.065
7095.000 3.127
7100.000 3.266
7105.000 3.427
7110.000 3.516
7115.000 3.701
7120.000 3.804
7125.000 4.027
7130.000 4.303
7135.000 4.456
7140.000 4.817
7145.000 5.267
7150.000 5.539
7155.000 6.184
7160.000 6.570
7165.000 7.530
7170.000 8.765
7175.000 9.511
7180.000 11.272
7185.000 12.280
7190.000 14.408
7195.000 16.370
7200.000 17.055
7205.000 17.413
7210.000 16.875
7215.000 14.707
7220.000 13.456
7225.000 11.045
7230.000 9.100
7235.000 8.304
7240.000 6.981
7245.000 6.153
7250.000 5.840
7255.000 5.321
7260.000 5.090
7265.000 4.665
7270.000 4.308
7275.000 4.153
7280.000 3.873
7285.000 3.747
7290.000 3.522
7295.000 3.315
7300.000 3.227
7305.000 3.057
7310.000 2.979
7315.000 2.846
7320.000 2.726
7325.000 2.664
7330.000 2.610
7335.000 2.510
7340.000 2.428
7345.000 2.360
7350.000 2.325
7355.000 2.259
7360.000 2.241
7365.000 2.103
7370.000 2.082
7375.000 1.970
7380.000 1.875
7385.000 1.834
7390.000 1.767
7395.000 1.698
7400.000 1.673
7405.000 1.623
7410.000 1.601
7415.000 1.555
7420.000 1.515
7425.000 1.498
7430.000 1.460
7435.000 1.441
7440.000 1.414
7445.000 1.387
7450.000 1.372
7455.000 1.349
7460.000 1.338
7465.000 1.316
7470.000 1.294
7475.000 1.283
7480.000 1.268
7485.000 1.261
7490.000 1.246
7495.000 1.235
7500.000 1.227
7505.000 1.221
7510.000 1.211
7515.000 1.203
7520.000 1.199
7525.000 1.192
7530.000 1.190
7535.000 1.186
7540.000 1.181
7545.000 1.180
7550.000 1.175
7555.000 1.173
7560.000 1.174
7565.000 1.175
7570.000 1.177
7575.000 1.180
7580.000 1.185
7585.000 1.185
7590.000 1.185
7595.000 1.190
7600.000 1.199
7605.000 1.206
7610.000 1.211
7615.000 1.223
7620.000 1.227
7625.000 1.239
7630.000 1.256
7635.000 1.261
7640.000 1.280
7645.000 1.289
7650.000 1.310
7655.000 1.334
7660.000 1.346
7665.000 1.373
7670.000 1.385
7675.000 1.417
7680.000 1.459
7685.000 1.477
7690.000 1.516
7695.000 1.539
7700.000 1.593
7705.000 1.654
7710.000 1.680
7715.000 1.724
7720.000 1.744
7725.000 1.794
7730.000 1.846
7735.000 1.875
7740.000 1.942
7745.000 1.977
7750.000 2.055
7755.000 2.141
7760.000 2.192
7765.000 2.302
7770.000 2.361
7775.000 2.500
7780.000 2.658
7785.000 2.756
7790.000 2.977
7795.000 3.110
7800.000 3.417
7805.000 3.811
7810.000 4.047
7815.000 4.603
7820.000 4.921
7825.000 5.606
7830.000 6.230
7835.000 6.426
7840.000 6.268
7845.000 5.952
7850.000 5.103
7855.000 4.233
7860.000 3.858
7865.000 3.260
7870.000 3.018
7875.000 2.593
7880.000 2.250
7885.000 2.105
7890.000 1.849
7895.000 1.729
7900.000 1.542
7905.000 1.380
7910.000 1.302
7915.000 1.149
7920.000 1.082
7925.000 0.965
7930.000 0.867
7935.000 0.821
7940.000 0.782
7945.000 0.710
7950.000 0.643
7955.000 0.595
7960.000 0.567
7965.000 0.521
7970.000 0.508
7975.000 0.473
7980.000 0.443
7985.000 0.429
7990.000 0.398
7995.000 0.387
8000.000 0.361
8005.000 0.348
8010.000 0.339
8015.000 0.329
8020.000 0.311
8025.000 0.303
8030.000 0.295
8035.000 0.297
8040.000 0.305
8045.000 0.308
8050.000 0.304
8055.000 0.309
8060.000 0.307
8065.000 0.306
8070.000 0.303
8075.000 0.292
8080.000 0.282
8085.000 0.275
8090.000 0.267
8095.000 0.265
8100.000 0.256
8105.000 0.253
8110.000 0.250
8115.000 0.247
8120.000 0.247
8125.000 0.241
8130.000 0.244
8135.000 0.240
8140.000 0.239
8145.000 0.237
8150.000 0.236
8155.000 0.237
8160.000 0.235
8165.000 0.235
8170.000 0.234
8175.000 0.231
8180.000 0.231
8185.000 0.229
8190.000 0.234
8195.000 0.232
8200.000 0.235
8205.000 0.236
8210.000 0.236
8215.000 0.238
8220.000 0.236
8225.000 0.239
8230.000 0.240
8235.000 0.237
8240.000 0.240
8245.000 0.240
8250.000 0.239
8255.000 0.241
8260.000 0.242
8265.000 0.242
8270.000 0.241
8275.000 0.245
8280.000 0.245
8285.000 0.246
8290.000 0.247
8295.000 0.246
8300.000 0.247
8305.000 0.248
8310.000 0.249
8315.000 0.250
8320.000 0.250
8325.000 0.249
8330.000 0.250
8335.000 0.250
8340.000 0.252
8345.000 0.252
8350.000 0.252
8355.000 0.253
8360.000 0.254
8365.000 0.256
8370.000 0.256
8375.000 0.257
8380.000 0.257
8385.000 0.258
8390.000 0.257
8395.000 0.260
8400.000 0.261
8405.000 0.261
8410.000 0.261
8415.000 0.260
8420.000 0.262
8425.000 0.262
8430.000 0.263
8435.000 0.264
8440.000 0.266
8445.000 0.265
8450.000 0.267
8455.000 0.266
8460.000 0.267
8465.000 0.268
8470.000 0.266
8475.000 0.268
8480.000 0.267
8485.000 0.268
8490.000 0.269
8495.000 0.270
8500.000 0.269
8505.000 0.271
8510.000 0.271
8515.000 0.271
8520.000 0.272
8525.000 0.273
8530.000 0.274
8535.000 0.274
8540.000 0.273
8545.000 0.275
8550.000 0.277
8555.000 0.277
8560.000 0.279
8565.000 0.278
8570.000 0.277
8575.000 0.279
8580.000 0.279
8585.000 0.280
8590.000 0.280
8595.000 0.280
8600.000 0.281
8605.000 0.282
8610.000 0.280
8615.000 0.282
8620.000 0.283
8625.000 0.285
8630.000 0.283
8635.000 0.284
8640.000 0.285
8645.000 0.285
8650.000 0.286
8655.000 0.287
8660.000 0.286
8665.000 0.287
8670.000 0.289
8675.000 0.289
8680.000 0.290
8685.000 0.289
8690.000 0.288
8695.000 0.289
8700.000 0.291
8705.000 0.290
8710.000 0.289
8715.000 0.290
8720.000 0.289
8725.000 0.290
8730.000 0.289
8735.000 0.292
8740.000 0.293
8745.000 0.290
8750.000 0.291
8755.000 0.292
8760.000 0.292
8765.000 0.294
8770.000 0.292
8775.000 0.294
8780.000 0.293
8785.000 0.294
8790.000 0.293
8795.000 0.295
8800.000 0.296
8805.000 0.296
8810.000 0.297
8815.000 0.304
8820.000 0.311
8825.000 0.319
8830.000 0.325
8835.000 0.316
8840.000 0.328
8845.000 0.313
8850.000 0.305
8855.000 0.303
8860.000 0.302
8865.000 0.301
8870.000 0.301
8875.000 0.300
8880.000 0.299
8885.000 0.300
8890.000 0.298
8895.000 0.297
8900.000 0.293
8905.000 0.293
8910.000 0.293
8915.000 0.293
8920.000 0.293
8925.000 0.297
8930.000 0.296
8935.000 0.298
8940.000 0.297
8945.000 0.299
8950.000 0.299
8955.000 0.301
8960.000 0.300
8965.000 0.303
8970.000 0.302
8975.000 0.306
8980.000 0.304
8985.000 0.301
8990.000 0.302
8995.000 0.302
9000.000 0.308
9005.000 0.304
9010.000 0.301
9015.000 0.303
9020.000 0.306
9025.000 0.306
9030.000 0.302
9035.000 0.303
9040.000 0.306
9045.000 0.306
9050.000 0.302
9055.000 0.308
9060.000 0.307
9065.000 0.303
9070.000 0.303
9075.000 0.304
9080.000 0.302
9085.000 0.305
9090.000 0.302
9095.000 0.305
9100.000 0.306
9105.000 0.306
9110.000 0.305
9115.000 0.304
9120.000 0.303
9125.000 0.303
9130.000 0.304
9135.000 0.304
9140.000 0.304
9145.000 0.303
9150.000 0.304
9155.000 0.302
9160.000 0.305
9165.000 0.306
9170.000 0.308
9175.000 0.310
9180.000 0.312
9185.000 0.314
9190.000 0.315
9195.000 0.313
9200.000 0.314
9205.000 0.314
9210.000 0.313
9215.000 0.314
9220.000 0.312
9225.000 0.314
9230.000 0.314
9235.000 0.312
9240.000 0.313
9245.000 0.309
9250.000 0.309
9255.000 0.310
9260.000 0.311
9265.000 0.309
9270.000 0.310
9275.000 0.307
9280.000 0.310
9285.000 0.310
9290.000 0.310
9295.000 0.309
9300.000 0.309
9305.000 0.307
9310.000 0.309
9315.000 0.308
9320.000 0.307
9325.000 0.309
9330.000 0.307
9335.000 0.307
9340.000 0.307
9345.000 0.304
9350.000 0.304
9355.000 0.306
9360.000 0.306
9365.000 0.305
9370.000 0.304
9375.000 0.303
9380.000 0.304
9385.000 0.305
9390.000 0.303
9395.000 0.303
9400.000 0.302
9405.000 0.299
9410.000 0.299
9415.000 0.299
9420.000 0.301
9425.000 0.301
9430.000 0.301
9435.000 0.300
9440.000 0.300
9445.000 0.299
9450.000 0.299
9455.000 0.299
9460.000 0.299
9465.000 0.297
9470.000 0.296
9475.000 0.294
9480.000 0.293
9485.000 0.295
9490.000 0.291
9495.000 0.289
9500.000 0.291
9505.000 0.291
9510.000 0.288
9515.000 0.287
9520.000 0.286
9525.000 0.286
9530.000 0.283
9535.000 0.284
9540.000 0.283
9545.000 0.281
9550.000 0.280
9555.000 0.277
9560.000 0.278
9565.000 0.277
9570.000 0.274
9575.000 0.275
9580.000 0.271
9585.000 0.271
9590.000 0.271
9595.000 0.270
9600.000 0.268
9605.000 0.267
9610.000 0.260
9615.000 0.264
9620.000 0.260
9625.000 0.261
9630.000 0.255
9635.000 0.255
9640.000 0.253
9645.000 0.250
9650.000 0.248
9655.000 0.245
9660.000 0.242
9665.000 0.240
9670.000 0.238
9675.000 0.237
9680.000 0.233
9685.000 0.230
9690.000 0.227
9695.000 0.222
9700.000 0.220
9705.000 0.216
9710.000 0.213
9715.000 0.210
9720.000 0.208
9725.000 0.205
9730.000 0.198
9735.000 0.196
9740.000 0.194
9745.000 0.189
9750.000 0.186
9755.000 0.178
9760.000 0.172
9765.000 0.170
9770.000 0.164
9775.000 0.161
9780.000 0.155
9785.000 0.147
9790.000 0.143
9795.000 0.133
9800.000 0.131
9805.000 0.122
9810.000 0.113
9815.000 0.110
9820.000 0.100
9825.000 0.095
9830.000 0.084
9835.000 0.074
9840.000 0.066
9845.000 0.058
9850.000 0.049
9855.000 0.036
9860.000 0.030
9865.000 0.019
9870.000 0.013
9875.000 0.019
9880.000 0.034
9885.000 0.042
9890.000 0.061
9895.000 0.084
9900.000 0.096
9905.000 0.124
9910.000 0.154
9915.000 0.173
9920.000 0.191
9925.000 0.231
9930.000 0.256
9935.000 0.316
9940.000 0.387
9945.000 0.485
9950.000 0.546
9955.000 0.689
9960.000 0.768
9965.000 0.946
9970.000 1.162
9975.000 1.287
9980.000 1.577
9985.000 1.749
9990.000 2.145
9995.000 2.616
10000.000 2.895
10005.000 3.178
10010.000 3.837
10015.000 4.630
10020.000 5.565
10025.000 6.047
10030.000 7.048
10035.000 7.502
10040.000 8.146
10045.000 8.251
10050.000 8.086
10055.000 7.797
10060.000 7.045
10065.000 6.249
10070.000 5.484
10075.000 5.114
10080.000 4.399
10085.000 4.073
10090.000 3.487
10095.000 3.001
10100.000 2.787
10105.000 2.438
10110.000 2.295
10115.000 2.058
10120.000 1.880
10125.000 1.819
10130.000 1.725
10135.000 1.685
10140.000 1.625
10145.000 1.582
10150.000 1.564
10155.000 1.527
10160.000 1.514
10165.000 1.485
10170.000 1.463
10175.000 1.450
10180.000 1.432
10185.000 1.428
10190.000 1.413
10195.000 1.399
10200.000 1.390
10205.000 1.385
10210.000 1.381
10215.000 1.372
10220.000 1.369
10225.000 1.363
10230.000 1.360
10235.000 1.360
10240.000 1.361
10245.000 1.360
10250.000 1.368
10255.000 1.368
10260.000 1.369
10265.000 1.368
10270.000 1.374
10275.000 1.384
10280.000 1.384
10285.000 1.399
10290.000 1.408
10295.000 1.420
10300.000 1.438
10305.000 1.453
10310.000 1.464
10315.000 1.486
10320.000 1.498
10325.000 1.523
10330.000 1.557
10335.000 1.572
10340.000 1.608
10345.000 1.627
10350.000 1.665
10355.000 1.714
10360.000 1.739
10365.000 1.794
10370.000 1.819
10375.000 1.888
10380.000 1.967
10385.000 2.008
10390.000 2.086
10395.000 2.144
10400.000 2.248
10405.000 2.370
10410.000 2.431
10415.000 2.581
10420.000 2.666
10425.000 2.863
10430.000 3.089
10435.000 3.224
10440.000 3.533
10445.000 3.710
10450.000 4.075
10455.000 4.447
10460.000 4.605
10465.000 4.800
10470.000 4.808
10475.000 4.623
10480.000 4.323
10485.000 4.152
10490.000 3.752
10495.000 3.541
10500.000 3.128
10505.000 2.756
10510.000 2.575
10515.000 2.289
10520.000 2.160
10525.000 1.935
10530.000 1.743
10535.000 1.657
10540.000 1.503
10545.000 1.438
10550.000 1.310
10555.000 1.256
10560.000 1.153
10565.000 1.058
10570.000 1.014
10575.000 0.936
10580.000 0.866
10585.000 0.832
10590.000 0.772
10595.000 0.742
10600.000 0.683
10605.000 0.623
10610.000 0.597
10615.000 0.545
10620.000 0.523
10625.000 0.480
10630.000 0.438
10635.000 0.421
10640.000 0.387
10645.000 0.371
10650.000 0.342
10655.000 0.317
10660.000 0.303
10665.000 0.280
10670.000 0.269
10675.000 0.250
10680.000 0.233
10685.000 0.227
10690.000 0.214
10695.000 0.206
10700.000 0.196
10705.000 0.187
10710.000 0.182
10715.000 0.174
10720.000 0.170
10725.000 0.164
10730.000 0.158
10735.000 0.156
10740.000 0.152
10745.000 0.150
10750.000 0.144
10755.000 0.140
10760.000 0.137
10765.000 0.132
10770.000 0.131
10775.000 0.127
10780.000 0.126
10785.000 0.126
10790.000 0.124
10795.000 0.123
10800.000 0.124
10805.000 0.125
10810.000 0.125
10815.000 0.127
10820.000 0.129
10825.000 0.131
10830.000 0.134
10835.000 0.139
10840.000 0.143
10845.000 0.146
10850.000 0.153
10855.000 0.156
10860.000 0.164
10865.000 0.173
10870.000 0.176
10875.000 0.190
10880.000 0.195
10885.000 0.209
10890.000 0.225
10895.000 0.233
10900.000 0.253
10905.000 0.263
10910.000 0.291
10915.000 0.323
10920.000 0.339
10925.000 0.385
10930.000 0.411
10935.000 0.473
10940.000 0.562
10945.000 0.619
10950.000 0.743
10955.000 0.799
10960.000 0.934
10965.000 1.104
10970.000 1.200
10975.000 1.442
10980.000 1.573
10985.000 1.890
10990.000 2.251
10995.000 2.440
11000.000 2.824
11005.000 2.979
11010.000 3.213
11015.000 3.265
11020.000 3.216
11025.000 2.947
11030.000 2.768
11035.000 2.381
11040.000 2.038
11045.000 1.888
11050.000 1.625
11055.000 1.517
11060.000 1.341
11065.000 1.208
11070.000 1.155
11075.000 1.066
11080.000 1.032
11085.000 0.980
11090.000 0.935
11095.000 0.915
11100.000 0.872
11105.000 0.850
11110.000 0.822
11115.000 0.794
11120.000 0.780
11125.000 0.753
11130.000 0.743
11135.000 0.721
11140.000 0.699
11145.000 0.688
11150.000 0.673
11155.000 0.665
11160.000 0.652
11165.000 0.643
11170.000 0.634
11175.000 0.625
11180.000 0.621
11185.000 0.609
11190.000 0.599
11195.000 0.597
11200.000 0.587
11205.000 0.582
11210.000 0.575
11215.000 0.572
11220.000 0.564
11225.000 0.556
11230.000 0.552
11235.000 0.547
11240.000 0.546
11245.000 0.540
11250.000 0.533
11255.000 0.533
11260.000 0.526
11265.000 0.520
11270.000 0.519
11275.000 0.520
11280.000 0.516
11285.000 0.507
11290.000 0.507
11295.000 0.504
11300.000 0.495
11305.000 0.491
11310.000 0.490
11315.000 0.489
11320.000 0.490
11325.000 0.487
11330.000 0.484
11335.000 0.483
11340.000 0.480
11345.000 0.480
11350.000 0.476
11355.000 0.475
11360.000 0.469
11365.000 0.471
11370.000 0.471
11375.000 0.467
11380.000 0.468
11385.000 0.465
11390.000 0.467
11395.000 0.464
11400.000 0.464
11405.000 0.462
11410.000 0.459
11415.000 0.456
11420.000 0.456
11425.000 0.455
11430.000 0.453
11435.000 0.449
11440.000 0.449
11445.000 0.448
11450.000 0.448
11455.000 0.447
11460.000 0.446
11465.000 0.443
11470.000 0.444
11475.000 0.443
11480.000 0.444
11485.000 0.438
11490.000 0.439
11495.000 0.438
11500.000 0.440
11505.000 0.438
11510.000 0.437
11515.000 0.437
11520.000 0.433
11525.000 0.438
11530.000 0.439
11535.000 0.434
11540.000 0.434
11545.000 0.434
11550.000 0.433
11555.000 0.430
11560.000 0.426
11565.000 0.426
11570.000 0.425
11575.000 0.425
11580.000 0.428
11585.000 0.424
11590.000 0.423
11595.000 0.422
11600.000 0.422
11605.000 0.419
11610.000 0.420
11615.000 0.422
11620.000 0.421
11625.000 0.420
11630.000 0.418
11635.000 0.420
11640.000 0.420
11645.000 0.421
11650.000 0.421
11655.000 0.423
11660.000 0.416
11665.000 0.421
11670.000 0.418
11675.000 0.421
11680.000 0.417
11685.000 0.416
11690.000 0.420
11695.000 0.419
11700.000 0.424
11705.000 0.422
11710.000 0.415
11715.000 0.414
11720.000 0.425
11725.000 0.425
11730.000 0.428
11735.000 0.424
11740.000 0.422
11745.000 0.418
11750.000 0.411
11755.000 0.413
11760.000 0.409
11765.000 0.412
11770.000 0.412
11775.000 0.411
11780.000 0.411
11785.000 0.407
11790.000 0.413
11795.000 0.413
11800.000 0.409
11805.000 0.410
11810.000 0.408
11815.000 0.407
11820.000 0.407
11825.000 0.404
11830.000 0.404
11835.000 0.406
11840.000 0.405
11845.000 0.403
11850.000 0.401
11855.000 0.403
11860.000 0.398
11865.000 0.400
11870.000 0.397
11875.000 0.398
11880.000 0.399
11885.000 0.396
11890.000 0.396
11895.000 0.394
11900.000 0.395
11905.000 0.397
11910.000 0.398
11915.000 0.400
11920.000 0.396
11925.000 0.400
11930.000 0.400
11935.000 0.398
11940.000 0.397
11945.000 0.397
11950.000 0.395
11955.000 0.398
11960.000 0.396
11965.000 0.397
11970.000 0.396
11975.000 0.396
11980.000 0.399
11985.000 0.394
11990.000 0.396
11995.000 0.396
12000.000 0.400
