105.000 0.026
110.000 0.050
115.000 5.153
120.000 5.479
125.000 6.281
130.000 6.789
135.000 6.927
140.000 7.155
145.000 7.755
150.000 8.899
155.000 9.800
160.000 10.093
165.000 10.201
170.000 10.641
175.000 10.877
180.000 11.262
185.000 11.515
190.000 12.145
195.000 12.553
200.000 12.882
205.000 13.226
210.000 13.543
215.000 14.031
220.000 14.625
225.000 14.539
230.000 14.707
235.000 14.371
240.000 13.837
245.000 13.412
250.000 13.465
255.000 13.974
260.000 14.256
265.000 15.052
270.000 15.584
275.000 16.085
280.000 16.951
285.000 17.301
290.000 18.465
295.000 19.125
300.000 20.779
305.000 22.470
310.000 23.335
315.000 25.608
320.000 26.739
325.000 29.080
330.000 31.445
335.000 32.573
340.000 35.292
345.000 36.716
350.000 39.812
355.000 43.214
360.000 45.063
365.000 49.006
370.000 51.118
375.000 55.630
380.000 60.416
385.000 62.938
390.000 68.242
395.000 70.313
400.000 70.852
405.000 68.964
410.000 67.442
415.000 64.881
420.000 63.763
425.000 62.560
430.000 62.379
435.000 62.391
440.000 62.155
445.000 61.965
450.000 61.465
455.000 60.847
460.000 60.437
465.000 59.135
470.000 57.894
475.000 52.848
480.000 47.403
485.000 45.086
490.000 40.226
495.000 38.187
500.000 34.265
505.000 30.476
510.000 28.680
515.000 25.227
520.000 23.733
525.000 20.930
530.000 18.355
535.000 17.160
540.000 15.017
545.000 14.069
550.000 12.394
555.000 10.948
560.000 10.312
565.000 9.238
570.000 8.802
575.000 7.990
580.000 7.492
585.000 6.796
590.000 6.231
595.000 5.981
600.000 5.520
605.000 5.312
610.000 4.915
615.000 4.570
620.000 4.447
625.000 4.174
630.000 4.038
635.000 3.810
640.000 3.628
645.000 3.536
650.000 3.387
655.000 3.302
660.000 3.175
665.000 3.063
670.000 3.020
675.000 2.937
680.000 2.908
685.000 2.852
690.000 2.827
695.000 2.815
700.000 2.789
705.000 2.790
710.000 2.772
715.000 2.778
720.000 2.785
725.000 2.893
730.000 2.887
735.000 2.907
740.000 2.981
745.000 3.021
750.000 3.125
755.000 3.191
760.000 3.347
765.000 3.555
770.000 3.687
775.000 4.002
780.000 4.223
785.000 4.734
790.000 5.494
795.000 5.954
800.000 7.010
805.000 7.773
810.000 10.023
815.000 13.544
820.000 15.617
825.000 19.909
830.000 21.579
835.000 22.220
840.000 17.955
845.000 15.168
850.000 10.668
855.000 9.101
860.000 6.818
865.000 5.316
870.000 4.742
875.000 3.796
880.000 3.426
885.000 2.886
890.000 2.464
895.000 2.291
900.000 2.010
905.000 1.891
910.000 1.682
915.000 1.521
920.000 1.450
925.000 1.330
930.000 1.275
935.000 1.181
940.000 1.109
945.000 1.072
950.000 1.011
955.000 0.982
960.000 0.933
965.000 0.896
970.000 0.870
975.000 0.835
980.000 0.821
985.000 0.793
990.000 0.775
995.000 0.762
1000.000 0.748
1005.000 0.739
1010.000 0.719
1015.000 0.709
1020.000 0.712
1025.000 0.704
1030.000 0.699
1035.000 0.693
1040.000 0.691
1045.000 0.687
1050.000 0.691
1055.000 0.695
1060.000 0.698
1065.000 0.702
1070.000 0.707
1075.000 0.718
1080.000 0.724
1085.000 0.736
1090.000 0.752
1095.000 0.757
1100.000 0.780
1105.000 0.794
1110.000 0.821
1115.000 0.855
1120.000 0.869
1125.000 0.907
1130.000 0.928
1135.000 0.970
1140.000 1.028
1145.000 1.058
1150.000 1.127
1155.000 1.166
1160.000 1.264
1165.000 1.382
1170.000 1.454
1175.000 1.640
1180.000 1.749
1185.000 2.026
1190.000 2.210
1195.000 2.689
1200.000 3.373
1205.000 3.789
1210.000 4.921
1215.000 5.694
1220.000 7.785
1225.000 10.515
1230.000 11.887
1235.000 13.682
1240.000 13.781
1245.000 12.134
1250.000 9.424
1255.000 8.202
1260.000 6.275
1265.000 5.515
1270.000 4.373
1275.000 3.582
1280.000 3.274
1285.000 2.791
1290.000 2.600
1295.000 2.302
1300.000 2.099
1305.000 2.017
1310.000 1.875
1315.000 1.816
1320.000 1.712
1325.000 1.625
1330.000 1.588
1335.000 1.522
1340.000 1.492
1345.000 1.444
1350.000 1.401
1355.000 1.381
1360.000 1.350
1365.000 1.335
1370.000 1.313
1375.000 1.291
1380.000 1.282
1385.000 1.269
1390.000 1.261
1395.000 1.254
1400.000 1.264
1405.000 1.255
1410.000 1.251
1415.000 1.253
1420.000 1.257
1425.000 1.267
1430.000 1.277
1435.000 1.292
1440.000 1.301
1445.000 1.325
1450.000 1.355
1455.000 1.371
1460.000 1.404
1465.000 1.418
1470.000 1.457
1475.000 1.501
1480.000 1.518
1485.000 1.567
1490.000 1.591
1495.000 1.642
1500.000 1.704
1505.000 1.737
1510.000 1.812
1515.000 1.849
1520.000 1.939
1525.000 2.041
1530.000 2.100
1535.000 2.234
1540.000 2.307
1545.000 2.466
1550.000 2.656
1555.000 2.771
1560.000 3.049
1565.000 3.207
1570.000 3.589
1575.000 4.064
1580.000 4.387
1585.000 5.108
1590.000 5.579
1595.000 6.731
1600.000 8.344
1605.000 9.325
1610.000 11.186
1615.000 12.356
1620.000 14.682
1625.000 16.357
1630.000 16.628
1635.000 15.474
1640.000 14.201
1645.000 11.405
1650.000 8.956
1655.000 7.984
1660.000 6.490
1665.000 5.910
1670.000 5.100
1675.000 4.527
1680.000 4.336
1685.000 4.102
1690.000 4.016
1695.000 3.864
1700.000 3.741
1705.000 3.713
1710.000 3.672
1715.000 3.656
1720.000 3.627
1725.000 3.599
1730.000 3.592
1735.000 3.565
1740.000 3.552
1745.000 3.525
1750.000 3.501
1755.000 3.494
1760.000 3.479
1765.000 3.472
1770.000 3.467
1775.000 3.465
1780.000 3.477
1785.000 3.485
1790.000 3.486
1795.000 3.500
1800.000 3.512
1805.000 3.533
1810.000 3.555
1815.000 3.572
1820.000 3.613
1825.000 3.633
1830.000 3.675
1835.000 3.726
1840.000 3.754
1845.000 3.821
1850.000 3.852
1855.000 3.939
1860.000 4.054
1865.000 4.096
1870.000 4.189
1875.000 4.245
1880.000 4.376
1885.000 4.522
1890.000 4.604
1895.000 4.777
1900.000 4.873
1905.000 5.093
1910.000 5.336
1915.000 5.472
1920.000 5.772
1925.000 5.938
1930.000 6.319
1935.000 6.745
1940.000 6.990
1945.000 7.573
1950.000 7.867
1955.000 8.506
1960.000 9.337
1965.000 9.824
1970.000 11.033
1975.000 11.764
1980.000 13.544
1985.000 15.872
1990.000 17.247
1995.000 20.199
2000.000 21.673
2005.000 24.342
2010.000 25.662
2015.000 25.546
2020.000 23.308
2025.000 21.675
2030.000 18.278
2035.000 15.130
2040.000 13.815
2045.000 11.690
2050.000 10.832
2055.000 9.601
2060.000 8.675
2065.000 8.226
2070.000 7.535
2075.000 7.208
2080.000 6.594
2085.000 6.072
2090.000 5.843
2095.000 5.427
2100.000 5.241
2105.000 4.907
2110.000 4.622
2115.000 4.486
2120.000 4.241
2125.000 4.126
2130.000 3.920
2135.000 3.744
2140.000 3.663
2145.000 3.513
2150.000 3.445
2155.000 3.320
2160.000 3.205
2165.000 3.129
2170.000 2.974
2175.000 2.909
2180.000 2.795
2185.000 2.695
2190.000 2.654
2195.000 2.586
2200.000 2.559
2205.000 2.510
2210.000 2.474
2215.000 2.461
2220.000 2.446
2225.000 2.446
2230.000 2.451
2235.000 2.472
2240.000 2.491
2245.000 2.536
2250.000 2.565
2255.000 2.643
2260.000 2.739
2265.000 2.798
2270.000 2.939
2275.000 3.002
2280.000 3.129
2285.000 3.275
2290.000 3.359
2295.000 3.569
2300.000 3.688
2305.000 3.996
2310.000 4.422
2315.000 4.704
2320.000 5.471
2325.000 5.981
2330.000 7.350
2335.000 9.432
2340.000 10.646
2345.000 13.509
2350.000 14.819
2355.000 16.117
2360.000 13.758
2365.000 11.723
2370.000 8.413
2375.000 7.182
2380.000 5.383
2385.000 4.734
2390.000 3.750
2395.000 3.089
2400.000 2.845
2405.000 2.476
2410.000 2.292
2415.000 1.986
2420.000 1.735
2425.000 1.630
2430.000 1.448
2435.000 1.369
2440.000 1.233
2445.000 1.122
2450.000 1.074
2455.000 0.987
2460.000 0.949
2465.000 0.880
2470.000 0.821
2475.000 0.793
2480.000 0.745
2485.000 0.722
2490.000 0.680
2495.000 0.642
2500.000 0.625
2505.000 0.591
2510.000 0.576
2515.000 0.551
2520.000 0.526
2525.000 0.516
2530.000 0.495
2535.000 0.487
2540.000 0.469
2545.000 0.453
2550.000 0.444
2555.000 0.431
2560.000 0.422
2565.000 0.416
2570.000 0.404
2575.000 0.400
2580.000 0.389
2585.000 0.384
2590.000 0.375
2595.000 0.367
2600.000 0.360
2605.000 0.356
2610.000 0.350
2615.000 0.344
2620.000 0.339
2625.000 0.337
2630.000 0.331
2635.000 0.330
2640.000 0.323
2645.000 0.319
2650.000 0.316
2655.000 0.313
2660.000 0.312
2665.000 0.306
2670.000 0.304
2675.000 0.303
2680.000 0.301
2685.000 0.300
2690.000 0.296
2695.000 0.295
2700.000 0.293
2705.000 0.293
2710.000 0.290
2715.000 0.288
2720.000 0.286
2725.000 0.285
2730.000 0.285
2735.000 0.283
2740.000 0.283
2745.000 0.282
2750.000 0.281
2755.000 0.280
2760.000 0.279
2765.000 0.279
2770.000 0.278
2775.000 0.280
2780.000 0.278
2785.000 0.277
2790.000 0.277
2795.000 0.275
2800.000 0.277
2805.000 0.276
2810.000 0.276
2815.000 0.275
2820.000 0.273
2825.000 0.274
2830.000 0.275
2835.000 0.276
2840.000 0.274
2845.000 0.272
2850.000 0.273
2855.000 0.272
2860.000 0.272
2865.000 0.271
2870.000 0.273
2875.000 0.273
2880.000 0.272
2885.000 0.274
2890.000 0.271
2895.000 0.272
2900.000 0.273
2905.000 0.270
2910.000 0.273
2915.000 0.274
2920.000 0.275
2925.000 0.273
2930.000 0.273
2935.000 0.274
2940.000 0.272
2945.000 0.276
2950.000 0.275
2955.000 0.275
2960.000 0.281
2965.000 0.280
2970.000 0.277
2975.000 0.280
2980.000 0.280
2985.000 0.276
2990.000 0.285
2995.000 0.278
3000.000 0.280
3005.000 0.284
3010.000 0.286
3015.000 0.287
3020.000 0.282
3025.000 0.289
3030.000 0.285
3035.000 0.296
3040.000 0.293
3045.000 0.294
3050.000 0.298
3055.000 0.297
3060.000 0.297
3065.000 0.298
3070.000 0.299
3075.000 0.303
3080.000 0.305
3085.000 0.308
3090.000 0.309
3095.000 0.313
3100.000 0.313
3105.000 0.319
3110.000 0.321
3115.000 0.326
3120.000 0.329
3125.000 0.333
3130.000 0.337
3135.000 0.340
3140.000 0.345
3145.000 0.349
3150.000 0.356
3155.000 0.361
3160.000 0.369
3165.000 0.377
3170.000 0.381
3175.000 0.391
3180.000 0.399
3185.000 0.407
3190.000 0.417
3195.000 0.424
3200.000 0.439
3205.000 0.455
3210.000 0.461
3215.000 0.481
3220.000 0.493
3225.000 0.516
3230.000 0.541
3235.000 0.552
3240.000 0.585
3245.000 0.601
3250.000 0.641
3255.000 0.667
3260.000 0.713
3265.000 0.772
3270.000 0.804
3275.000 0.881
3280.000 0.926
3285.000 1.034
3290.000 1.180
3295.000 1.276
3300.000 1.775
3305.000 2.801
3310.000 3.514
3315.000 4.052
3320.000 4.054
3325.000 4.433
3330.000 4.980
3335.000 6.442
3340.000 8.321
3345.000 9.408
3350.000 11.855
3355.000 13.086
3360.000 15.036
3365.000 15.551
3370.000 15.144
3375.000 13.113
3380.000 10.595
3385.000 9.409
3390.000 7.489
3395.000 6.727
3400.000 5.514
3405.000 4.659
3410.000 4.337
3415.000 3.839
3420.000 3.651
3425.000 3.362
3430.000 3.200
3435.000 3.173
3440.000 3.167
3445.000 3.175
3450.000 3.220
3455.000 3.296
3460.000 3.343
3465.000 3.464
3470.000 3.541
3475.000 3.719
3480.000 3.940
3485.000 4.072
3490.000 4.419
3495.000 4.645
3500.000 5.233
3505.000 6.072
3510.000 6.615
3515.000 8.069
3520.000 8.985
3525.000 11.224
3530.000 13.751
3535.000 14.836
3540.000 15.795
3545.000 15.395
3550.000 12.884
3555.000 11.465
3560.000 8.891
3565.000 6.996
3570.000 6.267
3575.000 5.143
3580.000 4.717
3585.000 4.139
3590.000 3.734
3595.000 3.563
3600.000 3.268
3605.000 3.139
3610.000 2.924
3615.000 2.739
3620.000 2.653
3625.000 2.507
3630.000 2.443
3635.000 2.332
3640.000 2.227
3645.000 2.183
3650.000 2.111
3655.000 2.078
3660.000 2.012
3665.000 1.964
3670.000 1.944
3675.000 1.910
3680.000 1.885
3685.000 1.869
3690.000 1.843
3695.000 1.823
3700.000 1.797
3705.000 1.793
3710.000 1.790
3715.000 1.792
3720.000 1.803
3725.000 1.820
3730.000 1.832
3735.000 1.867
3740.000 1.893
3745.000 1.913
3750.000 1.952
3755.000 1.981
3760.000 2.034
3765.000 2.099
3770.000 2.140
3775.000 2.231
3780.000 2.281
3785.000 2.397
3790.000 2.542
3795.000 2.621
3800.000 2.824
3805.000 2.948
3810.000 3.255
3815.000 3.685
3820.000 3.957
3825.000 4.676
3830.000 5.146
3835.000 6.376
3840.000 8.084
3845.000 9.099
3850.000 11.309
3855.000 12.115
3860.000 12.443
3865.000 11.797
3870.000 9.501
3875.000 7.183
3880.000 6.241
3885.000 4.819
3890.000 4.291
3895.000 3.487
3900.000 2.928
3905.000 2.731
3910.000 2.442
3915.000 2.329
3920.000 2.126
3925.000 1.951
3930.000 1.873
3935.000 1.737
3940.000 1.680
3945.000 1.556
3950.000 1.450
3955.000 1.399
3960.000 1.319
3965.000 1.275
3970.000 1.211
3975.000 1.153
3980.000 1.128
3985.000 1.083
3990.000 1.076
3995.000 1.038
4000.000 1.017
4005.000 1.002
4010.000 0.972
4015.000 0.968
4020.000 0.966
4025.000 0.958
4030.000 0.948
4035.000 0.947
4040.000 0.936
4045.000 0.931
4050.000 0.939
4055.000 0.936
4060.000 0.944
4065.000 0.952
4070.000 0.959
4075.000 0.975
4080.000 0.984
4085.000 1.009
4090.000 1.020
4095.000 1.054
4100.000 1.088
4105.000 1.108
4110.000 1.157
4115.000 1.187
4120.000 1.250
4125.000 1.325
4130.000 1.370
4135.000 1.475
4140.000 1.538
4145.000 1.699
4150.000 1.856
4155.000 1.948
4160.000 2.188
4165.000 2.338
4170.000 2.722
4175.000 3.278
4180.000 3.641
4185.000 4.611
4190.000 5.246
4195.000 6.820
4200.000 8.658
4205.000 9.485
4210.000 10.293
4215.000 10.099
4220.000 8.490
4225.000 6.484
4230.000 5.606
4235.000 4.253
4240.000 3.753
4245.000 3.007
4250.000 2.489
4255.000 2.282
4260.000 1.980
4265.000 1.870
4270.000 1.696
4275.000 1.555
4280.000 1.495
4285.000 1.371
4290.000 1.316
4295.000 1.228
4300.000 1.157
4305.000 1.120
4310.000 1.063
4315.000 1.041
4320.000 0.999
4325.000 0.964
4330.000 0.947
4335.000 0.921
4340.000 0.907
4345.000 0.884
4350.000 0.870
4355.000 0.863
4360.000 0.848
4365.000 0.843
4370.000 0.833
4375.000 0.821
4380.000 0.820
4385.000 0.816
4390.000 0.816
4395.000 0.812
4400.000 0.818
4405.000 0.820
4410.000 0.823
4415.000 0.829
4420.000 0.840
4425.000 0.867
4430.000 0.871
4435.000 0.874
4440.000 0.874
4445.000 0.890
4450.000 0.898
4455.000 0.920
4460.000 0.945
4465.000 0.963
4470.000 1.003
4475.000 1.023
4480.000 1.071
4485.000 1.137
4490.000 1.166
4495.000 1.242
4500.000 1.288
4505.000 1.407
4510.000 1.562
4515.000 1.654
4520.000 1.875
4525.000 2.013
4530.000 2.394
4535.000 2.916
4540.000 3.240
4545.000 3.988
4550.000 4.368
4555.000 4.938
4560.000 4.791
4565.000 4.415
4570.000 3.471
4575.000 3.019
4580.000 2.298
4585.000 1.801
4590.000 1.607
4595.000 1.319
4600.000 1.213
4605.000 1.047
4610.000 0.920
4615.000 0.865
4620.000 0.777
4625.000 0.742
4630.000 0.678
4635.000 0.619
4640.000 0.598
4645.000 0.551
4650.000 0.528
4655.000 0.490
4660.000 0.459
4665.000 0.446
4670.000 0.423
4675.000 0.414
4680.000 0.399
4685.000 0.388
4690.000 0.383
4695.000 0.374
4700.000 0.370
4705.000 0.362
4710.000 0.358
4715.000 0.355
4720.000 0.350
4725.000 0.346
4730.000 0.342
4735.000 0.342
4740.000 0.338
4745.000 0.335
4750.000 0.333
4755.000 0.329
4760.000 0.326
4765.000 0.325
4770.000 0.324
4775.000 0.323
4780.000 0.325
4785.000 0.329
4790.000 0.333
4795.000 0.345
4800.000 0.353
4805.000 0.374
4810.000 0.413
4815.000 0.441
4820.000 0.497
4825.000 0.532
4830.000 0.626
4835.000 0.773
4840.000 0.879
4845.000 1.178
4850.000 1.390
4855.000 1.991
4860.000 2.872
4865.000 3.414
4870.000 4.509
4875.000 4.964
4880.000 5.499
4885.000 5.404
4890.000 5.109
4895.000 4.336
4900.000 3.943
4905.000 3.229
4910.000 2.667
4915.000 2.444
4920.000 2.067
4925.000 1.908
4930.000 1.674
4935.000 1.500
4940.000 1.432
4945.000 1.334
4950.000 1.305
4955.000 1.266
4960.000 1.244
4965.000 1.239
4970.000 1.227
4975.000 1.221
4980.000 1.213
4985.000 1.202
4990.000 1.198
4995.000 1.200
5000.000 1.217
5005.000 1.212
5010.000 1.225
5015.000 1.232
5020.000 1.265
5025.000 1.260
5030.000 1.285
5035.000 1.332
5040.000 1.350
5045.000 1.384
5050.000 1.407
5055.000 1.451
5060.000 1.484
5065.000 1.545
5070.000 1.633
5075.000 1.680
5080.000 1.794
5085.000 1.867
5090.000 2.040
5095.000 2.279
5100.000 2.429
5105.000 2.791
5110.000 2.998
5115.000 3.369
5120.000 3.471
5125.000 3.337
5130.000 2.803
5135.000 2.466
5140.000 1.829
5145.000 1.369
5150.000 1.197
5155.000 0.921
5160.000 0.809
5165.000 0.629
5170.000 0.506
5175.000 0.449
5180.000 0.357
5185.000 0.321
5190.000 0.265
5195.000 0.228
5200.000 0.216
5205.000 0.198
5210.000 0.192
5215.000 0.185
5220.000 0.183
5225.000 0.184
5230.000 0.186
5235.000 0.187
5240.000 0.191
5245.000 0.197
5250.000 0.202
5255.000 0.210
5260.000 0.213
5265.000 0.219
5270.000 0.227
5275.000 0.230
5280.000 0.238
5285.000 0.238
5290.000 0.244
5295.000 0.248
5300.000 0.253
5305.000 0.256
5310.000 0.260
5315.000 0.263
5320.000 0.267
5325.000 0.270
5330.000 0.273
5335.000 0.274
5340.000 0.280
5345.000 0.283
5350.000 0.283
5355.000 0.288
5360.000 0.290
5365.000 0.293
5370.000 0.295
5375.000 0.297
5380.000 0.300
5385.000 0.302
5390.000 0.304
5395.000 0.305
5400.000 0.308
5405.000 0.310
5410.000 0.310
5415.000 0.311
5420.000 0.318
5425.000 0.317
5430.000 0.321
5435.000 0.322
5440.000 0.322
5445.000 0.323
5450.000 0.327
5455.000 0.327
5460.000 0.328
5465.000 0.330
5470.000 0.332
5475.000 0.334
5480.000 0.333
5485.000 0.334
5490.000 0.333
5495.000 0.332
5500.000 0.332
5505.000 0.336
5510.000 0.336
5515.000 0.338
5520.000 0.348
5525.000 0.344
5530.000 0.347
5535.000 0.346
5540.000 0.342
5545.000 0.339
5550.000 0.338
5555.000 0.341
5560.000 0.340
5565.000 0.338
5570.000 0.340
5575.000 0.339
5580.000 0.340
5585.000 0.339
5590.000 0.338
5595.000 0.338
5600.000 0.339
5605.000 0.341
5610.000 0.340
5615.000 0.340
5620.000 0.341
5625.000 0.341
5630.000 0.342
5635.000 0.342
5640.000 0.341
5645.000 0.341
5650.000 0.342
5655.000 0.343
5660.000 0.342
5665.000 0.341
5670.000 0.343
5675.000 0.344
5680.000 0.346
5685.000 0.345
5690.000 0.345
5695.000 0.347
5700.000 0.348
5705.000 0.345
5710.000 0.347
5715.000 0.345
5720.000 0.346
5725.000 0.345
5730.000 0.348
5735.000 0.347
5740.000 0.348
5745.000 0.348
5750.000 0.346
5755.000 0.347
5760.000 0.350
5765.000 0.349
5770.000 0.350
5775.000 0.350
5780.000 0.350
5785.000 0.348
5790.000 0.349
5795.000 0.348
5800.000 0.348
5805.000 0.352
5810.000 0.355
5815.000 0.351
5820.000 0.354
5825.000 0.353
5830.000 0.358
5835.000 0.358
5840.000 0.358
5845.000 0.357
5850.000 0.355
5855.000 0.355
5860.000 0.357
5865.000 0.355
5870.000 0.357
5875.000 0.360
5880.000 0.356
5885.000 0.358
5890.000 0.356
5895.000 0.361
5900.000 0.359
5905.000 0.359
5910.000 0.361
5915.000 0.361
5920.000 0.363
5925.000 0.362
5930.000 0.360
5935.000 0.361
5940.000 0.358
5945.000 0.362
5950.000 0.362
5955.000 0.367
5960.000 0.360
5965.000 0.355
5970.000 0.367
5975.000 0.362
5980.000 0.364
5985.000 0.369
5990.000 0.357
5995.000 0.372
6000.000 0.363
6005.000 0.365
6010.000 0.363
6015.000 0.369
6020.000 0.370
6025.000 0.371
6030.000 0.374
6035.000 0.368
6040.000 0.360
6045.000 0.360
6050.000 0.368
6055.000 0.360
6060.000 0.373
6065.000 0.366
6070.000 0.370
6075.000 0.369
6080.000 0.364
6085.000 0.365
6090.000 0.363
6095.000 0.367
6100.000 0.363
6105.000 0.363
6110.000 0.363
6115.000 0.364
6120.000 0.363
6125.000 0.367
6130.000 0.370
6135.000 0.367
6140.000 0.368
6145.000 0.368
6150.000 0.370
6155.000 0.370
6160.000 0.369
6165.000 0.369
6170.000 0.370
6175.000 0.370
6180.000 0.372
6185.000 0.370
6190.000 0.372
6195.000 0.372
6200.000 0.372
6205.000 0.372
6210.000 0.370
6215.000 0.369
6220.000 0.373
6225.000 0.373
6230.000 0.374
6235.000 0.374
6240.000 0.376
6245.000 0.378
6250.000 0.380
6255.000 0.376
6260.000 0.379
6265.000 0.380
6270.000 0.382
6275.000 0.379
6280.000 0.379
6285.000 0.379
6290.000 0.381
6295.000 0.381
6300.000 0.383
6305.000 0.384
6310.000 0.397
6315.000 0.394
6320.000 0.395
6325.000 0.387
6330.000 0.387
6335.000 0.385
6340.000 0.385
6345.000 0.385
6350.000 0.384
6355.000 0.383
6360.000 0.388
6365.000 0.389
6370.000 0.390
6375.000 0.386
6380.000 0.386
6385.000 0.388
6390.000 0.392
6395.000 0.393
6400.000 0.391
6405.000 0.393
6410.000 0.393
6415.000 0.394
6420.000 0.396
6425.000 0.401
6430.000 0.401
6435.000 0.398
6440.000 0.407
6445.000 0.406
6450.000 0.408
6455.000 0.408
6460.000 0.414
6465.000 0.413
6470.000 0.417
6475.000 0.418
6480.000 0.422
6485.000 0.425
6490.000 0.434
6495.000 0.443
6500.000 0.442
6505.000 0.444
6510.000 0.443
6515.000 0.452
6520.000 0.455
6525.000 0.469
6530.000 0.473
6535.000 0.484
6540.000 0.490
6545.000 0.499
6550.000 0.515
6555.000 0.519
6560.000 0.537
6565.000 0.545
6570.000 0.569
6575.000 0.594
6580.000 0.605
6585.000 0.634
6590.000 0.676
6595.000 0.698
6600.000 0.749
6605.000 0.777
6610.000 0.849
6615.000 0.940
6620.000 0.995
6625.000 1.142
6630.000 1.234
6635.000 1.483
6640.000 1.838
6645.000 2.080
6650.000 2.743
6655.000 3.180
6660.000 4.317
6665.000 5.833
6670.000 6.721
6675.000 8.610
6680.000 9.553
6685.000 10.905
6690.000 10.754
6695.000 10.113
6700.000 8.370
6705.000 7.529
6710.000 6.097
6715.000 5.065
6720.000 4.662
6725.000 4.053
6730.000 3.820
6735.000 3.482
6740.000 3.289
6745.000 3.235
6750.000 3.194
6755.000 3.208
6760.000 3.333
6765.000 3.590
6770.000 3.761
6775.000 4.245
6780.000 4.568
6785.000 5.437
6790.000 6.707
6795.000 7.541
6800.000 9.503
6805.000 10.537
6810.000 12.218
6815.000 12.588
6820.000 11.868
6825.000 9.682
6830.000 8.563
6835.000 6.717
6840.000 6.003
6845.000 4.912
6850.000 4.167
6855.000 3.897
6860.000 3.536
6865.000 3.392
6870.000 3.154
6875.000 2.972
6880.000 2.894
6885.000 2.767
6890.000 2.707
6895.000 2.613
6900.000 2.546
6905.000 2.519
6910.000 2.471
6915.000 2.453
6920.000 2.437
6925.000 2.428
6930.000 2.428
6935.000 2.446
6940.000 2.460
6945.000 2.495
6950.000 2.543
6955.000 2.574
6960.000 2.653
6965.000 2.703
6970.000 2.811
6975.000 2.933
6980.000 3.015
6985.000 3.187
6990.000 3.278
6995.000 3.532
7000.000 3.863
7005.000 4.076
7010.000 4.613
7015.000 4.959
7020.000 5.817
7025.000 7.027
7030.000 7.773
7035.000 9.446
7040.000 10.292
7045.000 11.589
7050.000 11.681
7055.000 11.078
7060.000 9.165
7065.000 8.154
7070.000 6.410
7075.000 5.129
7080.000 4.649
7085.000 3.907
7090.000 3.637
7095.000 3.232
7100.000 2.913
7105.000 2.777
7110.000 2.546
7115.000 2.445
7120.000 2.258
7125.000 2.179
7130.000 2.047
7135.000 1.936
7140.000 1.885
7145.000 1.798
7150.000 1.754
7155.000 1.693
7160.000 1.634
7165.000 1.607
7170.000 1.562
7175.000 1.542
7180.000 1.511
7185.000 1.492
7190.000 1.478
7195.000 1.460
7200.000 1.463
7205.000 1.461
7210.000 1.470
7215.000 1.471
7220.000 1.493
7225.000 1.501
7230.000 1.522
7235.000 1.560
7240.000 1.581
7245.000 1.635
7250.000 1.660
7255.000 1.735
7260.000 1.828
7265.000 1.878
7270.000 2.000
7275.000 2.072
7280.000 2.251
7285.000 2.495
7290.000 2.644
7295.000 3.037
7300.000 3.287
7305.000 3.938
7310.000 4.846
7315.000 5.419
7320.000 6.748
7325.000 7.457
7330.000 8.779
7335.000 9.461
7340.000 9.281
7345.000 7.938
7350.000 7.116
7355.000 5.603
7360.000 4.456
7365.000 4.015
7370.000 3.348
7375.000 3.102
7380.000 2.703
7385.000 2.440
7390.000 2.340
7395.000 2.165
7400.000 2.098
7405.000 1.960
7410.000 1.852
7415.000 1.797
7420.000 1.724
7425.000 1.678
7430.000 1.624
7435.000 1.572
7440.000 1.550
7445.000 1.519
7450.000 1.501
7455.000 1.469
7460.000 1.445
7465.000 1.433
7470.000 1.418
7475.000 1.414
7480.000 1.410
7485.000 1.404
7490.000 1.405
7495.000 1.407
7500.000 1.413
7505.000 1.424
7510.000 1.446
7515.000 1.452
7520.000 1.474
7525.000 1.494
7530.000 1.530
7535.000 1.574
7540.000 1.596
7545.000 1.656
7550.000 1.688
7555.000 1.767
7560.000 1.857
7565.000 1.913
7570.000 2.035
7575.000 2.107
7580.000 2.282
7585.000 2.516
7590.000 2.655
7595.000 3.020
7600.000 3.249
7605.000 3.804
7610.000 4.483
7615.000 4.840
7620.000 5.508
7625.000 5.707
7630.000 5.553
7635.000 4.758
7640.000 4.279
7645.000 3.413
7650.000 3.056
7655.000 2.498
7660.000 2.111
7665.000 1.959
7670.000 1.713
7675.000 1.611
7680.000 1.436
7685.000 1.295
7690.000 1.232
7695.000 1.121
7700.000 1.072
7705.000 0.987
7710.000 0.911
7715.000 0.869
7720.000 0.800
7725.000 0.768
7730.000 0.712
7735.000 0.690
7740.000 0.649
7745.000 0.618
7750.000 0.600
7755.000 0.577
7760.000 0.564
7765.000 0.546
7770.000 0.531
7775.000 0.524
7780.000 0.516
7785.000 0.513
7790.000 0.511
7795.000 0.514
7800.000 0.513
7805.000 0.518
7810.000 0.526
7815.000 0.541
7820.000 0.560
7825.000 0.572
7830.000 0.612
7835.000 0.634
7840.000 0.690
7845.000 0.782
7850.000 0.831
7855.000 0.973
7860.000 1.049
7865.000 1.242
7870.000 1.499
7875.000 1.649
7880.000 2.009
7885.000 2.297
7890.000 2.716
7895.000 2.796
7900.000 2.732
7905.000 2.331
7910.000 2.122
7915.000 1.750
7920.000 1.466
7925.000 1.360
7930.000 1.196
7935.000 1.146
7940.000 1.036
7945.000 0.969
7950.000 0.954
7955.000 0.912
7960.000 0.886
7965.000 0.842
7970.000 0.819
7975.000 0.799
7980.000 0.779
7985.000 0.777
7990.000 0.747
7995.000 0.738
8000.000 0.746
8005.000 0.727
8010.000 0.730
8015.000 0.734
8020.000 0.767
8025.000 0.759
8030.000 0.777
8035.000 0.804
8040.000 0.828
8045.000 0.860
8050.000 0.875
8055.000 0.894
8060.000 0.911
8065.000 0.940
8070.000 0.977
8075.000 0.980
8080.000 0.950
8085.000 0.909
8090.000 0.800
8095.000 0.690
8100.000 0.638
8105.000 0.544
8110.000 0.508
8115.000 0.461
8120.000 0.444
8125.000 0.443
8130.000 0.447
8135.000 0.439
8140.000 0.407
8145.000 0.367
8150.000 0.352
8155.000 0.331
8160.000 0.324
8165.000 0.318
8170.000 0.313
8175.000 0.312
8180.000 0.308
8185.000 0.304
8190.000 0.306
8195.000 0.305
8200.000 0.303
8205.000 0.301
8210.000 0.302
8215.000 0.301
8220.000 0.306
8225.000 0.306
8230.000 0.308
8235.000 0.314
8240.000 0.312
8245.000 0.315
8250.000 0.316
8255.000 0.316
8260.000 0.315
8265.000 0.315
8270.000 0.318
8275.000 0.316
8280.000 0.318
8285.000 0.319
8290.000 0.317
8295.000 0.321
8300.000 0.321
8305.000 0.322
8310.000 0.323
8315.000 0.324
8320.000 0.325
8325.000 0.327
8330.000 0.326
8335.000 0.328
8340.000 0.329
8345.000 0.328
8350.000 0.327
8355.000 0.330
8360.000 0.329
8365.000 0.330
8370.000 0.330
8375.000 0.331
8380.000 0.335
8385.000 0.334
8390.000 0.333
8395.000 0.334
8400.000 0.333
8405.000 0.335
8410.000 0.334
8415.000 0.336
8420.000 0.335
8425.000 0.337
8430.000 0.339
8435.000 0.339
8440.000 0.341
8445.000 0.340
8450.000 0.340
8455.000 0.344
8460.000 0.342
8465.000 0.344
8470.000 0.345
8475.000 0.345
8480.000 0.346
8485.000 0.346
8490.000 0.345
8495.000 0.345
8500.000 0.349
8505.000 0.344
8510.000 0.347
8515.000 0.346
8520.000 0.348
8525.000 0.348
8530.000 0.350
8535.000 0.350
8540.000 0.349
8545.000 0.350
8550.000 0.350
8555.000 0.353
8560.000 0.354
8565.000 0.355
8570.000 0.354
8575.000 0.354
8580.000 0.355
8585.000 0.357
8590.000 0.357
8595.000 0.358
8600.000 0.359
8605.000 0.360
8610.000 0.361
8615.000 0.359
8620.000 0.360
8625.000 0.364
8630.000 0.364
8635.000 0.362
8640.000 0.364
8645.000 0.365
8650.000 0.370
8655.000 0.378
8660.000 0.374
8665.000 0.373
8670.000 0.372
8675.000 0.372
8680.000 0.372
8685.000 0.372
8690.000 0.371
8695.000 0.375
8700.000 0.379
8705.000 0.381
8710.000 0.377
8715.000 0.378
8720.000 0.377
8725.000 0.378
8730.000 0.379
8735.000 0.381
8740.000 0.378
8745.000 0.382
8750.000 0.380
8755.000 0.383
8760.000 0.381
8765.000 0.384
8770.000 0.383
8775.000 0.385
8780.000 0.386
8785.000 0.387
8790.000 0.391
8795.000 0.390
8800.000 0.401
8805.000 0.404
8810.000 0.404
8815.000 0.404
8820.000 0.407
8825.000 0.398
8830.000 0.421
8835.000 0.389
8840.000 0.425
8845.000 0.417
8850.000 0.412
8855.000 0.407
8860.000 0.401
8865.000 0.397
8870.000 0.393
8875.000 0.386
8880.000 0.389
8885.000 0.387
8890.000 0.385
8895.000 0.383
8900.000 0.383
8905.000 0.383
8910.000 0.384
8915.000 0.385
8920.000 0.389
8925.000 0.389
8930.000 0.391
8935.000 0.392
8940.000 0.398
8945.000 0.400
8950.000 0.408
8955.000 0.405
8960.000 0.410
8965.000 0.406
8970.000 0.409
8975.000 0.403
8980.000 0.405
8985.000 0.406
8990.000 0.401
8995.000 0.411
9000.000 0.412
9005.000 0.408
9010.000 0.401
9015.000 0.406
9020.000 0.408
9025.000 0.404
9030.000 0.401
9035.000 0.394
9040.000 0.390
9045.000 0.392
9050.000 0.395
9055.000 0.393
9060.000 0.395
9065.000 0.388
9070.000 0.393
9075.000 0.393
9080.000 0.390
9085.000 0.390
9090.000 0.392
9095.000 0.395
9100.000 0.392
9105.000 0.393
9110.000 0.393
9115.000 0.398
9120.000 0.398
9125.000 0.398
9130.000 0.399
9135.000 0.401
9140.000 0.398
9145.000 0.398
9150.000 0.401
9155.000 0.399
9160.000 0.397
9165.000 0.398
9170.000 0.399
9175.000 0.399
9180.000 0.398
9185.000 0.399
9190.000 0.402
9195.000 0.404
9200.000 0.404
9205.000 0.402
9210.000 0.401
9215.000 0.400
9220.000 0.398
9225.000 0.399
9230.000 0.402
9235.000 0.399
9240.000 0.401
9245.000 0.400
9250.000 0.395
9255.000 0.399
9260.000 0.399
9265.000 0.398
9270.000 0.400
9275.000 0.401
9280.000 0.398
9285.000 0.396
9290.000 0.404
9295.000 0.402
9300.000 0.404
9305.000 0.400
9310.000 0.403
9315.000 0.402
9320.000 0.401
9325.000 0.401
9330.000 0.400
9335.000 0.399
9340.000 0.397
9345.000 0.397
9350.000 0.400
9355.000 0.400
9360.000 0.400
9365.000 0.399
9370.000 0.400
9375.000 0.404
9380.000 0.402
9385.000 0.401
9390.000 0.399
9395.000 0.399
9400.000 0.401
9405.000 0.401
9410.000 0.400
9415.000 0.403
9420.000 0.402
9425.000 0.403
9430.000 0.403
9435.000 0.403
9440.000 0.400
9445.000 0.400
9450.000 0.404
9455.000 0.402
9460.000 0.403
9465.000 0.405
9470.000 0.403
9475.000 0.403
9480.000 0.402
9485.000 0.400
9490.000 0.403
9495.000 0.403
9500.000 0.401
9505.000 0.403
9510.000 0.402
9515.000 0.401
9520.000 0.401
9525.000 0.402
9530.000 0.402
9535.000 0.402
9540.000 0.404
9545.000 0.398
9550.000 0.399
9555.000 0.398
9560.000 0.397
9565.000 0.398
9570.000 0.395
9575.000 0.395
9580.000 0.399
9585.000 0.395
9590.000 0.396
9595.000 0.400
9600.000 0.400
9605.000 0.404
9610.000 0.401
9615.000 0.400
9620.000 0.402
9625.000 0.403
9630.000 0.402
9635.000 0.402
9640.000 0.403
9645.000 0.400
9650.000 0.396
9655.000 0.393
9660.000 0.393
9665.000 0.395
9670.000 0.397
9675.000 0.396
9680.000 0.392
9685.000 0.395
9690.000 0.395
9695.000 0.394
9700.000 0.395
9705.000 0.394
9710.000 0.394
9715.000 0.394
9720.000 0.386
9725.000 0.389
9730.000 0.384
9735.000 0.389
9740.000 0.388
9745.000 0.389
9750.000 0.385
9755.000 0.384
9760.000 0.382
9765.000 0.380
9770.000 0.380
9775.000 0.382
9780.000 0.381
9785.000 0.378
9790.000 0.378
9795.000 0.380
9800.000 0.372
9805.000 0.376
9810.000 0.380
9815.000 0.375
9820.000 0.367
9825.000 0.358
9830.000 0.356
9835.000 0.349
9840.000 0.346
9845.000 0.340
9850.000 0.332
9855.000 0.327
9860.000 0.318
9865.000 0.314
9870.000 0.305
9875.000 0.292
9880.000 0.285
9885.000 0.267
9890.000 0.264
9895.000 0.245
9900.000 0.228
9905.000 0.216
9910.000 0.200
9915.000 0.195
9920.000 0.204
9925.000 0.258
9930.000 0.305
9935.000 0.520
9940.000 0.711
9945.000 1.292
9950.000 2.019
9955.000 2.376
9960.000 2.964
9965.000 3.139
9970.000 3.245
9975.000 3.116
9980.000 3.027
9985.000 2.864
9990.000 2.779
9995.000 2.631
10000.000 2.495
10005.000 2.454
10010.000 2.358
10015.000 2.320
10020.000 2.247
10025.000 2.235
10030.000 2.254
10035.000 2.284
10040.000 2.322
10045.000 2.446
10050.000 2.640
10055.000 2.782
10060.000 3.133
10065.000 3.347
10070.000 3.832
10075.000 4.284
10080.000 4.437
10085.000 4.413
10090.000 4.155
10095.000 3.426
10100.000 3.029
10105.000 2.321
10110.000 1.791
10115.000 1.590
10120.000 1.278
10125.000 1.159
10130.000 0.987
10135.000 0.867
10140.000 0.819
10145.000 0.737
10150.000 0.703
10155.000 0.650
10160.000 0.612
10165.000 0.597
10170.000 0.574
10175.000 0.566
10180.000 0.556
10185.000 0.554
10190.000 0.556
10195.000 0.570
10200.000 0.577
10205.000 0.598
10210.000 0.632
10215.000 0.653
10220.000 0.705
10225.000 0.735
10230.000 0.817
10235.000 0.916
10240.000 0.982
10245.000 1.157
10250.000 1.267
10255.000 1.556
10260.000 1.974
10265.000 2.233
10270.000 2.871
10275.000 3.237
10280.000 4.008
10285.000 4.677
10290.000 4.906
10295.000 5.044
10300.000 4.924
10305.000 4.355
10310.000 3.669
10315.000 3.353
10320.000 2.791
10325.000 2.560
10330.000 2.186
10335.000 1.914
10340.000 1.809
10345.000 1.624
10350.000 1.557
10355.000 1.466
10360.000 1.407
10365.000 1.385
10370.000 1.334
10375.000 1.314
10380.000 1.283
10385.000 1.254
10390.000 1.244
10395.000 1.220
10400.000 1.209
10405.000 1.206
10410.000 1.205
10415.000 1.191
10420.000 1.191
10425.000 1.196
10430.000 1.202
10435.000 1.203
10440.000 1.215
10445.000 1.237
10450.000 1.248
10455.000 1.276
10460.000 1.290
10465.000 1.326
10470.000 1.374
10475.000 1.398
10480.000 1.462
10485.000 1.507
10490.000 1.586
10495.000 1.692
10500.000 1.745
10505.000 1.882
10510.000 1.961
10515.000 2.144
10520.000 2.352
10525.000 2.454
10530.000 2.608
10535.000 2.633
10540.000 2.560
10545.000 2.377
10550.000 2.242
10555.000 1.949
10560.000 1.797
10565.000 1.506
10570.000 1.270
10575.000 1.171
10580.000 0.988
10585.000 0.913
10590.000 0.785
10595.000 0.676
10600.000 0.628
10605.000 0.544
10610.000 0.511
10615.000 0.451
10620.000 0.401
10625.000 0.376
10630.000 0.331
10635.000 0.311
10640.000 0.279
10645.000 0.253
10650.000 0.242
10655.000 0.224
10660.000 0.216
10665.000 0.205
10670.000 0.191
10675.000 0.186
10680.000 0.188
10685.000 0.185
10690.000 0.191
10695.000 0.196
10700.000 0.202
10705.000 0.218
10710.000 0.227
10715.000 0.252
10720.000 0.282
10725.000 0.297
10730.000 0.339
10735.000 0.366
10740.000 0.434
10745.000 0.516
10750.000 0.563
10755.000 0.695
10760.000 0.771
10765.000 0.970
10770.000 1.216
10775.000 1.369
10780.000 1.709
10785.000 1.906
10790.000 2.315
10795.000 2.664
10800.000 2.803
10805.000 2.931
10810.000 2.921
10815.000 2.741
10820.000 2.451
10825.000 2.282
10830.000 1.967
10835.000 1.829
10840.000 1.588
10845.000 1.399
10850.000 1.316
10855.000 1.185
10860.000 1.136
10865.000 1.053
10870.000 0.992
10875.000 0.976
10880.000 0.937
10885.000 0.923
10890.000 0.898
10895.000 0.876
10900.000 0.870
10905.000 0.852
10910.000 0.852
10915.000 0.838
10920.000 0.848
10925.000 0.846
10930.000 0.836
10935.000 0.830
10940.000 0.822
10945.000 0.816
10950.000 0.817
10955.000 0.821
10960.000 0.823
10965.000 0.832
10970.000 0.849
10975.000 0.852
10980.000 0.870
10985.000 0.882
10990.000 0.906
10995.000 0.918
11000.000 0.956
11005.000 0.990
11010.000 1.006
11015.000 1.048
11020.000 1.069
11025.000 1.078
11030.000 1.069
11035.000 1.041
11040.000 0.943
11045.000 0.905
11050.000 0.743
11055.000 0.585
11060.000 0.512
11065.000 0.386
11070.000 0.339
11075.000 0.254
11080.000 0.185
11085.000 0.161
11090.000 0.122
11095.000 0.112
11100.000 0.099
11105.000 0.098
11110.000 0.102
11115.000 0.107
11120.000 0.109
11125.000 0.117
11130.000 0.126
11135.000 0.127
11140.000 0.135
11145.000 0.137
11150.000 0.142
11155.000 0.151
11160.000 0.155
11165.000 0.164
11170.000 0.170
11175.000 0.186
11180.000 0.213
11185.000 0.235
11190.000 0.297
11195.000 0.341
11200.000 0.436
11205.000 0.543
11210.000 0.593
11215.000 0.665
11220.000 0.682
11225.000 0.683
11230.000 0.652
11235.000 0.632
11240.000 0.590
11245.000 0.567
11250.000 0.528
11255.000 0.494
11260.000 0.483
11265.000 0.457
11270.000 0.452
11275.000 0.442
11280.000 0.438
11285.000 0.433
11290.000 0.427
11295.000 0.426
11300.000 0.421
11305.000 0.420
11310.000 0.419
11315.000 0.415
11320.000 0.414
11325.000 0.412
11330.000 0.413
11335.000 0.411
11340.000 0.408
11345.000 0.408
11350.000 0.407
11355.000 0.405
11360.000 0.404
11365.000 0.403
11370.000 0.402
11375.000 0.400
11380.000 0.401
11385.000 0.404
11390.000 0.404
11395.000 0.401
11400.000 0.398
11405.000 0.401
11410.000 0.400
11415.000 0.404
11420.000 0.404
11425.000 0.398
11430.000 0.398
11435.000 0.395
11440.000 0.399
11445.000 0.399
11450.000 0.394
11455.000 0.394
11460.000 0.392
11465.000 0.391
11470.000 0.395
11475.000 0.393
11480.000 0.391
11485.000 0.394
11490.000 0.394
11495.000 0.394
11500.000 0.448
11505.000 0.532
11510.000 0.532
11515.000 0.522
11520.000 0.499
11525.000 0.458
11530.000 0.430
11535.000 0.417
11540.000 0.402
11545.000 0.394
11550.000 0.389
11555.000 0.384
11560.000 0.381
11565.000 0.383
11570.000 0.383
11575.000 0.383
11580.000 0.382
11585.000 0.383
11590.000 0.384
11595.000 0.383
11600.000 0.384
11605.000 0.383
11610.000 0.386
11615.000 0.386
11620.000 0.384
11625.000 0.386
11630.000 0.387
11635.000 0.384
11640.000 0.390
11645.000 0.388
11650.000 0.388
11655.000 0.389
11660.000 0.387
11665.000 0.387
11670.000 0.387
11675.000 0.390
11680.000 0.388
11685.000 0.389
11690.000 0.389
11695.000 0.390
11700.000 0.390
11705.000 0.389
11710.000 0.385
11715.000 0.386
11720.000 0.389
11725.000 0.389
11730.000 0.388
11735.000 0.389
11740.000 0.386
11745.000 0.385
11750.000 0.382
11755.000 0.385
11760.000 0.386
11765.000 0.386
11770.000 0.384
11775.000 0.387
11780.000 0.387
11785.000 0.382
11790.000 0.384
11795.000 0.381
11800.000 0.383
11805.000 0.378
11810.000 0.383
11815.000 0.379
11820.000 0.378
11825.000 0.378
11830.000 0.379
11835.000 0.381
11840.000 0.381
11845.000 0.382
11850.000 0.381
11855.000 0.381
11860.000 0.382
11865.000 0.378
11870.000 0.377
11875.000 0.377
11880.000 0.375
11885.000 0.369
11890.000 0.371
11895.000 0.372
11900.000 0.374
11905.000 0.372
11910.000 0.376
11915.000 0.375
11920.000 0.373
11925.000 0.374
11930.000 0.373
11935.000 0.374
11940.000 0.376
11945.000 0.375
11950.000 0.376
11955.000 0.377
11960.000 0.378
11965.000 0.382
11970.000 0.378
11975.000 0.376
11980.000 0.377
11985.000 0.379
11990.000 0.374
11995.000 0.379
12000.000 0.384
