105.000 0.048
110.000 0.044
115.000 7.280
120.000 8.143
125.000 8.592
130.000 8.823
135.000 8.983
140.000 9.334
145.000 10.532
150.000 11.307
155.000 12.992
160.000 13.660
165.000 14.286
170.000 14.336
175.000 14.470
180.000 14.679
185.000 14.782
190.000 15.178
195.000 15.810
200.000 16.042
205.000 16.457
210.000 16.769
215.000 17.267
220.000 17.713
225.000 17.711
230.000 17.518
235.000 16.917
240.000 15.669
245.000 14.981
250.000 14.487
255.000 14.896
260.000 15.153
265.000 15.656
270.000 16.015
275.000 16.426
280.000 16.317
285.000 16.287
290.000 16.645
295.000 17.060
300.000 17.359
305.000 18.068
310.000 18.480
315.000 19.494
320.000 20.637
325.000 21.348
330.000 23.084
335.000 24.035
340.000 26.181
345.000 27.459
350.000 30.101
355.000 32.825
360.000 34.184
365.000 36.826
370.000 38.159
375.000 40.819
380.000 43.455
385.000 44.837
390.000 47.918
395.000 49.284
400.000 51.991
405.000 54.908
410.000 56.350
415.000 59.220
420.000 60.683
425.000 63.598
430.000 66.442
435.000 67.843
440.000 70.445
445.000 71.194
450.000 72.058
455.000 72.102
460.000 71.972
465.000 71.111
470.000 70.505
475.000 69.623
480.000 68.366
485.000 67.691
490.000 66.836
495.000 66.492
500.000 66.379
505.000 66.176
510.000 65.722
515.000 63.568
520.000 61.871
525.000 56.954
530.000 47.992
535.000 44.321
540.000 38.802
545.000 36.530
550.000 32.393
555.000 28.476
560.000 26.688
565.000 23.231
570.000 21.593
575.000 18.471
580.000 15.837
585.000 14.631
590.000 12.654
595.000 11.755
600.000 10.189
605.000 8.877
610.000 8.299
615.000 7.283
620.000 6.839
625.000 5.986
630.000 5.336
635.000 5.030
640.000 4.531
645.000 4.319
650.000 3.931
655.000 3.573
660.000 3.440
665.000 3.171
670.000 3.048
675.000 2.829
680.000 2.649
685.000 2.564
690.000 2.455
695.000 2.379
700.000 2.256
705.000 2.141
710.000 2.096
715.000 1.997
720.000 1.955
725.000 1.879
730.000 1.833
735.000 1.792
740.000 1.733
745.000 1.692
750.000 1.644
755.000 1.590
760.000 1.567
765.000 1.521
770.000 1.506
775.000 1.474
780.000 1.434
785.000 1.414
790.000 1.379
795.000 1.368
800.000 1.343
805.000 1.344
810.000 1.354
815.000 1.380
820.000 1.387
825.000 1.390
830.000 1.393
835.000 1.395
840.000 1.401
845.000 1.407
850.000 1.423
855.000 1.454
860.000 1.467
865.000 1.494
870.000 1.512
875.000 1.538
880.000 1.577
885.000 1.594
890.000 1.649
895.000 1.681
900.000 1.759
905.000 1.849
910.000 1.906
915.000 2.043
920.000 2.124
925.000 2.327
930.000 2.441
935.000 2.746
940.000 3.179
945.000 3.442
950.000 4.140
955.000 4.587
960.000 5.661
965.000 6.623
970.000 6.824
975.000 6.278
980.000 5.729
985.000 4.566
990.000 3.595
995.000 3.227
1000.000 2.635
1005.000 2.395
1010.000 2.022
1015.000 1.751
1020.000 1.640
1025.000 1.456
1030.000 1.371
1035.000 1.265
1040.000 1.143
1045.000 1.123
1050.000 1.008
1055.000 0.997
1060.000 0.942
1065.000 0.883
1070.000 0.874
1075.000 0.823
1080.000 0.819
1085.000 0.780
1090.000 0.764
1095.000 0.753
1100.000 0.732
1105.000 0.724
1110.000 0.709
1115.000 0.696
1120.000 0.690
1125.000 0.681
1130.000 0.676
1135.000 0.669
1140.000 0.664
1145.000 0.665
1150.000 0.664
1155.000 0.664
1160.000 0.666
1165.000 0.669
1170.000 0.670
1175.000 0.676
1180.000 0.678
1185.000 0.688
1190.000 0.701
1195.000 0.705
1200.000 0.720
1205.000 0.725
1210.000 0.737
1215.000 0.753
1220.000 0.762
1225.000 0.781
1230.000 0.791
1235.000 0.813
1240.000 0.835
1245.000 0.848
1250.000 0.871
1255.000 0.886
1260.000 0.912
1265.000 0.945
1270.000 0.963
1275.000 1.006
1280.000 1.024
1285.000 1.067
1290.000 1.119
1295.000 1.148
1300.000 1.210
1305.000 1.245
1310.000 1.325
1315.000 1.426
1320.000 1.485
1325.000 1.603
1330.000 1.655
1335.000 1.756
1340.000 1.870
1345.000 1.936
1350.000 2.073
1355.000 2.155
1360.000 2.343
1365.000 2.562
1370.000 2.689
1375.000 2.996
1380.000 3.182
1385.000 3.631
1390.000 4.228
1395.000 4.600
1400.000 5.563
1405.000 6.156
1410.000 7.763
1415.000 9.745
1420.000 10.955
1425.000 13.363
1430.000 14.529
1435.000 16.098
1440.000 15.964
1445.000 15.084
1450.000 12.403
1455.000 11.071
1460.000 8.773
1465.000 7.016
1470.000 6.335
1475.000 5.260
1480.000 4.817
1485.000 4.163
1490.000 3.647
1495.000 3.461
1500.000 3.160
1505.000 3.035
1510.000 2.814
1515.000 2.626
1520.000 2.532
1525.000 2.395
1530.000 2.325
1535.000 2.198
1540.000 2.149
1545.000 2.048
1550.000 1.961
1555.000 1.919
1560.000 1.844
1565.000 1.811
1570.000 1.745
1575.000 1.682
1580.000 1.651
1585.000 1.597
1590.000 1.569
1595.000 1.515
1600.000 1.466
1605.000 1.445
1610.000 1.400
1615.000 1.377
1620.000 1.331
1625.000 1.292
1630.000 1.275
1635.000 1.246
1640.000 1.232
1645.000 1.216
1650.000 1.211
1655.000 1.213
1660.000 1.236
1665.000 1.253
1670.000 1.307
1675.000 1.387
1680.000 1.431
1685.000 1.531
1690.000 1.587
1695.000 1.704
1700.000 1.832
1705.000 1.897
1710.000 2.028
1715.000 2.091
1720.000 2.219
1725.000 2.342
1730.000 2.416
1735.000 2.569
1740.000 2.641
1745.000 2.792
1750.000 2.956
1755.000 3.043
1760.000 3.246
1765.000 3.327
1770.000 3.562
1775.000 3.843
1780.000 3.978
1785.000 4.253
1790.000 4.401
1795.000 4.741
1800.000 5.144
1805.000 5.376
1810.000 5.903
1815.000 6.251
1820.000 7.012
1825.000 7.468
1830.000 8.640
1835.000 9.925
1840.000 10.764
1845.000 12.867
1850.000 14.176
1855.000 17.097
1860.000 20.561
1865.000 22.429
1870.000 26.217
1875.000 28.003
1880.000 30.766
1885.000 31.654
1890.000 31.134
1895.000 27.481
1900.000 25.205
1905.000 20.712
1910.000 16.887
1915.000 15.321
1920.000 12.842
1925.000 11.852
1930.000 10.268
1935.000 9.113
1940.000 8.701
1945.000 8.140
1950.000 7.868
1955.000 7.351
1960.000 6.897
1965.000 6.701
1970.000 6.334
1975.000 6.173
1980.000 5.875
1985.000 5.618
1990.000 5.491
1995.000 5.271
2000.000 5.177
2005.000 4.980
2010.000 4.814
2015.000 4.727
2020.000 4.589
2025.000 4.536
2030.000 4.408
2035.000 4.281
2040.000 4.226
2045.000 4.122
2050.000 4.072
2055.000 3.992
2060.000 3.909
2065.000 3.867
2070.000 3.804
2075.000 3.771
2080.000 3.704
2085.000 3.652
2090.000 3.625
2095.000 3.577
2100.000 3.557
2105.000 3.520
2110.000 3.508
2115.000 3.486
2120.000 3.453
2125.000 3.439
2130.000 3.416
2135.000 3.400
2140.000 3.394
2145.000 3.390
2150.000 3.391
2155.000 3.391
2160.000 3.395
2165.000 3.400
2170.000 3.415
2175.000 3.425
2180.000 3.449
2185.000 3.483
2190.000 3.502
2195.000 3.560
2200.000 3.591
2205.000 3.669
2210.000 3.767
2215.000 3.819
2220.000 3.926
2225.000 3.984
2230.000 4.121
2235.000 4.309
2240.000 4.409
2245.000 4.640
2250.000 4.770
2255.000 5.080
2260.000 5.484
2265.000 5.745
2270.000 6.417
2275.000 6.844
2280.000 7.949
2285.000 9.450
2290.000 10.368
2295.000 12.445
2300.000 13.493
2305.000 14.971
2310.000 14.428
2315.000 13.281
2320.000 10.491
2325.000 9.168
2330.000 7.038
2335.000 5.528
2340.000 4.966
2345.000 4.160
2350.000 3.835
2355.000 3.306
2360.000 2.886
2365.000 2.699
2370.000 2.387
2375.000 2.247
2380.000 1.950
2385.000 1.705
2390.000 1.597
2395.000 1.413
2400.000 1.334
2405.000 1.195
2410.000 1.126
2415.000 1.016
2420.000 0.924
2425.000 0.885
2430.000 0.808
2435.000 0.770
2440.000 0.705
2445.000 0.652
2450.000 0.625
2455.000 0.580
2460.000 0.560
2465.000 0.522
2470.000 0.488
2475.000 0.472
2480.000 0.443
2485.000 0.432
2490.000 0.408
2495.000 0.387
2500.000 0.377
2505.000 0.358
2510.000 0.348
2515.000 0.334
2520.000 0.319
2525.000 0.312
2530.000 0.300
2535.000 0.294
2540.000 0.282
2545.000 0.273
2550.000 0.267
2555.000 0.259
2560.000 0.256
2565.000 0.250
2570.000 0.243
2575.000 0.239
2580.000 0.234
2585.000 0.232
2590.000 0.226
2595.000 0.223
2600.000 0.220
2605.000 0.218
2610.000 0.215
2615.000 0.214
2620.000 0.209
2625.000 0.208
2630.000 0.208
2635.000 0.206
2640.000 0.205
2645.000 0.203
2650.000 0.200
2655.000 0.200
2660.000 0.199
2665.000 0.199
2670.000 0.197
2675.000 0.196
2680.000 0.195
2685.000 0.195
2690.000 0.194
2695.000 0.195
2700.000 0.196
2705.000 0.194
2710.000 0.194
2715.000 0.194
2720.000 0.194
2725.000 0.194
2730.000 0.194
2735.000 0.196
2740.000 0.196
2745.000 0.196
2750.000 0.195
2755.000 0.197
2760.000 0.196
2765.000 0.197
2770.000 0.198
2775.000 0.199
2780.000 0.199
2785.000 0.200
2790.000 0.201
2795.000 0.200
2800.000 0.201
2805.000 0.201
2810.000 0.203
2815.000 0.203
2820.000 0.203
2825.000 0.203
2830.000 0.205
2835.000 0.206
2840.000 0.208
2845.000 0.207
2850.000 0.206
2855.000 0.207
2860.000 0.208
2865.000 0.210
2870.000 0.210
2875.000 0.210
2880.000 0.209
2885.000 0.210
2890.000 0.210
2895.000 0.212
2900.000 0.213
2905.000 0.213
2910.000 0.214
2915.000 0.213
2920.000 0.216
2925.000 0.217
2930.000 0.219
2935.000 0.217
2940.000 0.221
2945.000 0.221
2950.000 0.223
2955.000 0.226
2960.000 0.221
2965.000 0.222
2970.000 0.229
2975.000 0.227
2980.000 0.226
2985.000 0.231
2990.000 0.225
2995.000 0.231
3000.000 0.238
3005.000 0.231
3010.000 0.232
3015.000 0.234
3020.000 0.238
3025.000 0.239
3030.000 0.239
3035.000 0.247
3040.000 0.252
3045.000 0.254
3050.000 0.256
3055.000 0.260
3060.000 0.258
3065.000 0.263
3070.000 0.262
3075.000 0.268
3080.000 0.273
3085.000 0.275
3090.000 0.278
3095.000 0.282
3100.000 0.286
3105.000 0.292
3110.000 0.295
3115.000 0.302
3120.000 0.307
3125.000 0.313
3130.000 0.318
3135.000 0.326
3140.000 0.334
3145.000 0.338
3150.000 0.349
3155.000 0.361
3160.000 0.367
3165.000 0.384
3170.000 0.390
3175.000 0.401
3180.000 0.415
3185.000 0.423
3190.000 0.442
3195.000 0.451
3200.000 0.470
3205.000 0.490
3210.000 0.505
3215.000 0.532
3220.000 0.546
3225.000 0.576
3230.000 0.613
3235.000 0.632
3240.000 0.676
3245.000 0.700
3250.000 0.752
3255.000 0.815
3260.000 0.851
3265.000 0.932
3270.000 0.979
3275.000 1.090
3280.000 1.233
3285.000 1.322
3290.000 1.537
3295.000 1.679
3300.000 1.962
3305.000 2.306
3310.000 2.519
3315.000 3.052
3320.000 3.391
3325.000 4.253
3330.000 5.425
3335.000 6.151
3340.000 7.910
3345.000 8.943
3350.000 11.251
3355.000 13.750
3360.000 14.903
3365.000 16.518
3370.000 16.783
3375.000 16.011
3380.000 13.738
3385.000 12.344
3390.000 9.755
3395.000 8.683
3400.000 6.954
3405.000 5.691
3410.000 5.212
3415.000 4.475
3420.000 4.193
3425.000 3.742
3430.000 3.427
3435.000 3.327
3440.000 3.212
3445.000 3.170
3450.000 3.108
3455.000 3.066
3460.000 3.052
3465.000 3.031
3470.000 3.026
3475.000 3.040
3480.000 3.065
3485.000 3.083
3490.000 3.137
3495.000 3.168
3500.000 3.241
3505.000 3.342
3510.000 3.383
3515.000 3.512
3520.000 3.590
3525.000 3.758
3530.000 3.962
3535.000 4.049
3540.000 4.369
3545.000 4.569
3550.000 5.056
3555.000 5.733
3560.000 6.146
3565.000 7.396
3570.000 8.106
3575.000 9.785
3580.000 11.888
3585.000 12.951
3590.000 14.185
3595.000 14.168
3600.000 12.631
3605.000 11.511
3610.000 9.205
3615.000 7.298
3620.000 6.539
3625.000 5.344
3630.000 4.912
3635.000 4.292
3640.000 3.826
3645.000 3.639
3650.000 3.311
3655.000 3.161
3660.000 2.904
3665.000 2.685
3670.000 2.587
3675.000 2.424
3680.000 2.357
3685.000 2.222
3690.000 2.109
3695.000 2.052
3700.000 1.952
3705.000 1.985
3710.000 1.885
3715.000 1.787
3720.000 1.743
3725.000 1.655
3730.000 1.618
3735.000 1.551
3740.000 1.494
3745.000 1.468
3750.000 1.427
3755.000 1.408
3760.000 1.379
3765.000 1.356
3770.000 1.345
3775.000 1.329
3780.000 1.323
3785.000 1.324
3790.000 1.317
3795.000 1.316
3800.000 1.315
3805.000 1.318
3810.000 1.326
3815.000 1.336
3820.000 1.343
3825.000 1.362
3830.000 1.376
3835.000 1.426
3840.000 1.457
3845.000 1.474
3850.000 1.515
3855.000 1.540
3860.000 1.593
3865.000 1.660
3870.000 1.699
3875.000 1.777
3880.000 1.815
3885.000 1.899
3890.000 1.990
3895.000 2.050
3900.000 2.172
3905.000 2.236
3910.000 2.389
3915.000 2.576
3920.000 2.693
3925.000 2.972
3930.000 3.143
3935.000 3.576
3940.000 4.177
3945.000 4.558
3950.000 5.532
3955.000 6.148
3960.000 7.697
3965.000 9.576
3970.000 10.549
3975.000 12.047
3980.000 12.351
3985.000 11.624
3990.000 9.625
3995.000 8.536
4000.000 6.634
4005.000 5.869
4010.000 4.705
4015.000 3.881
4020.000 3.567
4025.000 3.109
4030.000 2.954
4035.000 2.664
4040.000 2.448
4045.000 2.349
4050.000 2.168
4055.000 2.102
4060.000 1.967
4065.000 1.855
4070.000 1.804
4075.000 1.708
4080.000 1.665
4085.000 1.586
4090.000 1.506
4095.000 1.470
4100.000 1.401
4105.000 1.368
4110.000 1.311
4115.000 1.260
4120.000 1.238
4125.000 1.195
4130.000 1.178
4135.000 1.145
4140.000 1.119
4145.000 1.107
4150.000 1.082
4155.000 1.074
4160.000 1.054
4165.000 1.042
4170.000 1.032
4175.000 1.020
4180.000 1.016
4185.000 1.007
4190.000 0.998
4195.000 0.994
4200.000 0.994
4205.000 0.992
4210.000 0.997
4215.000 0.997
4220.000 1.002
4225.000 1.004
4230.000 1.006
4235.000 1.012
4240.000 1.010
4245.000 1.016
4250.000 1.020
4255.000 1.026
4260.000 1.035
4265.000 1.041
4270.000 1.055
4275.000 1.072
4280.000 1.078
4285.000 1.102
4290.000 1.116
4295.000 1.150
4300.000 1.195
4305.000 1.222
4310.000 1.289
4315.000 1.326
4320.000 1.415
4325.000 1.520
4330.000 1.576
4335.000 1.702
4340.000 1.774
4345.000 1.960
4350.000 2.211
4355.000 2.370
4360.000 2.774
4365.000 3.029
4370.000 3.673
4375.000 4.486
4380.000 4.925
4385.000 5.679
4390.000 5.859
4395.000 5.517
4400.000 4.553
4405.000 4.027
4410.000 3.113
4415.000 2.754
4420.000 2.186
4425.000 1.822
4430.000 1.678
4435.000 1.448
4440.000 1.350
4445.000 1.183
4450.000 1.051
4455.000 0.992
4460.000 0.894
4465.000 0.853
4470.000 0.778
4475.000 0.715
4480.000 0.685
4485.000 0.625
4490.000 0.593
4495.000 0.542
4500.000 0.502
4505.000 0.484
4510.000 0.453
4515.000 0.441
4520.000 0.416
4525.000 0.396
4530.000 0.388
4535.000 0.374
4540.000 0.369
4545.000 0.356
4550.000 0.347
4555.000 0.344
4560.000 0.337
4565.000 0.336
4570.000 0.333
4575.000 0.331
4580.000 0.328
4585.000 0.331
4590.000 0.333
4595.000 0.335
4600.000 0.340
4605.000 0.344
4610.000 0.353
4615.000 0.358
4620.000 0.369
4625.000 0.385
4630.000 0.392
4635.000 0.413
4640.000 0.422
4645.000 0.450
4650.000 0.481
4655.000 0.499
4660.000 0.536
4665.000 0.552
4670.000 0.585
4675.000 0.620
4680.000 0.640
4685.000 0.684
4690.000 0.708
4695.000 0.758
4700.000 0.821
4705.000 0.858
4710.000 0.938
4715.000 0.984
4720.000 1.091
4725.000 1.237
4730.000 1.320
4735.000 1.549
4740.000 1.695
4745.000 2.037
4750.000 2.495
4755.000 2.793
4760.000 3.532
4765.000 3.953
4770.000 4.826
4775.000 5.387
4780.000 5.351
4785.000 4.569
4790.000 4.058
4795.000 3.123
4800.000 2.744
4805.000 2.179
4810.000 1.795
4815.000 1.651
4820.000 1.430
4825.000 1.353
4830.000 1.249
4835.000 1.173
4840.000 1.140
4845.000 1.085
4850.000 1.059
4855.000 1.019
4860.000 0.989
4865.000 0.978
4870.000 0.959
4875.000 0.950
4880.000 0.939
4885.000 0.933
4890.000 0.933
4895.000 0.931
4900.000 0.930
4905.000 0.938
4910.000 0.944
4915.000 0.945
4920.000 0.953
4925.000 0.957
4930.000 0.967
4935.000 0.979
4940.000 0.982
4945.000 0.998
4950.000 1.009
4955.000 1.032
4960.000 1.052
4965.000 1.074
4970.000 1.096
4975.000 1.116
4980.000 1.158
4985.000 1.194
4990.000 1.219
4995.000 1.253
5000.000 1.288
5005.000 1.334
5010.000 1.389
5015.000 1.424
5020.000 1.513
5025.000 1.541
5030.000 1.637
5035.000 1.759
5040.000 1.818
5045.000 1.971
5050.000 2.071
5055.000 2.301
5060.000 2.628
5065.000 2.839
5070.000 3.356
5075.000 3.661
5080.000 4.356
5085.000 4.729
5090.000 5.114
5095.000 4.810
5100.000 4.433
5105.000 3.485
5110.000 3.037
5115.000 2.300
5120.000 1.772
5125.000 1.575
5130.000 1.281
5135.000 1.163
5140.000 0.968
5145.000 0.811
5150.000 0.743
5155.000 0.634
5160.000 0.575
5165.000 0.482
5170.000 0.409
5175.000 0.379
5180.000 0.328
5185.000 0.309
5190.000 0.276
5195.000 0.252
5200.000 0.244
5205.000 0.229
5210.000 0.224
5215.000 0.214
5220.000 0.210
5225.000 0.209
5230.000 0.207
5235.000 0.207
5240.000 0.207
5245.000 0.208
5250.000 0.208
5255.000 0.213
5260.000 0.213
5265.000 0.217
5270.000 0.222
5275.000 0.223
5280.000 0.227
5285.000 0.228
5290.000 0.236
5295.000 0.238
5300.000 0.243
5305.000 0.248
5310.000 0.248
5315.000 0.250
5320.000 0.252
5325.000 0.255
5330.000 0.257
5335.000 0.258
5340.000 0.259
5345.000 0.261
5350.000 0.263
5355.000 0.269
5360.000 0.270
5365.000 0.270
5370.000 0.272
5375.000 0.276
5380.000 0.277
5385.000 0.278
5390.000 0.277
5395.000 0.278
5400.000 0.277
5405.000 0.279
5410.000 0.283
5415.000 0.286
5420.000 0.288
5425.000 0.286
5430.000 0.289
5435.000 0.288
5440.000 0.290
5445.000 0.290
5450.000 0.291
5455.000 0.291
5460.000 0.291
5465.000 0.299
5470.000 0.302
5475.000 0.304
5480.000 0.302
5485.000 0.303
5490.000 0.302
5495.000 0.303
5500.000 0.305
5505.000 0.308
5510.000 0.310
5515.000 0.313
5520.000 0.315
5525.000 0.316
5530.000 0.317
5535.000 0.315
5540.000 0.315
5545.000 0.315
5550.000 0.315
5555.000 0.316
5560.000 0.317
5565.000 0.318
5570.000 0.319
5575.000 0.321
5580.000 0.323
5585.000 0.323
5590.000 0.325
5595.000 0.328
5600.000 0.329
5605.000 0.326
5610.000 0.327
5615.000 0.335
5620.000 0.334
5625.000 0.337
5630.000 0.338
5635.000 0.336
5640.000 0.337
5645.000 0.340
5650.000 0.342
5655.000 0.343
5660.000 0.343
5665.000 0.342
5670.000 0.342
5675.000 0.344
5680.000 0.347
5685.000 0.348
5690.000 0.351
5695.000 0.352
5700.000 0.353
5705.000 0.357
5710.000 0.355
5715.000 0.353
5720.000 0.353
5725.000 0.352
5730.000 0.353
5735.000 0.358
5740.000 0.362
5745.000 0.363
5750.000 0.359
5755.000 0.357
5760.000 0.354
5765.000 0.357
5770.000 0.356
5775.000 0.358
5780.000 0.358
5785.000 0.357
5790.000 0.354
5795.000 0.355
5800.000 0.355
5805.000 0.355
5810.000 0.358
5815.000 0.356
5820.000 0.356
5825.000 0.355
5830.000 0.360
5835.000 0.357
5840.000 0.357
5845.000 0.361
5850.000 0.358
5855.000 0.359
5860.000 0.361
5865.000 0.358
5870.000 0.362
5875.000 0.378
5880.000 0.392
5885.000 0.388
5890.000 0.384
5895.000 0.382
5900.000 0.372
5905.000 0.371
5910.000 0.372
5915.000 0.375
5920.000 0.379
5925.000 0.375
5930.000 0.373
5935.000 0.371
5940.000 0.367
5945.000 0.373
5950.000 0.371
5955.000 0.365
5960.000 0.368
5965.000 0.371
5970.000 0.363
5975.000 0.372
5980.000 0.373
5985.000 0.371
5990.000 0.369
5995.000 0.372
6000.000 0.366
6005.000 0.376
6010.000 0.374
6015.000 0.378
6020.000 0.368
6025.000 0.375
6030.000 0.376
6035.000 0.372
6040.000 0.379
6045.000 0.373
6050.000 0.379
6055.000 0.370
6060.000 0.378
6065.000 0.378
6070.000 0.380
6075.000 0.377
6080.000 0.377
6085.000 0.371
6090.000 0.373
6095.000 0.373
6100.000 0.372
6105.000 0.374
6110.000 0.375
6115.000 0.375
6120.000 0.374
6125.000 0.372
6130.000 0.373
6135.000 0.375
6140.000 0.374
6145.000 0.375
6150.000 0.373
6155.000 0.377
6160.000 0.377
6165.000 0.375
6170.000 0.377
6175.000 0.378
6180.000 0.384
6185.000 0.386
6190.000 0.390
6195.000 0.388
6200.000 0.389
6205.000 0.390
6210.000 0.387
6215.000 0.385
6220.000 0.386
6225.000 0.387
6230.000 0.385
6235.000 0.385
6240.000 0.384
6245.000 0.385
6250.000 0.386
6255.000 0.382
6260.000 0.386
6265.000 0.386
6270.000 0.388
6275.000 0.386
6280.000 0.387
6285.000 0.388
6290.000 0.389
6295.000 0.389
6300.000 0.391
6305.000 0.396
6310.000 0.403
6315.000 0.408
6320.000 0.402
6325.000 0.399
6330.000 0.398
6335.000 0.395
6340.000 0.395
6345.000 0.397
6350.000 0.397
6355.000 0.400
6360.000 0.405
6365.000 0.405
6370.000 0.406
6375.000 0.405
6380.000 0.407
6385.000 0.411
6390.000 0.411
6395.000 0.413
6400.000 0.414
6405.000 0.414
6410.000 0.417
6415.000 0.419
6420.000 0.419
6425.000 0.423
6430.000 0.427
6435.000 0.425
6440.000 0.429
6445.000 0.433
6450.000 0.437
6455.000 0.442
6460.000 0.446
6465.000 0.449
6470.000 0.451
6475.000 0.456
6480.000 0.458
6485.000 0.463
6490.000 0.472
6495.000 0.474
6500.000 0.480
6505.000 0.489
6510.000 0.492
6515.000 0.505
6520.000 0.509
6525.000 0.526
6530.000 0.532
6535.000 0.544
6540.000 0.560
6545.000 0.567
6550.000 0.583
6555.000 0.594
6560.000 0.618
6565.000 0.645
6570.000 0.661
6575.000 0.695
6580.000 0.720
6585.000 0.782
6590.000 0.827
6595.000 0.851
6600.000 0.899
6605.000 0.929
6610.000 1.006
6615.000 1.107
6620.000 1.168
6625.000 1.318
6630.000 1.411
6635.000 1.647
6640.000 1.977
6645.000 2.191
6650.000 2.759
6655.000 3.124
6660.000 4.108
6665.000 5.453
6670.000 6.272
6675.000 8.154
6680.000 9.164
6685.000 11.111
6690.000 12.410
6695.000 12.527
6700.000 11.449
6705.000 10.451
6710.000 8.362
6715.000 6.651
6720.000 5.976
6725.000 4.916
6730.000 4.503
6735.000 3.866
6740.000 3.437
6745.000 3.290
6750.000 3.071
6755.000 2.993
6760.000 2.904
6765.000 2.913
6770.000 2.937
6775.000 3.004
6780.000 3.054
6785.000 3.181
6790.000 3.356
6795.000 3.463
6800.000 3.727
6805.000 3.883
6810.000 4.343
6815.000 4.932
6820.000 5.307
6825.000 6.288
6830.000 6.918
6835.000 8.533
6840.000 10.577
6845.000 11.630
6850.000 13.390
6855.000 13.864
6860.000 13.428
6865.000 11.290
6870.000 10.061
6875.000 7.912
6880.000 7.056
6885.000 5.724
6890.000 5.216
6895.000 4.444
6900.000 3.957
6905.000 3.783
6910.000 3.511
6915.000 3.383
6920.000 3.161
6925.000 2.956
6930.000 2.885
6935.000 2.735
6940.000 2.678
6945.000 2.563
6950.000 2.477
6955.000 2.437
6960.000 2.372
6965.000 2.349
6970.000 2.298
6975.000 2.265
6980.000 2.248
6985.000 2.221
6990.000 2.206
6995.000 2.209
7000.000 2.197
7005.000 2.212
7010.000 2.237
7015.000 2.243
7020.000 2.259
7025.000 2.275
7030.000 2.304
7035.000 2.339
7040.000 2.366
7045.000 2.427
7050.000 2.490
7055.000 2.535
7060.000 2.624
7065.000 2.680
7070.000 2.800
7075.000 2.941
7080.000 3.022
7085.000 3.231
7090.000 3.339
7095.000 3.599
7100.000 3.929
7105.000 4.137
7110.000 4.649
7115.000 4.977
7120.000 5.791
7125.000 6.871
7130.000 7.509
7135.000 8.957
7140.000 9.685
7145.000 10.831
7150.000 11.070
7155.000 10.649
7160.000 9.102
7165.000 8.114
7170.000 6.511
7175.000 5.288
7180.000 4.815
7185.000 4.083
7190.000 3.821
7195.000 3.397
7200.000 3.052
7205.000 2.905
7210.000 2.651
7215.000 2.538
7220.000 2.337
7225.000 2.169
7230.000 2.091
7235.000 1.966
7240.000 1.906
7245.000 1.806
7250.000 1.710
7255.000 1.670
7260.000 1.597
7265.000 1.564
7270.000 1.500
7275.000 1.449
7280.000 1.425
7285.000 1.375
7290.000 1.350
7295.000 1.299
7300.000 1.259
7305.000 1.243
7310.000 1.211
7315.000 1.201
7320.000 1.180
7325.000 1.171
7330.000 1.168
7335.000 1.164
7340.000 1.167
7345.000 1.174
7350.000 1.192
7355.000 1.200
7360.000 1.232
7365.000 1.244
7370.000 1.329
7375.000 1.357
7380.000 1.374
7385.000 1.403
7390.000 1.415
7395.000 1.454
7400.000 1.517
7405.000 1.551
7410.000 1.633
7415.000 1.678
7420.000 1.791
7425.000 1.923
7430.000 2.000
7435.000 2.187
7440.000 2.309
7445.000 2.607
7450.000 3.016
7455.000 3.278
7460.000 3.979
7465.000 4.394
7470.000 5.405
7475.000 5.972
7480.000 7.141
7485.000 8.107
7490.000 8.329
7495.000 7.875
7500.000 7.269
7505.000 5.927
7510.000 4.734
7515.000 4.252
7520.000 3.495
7525.000 3.203
7530.000 2.757
7535.000 2.445
7540.000 2.331
7545.000 2.142
7550.000 2.062
7555.000 1.924
7560.000 1.808
7565.000 1.755
7570.000 1.664
7575.000 1.623
7580.000 1.557
7585.000 1.490
7590.000 1.462
7595.000 1.417
7600.000 1.393
7605.000 1.355
7610.000 1.320
7615.000 1.303
7620.000 1.282
7625.000 1.269
7630.000 1.251
7635.000 1.233
7640.000 1.224
7645.000 1.217
7650.000 1.213
7655.000 1.209
7660.000 1.207
7665.000 1.206
7670.000 1.206
7675.000 1.211
7680.000 1.214
7685.000 1.231
7690.000 1.237
7695.000 1.245
7700.000 1.262
7705.000 1.284
7710.000 1.317
7715.000 1.327
7720.000 1.364
7725.000 1.385
7730.000 1.429
7735.000 1.490
7740.000 1.521
7745.000 1.595
7750.000 1.636
7755.000 1.740
7760.000 1.864
7765.000 1.935
7770.000 2.105
7775.000 2.211
7780.000 2.466
7785.000 2.805
7790.000 3.007
7795.000 3.463
7800.000 3.707
7805.000 4.154
7810.000 4.309
7815.000 4.181
7820.000 3.630
7825.000 3.301
7830.000 2.689
7835.000 2.208
7840.000 2.019
7845.000 1.710
7850.000 1.585
7855.000 1.371
7860.000 1.202
7865.000 1.133
7870.000 0.999
7875.000 0.947
7880.000 0.858
7885.000 0.765
7890.000 0.724
7895.000 0.652
7900.000 0.620
7905.000 0.562
7910.000 0.515
7915.000 0.494
7920.000 0.462
7925.000 0.445
7930.000 0.418
7935.000 0.394
7940.000 0.385
7945.000 0.364
7950.000 0.355
7955.000 0.339
7960.000 0.327
7965.000 0.317
7970.000 0.310
7975.000 0.299
7980.000 0.291
7985.000 0.290
7990.000 0.287
7995.000 0.282
8000.000 0.276
8005.000 0.277
8010.000 0.278
8015.000 0.281
8020.000 0.277
8025.000 0.287
8030.000 0.301
8035.000 0.323
8040.000 0.345
8045.000 0.390
8050.000 0.420
8055.000 0.508
8060.000 0.544
8065.000 0.603
8070.000 0.612
8075.000 0.594
8080.000 0.539
8085.000 0.508
8090.000 0.452
8095.000 0.407
8100.000 0.395
8105.000 0.393
8110.000 0.402
8115.000 0.420
8120.000 0.428
8125.000 0.424
8130.000 0.412
8135.000 0.406
8140.000 0.400
8145.000 0.398
8150.000 0.398
8155.000 0.398
8160.000 0.398
8165.000 0.393
8170.000 0.390
8175.000 0.388
8180.000 0.384
8185.000 0.383
8190.000 0.379
8195.000 0.379
8200.000 0.375
8205.000 0.368
8210.000 0.367
8215.000 0.363
8220.000 0.360
8225.000 0.360
8230.000 0.359
8235.000 0.357
8240.000 0.354
8245.000 0.354
8250.000 0.354
8255.000 0.355
8260.000 0.355
8265.000 0.355
8270.000 0.354
8275.000 0.354
8280.000 0.354
8285.000 0.354
8290.000 0.355
8295.000 0.355
8300.000 0.355
8305.000 0.353
8310.000 0.354
8315.000 0.351
8320.000 0.351
8325.000 0.351
8330.000 0.351
8335.000 0.351
8340.000 0.349
8345.000 0.350
8350.000 0.351
8355.000 0.351
8360.000 0.351
8365.000 0.348
8370.000 0.352
8375.000 0.348
8380.000 0.351
8385.000 0.353
8390.000 0.354
8395.000 0.351
8400.000 0.350
8405.000 0.349
8410.000 0.350
8415.000 0.349
8420.000 0.352
8425.000 0.353
8430.000 0.350
8435.000 0.353
8440.000 0.353
8445.000 0.352
8450.000 0.352
8455.000 0.354
8460.000 0.354
8465.000 0.351
8470.000 0.354
8475.000 0.353
8480.000 0.353
8485.000 0.355
8490.000 0.356
8495.000 0.354
8500.000 0.357
8505.000 0.357
8510.000 0.358
8515.000 0.364
8520.000 0.367
8525.000 0.372
8530.000 0.370
8535.000 0.370
8540.000 0.367
8545.000 0.366
8550.000 0.364
8555.000 0.362
8560.000 0.362
8565.000 0.361
8570.000 0.363
8575.000 0.359
8580.000 0.361
8585.000 0.360
8590.000 0.361
8595.000 0.364
8600.000 0.363
8605.000 0.363
8610.000 0.365
8615.000 0.361
8620.000 0.363
8625.000 0.364
8630.000 0.366
8635.000 0.365
8640.000 0.364
8645.000 0.367
8650.000 0.368
8655.000 0.371
8660.000 0.373
8665.000 0.373
8670.000 0.375
8675.000 0.373
8680.000 0.374
8685.000 0.372
8690.000 0.375
8695.000 0.374
8700.000 0.372
8705.000 0.374
8710.000 0.373
8715.000 0.373
8720.000 0.374
8725.000 0.375
8730.000 0.379
8735.000 0.377
8740.000 0.378
8745.000 0.381
8750.000 0.383
8755.000 0.379
8760.000 0.380
8765.000 0.382
8770.000 0.383
8775.000 0.384
8780.000 0.385
8785.000 0.385
8790.000 0.388
8795.000 0.388
8800.000 0.388
8805.000 0.391
8810.000 0.391
8815.000 0.387
8820.000 0.386
8825.000 0.410
8830.000 0.401
8835.000 0.378
8840.000 0.395
8845.000 0.386
8850.000 0.386
8855.000 0.385
8860.000 0.385
8865.000 0.386
8870.000 0.392
8875.000 0.399
8880.000 0.400
8885.000 0.405
8890.000 0.408
8895.000 0.407
8900.000 0.409
8905.000 0.406
8910.000 0.410
8915.000 0.410
8920.000 0.411
8925.000 0.414
8930.000 0.413
8935.000 0.412
8940.000 0.415
8945.000 0.413
8950.000 0.404
8955.000 0.406
8960.000 0.399
8965.000 0.395
8970.000 0.400
8975.000 0.397
8980.000 0.397
8985.000 0.400
8990.000 0.393
8995.000 0.403
9000.000 0.399
9005.000 0.400
9010.000 0.393
9015.000 0.398
9020.000 0.401
9025.000 0.398
9030.000 0.396
9035.000 0.397
9040.000 0.395
9045.000 0.391
9050.000 0.396
9055.000 0.399
9060.000 0.400
9065.000 0.402
9070.000 0.405
9075.000 0.407
9080.000 0.410
9085.000 0.410
9090.000 0.413
9095.000 0.414
9100.000 0.408
9105.000 0.412
9110.000 0.413
9115.000 0.410
9120.000 0.410
9125.000 0.410
9130.000 0.410
9135.000 0.415
9140.000 0.414
9145.000 0.412
9150.000 0.414
9155.000 0.412
9160.000 0.412
9165.000 0.409
9170.000 0.410
9175.000 0.407
9180.000 0.405
9185.000 0.401
9190.000 0.403
9195.000 0.407
9200.000 0.403
9205.000 0.402
9210.000 0.409
9215.000 0.409
9220.000 0.407
9225.000 0.410
9230.000 0.407
9235.000 0.405
9240.000 0.406
9245.000 0.404
9250.000 0.403
9255.000 0.405
9260.000 0.405
9265.000 0.408
9270.000 0.408
9275.000 0.409
9280.000 0.409
9285.000 0.408
9290.000 0.411
9295.000 0.410
9300.000 0.409
9305.000 0.410
9310.000 0.410
9315.000 0.409
9320.000 0.407
9325.000 0.409
9330.000 0.407
9335.000 0.410
9340.000 0.408
9345.000 0.408
9350.000 0.410
9355.000 0.412
9360.000 0.411
9365.000 0.412
9370.000 0.409
9375.000 0.410
9380.000 0.409
9385.000 0.410
9390.000 0.409
9395.000 0.405
9400.000 0.410
9405.000 0.408
9410.000 0.411
9415.000 0.410
9420.000 0.411
9425.000 0.413
9430.000 0.416
9435.000 0.417
9440.000 0.414
9445.000 0.412
9450.000 0.412
9455.000 0.411
9460.000 0.413
9465.000 0.412
9470.000 0.410
9475.000 0.409
9480.000 0.411
9485.000 0.411
9490.000 0.412
9495.000 0.415
9500.000 0.413
9505.000 0.412
9510.000 0.417
9515.000 0.415
9520.000 0.415
9525.000 0.417
9530.000 0.415
9535.000 0.416
9540.000 0.414
9545.000 0.417
9550.000 0.415
9555.000 0.415
9560.000 0.416
9565.000 0.413
9570.000 0.419
9575.000 0.417
9580.000 0.419
9585.000 0.419
9590.000 0.419
9595.000 0.420
9600.000 0.419
9605.000 0.421
9610.000 0.423
9615.000 0.423
9620.000 0.423
9625.000 0.422
9630.000 0.426
9635.000 0.422
9640.000 0.424
9645.000 0.424
9650.000 0.421
9655.000 0.425
9660.000 0.420
9665.000 0.422
9670.000 0.424
9675.000 0.427
9680.000 0.425
9685.000 0.428
9690.000 0.424
9695.000 0.426
9700.000 0.431
9705.000 0.428
9710.000 0.432
9715.000 0.432
9720.000 0.433
9725.000 0.433
9730.000 0.437
9735.000 0.438
9740.000 0.435
9745.000 0.439
9750.000 0.443
9755.000 0.442
9760.000 0.446
9765.000 0.447
9770.000 0.450
9775.000 0.454
9780.000 0.454
9785.000 0.459
9790.000 0.463
9795.000 0.467
9800.000 0.467
9805.000 0.473
9810.000 0.480
9815.000 0.483
9820.000 0.494
9825.000 0.493
9830.000 0.496
9835.000 0.500
9840.000 0.507
9845.000 0.511
9850.000 0.517
9855.000 0.521
9860.000 0.530
9865.000 0.537
9870.000 0.554
9875.000 0.568
9880.000 0.578
9885.000 0.595
9890.000 0.604
9895.000 0.633
9900.000 0.664
9905.000 0.677
9910.000 0.725
9915.000 0.759
9920.000 0.817
9925.000 0.891
9930.000 0.936
9935.000 1.067
9940.000 1.150
9945.000 1.370
9950.000 1.663
9955.000 1.830
9960.000 2.150
9965.000 2.242
9970.000 2.192
9975.000 1.866
9980.000 1.668
9985.000 1.313
9990.000 1.172
9995.000 0.948
10000.000 0.814
10005.000 0.761
10010.000 0.688
10015.000 0.664
10020.000 0.638
10025.000 0.614
10030.000 0.614
10035.000 0.612
10040.000 0.620
10045.000 0.650
10050.000 0.691
10055.000 0.714
10060.000 0.782
10065.000 0.818
10070.000 0.917
10075.000 1.065
10080.000 1.161
10085.000 1.412
10090.000 1.579
10095.000 2.015
10100.000 2.612
10105.000 2.983
10110.000 3.827
10115.000 4.272
10120.000 5.113
10125.000 5.719
10130.000 5.856
10135.000 5.672
10140.000 5.372
10145.000 4.571
10150.000 4.179
10155.000 3.480
10160.000 2.892
10165.000 2.654
10170.000 2.273
10175.000 2.122
10180.000 1.885
10185.000 1.706
10190.000 1.647
10195.000 1.570
10200.000 1.540
10205.000 1.480
10210.000 1.438
10215.000 1.421
10220.000 1.392
10225.000 1.376
10230.000 1.362
10235.000 1.348
10240.000 1.343
10245.000 1.343
10250.000 1.338
10255.000 1.334
10260.000 1.341
10265.000 1.339
10270.000 1.351
10275.000 1.363
10280.000 1.384
10285.000 1.407
10290.000 1.417
10295.000 1.453
10300.000 1.474
10305.000 1.513
10310.000 1.570
10315.000 1.602
10320.000 1.669
10325.000 1.711
10330.000 1.804
10335.000 1.916
10340.000 1.976
10345.000 2.134
10350.000 2.222
10355.000 2.425
10360.000 2.674
10365.000 2.811
10370.000 3.078
10375.000 3.185
10380.000 3.278
10385.000 3.139
10390.000 2.993
10395.000 2.698
10400.000 2.510
10405.000 2.149
10410.000 1.827
10415.000 1.689
10420.000 1.439
10425.000 1.331
10430.000 1.151
10435.000 0.997
10440.000 0.933
10445.000 0.820
10450.000 0.771
10455.000 0.684
10460.000 0.616
10465.000 0.586
10470.000 0.532
10475.000 0.508
10480.000 0.461
10485.000 0.418
10490.000 0.398
10495.000 0.365
10500.000 0.349
10505.000 0.324
10510.000 0.306
10515.000 0.298
10520.000 0.285
10525.000 0.278
10530.000 0.277
10535.000 0.277
10540.000 0.278
10545.000 0.284
10550.000 0.288
10555.000 0.300
10560.000 0.316
10565.000 0.326
10570.000 0.351
10575.000 0.367
10580.000 0.401
10585.000 0.448
10590.000 0.471
10595.000 0.520
10600.000 0.543
10605.000 0.602
10610.000 0.671
10615.000 0.719
10620.000 0.829
10625.000 0.891
10630.000 1.036
10635.000 1.220
10640.000 1.326
10645.000 1.551
10650.000 1.680
10655.000 1.965
10660.000 2.279
10665.000 2.442
10670.000 2.759
10675.000 2.871
10680.000 3.136
10685.000 3.266
10690.000 3.242
10695.000 3.031
10700.000 2.861
10705.000 2.496
10710.000 2.155
10715.000 2.002
10720.000 1.744
10725.000 1.645
10730.000 1.475
10735.000 1.404
10740.000 1.299
10745.000 1.228
10750.000 1.199
10755.000 1.160
10760.000 1.138
10765.000 1.100
10770.000 1.081
10775.000 1.064
10780.000 1.041
10785.000 1.027
10790.000 1.011
10795.000 0.986
10800.000 0.979
10805.000 0.964
10810.000 0.956
10815.000 0.940
10820.000 0.932
10825.000 0.928
10830.000 0.919
10835.000 0.916
10840.000 0.911
10845.000 0.910
10850.000 0.911
10855.000 0.908
10860.000 0.916
10865.000 0.919
10870.000 0.930
10875.000 0.938
10880.000 0.949
10885.000 0.954
10890.000 0.973
10895.000 0.993
10900.000 1.012
10905.000 1.042
10910.000 1.058
10915.000 1.092
10920.000 1.142
10925.000 1.168
10930.000 1.222
10935.000 1.250
10940.000 1.316
10945.000 1.373
10950.000 1.402
10955.000 1.449
10960.000 1.455
10965.000 1.428
10970.000 1.329
10975.000 1.251
10980.000 1.066
10985.000 0.967
10990.000 0.779
10995.000 0.616
11000.000 0.539
11005.000 0.426
11010.000 0.375
11015.000 0.295
11020.000 0.220
11025.000 0.195
11030.000 0.140
11035.000 0.120
11040.000 0.088
11045.000 0.066
11050.000 0.064
11055.000 0.057
11060.000 0.059
11065.000 0.061
11070.000 0.070
11075.000 0.072
11080.000 0.079
11085.000 0.082
11090.000 0.090
11095.000 0.095
11100.000 0.098
11105.000 0.103
11110.000 0.106
11115.000 0.108
11120.000 0.114
11125.000 0.116
11130.000 0.122
11135.000 0.125
11140.000 0.131
11145.000 0.148
11150.000 0.162
11155.000 0.193
11160.000 0.220
11165.000 0.294
11170.000 0.425
11175.000 0.501
11180.000 0.659
11185.000 0.730
11190.000 0.846
11195.000 0.901
11200.000 0.903
11205.000 0.877
11210.000 0.852
11215.000 0.789
11220.000 0.722
11225.000 0.691
11230.000 0.633
11235.000 0.606
11240.000 0.563
11245.000 0.527
11250.000 0.510
11255.000 0.486
11260.000 0.476
11265.000 0.463
11270.000 0.455
11275.000 0.453
11280.000 0.447
11285.000 0.444
11290.000 0.442
11295.000 0.437
11300.000 0.437
11305.000 0.433
11310.000 0.430
11315.000 0.429
11320.000 0.424
11325.000 0.422
11330.000 0.418
11335.000 0.420
11340.000 0.421
11345.000 0.417
11350.000 0.416
11355.000 0.419
11360.000 0.416
11365.000 0.416
11370.000 0.414
11375.000 0.413
11380.000 0.411
11385.000 0.409
11390.000 0.404
11395.000 0.405
11400.000 0.407
11405.000 0.406
11410.000 0.406
11415.000 0.404
11420.000 0.403
11425.000 0.402
11430.000 0.402
11435.000 0.401
11440.000 0.400
11445.000 0.400
11450.000 0.400
11455.000 0.397
11460.000 0.400
11465.000 0.394
11470.000 0.397
11475.000 0.398
11480.000 0.398
11485.000 0.398
11490.000 0.398
11495.000 0.399
11500.000 0.399
11505.000 0.399
11510.000 0.399
11515.000 0.397
11520.000 0.394
11525.000 0.393
11530.000 0.391
11535.000 0.398
11540.000 0.400
11545.000 0.399
11550.000 0.398
11555.000 0.395
11560.000 0.394
11565.000 0.393
11570.000 0.392
11575.000 0.393
11580.000 0.394
11585.000 0.390
11590.000 0.392
11595.000 0.391
11600.000 0.391
11605.000 0.391
11610.000 0.390
11615.000 0.390
11620.000 0.389
11625.000 0.392
11630.000 0.392
11635.000 0.393
11640.000 0.389
11645.000 0.395
11650.000 0.395
11655.000 0.393
11660.000 0.393
11665.000 0.389
11670.000 0.395
11675.000 0.394
11680.000 0.391
11685.000 0.395
11690.000 0.398
11695.000 0.397
11700.000 0.400
11705.000 0.397
11710.000 0.391
11715.000 0.388
11720.000 0.389
11725.000 0.394
11730.000 0.392
11735.000 0.391
11740.000 0.391
11745.000 0.389
11750.000 0.387
11755.000 0.390
11760.000 0.387
11765.000 0.385
11770.000 0.389
11775.000 0.388
11780.000 0.388
11785.000 0.387
11790.000 0.384
11795.000 0.384
11800.000 0.383
11805.000 0.382
11810.000 0.383
11815.000 0.380
11820.000 0.382
11825.000 0.383
11830.000 0.382
11835.000 0.383
11840.000 0.383
11845.000 0.382
11850.000 0.384
11855.000 0.383
11860.000 0.381
11865.000 0.381
11870.000 0.380
11875.000 0.380
11880.000 0.382
11885.000 0.382
11890.000 0.382
11895.000 0.383
11900.000 0.382
11905.000 0.382
11910.000 0.381
11915.000 0.377
11920.000 0.380
11925.000 0.380
11930.000 0.379
11935.000 0.379
11940.000 0.376
11945.000 0.377
11950.000 0.378
11955.000 0.378
11960.000 0.378
11965.000 0.380
11970.000 0.383
11975.000 0.379
11980.000 0.380
11985.000 0.384
11990.000 0.380
11995.000 0.386
12000.000 0.385
