105.000 0.022
110.000 2.570
115.000 8.739
120.000 11.397
125.000 12.230
130.000 13.590
135.000 14.372
140.000 14.664
145.000 15.335
150.000 15.486
155.000 15.558
160.000 15.415
165.000 15.334
170.000 15.119
175.000 14.926
180.000 14.807
185.000 14.792
190.000 14.802
195.000 14.786
200.000 14.760
205.000 15.024
210.000 15.150
215.000 15.381
220.000 15.669
225.000 15.946
230.000 16.099
235.000 16.407
240.000 16.344
245.000 16.560
250.000 16.746
255.000 16.902
260.000 17.115
265.000 17.275
270.000 17.514
275.000 17.609
280.000 17.792
285.000 18.007
290.000 18.089
295.000 18.300
300.000 18.423
305.000 18.711
310.000 18.963
315.000 19.135
320.000 19.620
325.000 19.831
330.000 20.399
335.000 21.081
340.000 21.462
345.000 21.724
350.000 21.839
355.000 22.222
360.000 22.608
365.000 23.723
370.000 25.389
375.000 26.308
380.000 28.000
385.000 28.802
390.000 30.978
395.000 33.372
400.000 34.570
405.000 36.850
410.000 38.801
415.000 39.684
420.000 41.244
425.000 42.490
430.000 42.986
435.000 43.759
440.000 44.011
445.000 44.207
450.000 44.011
455.000 43.704
460.000 43.281
465.000 42.178
470.000 40.861
475.000 40.147
480.000 38.722
485.000 38.029
490.000 36.659
495.000 35.344
500.000 34.103
505.000 33.536
510.000 32.965
515.000 31.908
520.000 30.965
525.000 30.092
530.000 29.693
535.000 29.317
540.000 28.592
545.000 27.938
550.000 27.343
555.000 27.160
560.000 26.559
565.000 26.263
570.000 25.775
575.000 25.285
580.000 25.005
585.000 24.745
590.000 24.091
595.000 23.295
600.000 22.875
605.000 22.052
610.000 21.693
615.000 21.055
620.000 20.522
625.000 20.317
630.000 20.019
635.000 19.929
640.000 19.880
645.000 20.126
650.000 20.370
655.000 20.901
660.000 21.200
665.000 21.843
670.000 22.222
675.000 23.080
680.000 24.172
685.000 24.849
690.000 26.530
695.000 28.867
700.000 30.385
705.000 33.999
710.000 36.196
715.000 41.489
720.000 47.830
725.000 51.121
730.000 56.757
735.000 58.345
740.000 56.436
745.000 44.853
750.000 38.262
755.000 27.611
760.000 23.742
765.000 17.938
770.000 14.057
775.000 12.635
780.000 10.307
785.000 9.358
790.000 7.827
795.000 6.641
800.000 6.142
805.000 5.357
810.000 4.778
815.000 4.518
820.000 4.032
825.000 3.811
830.000 3.407
835.000 3.057
840.000 2.900
845.000 2.623
850.000 2.498
855.000 2.276
860.000 2.174
865.000 1.991
870.000 1.830
875.000 1.758
880.000 1.622
885.000 1.496
890.000 1.441
895.000 1.337
900.000 1.290
905.000 1.205
910.000 1.120
915.000 1.078
920.000 1.012
925.000 0.976
930.000 0.914
935.000 0.884
940.000 0.832
945.000 0.803
950.000 0.752
955.000 0.713
960.000 0.695
965.000 0.656
970.000 0.636
975.000 0.599
980.000 0.570
985.000 0.553
990.000 0.530
995.000 0.515
1000.000 0.492
1005.000 0.476
1010.000 0.471
1015.000 0.453
1020.000 0.439
1025.000 0.431
1030.000 0.419
1035.000 0.415
1040.000 0.402
1045.000 0.396
1050.000 0.397
1055.000 0.389
1060.000 0.391
1065.000 0.391
1070.000 0.392
1075.000 0.389
1080.000 0.395
1085.000 0.398
1090.000 0.405
1095.000 0.408
1100.000 0.415
1105.000 0.423
1110.000 0.435
1115.000 0.441
1120.000 0.454
1125.000 0.458
1130.000 0.474
1135.000 0.490
1140.000 0.498
1145.000 0.514
1150.000 0.522
1155.000 0.543
1160.000 0.552
1165.000 0.575
1170.000 0.597
1175.000 0.605
1180.000 0.630
1185.000 0.641
1190.000 0.665
1195.000 0.683
1200.000 0.712
1205.000 0.742
1210.000 0.756
1215.000 0.791
1220.000 0.808
1225.000 0.845
1230.000 0.887
1235.000 0.931
1240.000 0.958
1245.000 0.985
1250.000 1.038
1255.000 1.065
1260.000 1.132
1265.000 1.205
1270.000 1.286
1275.000 1.334
1280.000 1.435
1285.000 1.492
1290.000 1.618
1295.000 1.668
1300.000 1.773
1305.000 1.826
1310.000 1.941
1315.000 2.069
1320.000 2.139
1325.000 2.289
1330.000 2.463
1335.000 2.560
1340.000 2.772
1345.000 2.897
1350.000 3.174
1355.000 3.333
1360.000 3.700
1365.000 4.156
1370.000 4.429
1375.000 5.083
1380.000 5.481
1385.000 6.505
1390.000 7.937
1395.000 8.863
1400.000 11.312
1405.000 12.891
1410.000 16.924
1415.000 21.919
1420.000 24.572
1425.000 29.665
1430.000 31.883
1435.000 35.016
1440.000 34.858
1445.000 29.691
1450.000 26.308
1455.000 23.027
1460.000 17.614
1465.000 13.697
1470.000 10.964
1475.000 9.930
1480.000 9.069
1485.000 7.701
1490.000 6.675
1495.000 6.255
1500.000 5.569
1505.000 5.326
1510.000 4.923
1515.000 4.595
1520.000 4.451
1525.000 4.190
1530.000 4.073
1535.000 3.861
1540.000 3.666
1545.000 3.585
1550.000 3.433
1555.000 3.363
1560.000 3.235
1565.000 3.118
1570.000 3.062
1575.000 2.952
1580.000 2.904
1585.000 2.798
1590.000 2.703
1595.000 2.654
1600.000 2.529
1605.000 2.395
1610.000 2.327
1615.000 2.199
1620.000 2.139
1625.000 2.024
1630.000 1.919
1635.000 1.873
1640.000 1.786
1645.000 1.751
1650.000 1.690
1655.000 1.659
1660.000 1.652
1665.000 1.672
1670.000 1.691
1675.000 1.763
1680.000 1.808
1685.000 1.926
1690.000 2.079
1695.000 2.160
1700.000 2.314
1705.000 2.370
1710.000 2.477
1715.000 2.570
1720.000 2.613
1725.000 2.697
1730.000 2.738
1735.000 2.816
1740.000 2.885
1745.000 2.919
1750.000 2.989
1755.000 3.025
1760.000 3.087
1765.000 3.156
1770.000 3.188
1775.000 3.259
1780.000 3.292
1785.000 3.353
1790.000 3.422
1795.000 3.452
1800.000 3.517
1805.000 3.555
1810.000 3.622
1815.000 3.694
1820.000 3.732
1825.000 3.799
1830.000 3.862
1835.000 3.901
1840.000 3.943
1845.000 4.012
1850.000 4.089
1855.000 4.127
1860.000 4.208
1865.000 4.246
1870.000 4.332
1875.000 4.421
1880.000 4.470
1885.000 4.568
1890.000 4.669
1895.000 4.724
1900.000 4.835
1905.000 4.955
1910.000 5.015
1915.000 5.078
1920.000 5.212
1925.000 5.355
1930.000 5.497
1935.000 5.577
1940.000 5.653
1945.000 5.818
1950.000 5.987
1955.000 6.074
1960.000 6.267
1965.000 6.471
1970.000 6.576
1975.000 6.803
1980.000 7.055
1985.000 7.182
1990.000 7.476
1995.000 7.616
2000.000 7.946
2005.000 8.121
2010.000 8.519
2015.000 8.728
2020.000 9.138
2025.000 9.633
2030.000 10.161
2035.000 10.465
2040.000 10.786
2045.000 11.482
2050.000 12.181
2055.000 12.556
2060.000 13.408
2065.000 13.896
2070.000 15.001
2075.000 16.314
2080.000 17.041
2085.000 18.655
2090.000 19.516
2095.000 21.258
2100.000 22.790
2105.000 23.374
2110.000 23.854
2115.000 23.695
2120.000 22.493
2125.000 20.853
2130.000 20.053
2135.000 18.196
2140.000 17.303
2145.000 15.572
2150.000 13.993
2155.000 13.275
2160.000 11.956
2165.000 11.366
2170.000 10.248
2175.000 9.266
2180.000 8.831
2185.000 8.045
2190.000 7.698
2195.000 7.072
2200.000 6.522
2205.000 6.266
2210.000 5.800
2215.000 5.382
2220.000 5.195
2225.000 4.844
2230.000 4.682
2235.000 4.377
2240.000 4.238
2245.000 3.961
2250.000 3.625
2255.000 3.471
2260.000 3.189
2265.000 2.942
2270.000 2.829
2275.000 2.627
2280.000 2.536
2285.000 2.366
2290.000 2.290
2295.000 2.151
2300.000 2.023
2305.000 1.965
2310.000 1.858
2315.000 1.806
2320.000 1.705
2325.000 1.614
2330.000 1.570
2335.000 1.490
2340.000 1.454
2345.000 1.384
2350.000 1.323
2355.000 1.294
2360.000 1.237
2365.000 1.209
2370.000 1.159
2375.000 1.113
2380.000 1.091
2385.000 1.050
2390.000 1.010
2395.000 0.990
2400.000 0.957
2405.000 0.939
2410.000 0.909
2415.000 0.892
2420.000 0.863
2425.000 0.837
2430.000 0.821
2435.000 0.796
2440.000 0.784
2445.000 0.762
2450.000 0.751
2455.000 0.729
2460.000 0.709
2465.000 0.701
2470.000 0.681
2475.000 0.672
2480.000 0.655
2485.000 0.639
2490.000 0.631
2495.000 0.617
2500.000 0.609
2505.000 0.595
2510.000 0.581
2515.000 0.574
2520.000 0.563
2525.000 0.558
2530.000 0.546
2535.000 0.534
2540.000 0.525
2545.000 0.521
2550.000 0.515
2555.000 0.505
2560.000 0.496
2565.000 0.488
2570.000 0.486
2575.000 0.479
2580.000 0.472
2585.000 0.464
2590.000 0.457
2595.000 0.453
2600.000 0.452
2605.000 0.445
2610.000 0.439
2615.000 0.436
2620.000 0.431
2625.000 0.428
2630.000 0.425
2635.000 0.420
2640.000 0.416
2645.000 0.413
2650.000 0.412
2655.000 0.407
2660.000 0.403
2665.000 0.401
2670.000 0.399
2675.000 0.397
2680.000 0.394
2685.000 0.392
2690.000 0.389
2695.000 0.387
2700.000 0.386
2705.000 0.385
2710.000 0.384
2715.000 0.383
2720.000 0.380
2725.000 0.381
2730.000 0.379
2735.000 0.377
2740.000 0.376
2745.000 0.377
2750.000 0.377
2755.000 0.376
2760.000 0.375
2765.000 0.375
2770.000 0.376
2775.000 0.375
2780.000 0.374
2785.000 0.376
2790.000 0.375
2795.000 0.377
2800.000 0.376
2805.000 0.377
2810.000 0.377
2815.000 0.378
2820.000 0.380
2825.000 0.380
2830.000 0.382
2835.000 0.382
2840.000 0.386
2845.000 0.387
2850.000 0.388
2855.000 0.389
2860.000 0.392
2865.000 0.393
2870.000 0.398
2875.000 0.399
2880.000 0.400
2885.000 0.404
2890.000 0.403
2895.000 0.411
2900.000 0.411
2905.000 0.413
2910.000 0.415
2915.000 0.418
2920.000 0.421
2925.000 0.422
2930.000 0.423
2935.000 0.431
2940.000 0.431
2945.000 0.432
2950.000 0.432
2955.000 0.443
2960.000 0.440
2965.000 0.447
2970.000 0.444
2975.000 0.450
2980.000 0.459
2985.000 0.456
2990.000 0.462
2995.000 0.464
3000.000 0.475
3005.000 0.473
3010.000 0.478
3015.000 0.480
3020.000 0.501
3025.000 0.503
3030.000 0.500
3035.000 0.512
3040.000 0.514
3045.000 0.522
3050.000 0.538
3055.000 0.535
3060.000 0.543
3065.000 0.554
3070.000 0.559
3075.000 0.564
3080.000 0.579
3085.000 0.589
3090.000 0.595
3095.000 0.608
3100.000 0.613
3105.000 0.628
3110.000 0.643
3115.000 0.652
3120.000 0.670
3125.000 0.687
3130.000 0.695
3135.000 0.704
3140.000 0.724
3145.000 0.745
3150.000 0.767
3155.000 0.781
3160.000 0.794
3165.000 0.822
3170.000 0.847
3175.000 0.860
3180.000 0.889
3185.000 0.905
3190.000 0.939
3195.000 0.978
3200.000 0.998
3205.000 1.039
3210.000 1.088
3215.000 1.112
3220.000 1.170
3225.000 1.199
3230.000 1.267
3235.000 1.300
3240.000 1.381
3245.000 1.470
3250.000 1.521
3255.000 1.638
3260.000 1.703
3265.000 1.850
3270.000 2.030
3275.000 2.233
3280.000 2.318
3285.000 2.408
3290.000 2.612
3295.000 2.864
3300.000 3.174
3305.000 3.356
3310.000 3.570
3315.000 4.077
3320.000 4.797
3325.000 5.215
3330.000 6.294
3335.000 7.772
3340.000 8.716
3345.000 11.134
3350.000 12.648
3355.000 16.294
3360.000 20.566
3365.000 22.800
3370.000 26.906
3375.000 28.370
3380.000 29.142
3385.000 28.113
3390.000 22.917
3395.000 17.252
3400.000 14.936
3405.000 11.322
3410.000 9.965
3415.000 7.957
3420.000 6.582
3425.000 6.056
3430.000 5.228
3435.000 4.904
3440.000 4.408
3445.000 4.124
3450.000 4.006
3455.000 3.798
3460.000 3.704
3465.000 3.534
3470.000 3.385
3475.000 3.316
3480.000 3.194
3485.000 3.140
3490.000 3.036
3495.000 2.950
3500.000 2.907
3505.000 2.834
3510.000 2.798
3515.000 2.713
3520.000 2.639
3525.000 2.603
3530.000 2.542
3535.000 2.491
3540.000 2.472
3545.000 2.433
3550.000 2.412
3555.000 2.386
3560.000 2.362
3565.000 2.356
3570.000 2.341
3575.000 2.340
3580.000 2.335
3585.000 2.337
3590.000 2.339
3595.000 2.350
3600.000 2.359
3605.000 2.376
3610.000 2.387
3615.000 2.420
3620.000 2.436
3625.000 2.475
3630.000 2.516
3635.000 2.538
3640.000 2.594
3645.000 2.625
3650.000 2.701
3655.000 2.764
3660.000 2.829
3665.000 2.869
3670.000 2.911
3675.000 3.003
3680.000 3.123
3685.000 3.189
3690.000 3.323
3695.000 3.389
3700.000 3.493
3705.000 3.633
3710.000 3.812
3715.000 3.918
3720.000 4.029
3725.000 4.286
3730.000 4.601
3735.000 4.791
3740.000 5.260
3745.000 5.552
3750.000 6.264
3755.000 7.251
3760.000 8.636
3765.000 9.536
3770.000 10.606
3775.000 13.353
3780.000 16.882
3785.000 18.801
3790.000 22.231
3795.000 23.293
3800.000 23.049
3805.000 19.146
3810.000 14.604
3815.000 12.628
3820.000 9.615
3825.000 8.498
3830.000 6.806
3835.000 6.166
3840.000 5.162
3845.000 4.795
3850.000 4.276
3855.000 3.884
3860.000 3.712
3865.000 3.408
3870.000 3.276
3875.000 3.030
3880.000 2.809
3885.000 2.710
3890.000 2.517
3895.000 2.425
3900.000 2.245
3905.000 2.049
3910.000 1.958
3915.000 1.785
3920.000 1.649
3925.000 1.588
3930.000 1.483
3935.000 1.434
3940.000 1.350
3945.000 1.314
3950.000 1.242
3955.000 1.179
3960.000 1.154
3965.000 1.104
3970.000 1.063
3975.000 1.040
3980.000 1.002
3985.000 0.988
3990.000 0.946
3995.000 0.939
4000.000 0.909
4005.000 0.881
4010.000 0.868
4015.000 0.847
4020.000 0.842
4025.000 0.825
4030.000 0.812
4035.000 0.795
4040.000 0.781
4045.000 0.763
4050.000 0.753
4055.000 0.747
4060.000 0.735
4065.000 0.729
4070.000 0.721
4075.000 0.712
4080.000 0.706
4085.000 0.704
4090.000 0.695
4095.000 0.691
4100.000 0.688
4105.000 0.684
4110.000 0.681
4115.000 0.678
4120.000 0.677
4125.000 0.676
4130.000 0.674
4135.000 0.675
4140.000 0.677
4145.000 0.676
4150.000 0.677
4155.000 0.679
4160.000 0.681
4165.000 0.686
4170.000 0.691
4175.000 0.692
4180.000 0.700
4185.000 0.703
4190.000 0.715
4195.000 0.719
4200.000 0.730
4205.000 0.742
4210.000 0.749
4215.000 0.764
4220.000 0.780
4225.000 0.790
4230.000 0.800
4235.000 0.822
4240.000 0.844
4245.000 0.871
4250.000 0.885
4255.000 0.900
4260.000 0.930
4265.000 0.963
4270.000 0.979
4275.000 1.016
4280.000 1.056
4285.000 1.079
4290.000 1.131
4295.000 1.165
4300.000 1.243
4305.000 1.277
4310.000 1.347
4315.000 1.426
4320.000 1.523
4325.000 1.580
4330.000 1.716
4335.000 1.800
4340.000 2.002
4345.000 2.128
4350.000 2.445
4355.000 2.652
4360.000 3.153
4365.000 3.811
4370.000 4.237
4375.000 5.368
4380.000 6.091
4385.000 7.983
4390.000 10.321
4395.000 11.495
4400.000 13.270
4405.000 13.520
4410.000 12.276
4415.000 9.563
4420.000 8.270
4425.000 6.162
4430.000 5.373
4435.000 4.205
4440.000 3.419
4445.000 2.868
4450.000 2.657
4455.000 2.475
4460.000 2.221
4465.000 2.033
4470.000 1.945
4475.000 1.797
4480.000 1.729
4485.000 1.616
4490.000 1.513
4495.000 1.431
4500.000 1.394
4505.000 1.327
4510.000 1.288
4515.000 1.262
4520.000 1.212
4525.000 1.167
4530.000 1.127
4535.000 1.109
4540.000 1.093
4545.000 1.065
4550.000 1.038
4555.000 1.014
4560.000 1.000
4565.000 0.990
4570.000 0.971
4575.000 0.951
4580.000 0.939
4585.000 0.921
4590.000 0.913
4595.000 0.901
4600.000 0.888
4605.000 0.883
4610.000 0.875
4615.000 0.870
4620.000 0.863
4625.000 0.856
4630.000 0.847
4635.000 0.844
4640.000 0.843
4645.000 0.839
4650.000 0.837
4655.000 0.836
4660.000 0.833
4665.000 0.831
4670.000 0.827
4675.000 0.826
4680.000 0.822
4685.000 0.818
4690.000 0.818
4695.000 0.810
4700.000 0.805
4705.000 0.803
4710.000 0.795
4715.000 0.789
4720.000 0.780
4725.000 0.772
4730.000 0.765
4735.000 0.756
4740.000 0.748
4745.000 0.740
4750.000 0.731
4755.000 0.726
4760.000 0.720
4765.000 0.715
4770.000 0.710
4775.000 0.710
4780.000 0.710
4785.000 0.715
4790.000 0.720
4795.000 0.730
4800.000 0.747
4805.000 0.756
4810.000 0.775
4815.000 0.787
4820.000 0.805
4825.000 0.822
4830.000 0.836
4835.000 0.868
4840.000 0.885
4845.000 0.922
4850.000 0.966
4855.000 0.993
4860.000 1.051
4865.000 1.084
4870.000 1.150
4875.000 1.237
4880.000 1.286
4885.000 1.402
4890.000 1.473
4895.000 1.644
4900.000 1.876
4905.000 2.021
4910.000 2.393
4915.000 2.683
4920.000 3.302
4925.000 4.176
4930.000 4.756
4935.000 6.232
4940.000 7.145
4945.000 9.176
4950.000 11.025
4955.000 11.641
4960.000 11.686
4965.000 10.971
4970.000 8.626
4975.000 6.430
4980.000 5.535
4985.000 4.178
4990.000 3.684
4995.000 2.961
5000.000 2.456
5005.000 2.260
5010.000 1.955
5015.000 1.744
5020.000 1.656
5025.000 1.514
5030.000 1.453
5035.000 1.342
5040.000 1.297
5045.000 1.203
5050.000 1.116
5055.000 1.076
5060.000 1.010
5065.000 0.988
5070.000 0.925
5075.000 0.860
5080.000 0.798
5085.000 0.768
5090.000 0.737
5095.000 0.685
5100.000 0.641
5105.000 0.619
5110.000 0.582
5115.000 0.564
5120.000 0.536
5125.000 0.522
5130.000 0.497
5135.000 0.474
5140.000 0.466
5145.000 0.446
5150.000 0.438
5155.000 0.421
5160.000 0.406
5165.000 0.395
5170.000 0.390
5175.000 0.384
5180.000 0.372
5185.000 0.364
5190.000 0.359
5195.000 0.349
5200.000 0.347
5205.000 0.339
5210.000 0.332
5215.000 0.325
5220.000 0.326
5225.000 0.319
5230.000 0.316
5235.000 0.311
5240.000 0.311
5245.000 0.308
5250.000 0.303
5255.000 0.304
5260.000 0.299
5265.000 0.296
5270.000 0.295
5275.000 0.295
5280.000 0.291
5285.000 0.292
5290.000 0.292
5295.000 0.290
5300.000 0.290
5305.000 0.289
5310.000 0.288
5315.000 0.286
5320.000 0.287
5325.000 0.286
5330.000 0.287
5335.000 0.286
5340.000 0.285
5345.000 0.286
5350.000 0.286
5355.000 0.286
5360.000 0.287
5365.000 0.286
5370.000 0.286
5375.000 0.286
5380.000 0.286
5385.000 0.286
5390.000 0.286
5395.000 0.287
5400.000 0.287
5405.000 0.287
5410.000 0.287
5415.000 0.288
5420.000 0.286
5425.000 0.287
5430.000 0.289
5435.000 0.288
5440.000 0.289
5445.000 0.289
5450.000 0.290
5455.000 0.289
5460.000 0.291
5465.000 0.292
5470.000 0.293
5475.000 0.292
5480.000 0.293
5485.000 0.292
5490.000 0.292
5495.000 0.295
5500.000 0.293
5505.000 0.295
5510.000 0.296
5515.000 0.296
5520.000 0.296
5525.000 0.299
5530.000 0.301
5535.000 0.301
5540.000 0.299
5545.000 0.300
5550.000 0.300
5555.000 0.300
5560.000 0.300
5565.000 0.301
5570.000 0.300
5575.000 0.300
5580.000 0.302
5585.000 0.303
5590.000 0.303
5595.000 0.303
5600.000 0.303
5605.000 0.304
5610.000 0.306
5615.000 0.306
5620.000 0.307
5625.000 0.306
5630.000 0.309
5635.000 0.310
5640.000 0.310
5645.000 0.310
5650.000 0.311
5655.000 0.313
5660.000 0.314
5665.000 0.314
5670.000 0.315
5675.000 0.314
5680.000 0.316
5685.000 0.318
5690.000 0.317
5695.000 0.321
5700.000 0.320
5705.000 0.320
5710.000 0.321
5715.000 0.320
5720.000 0.324
5725.000 0.324
5730.000 0.325
5735.000 0.326
5740.000 0.328
5745.000 0.329
5750.000 0.329
5755.000 0.330
5760.000 0.331
5765.000 0.332
5770.000 0.333
5775.000 0.336
5780.000 0.333
5785.000 0.336
5790.000 0.336
5795.000 0.341
5800.000 0.341
5805.000 0.340
5810.000 0.341
5815.000 0.342
5820.000 0.345
5825.000 0.345
5830.000 0.346
5835.000 0.347
5840.000 0.349
5845.000 0.351
5850.000 0.351
5855.000 0.355
5860.000 0.356
5865.000 0.357
5870.000 0.357
5875.000 0.357
5880.000 0.361
5885.000 0.362
5890.000 0.363
5895.000 0.367
5900.000 0.368
5905.000 0.370
5910.000 0.373
5915.000 0.373
5920.000 0.374
5925.000 0.374
5930.000 0.380
5935.000 0.381
5940.000 0.384
5945.000 0.386
5950.000 0.384
5955.000 0.386
5960.000 0.384
5965.000 0.384
5970.000 0.389
5975.000 0.382
5980.000 0.383
5985.000 0.385
5990.000 0.399
5995.000 0.396
6000.000 0.384
6005.000 0.399
6010.000 0.398
6015.000 0.401
6020.000 0.389
6025.000 0.398
6030.000 0.400
6035.000 0.390
6040.000 0.402
6045.000 0.399
6050.000 0.396
6055.000 0.402
6060.000 0.393
6065.000 0.397
6070.000 0.399
6075.000 0.400
6080.000 0.396
6085.000 0.397
6090.000 0.399
6095.000 0.402
6100.000 0.401
6105.000 0.398
6110.000 0.402
6115.000 0.401
6120.000 0.402
6125.000 0.405
6130.000 0.406
6135.000 0.406
6140.000 0.408
6145.000 0.410
6150.000 0.410
6155.000 0.411
6160.000 0.413
6165.000 0.416
6170.000 0.415
6175.000 0.417
6180.000 0.417
6185.000 0.419
6190.000 0.422
6195.000 0.418
6200.000 0.421
6205.000 0.424
6210.000 0.423
6215.000 0.428
6220.000 0.427
6225.000 0.426
6230.000 0.429
6235.000 0.430
6240.000 0.430
6245.000 0.432
6250.000 0.435
6255.000 0.436
6260.000 0.437
6265.000 0.441
6270.000 0.446
6275.000 0.446
6280.000 0.447
6285.000 0.449
6290.000 0.454
6295.000 0.455
6300.000 0.456
6305.000 0.453
6310.000 0.469
6315.000 0.486
6320.000 0.490
6325.000 0.483
6330.000 0.478
6335.000 0.474
6340.000 0.478
6345.000 0.479
6350.000 0.484
6355.000 0.487
6360.000 0.495
6365.000 0.496
6370.000 0.495
6375.000 0.499
6380.000 0.504
6385.000 0.508
6390.000 0.512
6395.000 0.515
6400.000 0.522
6405.000 0.530
6410.000 0.528
6415.000 0.543
6420.000 0.550
6425.000 0.553
6430.000 0.557
6435.000 0.561
6440.000 0.572
6445.000 0.581
6450.000 0.591
6455.000 0.600
6460.000 0.603
6465.000 0.618
6470.000 0.625
6475.000 0.633
6480.000 0.647
6485.000 0.657
6490.000 0.673
6495.000 0.682
6500.000 0.699
6505.000 0.716
6510.000 0.739
6515.000 0.747
6520.000 0.761
6525.000 0.787
6530.000 0.812
6535.000 0.827
6540.000 0.858
6545.000 0.876
6550.000 0.912
6555.000 0.946
6560.000 0.962
6565.000 1.004
6570.000 1.027
6575.000 1.074
6580.000 1.131
6585.000 1.160
6590.000 1.227
6595.000 1.261
6600.000 1.338
6605.000 1.418
6610.000 1.467
6615.000 1.567
6620.000 1.692
6625.000 1.762
6630.000 1.919
6635.000 2.010
6640.000 2.228
6645.000 2.360
6650.000 2.685
6655.000 3.108
6660.000 3.370
6665.000 4.048
6670.000 4.477
6675.000 5.593
6680.000 7.160
6685.000 8.148
6690.000 10.580
6695.000 12.023
6700.000 15.169
6705.000 18.271
6710.000 19.567
6715.000 20.772
6720.000 20.438
6725.000 17.357
6730.000 13.295
6735.000 11.578
6740.000 8.837
6745.000 6.931
6750.000 6.224
6755.000 5.162
6760.000 4.753
6765.000 4.120
6770.000 3.680
6775.000 3.506
6780.000 3.288
6785.000 3.205
6790.000 3.071
6795.000 3.011
6800.000 2.910
6805.000 2.816
6810.000 2.770
6815.000 2.699
6820.000 2.670
6825.000 2.614
6830.000 2.577
6835.000 2.561
6840.000 2.540
6845.000 2.535
6850.000 2.526
6855.000 2.530
6860.000 2.530
6865.000 2.534
6870.000 2.547
6875.000 2.575
6880.000 2.611
6885.000 2.625
6890.000 2.672
6895.000 2.704
6900.000 2.759
6905.000 2.841
6910.000 2.887
6915.000 2.982
6920.000 3.036
6925.000 3.153
6930.000 3.217
6935.000 3.371
6940.000 3.556
6945.000 3.771
6950.000 3.893
6955.000 4.024
6960.000 4.333
6965.000 4.737
6970.000 4.979
6975.000 5.596
6980.000 5.977
6985.000 6.947
6990.000 8.281
6995.000 9.144
7000.000 11.274
7005.000 13.866
7010.000 15.200
7015.000 18.260
7020.000 19.608
7025.000 21.011
7030.000 20.806
7035.000 17.834
7040.000 14.056
7045.000 12.357
7050.000 9.649
7055.000 8.622
7060.000 7.043
7065.000 5.911
7070.000 5.489
7075.000 4.871
7080.000 4.640
7085.000 4.254
7090.000 3.941
7095.000 3.804
7100.000 3.551
7105.000 3.336
7110.000 3.243
7115.000 3.064
7120.000 2.912
7125.000 2.843
7130.000 2.776
7135.000 2.658
7140.000 2.552
7145.000 2.504
7150.000 2.412
7155.000 2.368
7160.000 2.286
7165.000 2.188
7170.000 2.093
7175.000 2.049
7180.000 2.008
7185.000 1.935
7190.000 1.870
7195.000 1.840
7200.000 1.790
7205.000 1.747
7210.000 1.727
7215.000 1.691
7220.000 1.674
7225.000 1.646
7230.000 1.631
7235.000 1.611
7240.000 1.590
7245.000 1.581
7250.000 1.570
7255.000 1.561
7260.000 1.556
7265.000 1.555
7270.000 1.553
7275.000 1.556
7280.000 1.557
7285.000 1.561
7290.000 1.564
7295.000 1.568
7300.000 1.575
7305.000 1.581
7310.000 1.593
7315.000 1.613
7320.000 1.621
7325.000 1.646
7330.000 1.656
7335.000 1.688
7340.000 1.732
7345.000 1.753
7350.000 1.810
7355.000 1.852
7360.000 1.883
7365.000 2.058
7370.000 2.090
7375.000 2.155
7380.000 2.163
7385.000 2.167
7390.000 2.209
7395.000 2.236
7400.000 2.303
7405.000 2.342
7410.000 2.425
7415.000 2.522
7420.000 2.581
7425.000 2.697
7430.000 2.768
7435.000 2.916
7440.000 3.095
7445.000 3.196
7450.000 3.432
7455.000 3.569
7460.000 3.906
7465.000 4.340
7470.000 4.613
7475.000 5.295
7480.000 5.722
7485.000 6.874
7490.000 7.549
7495.000 9.163
7500.000 11.007
7505.000 11.905
7510.000 13.115
7515.000 13.196
7520.000 11.899
7525.000 9.673
7530.000 8.564
7535.000 6.715
7540.000 5.361
7545.000 4.836
7550.000 4.036
7555.000 3.514
7560.000 3.316
7565.000 2.961
7570.000 2.805
7575.000 2.542
7580.000 2.419
7585.000 2.218
7590.000 2.123
7595.000 1.960
7600.000 1.818
7605.000 1.751
7610.000 1.641
7615.000 1.583
7620.000 1.450
7625.000 1.334
7630.000 1.281
7635.000 1.191
7640.000 1.108
7645.000 1.073
7650.000 1.007
7655.000 0.976
7660.000 0.918
7665.000 0.888
7670.000 0.839
7675.000 0.796
7680.000 0.776
7685.000 0.738
7690.000 0.723
7695.000 0.694
7700.000 0.666
7705.000 0.642
7710.000 0.632
7715.000 0.621
7720.000 0.599
7725.000 0.582
7730.000 0.566
7735.000 0.558
7740.000 0.547
7745.000 0.541
7750.000 0.528
7755.000 0.524
7760.000 0.514
7765.000 0.509
7770.000 0.504
7775.000 0.495
7780.000 0.494
7785.000 0.487
7790.000 0.486
7795.000 0.482
7800.000 0.482
7805.000 0.480
7810.000 0.482
7815.000 0.482
7820.000 0.486
7825.000 0.490
7830.000 0.494
7835.000 0.500
7840.000 0.506
7845.000 0.518
7850.000 0.524
7855.000 0.539
7860.000 0.559
7865.000 0.569
7870.000 0.596
7875.000 0.607
7880.000 0.633
7885.000 0.669
7890.000 0.691
7895.000 0.741
7900.000 0.768
7905.000 0.840
7910.000 0.932
7915.000 0.990
7920.000 1.143
7925.000 1.241
7930.000 1.497
7935.000 1.848
7940.000 2.027
7945.000 2.470
7950.000 2.746
7955.000 3.368
7960.000 3.810
7965.000 3.832
7970.000 3.453
7975.000 2.837
7980.000 2.540
7985.000 2.040
7990.000 1.846
7995.000 1.534
8000.000 1.323
8005.000 1.232
8010.000 1.086
8015.000 0.967
8020.000 0.925
8025.000 0.829
8030.000 0.796
8035.000 0.735
8040.000 0.693
8045.000 0.679
8050.000 0.665
8055.000 0.642
8060.000 0.612
8065.000 0.586
8070.000 0.579
8075.000 0.570
8080.000 0.549
8085.000 0.532
8090.000 0.523
8095.000 0.505
8100.000 0.497
8105.000 0.481
8110.000 0.467
8115.000 0.458
8120.000 0.448
8125.000 0.440
8130.000 0.440
8135.000 0.448
8140.000 0.456
8145.000 0.460
8150.000 0.457
8155.000 0.453
8160.000 0.446
8165.000 0.446
8170.000 0.439
8175.000 0.433
8180.000 0.434
8185.000 0.427
8190.000 0.425
8195.000 0.420
8200.000 0.419
8205.000 0.418
8210.000 0.414
8215.000 0.412
8220.000 0.408
8225.000 0.404
8230.000 0.402
8235.000 0.398
8240.000 0.396
8245.000 0.396
8250.000 0.396
8255.000 0.394
8260.000 0.392
8265.000 0.391
8270.000 0.391
8275.000 0.389
8280.000 0.389
8285.000 0.386
8290.000 0.387
8295.000 0.386
8300.000 0.383
8305.000 0.384
8310.000 0.385
8315.000 0.384
8320.000 0.383
8325.000 0.381
8330.000 0.379
8335.000 0.380
8340.000 0.379
8345.000 0.378
8350.000 0.377
8355.000 0.376
8360.000 0.375
8365.000 0.374
8370.000 0.376
8375.000 0.376
8380.000 0.374
8385.000 0.376
8390.000 0.373
8395.000 0.374
8400.000 0.373
8405.000 0.373
8410.000 0.372
8415.000 0.373
8420.000 0.372
8425.000 0.372
8430.000 0.371
8435.000 0.372
8440.000 0.373
8445.000 0.371
8450.000 0.371
8455.000 0.369
8460.000 0.369
8465.000 0.367
8470.000 0.371
8475.000 0.369
8480.000 0.369
8485.000 0.368
8490.000 0.371
8495.000 0.368
8500.000 0.369
8505.000 0.368
8510.000 0.368
8515.000 0.368
8520.000 0.369
8525.000 0.371
8530.000 0.371
8535.000 0.373
8540.000 0.372
8545.000 0.372
8550.000 0.369
8555.000 0.370
8560.000 0.369
8565.000 0.371
8570.000 0.371
8575.000 0.369
8580.000 0.369
8585.000 0.370
8590.000 0.369
8595.000 0.367
8600.000 0.369
8605.000 0.370
8610.000 0.369
8615.000 0.370
8620.000 0.370
8625.000 0.370
8630.000 0.370
8635.000 0.370
8640.000 0.370
8645.000 0.370
8650.000 0.372
8655.000 0.373
8660.000 0.373
8665.000 0.373
8670.000 0.373
8675.000 0.373
8680.000 0.373
8685.000 0.374
8690.000 0.373
8695.000 0.374
8700.000 0.374
8705.000 0.375
8710.000 0.373
8715.000 0.370
8720.000 0.374
8725.000 0.373
8730.000 0.374
8735.000 0.376
8740.000 0.374
8745.000 0.376
8750.000 0.375
8755.000 0.375
8760.000 0.375
8765.000 0.375
8770.000 0.377
8775.000 0.378
8780.000 0.377
8785.000 0.378
8790.000 0.379
8795.000 0.378
8800.000 0.378
8805.000 0.380
8810.000 0.379
8815.000 0.384
8820.000 0.387
8825.000 0.373
8830.000 0.371
8835.000 0.383
8840.000 0.380
8845.000 0.385
8850.000 0.387
8855.000 0.387
8860.000 0.386
8865.000 0.386
8870.000 0.383
8875.000 0.384
8880.000 0.383
8885.000 0.385
8890.000 0.382
8895.000 0.386
8900.000 0.386
8905.000 0.384
8910.000 0.385
8915.000 0.385
8920.000 0.385
8925.000 0.387
8930.000 0.388
8935.000 0.386
8940.000 0.386
8945.000 0.388
8950.000 0.388
8955.000 0.390
8960.000 0.389
8965.000 0.392
8970.000 0.388
8975.000 0.392
8980.000 0.394
8985.000 0.389
8990.000 0.391
8995.000 0.393
9000.000 0.393
9005.000 0.397
9010.000 0.390
9015.000 0.392
9020.000 0.399
9025.000 0.395
9030.000 0.395
9035.000 0.394
9040.000 0.403
9045.000 0.402
9050.000 0.401
9055.000 0.402
9060.000 0.400
9065.000 0.396
9070.000 0.400
9075.000 0.399
9080.000 0.400
9085.000 0.399
9090.000 0.402
9095.000 0.401
9100.000 0.400
9105.000 0.400
9110.000 0.402
9115.000 0.401
9120.000 0.404
9125.000 0.403
9130.000 0.400
9135.000 0.403
9140.000 0.403
9145.000 0.401
9150.000 0.407
9155.000 0.407
9160.000 0.406
9165.000 0.406
9170.000 0.406
9175.000 0.409
9180.000 0.412
9185.000 0.409
9190.000 0.411
9195.000 0.412
9200.000 0.413
9205.000 0.415
9210.000 0.416
9215.000 0.417
9220.000 0.419
9225.000 0.418
9230.000 0.420
9235.000 0.417
9240.000 0.417
9245.000 0.420
9250.000 0.417
9255.000 0.419
9260.000 0.421
9265.000 0.420
9270.000 0.424
9275.000 0.421
9280.000 0.426
9285.000 0.427
9290.000 0.426
9295.000 0.426
9300.000 0.426
9305.000 0.430
9310.000 0.428
9315.000 0.430
9320.000 0.431
9325.000 0.432
9330.000 0.433
9335.000 0.436
9340.000 0.433
9345.000 0.435
9350.000 0.433
9355.000 0.435
9360.000 0.437
9365.000 0.437
9370.000 0.437
9375.000 0.435
9380.000 0.435
9385.000 0.436
9390.000 0.440
9395.000 0.440
9400.000 0.439
9405.000 0.440
9410.000 0.442
9415.000 0.442
9420.000 0.439
9425.000 0.444
9430.000 0.443
9435.000 0.443
9440.000 0.446
9445.000 0.445
9450.000 0.443
9455.000 0.446
9460.000 0.444
9465.000 0.444
9470.000 0.446
9475.000 0.446
9480.000 0.452
9485.000 0.451
9490.000 0.448
9495.000 0.447
9500.000 0.449
9505.000 0.447
9510.000 0.448
9515.000 0.448
9520.000 0.449
9525.000 0.456
9530.000 0.456
9535.000 0.454
9540.000 0.457
9545.000 0.457
9550.000 0.459
9555.000 0.460
9560.000 0.458
9565.000 0.458
9570.000 0.458
9575.000 0.463
9580.000 0.462
9585.000 0.460
9590.000 0.466
9595.000 0.466
9600.000 0.468
9605.000 0.468
9610.000 0.465
9615.000 0.477
9620.000 0.474
9625.000 0.472
9630.000 0.471
9635.000 0.476
9640.000 0.474
9645.000 0.478
9650.000 0.474
9655.000 0.473
9660.000 0.474
9665.000 0.481
9670.000 0.484
9675.000 0.480
9680.000 0.484
9685.000 0.483
9690.000 0.489
9695.000 0.492
9700.000 0.493
9705.000 0.498
9710.000 0.497
9715.000 0.498
9720.000 0.499
9725.000 0.507
9730.000 0.508
9735.000 0.515
9740.000 0.515
9745.000 0.519
9750.000 0.523
9755.000 0.528
9760.000 0.528
9765.000 0.533
9770.000 0.535
9775.000 0.542
9780.000 0.545
9785.000 0.554
9790.000 0.556
9795.000 0.562
9800.000 0.569
9805.000 0.581
9810.000 0.585
9815.000 0.596
9820.000 0.603
9825.000 0.606
9830.000 0.611
9835.000 0.618
9840.000 0.628
9845.000 0.634
9850.000 0.644
9855.000 0.649
9860.000 0.664
9865.000 0.680
9870.000 0.686
9875.000 0.708
9880.000 0.718
9885.000 0.738
9890.000 0.767
9895.000 0.780
9900.000 0.805
9905.000 0.821
9910.000 0.855
9915.000 0.896
9920.000 0.916
9925.000 0.962
9930.000 0.984
9935.000 1.051
9940.000 1.124
9945.000 1.164
9950.000 1.258
9955.000 1.378
9960.000 1.457
9965.000 1.649
9970.000 1.769
9975.000 2.086
9980.000 2.292
9985.000 2.808
9990.000 3.482
9995.000 3.853
10000.000 4.544
10005.000 4.854
10010.000 4.730
10015.000 4.059
10020.000 3.634
10025.000 2.832
10030.000 2.500
10035.000 1.981
10040.000 1.616
10045.000 1.472
10050.000 1.264
10055.000 1.194
10060.000 1.063
10065.000 0.963
10070.000 0.923
10075.000 0.850
10080.000 0.793
10085.000 0.769
10090.000 0.727
10095.000 0.707
10100.000 0.688
10105.000 0.676
10110.000 0.660
10115.000 0.636
10120.000 0.633
10125.000 0.627
10130.000 0.622
10135.000 0.622
10140.000 0.624
10145.000 0.627
10150.000 0.636
10155.000 0.641
10160.000 0.657
10165.000 0.668
10170.000 0.690
10175.000 0.714
10180.000 0.731
10185.000 0.766
10190.000 0.790
10195.000 0.831
10200.000 0.881
10205.000 0.908
10210.000 0.976
10215.000 1.015
10220.000 1.097
10225.000 1.201
10230.000 1.263
10235.000 1.409
10240.000 1.589
10245.000 1.710
10250.000 1.990
10255.000 2.163
10260.000 2.604
10265.000 3.190
10270.000 3.548
10275.000 4.410
10280.000 4.916
10285.000 5.993
10290.000 6.530
10295.000 7.445
10300.000 7.914
10305.000 7.672
10310.000 7.268
10315.000 6.741
10320.000 5.648
10325.000 4.662
10330.000 4.225
10335.000 3.517
10340.000 3.237
10345.000 2.786
10350.000 2.445
10355.000 2.307
10360.000 2.117
10365.000 2.046
10370.000 1.924
10375.000 1.823
10380.000 1.780
10385.000 1.694
10390.000 1.670
10395.000 1.594
10400.000 1.541
10405.000 1.517
10410.000 1.470
10415.000 1.451
10420.000 1.404
10425.000 1.366
10430.000 1.354
10435.000 1.326
10440.000 1.310
10445.000 1.278
10450.000 1.257
10455.000 1.248
10460.000 1.224
10465.000 1.217
10470.000 1.201
10475.000 1.192
10480.000 1.188
10485.000 1.175
10490.000 1.174
10495.000 1.168
10500.000 1.162
10505.000 1.157
10510.000 1.155
10515.000 1.159
10520.000 1.169
10525.000 1.174
10530.000 1.174
10535.000 1.180
10540.000 1.194
10545.000 1.196
10550.000 1.205
10555.000 1.215
10560.000 1.226
10565.000 1.238
10570.000 1.245
10575.000 1.260
10580.000 1.270
10585.000 1.292
10590.000 1.300
10595.000 1.326
10600.000 1.350
10605.000 1.366
10610.000 1.387
10615.000 1.406
10620.000 1.435
10625.000 1.469
10630.000 1.484
10635.000 1.515
10640.000 1.539
10645.000 1.589
10650.000 1.647
10655.000 1.689
10660.000 1.771
10665.000 1.822
10670.000 1.920
10675.000 2.014
10680.000 2.080
10685.000 2.204
10690.000 2.260
10695.000 2.369
10700.000 2.479
10705.000 2.544
10710.000 2.687
10715.000 2.762
10720.000 2.913
10725.000 2.993
10730.000 2.995
10735.000 2.873
10740.000 2.755
10745.000 2.435
10750.000 2.094
10755.000 1.905
10760.000 1.612
10765.000 1.484
10770.000 1.264
10775.000 1.171
10780.000 1.010
10785.000 0.869
10790.000 0.808
10795.000 0.707
10800.000 0.620
10805.000 0.582
10810.000 0.511
10815.000 0.477
10820.000 0.410
10825.000 0.379
10830.000 0.325
10835.000 0.280
10840.000 0.260
10845.000 0.225
10850.000 0.195
10855.000 0.182
10860.000 0.158
10865.000 0.139
10870.000 0.129
10875.000 0.120
10880.000 0.105
10885.000 0.090
10890.000 0.076
10895.000 0.072
10900.000 0.066
10905.000 0.057
10910.000 0.051
10915.000 0.044
10920.000 0.043
10925.000 0.040
10930.000 0.037
10935.000 0.034
10940.000 0.035
10945.000 0.034
10950.000 0.034
10955.000 0.035
10960.000 0.038
10965.000 0.038
10970.000 0.040
10975.000 0.044
10980.000 0.047
10985.000 0.053
10990.000 0.059
10995.000 0.062
11000.000 0.066
11005.000 0.076
11010.000 0.082
11015.000 0.089
11020.000 0.106
11025.000 0.108
11030.000 0.124
11035.000 0.147
11040.000 0.158
11045.000 0.184
11050.000 0.227
11055.000 0.247
11060.000 0.277
11065.000 0.358
11070.000 0.470
11075.000 0.557
11080.000 0.774
11085.000 0.907
11090.000 1.195
11095.000 1.515
11100.000 1.677
11105.000 1.974
11110.000 2.087
11115.000 2.234
11120.000 2.218
11125.000 2.074
11130.000 1.975
11135.000 1.761
11140.000 1.650
11145.000 1.439
11150.000 1.341
11155.000 1.170
11160.000 1.094
11165.000 0.975
11170.000 0.873
11175.000 0.831
11180.000 0.765
11185.000 0.732
11190.000 0.678
11195.000 0.639
11200.000 0.626
11205.000 0.606
11210.000 0.587
11215.000 0.582
11220.000 0.566
11225.000 0.559
11230.000 0.551
11235.000 0.542
11240.000 0.534
11245.000 0.523
11250.000 0.519
11255.000 0.513
11260.000 0.511
11265.000 0.506
11270.000 0.500
11275.000 0.497
11280.000 0.491
11285.000 0.491
11290.000 0.485
11295.000 0.479
11300.000 0.479
11305.000 0.471
11310.000 0.471
11315.000 0.467
11320.000 0.466
11325.000 0.462
11330.000 0.460
11335.000 0.456
11340.000 0.455
11345.000 0.451
11350.000 0.453
11355.000 0.448
11360.000 0.445
11365.000 0.447
11370.000 0.444
11375.000 0.442
11380.000 0.437
11385.000 0.440
11390.000 0.439
11395.000 0.438
11400.000 0.439
11405.000 0.436
11410.000 0.436
11415.000 0.434
11420.000 0.431
11425.000 0.431
11430.000 0.425
11435.000 0.425
11440.000 0.426
11445.000 0.425
11450.000 0.423
11455.000 0.421
11460.000 0.422
11465.000 0.420
11470.000 0.417
11475.000 0.415
11480.000 0.417
11485.000 0.417
11490.000 0.415
11495.000 0.413
11500.000 0.416
11505.000 0.414
11510.000 0.413
11515.000 0.416
11520.000 0.413
11525.000 0.414
11530.000 0.413
11535.000 0.413
11540.000 0.411
11545.000 0.412
11550.000 0.411
11555.000 0.411
11560.000 0.410
11565.000 0.413
11570.000 0.411
11575.000 0.407
11580.000 0.408
11585.000 0.408
11590.000 0.411
11595.000 0.411
11600.000 0.409
11605.000 0.406
11610.000 0.409
11615.000 0.406
11620.000 0.402
11625.000 0.401
11630.000 0.404
11635.000 0.405
11640.000 0.403
11645.000 0.403
11650.000 0.402
11655.000 0.407
11660.000 0.405
11665.000 0.402
11670.000 0.397
11675.000 0.408
11680.000 0.408
11685.000 0.409
11690.000 0.404
11695.000 0.404
11700.000 0.407
11705.000 0.400
11710.000 0.401
11715.000 0.401
11720.000 0.403
11725.000 0.402
11730.000 0.399
11735.000 0.402
11740.000 0.398
11745.000 0.401
11750.000 0.400
11755.000 0.397
11760.000 0.399
11765.000 0.403
11770.000 0.402
11775.000 0.401
11780.000 0.400
11785.000 0.399
11790.000 0.398
11795.000 0.396
11800.000 0.393
11805.000 0.393
11810.000 0.393
11815.000 0.392
11820.000 0.394
11825.000 0.390
11830.000 0.391
11835.000 0.391
11840.000 0.386
11845.000 0.389
11850.000 0.393
11855.000 0.392
11860.000 0.391
11865.000 0.389
11870.000 0.390
11875.000 0.388
11880.000 0.388
11885.000 0.389
11890.000 0.391
11895.000 0.390
11900.000 0.387
11905.000 0.386
11910.000 0.387
11915.000 0.385
11920.000 0.382
11925.000 0.385
11930.000 0.385
11935.000 0.385
11940.000 0.389
11945.000 0.386
11950.000 0.387
11955.000 0.383
11960.000 0.387
11965.000 0.386
11970.000 0.383
11975.000 0.385
11980.000 0.388
11985.000 0.386
11990.000 0.385
11995.000 0.381
12000.000 0.388
