105.000 0.022
110.000 2.141
115.000 4.685
120.000 5.880
125.000 6.457
130.000 7.244
135.000 7.857
140.000 8.057
145.000 8.478
150.000 8.661
155.000 9.001
160.000 9.259
165.000 9.348
170.000 9.502
175.000 9.572
180.000 9.779
185.000 10.096
190.000 10.271
195.000 10.745
200.000 11.032
205.000 11.649
210.000 12.216
215.000 12.566
220.000 13.301
225.000 13.763
230.000 14.468
235.000 15.235
240.000 15.788
245.000 16.878
250.000 17.573
255.000 19.004
260.000 20.777
265.000 21.721
270.000 23.819
275.000 24.975
280.000 27.592
285.000 30.742
290.000 32.528
295.000 36.955
300.000 39.693
305.000 46.618
310.000 55.551
315.000 60.276
320.000 69.186
325.000 72.293
330.000 72.701
335.000 72.111
340.000 71.531
345.000 66.936
350.000 61.922
355.000 52.592
360.000 47.578
365.000 46.081
370.000 44.267
375.000 43.761
380.000 43.274
385.000 43.303
390.000 43.483
395.000 43.759
400.000 43.965
405.000 44.323
410.000 44.569
415.000 44.984
420.000 43.753
425.000 43.127
430.000 42.802
435.000 42.468
440.000 41.624
445.000 40.473
450.000 39.745
455.000 37.998
460.000 36.998
465.000 34.829
470.000 32.355
475.000 31.093
480.000 28.620
485.000 27.451
490.000 25.340
495.000 23.524
500.000 22.721
505.000 21.268
510.000 20.637
515.000 19.547
520.000 18.668
525.000 18.286
530.000 17.645
535.000 17.405
540.000 17.007
545.000 16.757
550.000 16.676
555.000 16.625
560.000 16.662
565.000 16.731
570.000 17.009
575.000 17.210
580.000 17.737
585.000 18.119
590.000 18.908
595.000 19.924
600.000 20.528
605.000 22.029
610.000 22.959
615.000 25.244
620.000 28.431
625.000 30.547
630.000 36.330
635.000 40.208
640.000 49.858
645.000 59.911
650.000 63.718
655.000 63.302
660.000 54.927
665.000 33.768
670.000 23.724
675.000 20.345
680.000 15.530
685.000 13.546
690.000 10.782
695.000 8.768
700.000 7.963
705.000 6.652
710.000 6.121
715.000 5.254
720.000 4.575
725.000 4.294
730.000 3.816
735.000 3.608
740.000 3.261
745.000 2.975
750.000 2.844
755.000 2.623
760.000 2.521
765.000 2.351
770.000 2.202
775.000 2.134
780.000 2.011
785.000 1.957
790.000 1.856
795.000 1.783
800.000 1.748
805.000 1.707
810.000 1.700
815.000 1.687
820.000 1.659
825.000 1.642
830.000 1.616
835.000 1.604
840.000 1.583
845.000 1.565
850.000 1.562
855.000 1.558
860.000 1.556
865.000 1.561
870.000 1.575
875.000 1.579
880.000 1.615
885.000 1.629
890.000 1.677
895.000 1.732
900.000 1.767
905.000 1.856
910.000 1.912
915.000 2.041
920.000 2.218
925.000 2.325
930.000 2.603
935.000 2.781
940.000 3.266
945.000 4.027
950.000 4.588
955.000 6.345
960.000 7.653
965.000 10.285
970.000 9.366
975.000 7.567
980.000 4.631
985.000 3.826
990.000 2.755
995.000 2.387
1000.000 1.854
1005.000 1.505
1010.000 1.367
1015.000 1.146
1020.000 1.054
1025.000 0.918
1030.000 0.810
1035.000 0.766
1040.000 0.682
1045.000 0.651
1050.000 0.599
1055.000 0.555
1060.000 0.542
1065.000 0.506
1070.000 0.497
1075.000 0.475
1080.000 0.462
1085.000 0.454
1090.000 0.447
1095.000 0.443
1100.000 0.441
1105.000 0.439
1110.000 0.442
1115.000 0.446
1120.000 0.450
1125.000 0.459
1130.000 0.471
1135.000 0.480
1140.000 0.496
1145.000 0.504
1150.000 0.529
1155.000 0.554
1160.000 0.571
1165.000 0.600
1170.000 0.620
1175.000 0.659
1180.000 0.706
1185.000 0.735
1190.000 0.791
1195.000 0.823
1200.000 0.900
1205.000 0.989
1210.000 1.038
1215.000 1.156
1220.000 1.227
1225.000 1.385
1230.000 1.593
1235.000 1.722
1240.000 2.046
1245.000 2.257
1250.000 2.854
1255.000 3.917
1260.000 4.790
1265.000 7.700
1270.000 9.817
1275.000 14.772
1280.000 17.335
1285.000 16.110
1290.000 11.220
1295.000 9.306
1300.000 6.717
1305.000 5.114
1310.000 4.541
1315.000 3.684
1320.000 3.364
1325.000 2.870
1330.000 2.513
1335.000 2.370
1340.000 2.138
1345.000 2.043
1350.000 1.888
1355.000 1.764
1360.000 1.716
1365.000 1.628
1370.000 1.591
1375.000 1.531
1380.000 1.485
1385.000 1.464
1390.000 1.434
1395.000 1.422
1400.000 1.409
1405.000 1.403
1410.000 1.403
1415.000 1.406
1420.000 1.412
1425.000 1.420
1430.000 1.438
1435.000 1.448
1440.000 1.475
1445.000 1.492
1450.000 1.529
1455.000 1.576
1460.000 1.602
1465.000 1.662
1470.000 1.699
1475.000 1.785
1480.000 1.886
1485.000 1.944
1490.000 2.083
1495.000 2.162
1500.000 2.340
1505.000 2.490
1510.000 2.570
1515.000 2.759
1520.000 2.875
1525.000 3.153
1530.000 3.509
1535.000 3.736
1540.000 4.317
1545.000 4.677
1550.000 5.652
1555.000 7.086
1560.000 8.039
1565.000 10.645
1570.000 12.357
1575.000 16.973
1580.000 19.406
1585.000 23.154
1590.000 22.133
1595.000 19.283
1600.000 13.419
1605.000 11.151
1610.000 7.941
1615.000 5.942
1620.000 5.227
1625.000 4.161
1630.000 3.761
1635.000 3.136
1640.000 2.696
1645.000 2.534
1650.000 2.305
1655.000 2.217
1660.000 2.092
1665.000 2.012
1670.000 1.988
1675.000 1.978
1680.000 1.990
1685.000 2.021
1690.000 2.069
1695.000 2.095
1700.000 2.155
1705.000 2.189
1710.000 2.258
1715.000 2.320
1720.000 2.351
1725.000 2.414
1730.000 2.455
1735.000 2.524
1740.000 2.604
1745.000 2.639
1750.000 2.726
1755.000 2.771
1760.000 2.872
1765.000 2.988
1770.000 3.052
1775.000 3.198
1780.000 3.275
1785.000 3.453
1790.000 3.653
1795.000 3.776
1800.000 4.029
1805.000 4.179
1810.000 4.544
1815.000 5.006
1820.000 5.272
1825.000 5.906
1830.000 6.303
1835.000 7.284
1840.000 8.649
1845.000 9.538
1850.000 11.867
1855.000 13.394
1860.000 17.409
1865.000 22.789
1870.000 25.941
1875.000 32.532
1880.000 35.127
1885.000 38.159
1890.000 36.532
1895.000 33.097
1900.000 25.199
1905.000 21.821
1910.000 16.536
1915.000 12.975
1920.000 11.673
1925.000 9.699
1930.000 8.932
1935.000 7.723
1940.000 6.849
1945.000 6.520
1950.000 6.067
1955.000 5.886
1960.000 5.578
1965.000 5.325
1970.000 5.199
1975.000 5.005
1980.000 4.921
1985.000 4.759
1990.000 4.639
1995.000 4.567
2000.000 4.471
2005.000 4.429
2010.000 4.362
2015.000 4.278
2020.000 4.271
2025.000 4.238
2030.000 4.235
2035.000 4.210
2040.000 4.213
2045.000 4.217
2050.000 4.229
2055.000 4.243
2060.000 4.286
2065.000 4.347
2070.000 4.388
2075.000 4.482
2080.000 4.536
2085.000 4.661
2090.000 4.814
2095.000 4.904
2100.000 5.110
2105.000 5.224
2110.000 5.492
2115.000 5.828
2120.000 6.024
2125.000 6.515
2130.000 6.829
2135.000 7.645
2140.000 8.802
2145.000 9.557
2150.000 11.561
2155.000 12.863
2160.000 16.132
2165.000 19.951
2170.000 21.862
2175.000 23.452
2180.000 22.804
2185.000 18.640
2190.000 16.196
2195.000 12.003
2200.000 9.120
2205.000 8.056
2210.000 6.449
2215.000 5.836
2220.000 4.959
2225.000 4.376
2230.000 4.131
2235.000 3.715
2240.000 3.537
2245.000 3.225
2250.000 2.968
2255.000 2.856
2260.000 2.594
2265.000 2.475
2270.000 2.270
2275.000 2.101
2280.000 2.028
2285.000 1.905
2290.000 1.853
2295.000 1.763
2300.000 1.694
2305.000 1.667
2310.000 1.632
2315.000 1.622
2320.000 1.607
2325.000 1.615
2330.000 1.623
2335.000 1.659
2340.000 1.681
2345.000 1.749
2350.000 1.848
2355.000 1.912
2360.000 2.088
2365.000 2.206
2370.000 2.519
2375.000 2.982
2380.000 3.248
2385.000 4.005
2390.000 4.551
2395.000 6.128
2400.000 8.430
2405.000 9.740
2410.000 11.615
2415.000 11.500
2420.000 8.670
2425.000 5.643
2430.000 4.632
2435.000 3.287
2440.000 2.831
2445.000 2.163
2450.000 1.713
2455.000 1.543
2460.000 1.287
2465.000 1.188
2470.000 1.014
2475.000 0.949
2480.000 0.841
2485.000 0.747
2490.000 0.707
2495.000 0.639
2500.000 0.610
2505.000 0.559
2510.000 0.516
2515.000 0.500
2520.000 0.467
2525.000 0.454
2530.000 0.429
2535.000 0.408
2540.000 0.397
2545.000 0.380
2550.000 0.372
2555.000 0.358
2560.000 0.346
2565.000 0.340
2570.000 0.331
2575.000 0.326
2580.000 0.316
2585.000 0.308
2590.000 0.306
2595.000 0.298
2600.000 0.294
2605.000 0.289
2610.000 0.284
2615.000 0.282
2620.000 0.277
2625.000 0.277
2630.000 0.273
2635.000 0.270
2640.000 0.268
2645.000 0.264
2650.000 0.263
2655.000 0.262
2660.000 0.260
2665.000 0.259
2670.000 0.256
2675.000 0.255
2680.000 0.255
2685.000 0.251
2690.000 0.251
2695.000 0.250
2700.000 0.247
2705.000 0.248
2710.000 0.248
2715.000 0.247
2720.000 0.246
2725.000 0.245
2730.000 0.243
2735.000 0.243
2740.000 0.243
2745.000 0.244
2750.000 0.242
2755.000 0.241
2760.000 0.242
2765.000 0.242
2770.000 0.240
2775.000 0.240
2780.000 0.242
2785.000 0.242
2790.000 0.240
2795.000 0.241
2800.000 0.241
2805.000 0.242
2810.000 0.242
2815.000 0.242
2820.000 0.241
2825.000 0.243
2830.000 0.244
2835.000 0.244
2840.000 0.244
2845.000 0.245
2850.000 0.245
2855.000 0.244
2860.000 0.245
2865.000 0.245
2870.000 0.246
2875.000 0.246
2880.000 0.247
2885.000 0.246
2890.000 0.247
2895.000 0.248
2900.000 0.245
2905.000 0.247
2910.000 0.246
2915.000 0.246
2920.000 0.247
2925.000 0.249
2930.000 0.246
2935.000 0.246
2940.000 0.248
2945.000 0.249
2950.000 0.250
2955.000 0.246
2960.000 0.250
2965.000 0.249
2970.000 0.252
2975.000 0.251
2980.000 0.250
2985.000 0.254
2990.000 0.247
2995.000 0.250
3000.000 0.255
3005.000 0.247
3010.000 0.253
3015.000 0.252
3020.000 0.251
3025.000 0.257
3030.000 0.256
3035.000 0.246
3040.000 0.250
3045.000 0.252
3050.000 0.250
3055.000 0.259
3060.000 0.259
3065.000 0.259
3070.000 0.255
3075.000 0.256
3080.000 0.257
3085.000 0.260
3090.000 0.260
3095.000 0.262
3100.000 0.261
3105.000 0.263
3110.000 0.263
3115.000 0.265
3120.000 0.268
3125.000 0.269
3130.000 0.271
3135.000 0.273
3140.000 0.276
3145.000 0.278
3150.000 0.280
3155.000 0.284
3160.000 0.286
3165.000 0.293
3170.000 0.295
3175.000 0.296
3180.000 0.301
3185.000 0.303
3190.000 0.309
3195.000 0.317
3200.000 0.321
3205.000 0.330
3210.000 0.332
3215.000 0.344
3220.000 0.355
3225.000 0.363
3230.000 0.377
3235.000 0.387
3240.000 0.404
3245.000 0.427
3250.000 0.440
3255.000 0.467
3260.000 0.482
3265.000 0.519
3270.000 0.565
3275.000 0.591
3280.000 0.654
3285.000 0.691
3290.000 0.779
3295.000 0.898
3300.000 0.980
3305.000 1.209
3310.000 1.375
3315.000 1.881
3320.000 2.774
3325.000 3.441
3330.000 5.210
3335.000 6.276
3340.000 8.726
3345.000 11.837
3350.000 13.611
3355.000 16.535
3360.000 17.142
3365.000 15.548
3370.000 12.574
3375.000 11.406
3380.000 9.596
3385.000 8.860
3390.000 7.623
3395.000 6.692
3400.000 6.329
3405.000 5.781
3410.000 5.599
3415.000 5.360
3420.000 5.362
3425.000 5.474
3430.000 5.926
3435.000 6.275
3440.000 7.287
3445.000 8.828
3450.000 9.900
3455.000 12.749
3460.000 14.537
3465.000 18.496
3470.000 21.768
3475.000 22.436
3480.000 20.515
3485.000 17.905
3490.000 12.782
3495.000 9.122
3500.000 7.845
3505.000 6.038
3510.000 5.392
3515.000 4.425
3520.000 3.758
3525.000 3.501
3530.000 3.141
3535.000 3.025
3540.000 2.832
3545.000 2.689
3550.000 2.621
3555.000 2.513
3560.000 2.469
3565.000 2.397
3570.000 2.336
3575.000 2.318
3580.000 2.282
3585.000 2.271
3590.000 2.264
3595.000 2.270
3600.000 2.277
3605.000 2.312
3610.000 2.333
3615.000 2.385
3620.000 2.451
3625.000 2.494
3630.000 2.597
3635.000 2.660
3640.000 2.814
3645.000 3.021
3650.000 3.148
3655.000 3.523
3660.000 3.763
3665.000 4.412
3670.000 4.856
3675.000 6.094
3680.000 8.043
3685.000 9.377
3690.000 12.651
3695.000 14.383
3700.000 16.895
3705.000 16.215
3710.000 14.364
3715.000 10.211
3720.000 8.505
3725.000 6.103
3730.000 4.622
3735.000 4.089
3740.000 3.307
3745.000 3.012
3750.000 2.562
3755.000 2.290
3760.000 2.184
3765.000 2.010
3770.000 1.925
3775.000 1.771
3780.000 1.644
3785.000 1.592
3790.000 1.497
3795.000 1.454
3800.000 1.391
3805.000 1.339
3810.000 1.317
3815.000 1.277
3820.000 1.263
3825.000 1.236
3830.000 1.224
3835.000 1.224
3840.000 1.221
3845.000 1.224
3850.000 1.235
3855.000 1.255
3860.000 1.267
3865.000 1.299
3870.000 1.317
3875.000 1.364
3880.000 1.428
3885.000 1.463
3890.000 1.550
3895.000 1.605
3900.000 1.735
3905.000 1.903
3910.000 2.010
3915.000 2.255
3920.000 2.398
3925.000 2.772
3930.000 3.326
3935.000 3.697
3940.000 4.757
3945.000 5.483
3950.000 7.476
3955.000 10.336
3960.000 11.746
3965.000 13.800
3970.000 14.022
3975.000 12.092
3980.000 8.772
3985.000 7.363
3990.000 5.300
3995.000 4.573
4000.000 3.548
4005.000 2.871
4010.000 2.620
4015.000 2.232
4020.000 2.079
4025.000 1.901
4030.000 1.725
4035.000 1.661
4040.000 1.529
4045.000 1.478
4050.000 1.390
4055.000 1.306
4060.000 1.276
4065.000 1.215
4070.000 1.193
4075.000 1.154
4080.000 1.116
4085.000 1.099
4090.000 1.079
4095.000 1.070
4100.000 1.054
4105.000 1.045
4110.000 1.042
4115.000 1.038
4120.000 1.040
4125.000 1.043
4130.000 1.049
4135.000 1.057
4140.000 1.070
4145.000 1.080
4150.000 1.109
4155.000 1.140
4160.000 1.160
4165.000 1.206
4170.000 1.237
4175.000 1.305
4180.000 1.393
4185.000 1.446
4190.000 1.586
4195.000 1.673
4200.000 1.903
4205.000 2.226
4210.000 2.427
4215.000 2.991
4220.000 3.371
4225.000 4.401
4230.000 5.843
4235.000 6.663
4240.000 7.913
4245.000 7.983
4250.000 6.604
4255.000 5.628
4260.000 3.907
4265.000 2.804
4270.000 2.417
4275.000 1.864
4280.000 1.659
4285.000 1.344
4290.000 1.129
4295.000 1.054
4300.000 0.926
4305.000 0.877
4310.000 0.795
4315.000 0.727
4320.000 0.696
4325.000 0.633
4330.000 0.606
4335.000 0.561
4340.000 0.530
4345.000 0.515
4350.000 0.494
4355.000 0.482
4360.000 0.468
4365.000 0.456
4370.000 0.453
4375.000 0.448
4380.000 0.447
4385.000 0.446
4390.000 0.451
4395.000 0.452
4400.000 0.461
4405.000 0.464
4410.000 0.479
4415.000 0.499
4420.000 0.515
4425.000 0.548
4430.000 0.567
4435.000 0.608
4440.000 0.654
4445.000 0.677
4450.000 0.733
4455.000 0.764
4460.000 0.848
4465.000 0.961
4470.000 1.038
4475.000 1.243
4480.000 1.386
4485.000 1.791
4490.000 2.451
4495.000 2.921
4500.000 4.198
4505.000 4.972
4510.000 6.574
4515.000 7.447
4520.000 7.316
4525.000 5.970
4530.000 5.124
4535.000 3.739
4540.000 2.798
4545.000 2.466
4550.000 1.951
4555.000 1.776
4560.000 1.506
4565.000 1.310
4570.000 1.241
4575.000 1.140
4580.000 1.102
4585.000 1.039
4590.000 0.990
4595.000 0.969
4600.000 0.932
4605.000 0.918
4610.000 0.895
4615.000 0.880
4620.000 0.870
4625.000 0.857
4630.000 0.856
4635.000 0.846
4640.000 0.842
4645.000 0.838
4650.000 0.841
4655.000 0.842
4660.000 0.850
4665.000 0.855
4670.000 0.862
4675.000 0.873
4680.000 0.880
4685.000 0.898
4690.000 0.920
4695.000 0.931
4700.000 0.965
4705.000 0.982
4710.000 1.027
4715.000 1.081
4720.000 1.113
4725.000 1.184
4730.000 1.225
4735.000 1.355
4740.000 1.539
4745.000 1.662
4750.000 1.975
4755.000 2.163
4760.000 2.603
4765.000 2.915
4770.000 2.897
4775.000 2.447
4780.000 2.099
4785.000 1.454
4790.000 1.011
4795.000 0.854
4800.000 0.640
4805.000 0.559
4810.000 0.445
4815.000 0.353
4820.000 0.313
4825.000 0.249
4830.000 0.224
4835.000 0.186
4840.000 0.159
4845.000 0.147
4850.000 0.132
4855.000 0.125
4860.000 0.117
4865.000 0.115
4870.000 0.112
4875.000 0.113
4880.000 0.117
4885.000 0.123
4890.000 0.126
4895.000 0.139
4900.000 0.156
4905.000 0.168
4910.000 0.191
4915.000 0.212
4920.000 0.250
4925.000 0.305
4930.000 0.343
4935.000 0.441
4940.000 0.504
4945.000 0.685
4950.000 0.908
4955.000 1.045
4960.000 1.381
4965.000 1.606
4970.000 2.162
4975.000 2.939
4980.000 3.453
4985.000 4.736
4990.000 5.422
4995.000 6.613
5000.000 7.014
5005.000 6.870
5010.000 5.983
5015.000 5.504
5020.000 4.629
5025.000 3.886
5030.000 3.560
5035.000 2.995
5040.000 2.735
5045.000 2.339
5050.000 2.047
5055.000 1.914
5060.000 1.688
5065.000 1.588
5070.000 1.442
5075.000 1.336
5080.000 1.296
5085.000 1.254
5090.000 1.247
5095.000 1.239
5100.000 1.240
5105.000 1.247
5110.000 1.271
5115.000 1.287
5120.000 1.332
5125.000 1.391
5130.000 1.423
5135.000 1.512
5140.000 1.567
5145.000 1.689
5150.000 1.774
5155.000 1.767
5160.000 1.633
5165.000 1.497
5170.000 1.085
5175.000 0.704
5180.000 0.556
5185.000 0.354
5190.000 0.283
5195.000 0.187
5200.000 0.144
5205.000 0.134
5210.000 0.136
5215.000 0.141
5220.000 0.156
5225.000 0.167
5230.000 0.175
5235.000 0.185
5240.000 0.192
5245.000 0.203
5250.000 0.215
5255.000 0.220
5260.000 0.233
5265.000 0.237
5270.000 0.244
5275.000 0.250
5280.000 0.253
5285.000 0.259
5290.000 0.260
5295.000 0.266
5300.000 0.271
5305.000 0.271
5310.000 0.277
5315.000 0.278
5320.000 0.280
5325.000 0.291
5330.000 0.291
5335.000 0.295
5340.000 0.296
5345.000 0.299
5350.000 0.298
5355.000 0.301
5360.000 0.301
5365.000 0.303
5370.000 0.306
5375.000 0.308
5380.000 0.307
5385.000 0.312
5390.000 0.312
5395.000 0.315
5400.000 0.315
5405.000 0.316
5410.000 0.319
5415.000 0.320
5420.000 0.321
5425.000 0.323
5430.000 0.324
5435.000 0.327
5440.000 0.328
5445.000 0.330
5450.000 0.330
5455.000 0.329
5460.000 0.333
5465.000 0.334
5470.000 0.335
5475.000 0.334
5480.000 0.333
5485.000 0.331
5490.000 0.334
5495.000 0.333
5500.000 0.335
5505.000 0.336
5510.000 0.336
5515.000 0.340
5520.000 0.340
5525.000 0.340
5530.000 0.349
5535.000 0.345
5540.000 0.340
5545.000 0.338
5550.000 0.336
5555.000 0.335
5560.000 0.340
5565.000 0.339
5570.000 0.340
5575.000 0.342
5580.000 0.340
5585.000 0.343
5590.000 0.346
5595.000 0.347
5600.000 0.348
5605.000 0.345
5610.000 0.345
5615.000 0.342
5620.000 0.341
5625.000 0.344
5630.000 0.340
5635.000 0.339
5640.000 0.343
5645.000 0.342
5650.000 0.343
5655.000 0.343
5660.000 0.341
5665.000 0.342
5670.000 0.342
5675.000 0.341
5680.000 0.342
5685.000 0.340
5690.000 0.344
5695.000 0.343
5700.000 0.343
5705.000 0.341
5710.000 0.343
5715.000 0.344
5720.000 0.342
5725.000 0.341
5730.000 0.342
5735.000 0.345
5740.000 0.346
5745.000 0.347
5750.000 0.350
5755.000 0.348
5760.000 0.347
5765.000 0.347
5770.000 0.352
5775.000 0.346
5780.000 0.349
5785.000 0.349
5790.000 0.346
5795.000 0.352
5800.000 0.353
5805.000 0.352
5810.000 0.352
5815.000 0.351
5820.000 0.356
5825.000 0.354
5830.000 0.353
5835.000 0.352
5840.000 0.355
5845.000 0.352
5850.000 0.353
5855.000 0.350
5860.000 0.350
5865.000 0.354
5870.000 0.358
5875.000 0.355
5880.000 0.356
5885.000 0.358
5890.000 0.356
5895.000 0.356
5900.000 0.359
5905.000 0.359
5910.000 0.356
5915.000 0.358
5920.000 0.358
5925.000 0.353
5930.000 0.354
5935.000 0.361
5940.000 0.358
5945.000 0.355
5950.000 0.354
5955.000 0.360
5960.000 0.358
5965.000 0.357
5970.000 0.356
5975.000 0.355
5980.000 0.354
5985.000 0.356
5990.000 0.365
5995.000 0.366
6000.000 0.355
6005.000 0.366
6010.000 0.362
6015.000 0.366
6020.000 0.357
6025.000 0.359
6030.000 0.361
6035.000 0.357
6040.000 0.365
6045.000 0.368
6050.000 0.363
6055.000 0.368
6060.000 0.362
6065.000 0.359
6070.000 0.361
6075.000 0.363
6080.000 0.361
6085.000 0.360
6090.000 0.362
6095.000 0.364
6100.000 0.362
6105.000 0.366
6110.000 0.363
6115.000 0.361
6120.000 0.364
6125.000 0.369
6130.000 0.368
6135.000 0.365
6140.000 0.363
6145.000 0.366
6150.000 0.366
6155.000 0.365
6160.000 0.363
6165.000 0.365
6170.000 0.364
6175.000 0.368
6180.000 0.368
6185.000 0.368
6190.000 0.366
6195.000 0.366
6200.000 0.371
6205.000 0.369
6210.000 0.368
6215.000 0.368
6220.000 0.367
6225.000 0.369
6230.000 0.370
6235.000 0.370
6240.000 0.371
6245.000 0.376
6250.000 0.373
6255.000 0.371
6260.000 0.373
6265.000 0.371
6270.000 0.372
6275.000 0.371
6280.000 0.374
6285.000 0.371
6290.000 0.370
6295.000 0.375
6300.000 0.378
6305.000 0.375
6310.000 0.385
6315.000 0.385
6320.000 0.385
6325.000 0.380
6330.000 0.382
6335.000 0.379
6340.000 0.378
6345.000 0.375
6350.000 0.374
6355.000 0.378
6360.000 0.378
6365.000 0.381
6370.000 0.381
6375.000 0.375
6380.000 0.376
6385.000 0.377
6390.000 0.377
6395.000 0.378
6400.000 0.377
6405.000 0.376
6410.000 0.378
6415.000 0.378
6420.000 0.381
6425.000 0.379
6430.000 0.382
6435.000 0.381
6440.000 0.383
6445.000 0.383
6450.000 0.387
6455.000 0.386
6460.000 0.387
6465.000 0.385
6470.000 0.387
6475.000 0.395
6480.000 0.391
6485.000 0.393
6490.000 0.395
6495.000 0.397
6500.000 0.400
6505.000 0.400
6510.000 0.398
6515.000 0.399
6520.000 0.400
6525.000 0.407
6530.000 0.412
6535.000 0.413
6540.000 0.420
6545.000 0.421
6550.000 0.427
6555.000 0.434
6560.000 0.435
6565.000 0.448
6570.000 0.451
6575.000 0.463
6580.000 0.482
6585.000 0.488
6590.000 0.511
6595.000 0.525
6600.000 0.556
6605.000 0.595
6610.000 0.618
6615.000 0.673
6620.000 0.710
6625.000 0.811
6630.000 0.966
6635.000 1.072
6640.000 1.379
6645.000 1.598
6650.000 2.229
6655.000 3.208
6660.000 3.848
6665.000 5.419
6670.000 6.320
6675.000 8.192
6680.000 9.133
6685.000 8.959
6690.000 7.769
6695.000 7.111
6700.000 6.066
6705.000 5.362
6710.000 5.116
6715.000 4.831
6720.000 4.795
6725.000 4.933
6730.000 5.465
6735.000 5.906
6740.000 7.104
6745.000 7.896
6750.000 9.831
6755.000 11.929
6760.000 12.787
6765.000 13.663
6770.000 13.311
6775.000 10.835
6780.000 8.187
6785.000 7.137
6790.000 5.583
6795.000 4.986
6800.000 4.156
6805.000 3.590
6810.000 3.380
6815.000 3.073
6820.000 2.964
6825.000 2.803
6830.000 2.743
6835.000 2.732
6840.000 2.742
6845.000 2.759
6850.000 2.816
6855.000 2.915
6860.000 2.983
6865.000 3.158
6870.000 3.264
6875.000 3.502
6880.000 3.887
6885.000 4.137
6890.000 4.817
6895.000 5.270
6900.000 6.521
6905.000 8.325
6910.000 9.421
6915.000 11.672
6920.000 12.521
6925.000 12.791
6930.000 11.896
6935.000 9.259
6940.000 6.867
6945.000 5.967
6950.000 4.644
6955.000 4.160
6960.000 3.436
6965.000 2.974
6970.000 2.830
6975.000 2.570
6980.000 2.464
6985.000 2.284
6990.000 2.130
6995.000 2.079
7000.000 1.977
7005.000 1.946
7010.000 1.875
7015.000 1.843
7020.000 1.816
7025.000 1.795
7030.000 1.776
7035.000 1.780
7040.000 1.787
7045.000 1.800
7050.000 1.841
7055.000 1.876
7060.000 1.942
7065.000 2.042
7070.000 2.099
7075.000 2.265
7080.000 2.367
7085.000 2.650
7090.000 2.984
7095.000 3.216
7100.000 3.907
7105.000 4.323
7110.000 5.412
7115.000 6.954
7120.000 7.839
7125.000 9.507
7130.000 10.167
7135.000 10.364
7140.000 8.682
7145.000 7.654
7150.000 5.874
7155.000 5.160
7160.000 4.087
7165.000 3.352
7170.000 3.080
7175.000 2.677
7180.000 2.528
7185.000 2.315
7190.000 2.179
7195.000 2.111
7200.000 2.005
7205.000 1.957
7210.000 1.883
7215.000 1.820
7220.000 1.794
7225.000 1.752
7230.000 1.742
7235.000 1.739
7240.000 1.730
7245.000 1.727
7250.000 1.730
7255.000 1.729
7260.000 1.751
7265.000 1.777
7270.000 1.799
7275.000 1.859
7280.000 1.891
7285.000 1.972
7290.000 2.059
7295.000 2.117
7300.000 2.252
7305.000 2.334
7310.000 2.537
7315.000 2.805
7320.000 2.977
7325.000 3.435
7330.000 3.736
7335.000 4.530
7340.000 5.592
7345.000 6.222
7350.000 7.455
7355.000 7.973
7360.000 8.155
7365.000 7.032
7370.000 6.235
7375.000 4.756
7380.000 4.163
7385.000 3.257
7390.000 2.646
7395.000 2.415
7400.000 2.105
7405.000 1.992
7410.000 1.777
7415.000 1.615
7420.000 1.539
7425.000 1.415
7430.000 1.373
7435.000 1.279
7440.000 1.212
7445.000 1.179
7450.000 1.124
7455.000 1.103
7460.000 1.063
7465.000 1.031
7470.000 1.018
7475.000 1.000
7480.000 0.993
7485.000 0.981
7490.000 0.983
7495.000 0.991
7500.000 1.006
7505.000 1.017
7510.000 1.044
7515.000 1.083
7520.000 1.122
7525.000 1.186
7530.000 1.221
7535.000 1.314
7540.000 1.372
7545.000 1.527
7550.000 1.750
7555.000 1.896
7560.000 2.301
7565.000 2.567
7570.000 3.274
7575.000 4.189
7580.000 4.699
7585.000 5.731
7590.000 6.067
7595.000 5.931
7600.000 4.874
7605.000 4.304
7610.000 3.343
7615.000 2.975
7620.000 2.409
7625.000 2.023
7630.000 1.887
7635.000 1.671
7640.000 1.589
7645.000 1.481
7650.000 1.393
7655.000 1.359
7660.000 1.303
7665.000 1.280
7670.000 1.244
7675.000 1.214
7680.000 1.206
7685.000 1.182
7690.000 1.173
7695.000 1.171
7700.000 1.169
7705.000 1.171
7710.000 1.177
7715.000 1.184
7720.000 1.202
7725.000 1.230
7730.000 1.245
7735.000 1.285
7740.000 1.311
7745.000 1.370
7750.000 1.445
7755.000 1.490
7760.000 1.602
7765.000 1.670
7770.000 1.844
7775.000 2.079
7780.000 2.242
7785.000 2.610
7790.000 2.819
7795.000 3.241
7800.000 3.512
7805.000 3.472
7810.000 3.010
7815.000 2.700
7820.000 2.095
7825.000 1.663
7830.000 1.494
7835.000 1.238
7840.000 1.143
7845.000 0.983
7850.000 0.861
7855.000 0.807
7860.000 0.719
7865.000 0.675
7870.000 0.596
7875.000 0.534
7880.000 0.509
7885.000 0.463
7890.000 0.442
7895.000 0.409
7900.000 0.384
7905.000 0.374
7910.000 0.354
7915.000 0.346
7920.000 0.333
7925.000 0.323
7930.000 0.322
7935.000 0.321
7940.000 0.320
7945.000 0.332
7950.000 0.357
7955.000 0.373
7960.000 0.422
7965.000 0.459
7970.000 0.571
7975.000 0.765
7980.000 0.903
7985.000 1.213
7990.000 1.318
7995.000 1.353
8000.000 1.221
8005.000 1.125
8010.000 0.954
8015.000 0.886
8020.000 0.800
8025.000 0.728
8030.000 0.692
8035.000 0.656
8040.000 0.634
8045.000 0.617
8050.000 0.617
8055.000 0.611
8060.000 0.612
8065.000 0.608
8070.000 0.613
8075.000 0.616
8080.000 0.613
8085.000 0.601
8090.000 0.593
8095.000 0.578
8100.000 0.578
8105.000 0.579
8110.000 0.592
8115.000 0.601
8120.000 0.605
8125.000 0.592
8130.000 0.548
8135.000 0.523
8140.000 0.509
8145.000 0.459
8150.000 0.431
8155.000 0.390
8160.000 0.367
8165.000 0.361
8170.000 0.349
8175.000 0.343
8180.000 0.335
8185.000 0.329
8190.000 0.326
8195.000 0.323
8200.000 0.324
8205.000 0.324
8210.000 0.324
8215.000 0.325
8220.000 0.328
8225.000 0.328
8230.000 0.333
8235.000 0.332
8240.000 0.332
8245.000 0.333
8250.000 0.335
8255.000 0.339
8260.000 0.336
8265.000 0.339
8270.000 0.336
8275.000 0.338
8280.000 0.338
8285.000 0.341
8290.000 0.343
8295.000 0.341
8300.000 0.342
8305.000 0.344
8310.000 0.343
8315.000 0.343
8320.000 0.344
8325.000 0.345
8330.000 0.347
8335.000 0.348
8340.000 0.348
8345.000 0.351
8350.000 0.350
8355.000 0.349
8360.000 0.348
8365.000 0.350
8370.000 0.353
8375.000 0.353
8380.000 0.354
8385.000 0.356
8390.000 0.355
8395.000 0.356
8400.000 0.358
8405.000 0.364
8410.000 0.364
8415.000 0.363
8420.000 0.363
8425.000 0.361
8430.000 0.364
8435.000 0.363
8440.000 0.364
8445.000 0.362
8450.000 0.368
8455.000 0.372
8460.000 0.369
8465.000 0.369
8470.000 0.366
8475.000 0.368
8480.000 0.366
8485.000 0.369
8490.000 0.369
8495.000 0.369
8500.000 0.368
8505.000 0.369
8510.000 0.370
8515.000 0.368
8520.000 0.369
8525.000 0.370
8530.000 0.369
8535.000 0.370
8540.000 0.372
8545.000 0.373
8550.000 0.374
8555.000 0.377
8560.000 0.376
8565.000 0.376
8570.000 0.377
8575.000 0.376
8580.000 0.379
8585.000 0.379
8590.000 0.379
8595.000 0.377
8600.000 0.380
8605.000 0.382
8610.000 0.382
8615.000 0.379
8620.000 0.385
8625.000 0.384
8630.000 0.385
8635.000 0.384
8640.000 0.387
8645.000 0.389
8650.000 0.388
8655.000 0.390
8660.000 0.391
8665.000 0.391
8670.000 0.394
8675.000 0.395
8680.000 0.393
8685.000 0.396
8690.000 0.397
8695.000 0.395
8700.000 0.396
8705.000 0.397
8710.000 0.400
8715.000 0.402
8720.000 0.401
8725.000 0.400
8730.000 0.397
8735.000 0.398
8740.000 0.398
8745.000 0.392
8750.000 0.393
8755.000 0.397
8760.000 0.398
8765.000 0.403
8770.000 0.400
8775.000 0.402
8780.000 0.402
8785.000 0.402
8790.000 0.398
8795.000 0.398
8800.000 0.397
8805.000 0.400
8810.000 0.404
8815.000 0.408
8820.000 0.416
8825.000 0.403
8830.000 0.405
8835.000 0.430
8840.000 0.424
8845.000 0.411
8850.000 0.406
8855.000 0.401
8860.000 0.401
8865.000 0.403
8870.000 0.403
8875.000 0.401
8880.000 0.401
8885.000 0.401
8890.000 0.400
8895.000 0.402
8900.000 0.401
8905.000 0.405
8910.000 0.400
8915.000 0.403
8920.000 0.401
8925.000 0.402
8930.000 0.402
8935.000 0.403
8940.000 0.401
8945.000 0.403
8950.000 0.404
8955.000 0.403
8960.000 0.406
8965.000 0.401
8970.000 0.397
8975.000 0.402
8980.000 0.405
8985.000 0.402
8990.000 0.397
8995.000 0.398
9000.000 0.404
9005.000 0.400
9010.000 0.397
9015.000 0.401
9020.000 0.407
9025.000 0.398
9030.000 0.401
9035.000 0.402
9040.000 0.412
9045.000 0.410
9050.000 0.408
9055.000 0.409
9060.000 0.404
9065.000 0.405
9070.000 0.404
9075.000 0.410
9080.000 0.407
9085.000 0.407
9090.000 0.409
9095.000 0.408
9100.000 0.405
9105.000 0.408
9110.000 0.407
9115.000 0.404
9120.000 0.403
9125.000 0.404
9130.000 0.403
9135.000 0.401
9140.000 0.400
9145.000 0.400
9150.000 0.401
9155.000 0.402
9160.000 0.404
9165.000 0.403
9170.000 0.402
9175.000 0.404
9180.000 0.404
9185.000 0.405
9190.000 0.405
9195.000 0.407
9200.000 0.409
9205.000 0.409
9210.000 0.410
9215.000 0.410
9220.000 0.410
9225.000 0.411
9230.000 0.411
9235.000 0.411
9240.000 0.414
9245.000 0.408
9250.000 0.409
9255.000 0.409
9260.000 0.409
9265.000 0.410
9270.000 0.409
9275.000 0.409
9280.000 0.408
9285.000 0.409
9290.000 0.411
9295.000 0.408
9300.000 0.410
9305.000 0.406
9310.000 0.406
9315.000 0.407
9320.000 0.406
9325.000 0.409
9330.000 0.410
9335.000 0.407
9340.000 0.411
9345.000 0.407
9350.000 0.408
9355.000 0.408
9360.000 0.410
9365.000 0.413
9370.000 0.413
9375.000 0.415
9380.000 0.412
9385.000 0.413
9390.000 0.415
9395.000 0.412
9400.000 0.414
9405.000 0.412
9410.000 0.411
9415.000 0.409
9420.000 0.410
9425.000 0.410
9430.000 0.409
9435.000 0.409
9440.000 0.410
9445.000 0.407
9450.000 0.408
9455.000 0.409
9460.000 0.407
9465.000 0.406
9470.000 0.408
9475.000 0.408
9480.000 0.406
9485.000 0.405
9490.000 0.404
9495.000 0.407
9500.000 0.409
9505.000 0.407
9510.000 0.410
9515.000 0.409
9520.000 0.409
9525.000 0.407
9530.000 0.409
9535.000 0.408
9540.000 0.407
9545.000 0.407
9550.000 0.409
9555.000 0.406
9560.000 0.408
9565.000 0.408
9570.000 0.407
9575.000 0.407
9580.000 0.405
9585.000 0.406
9590.000 0.409
9595.000 0.413
9600.000 0.412
9605.000 0.408
9610.000 0.408
9615.000 0.416
9620.000 0.410
9625.000 0.410
9630.000 0.411
9635.000 0.412
9640.000 0.409
9645.000 0.409
9650.000 0.407
9655.000 0.407
9660.000 0.406
9665.000 0.409
9670.000 0.411
9675.000 0.408
9680.000 0.408
9685.000 0.408
9690.000 0.409
9695.000 0.407
9700.000 0.407
9705.000 0.403
9710.000 0.406
9715.000 0.404
9720.000 0.404
9725.000 0.403
9730.000 0.405
9735.000 0.405
9740.000 0.400
9745.000 0.401
9750.000 0.401
9755.000 0.400
9760.000 0.399
9765.000 0.400
9770.000 0.402
9775.000 0.403
9780.000 0.400
9785.000 0.403
9790.000 0.404
9795.000 0.405
9800.000 0.401
9805.000 0.404
9810.000 0.409
9815.000 0.403
9820.000 0.402
9825.000 0.398
9830.000 0.396
9835.000 0.411
9840.000 0.400
9845.000 0.397
9850.000 0.388
9855.000 0.385
9860.000 0.379
9865.000 0.369
9870.000 0.366
9875.000 0.359
9880.000 0.355
9885.000 0.346
9890.000 0.333
9895.000 0.328
9900.000 0.311
9905.000 0.302
9910.000 0.289
9915.000 0.276
9920.000 0.274
9925.000 0.299
9930.000 0.331
9935.000 0.496
9940.000 0.916
9945.000 1.251
9950.000 1.965
9955.000 2.235
9960.000 2.490
9965.000 2.468
9970.000 2.418
9975.000 2.334
9980.000 2.296
9985.000 2.232
9990.000 2.225
9995.000 2.234
10000.000 2.317
10005.000 2.407
10010.000 2.639
10015.000 2.983
10020.000 3.186
10025.000 3.603
10030.000 3.753
10035.000 3.788
10040.000 3.270
10045.000 2.891
10050.000 2.140
10055.000 1.833
10060.000 1.367
10065.000 1.058
10070.000 0.949
10075.000 0.785
10080.000 0.729
10085.000 0.651
10090.000 0.608
10095.000 0.597
10100.000 0.587
10105.000 0.592
10110.000 0.614
10115.000 0.661
10120.000 0.689
10125.000 0.770
10130.000 0.827
10135.000 0.998
10140.000 1.267
10145.000 1.460
10150.000 1.998
10155.000 2.339
10160.000 3.164
10165.000 4.036
10170.000 4.413
10175.000 4.870
10180.000 4.887
10185.000 4.482
10190.000 3.768
10195.000 3.372
10200.000 2.774
10205.000 2.526
10210.000 2.126
10215.000 1.971
10220.000 1.731
10225.000 1.554
10230.000 1.486
10235.000 1.394
10240.000 1.370
10245.000 1.337
10250.000 1.313
10255.000 1.308
10260.000 1.299
10265.000 1.299
10270.000 1.302
10275.000 1.318
10280.000 1.335
10285.000 1.359
10290.000 1.379
10295.000 1.425
10300.000 1.487
10305.000 1.518
10310.000 1.606
10315.000 1.654
10320.000 1.775
10325.000 1.932
10330.000 2.026
10335.000 2.245
10340.000 2.372
10345.000 2.601
10350.000 2.719
10355.000 2.679
10360.000 2.432
10365.000 2.260
10370.000 1.889
10375.000 1.549
10380.000 1.399
10385.000 1.146
10390.000 1.056
10395.000 0.869
10400.000 0.746
10405.000 0.692
10410.000 0.599
10415.000 0.563
10420.000 0.497
10425.000 0.446
10430.000 0.424
10435.000 0.391
10440.000 0.377
10445.000 0.350
10450.000 0.330
10455.000 0.326
10460.000 0.323
10465.000 0.322
10470.000 0.335
10475.000 0.358
10480.000 0.375
10485.000 0.413
10490.000 0.439
10495.000 0.502
10500.000 0.585
10505.000 0.642
10510.000 0.793
10515.000 0.893
10520.000 1.160
10525.000 1.549
10530.000 1.796
10535.000 2.371
10540.000 2.681
10545.000 3.300
10550.000 3.828
10555.000 4.006
10560.000 4.113
10565.000 4.031
10570.000 3.658
10575.000 3.134
10580.000 2.875
10585.000 2.413
10590.000 2.217
10595.000 1.887
10600.000 1.631
10605.000 1.529
10610.000 1.371
10615.000 1.304
10620.000 1.206
10625.000 1.142
10630.000 1.124
10635.000 1.094
10640.000 1.087
10645.000 1.070
10650.000 1.058
10655.000 1.055
10660.000 1.046
10665.000 1.042
10670.000 1.047
10675.000 1.049
10680.000 1.059
10685.000 1.075
10690.000 1.082
10695.000 1.107
10700.000 1.138
10705.000 1.156
10710.000 1.191
10715.000 1.215
10720.000 1.272
10725.000 1.335
10730.000 1.373
10735.000 1.450
10740.000 1.485
10745.000 1.536
10750.000 1.549
10755.000 1.526
10760.000 1.423
10765.000 1.352
10770.000 1.199
10775.000 1.044
10780.000 0.974
10785.000 0.825
10790.000 0.739
10795.000 0.590
10800.000 0.527
10805.000 0.420
10810.000 0.329
10815.000 0.292
10820.000 0.227
10825.000 0.200
10830.000 0.153
10835.000 0.117
10840.000 0.101
10845.000 0.076
10850.000 0.068
10855.000 0.056
10860.000 0.049
10865.000 0.047
10870.000 0.053
10875.000 0.057
10880.000 0.069
10885.000 0.085
10890.000 0.096
10895.000 0.119
10900.000 0.136
10905.000 0.175
10910.000 0.241
10915.000 0.287
10920.000 0.428
10925.000 0.523
10930.000 0.780
10935.000 1.089
10940.000 1.252
10945.000 1.595
10950.000 1.768
10955.000 2.060
10960.000 2.217
10965.000 2.232
10970.000 2.158
10975.000 2.090
10980.000 1.927
10985.000 1.750
10990.000 1.672
10995.000 1.525
11000.000 1.473
11005.000 1.350
11010.000 1.248
11015.000 1.200
11020.000 1.128
11025.000 1.086
11030.000 1.012
11035.000 0.943
11040.000 0.913
11045.000 0.871
11050.000 0.852
11055.000 0.812
11060.000 0.782
11065.000 0.767
11070.000 0.747
11075.000 0.746
11080.000 0.743
11085.000 0.757
11090.000 0.758
11095.000 0.769
11100.000 0.771
11105.000 0.768
11110.000 0.750
11115.000 0.728
11120.000 0.665
11125.000 0.623
11130.000 0.517
11135.000 0.400
11140.000 0.349
11145.000 0.265
11150.000 0.237
11155.000 0.201
11160.000 0.190
11165.000 0.190
11170.000 0.195
11175.000 0.199
11180.000 0.209
11185.000 0.221
11190.000 0.223
11195.000 0.229
11200.000 0.234
11205.000 0.243
11210.000 0.260
11215.000 0.272
11220.000 0.305
11225.000 0.325
11230.000 0.386
11235.000 0.450
11240.000 0.477
11245.000 0.510
11250.000 0.515
11255.000 0.509
11260.000 0.489
11265.000 0.479
11270.000 0.453
11275.000 0.442
11280.000 0.429
11285.000 0.421
11290.000 0.419
11295.000 0.415
11300.000 0.412
11305.000 0.410
11310.000 0.408
11315.000 0.410
11320.000 0.405
11325.000 0.403
11330.000 0.405
11335.000 0.405
11340.000 0.404
11345.000 0.402
11350.000 0.403
11355.000 0.403
11360.000 0.403
11365.000 0.402
11370.000 0.400
11375.000 0.400
11380.000 0.401
11385.000 0.397
11390.000 0.398
11395.000 0.398
11400.000 0.398
11405.000 0.397
11410.000 0.399
11415.000 0.397
11420.000 0.398
11425.000 0.399
11430.000 0.397
11435.000 0.395
11440.000 0.396
11445.000 0.397
11450.000 0.399
11455.000 0.395
11460.000 0.393
11465.000 0.393
11470.000 0.395
11475.000 0.393
11480.000 0.394
11485.000 0.397
11490.000 0.395
11495.000 0.395
11500.000 0.398
11505.000 0.394
11510.000 0.393
11515.000 0.398
11520.000 0.397
11525.000 0.401
11530.000 0.399
11535.000 0.401
11540.000 0.396
11545.000 0.394
11550.000 0.392
11555.000 0.395
11560.000 0.396
11565.000 0.391
11570.000 0.391
11575.000 0.391
11580.000 0.390
11585.000 0.392
11590.000 0.392
11595.000 0.392
11600.000 0.391
11605.000 0.391
11610.000 0.390
11615.000 0.390
11620.000 0.391
11625.000 0.392
11630.000 0.391
11635.000 0.391
11640.000 0.388
11645.000 0.393
11650.000 0.393
11655.000 0.394
11660.000 0.391
11665.000 0.392
11670.000 0.394
11675.000 0.393
11680.000 0.394
11685.000 0.395
11690.000 0.396
11695.000 0.396
11700.000 0.397
11705.000 0.396
11710.000 0.394
11715.000 0.390
11720.000 0.398
11725.000 0.395
11730.000 0.393
11735.000 0.398
11740.000 0.394
11745.000 0.394
11750.000 0.395
11755.000 0.393
11760.000 0.395
11765.000 0.393
11770.000 0.391
11775.000 0.392
11780.000 0.386
11785.000 0.387
11790.000 0.386
11795.000 0.385
11800.000 0.385
11805.000 0.384
11810.000 0.385
11815.000 0.385
11820.000 0.386
11825.000 0.384
11830.000 0.387
11835.000 0.388
11840.000 0.384
11845.000 0.385
11850.000 0.381
11855.000 0.380
11860.000 0.380
11865.000 0.379
11870.000 0.383
11875.000 0.382
11880.000 0.381
11885.000 0.383
11890.000 0.383
11895.000 0.381
11900.000 0.385
11905.000 0.383
11910.000 0.380
11915.000 0.383
11920.000 0.386
11925.000 0.385
11930.000 0.384
11935.000 0.386
11940.000 0.384
11945.000 0.383
11950.000 0.384
11955.000 0.383
11960.000 0.384
11965.000 0.382
11970.000 0.385
11975.000 0.385
11980.000 0.386
11985.000 0.385
11990.000 0.382
11995.000 0.385
12000.000 0.388
