105.000 0.031
110.000 1.504
115.000 6.280
120.000 7.588
125.000 8.171
130.000 8.948
135.000 9.436
140.000 9.625
145.000 9.918
150.000 10.053
155.000 10.196
160.000 10.072
165.000 9.903
170.000 9.737
175.000 9.552
180.000 9.648
185.000 10.006
190.000 10.238
195.000 10.791
200.000 11.106
205.000 11.762
210.000 12.355
215.000 12.519
220.000 13.016
225.000 13.231
230.000 13.610
235.000 13.836
240.000 14.018
245.000 14.250
250.000 14.387
255.000 14.701
260.000 15.084
265.000 15.203
270.000 15.651
275.000 15.770
280.000 16.187
285.000 16.577
290.000 16.786
295.000 17.405
300.000 17.731
305.000 18.569
310.000 19.130
315.000 19.061
320.000 19.204
325.000 19.459
330.000 20.132
335.000 21.404
340.000 22.134
345.000 23.792
350.000 24.690
355.000 26.541
360.000 28.364
365.000 29.283
370.000 31.103
375.000 31.976
380.000 33.673
385.000 35.354
390.000 36.221
395.000 37.929
400.000 38.760
405.000 40.498
410.000 42.254
415.000 43.051
420.000 44.659
425.000 45.404
430.000 46.817
435.000 47.998
440.000 48.489
445.000 49.242
450.000 49.520
455.000 49.802
460.000 49.760
465.000 49.643
470.000 49.151
475.000 48.895
480.000 48.297
485.000 47.777
490.000 47.552
495.000 47.236
500.000 47.186
505.000 47.263
510.000 47.615
515.000 47.955
520.000 48.634
525.000 48.970
530.000 49.902
535.000 51.049
540.000 51.718
545.000 53.229
550.000 54.170
555.000 56.080
560.000 58.486
565.000 59.830
570.000 62.768
575.000 64.337
580.000 67.338
585.000 69.178
590.000 69.348
595.000 69.135
600.000 68.442
605.000 61.542
610.000 51.701
615.000 47.313
620.000 40.029
625.000 36.907
630.000 31.420
635.000 26.884
640.000 24.808
645.000 21.060
650.000 19.391
655.000 16.458
660.000 14.099
665.000 13.044
670.000 11.306
675.000 10.492
680.000 9.131
685.000 7.996
690.000 7.505
695.000 6.649
700.000 6.279
705.000 5.613
710.000 5.290
715.000 4.777
720.000 4.333
725.000 4.123
730.000 3.758
735.000 3.597
740.000 3.305
745.000 3.048
750.000 2.929
755.000 2.714
760.000 2.615
765.000 2.438
770.000 2.280
775.000 2.204
780.000 2.059
785.000 1.989
790.000 1.862
795.000 1.749
800.000 1.708
805.000 1.641
810.000 1.615
815.000 1.576
820.000 1.520
825.000 1.492
830.000 1.431
835.000 1.402
840.000 1.341
845.000 1.288
850.000 1.263
855.000 1.207
860.000 1.187
865.000 1.138
870.000 1.096
875.000 1.073
880.000 1.034
885.000 1.014
890.000 0.979
895.000 0.948
900.000 0.932
905.000 0.900
910.000 0.888
915.000 0.860
920.000 0.832
925.000 0.818
930.000 0.797
935.000 0.785
940.000 0.761
945.000 0.748
950.000 0.735
955.000 0.721
960.000 0.717
965.000 0.707
970.000 0.689
975.000 0.685
980.000 0.680
985.000 0.674
990.000 0.674
995.000 0.670
1000.000 0.666
1005.000 0.679
1010.000 0.682
1015.000 0.690
1020.000 0.697
1025.000 0.717
1030.000 0.729
1035.000 0.749
1040.000 0.780
1045.000 0.819
1050.000 0.855
1055.000 0.901
1060.000 0.939
1065.000 1.013
1070.000 1.101
1075.000 1.146
1080.000 1.247
1085.000 1.303
1090.000 1.440
1095.000 1.604
1100.000 1.713
1105.000 1.954
1110.000 2.101
1115.000 2.458
1120.000 2.922
1125.000 3.202
1130.000 3.880
1135.000 4.295
1140.000 5.249
1145.000 6.380
1150.000 6.965
1155.000 8.009
1160.000 8.343
1165.000 8.399
1170.000 7.669
1175.000 7.159
1180.000 6.116
1185.000 5.638
1190.000 4.809
1195.000 4.148
1200.000 3.871
1205.000 3.418
1210.000 3.231
1215.000 2.924
1220.000 2.691
1225.000 2.609
1230.000 2.470
1235.000 2.409
1240.000 2.295
1245.000 2.206
1250.000 2.164
1255.000 2.088
1260.000 2.053
1265.000 1.992
1270.000 1.936
1275.000 1.912
1280.000 1.871
1285.000 1.852
1290.000 1.817
1295.000 1.790
1300.000 1.776
1305.000 1.750
1310.000 1.737
1315.000 1.721
1320.000 1.713
1325.000 1.700
1330.000 1.685
1335.000 1.682
1340.000 1.673
1345.000 1.671
1350.000 1.662
1355.000 1.663
1360.000 1.664
1365.000 1.666
1370.000 1.665
1375.000 1.669
1380.000 1.674
1385.000 1.679
1390.000 1.682
1395.000 1.685
1400.000 1.696
1405.000 1.711
1410.000 1.716
1415.000 1.732
1420.000 1.736
1425.000 1.750
1430.000 1.766
1435.000 1.776
1440.000 1.794
1445.000 1.806
1450.000 1.828
1455.000 1.856
1460.000 1.872
1465.000 1.894
1470.000 1.910
1475.000 1.942
1480.000 1.976
1485.000 1.993
1490.000 2.028
1495.000 2.049
1500.000 2.086
1505.000 2.129
1510.000 2.155
1515.000 2.202
1520.000 2.222
1525.000 2.281
1530.000 2.330
1535.000 2.359
1540.000 2.416
1545.000 2.450
1550.000 2.516
1555.000 2.583
1560.000 2.617
1565.000 2.693
1570.000 2.734
1575.000 2.825
1580.000 2.911
1585.000 2.955
1590.000 3.047
1595.000 3.092
1600.000 3.194
1605.000 3.294
1610.000 3.349
1615.000 3.460
1620.000 3.518
1625.000 3.651
1630.000 3.804
1635.000 3.889
1640.000 4.090
1645.000 4.209
1650.000 4.524
1655.000 4.970
1660.000 5.309
1665.000 6.214
1670.000 6.825
1675.000 8.565
1680.000 11.279
1685.000 13.097
1690.000 17.762
1695.000 20.493
1700.000 26.025
1705.000 30.616
1710.000 32.107
1715.000 33.392
1720.000 33.091
1725.000 29.919
1730.000 24.950
1735.000 22.574
1740.000 18.467
1745.000 16.733
1750.000 13.912
1755.000 11.834
1760.000 11.013
1765.000 9.691
1770.000 9.157
1775.000 8.289
1780.000 7.727
1785.000 7.499
1790.000 7.113
1795.000 6.931
1800.000 6.603
1805.000 6.320
1810.000 6.188
1815.000 5.955
1820.000 5.848
1825.000 5.654
1830.000 5.469
1835.000 5.390
1840.000 5.246
1845.000 5.177
1850.000 5.050
1855.000 4.942
1860.000 4.882
1865.000 4.779
1870.000 4.729
1875.000 4.636
1880.000 4.552
1885.000 4.518
1890.000 4.446
1895.000 4.410
1900.000 4.346
1905.000 4.323
1910.000 4.276
1915.000 4.241
1920.000 4.225
1925.000 4.192
1930.000 4.187
1935.000 4.153
1940.000 4.121
1945.000 4.111
1950.000 4.090
1955.000 4.078
1960.000 4.070
1965.000 4.053
1970.000 4.060
1975.000 4.049
1980.000 4.044
1985.000 4.048
1990.000 4.054
1995.000 4.068
2000.000 4.071
2005.000 4.079
2010.000 4.091
2015.000 4.102
2020.000 4.120
2025.000 4.144
2030.000 4.144
2035.000 4.175
2040.000 4.200
2045.000 4.218
2050.000 4.269
2055.000 4.283
2060.000 4.333
2065.000 4.380
2070.000 4.419
2075.000 4.485
2080.000 4.516
2085.000 4.594
2090.000 4.681
2095.000 4.726
2100.000 4.830
2105.000 4.888
2110.000 5.001
2115.000 5.131
2120.000 5.199
2125.000 5.351
2130.000 5.431
2135.000 5.607
2140.000 5.808
2145.000 5.924
2150.000 6.170
2155.000 6.313
2160.000 6.626
2165.000 6.990
2170.000 7.193
2175.000 7.671
2180.000 7.946
2185.000 8.617
2190.000 9.493
2195.000 10.091
2200.000 11.423
2205.000 12.231
2210.000 14.192
2215.000 16.461
2220.000 17.617
2225.000 19.850
2230.000 20.710
2235.000 21.293
2240.000 19.766
2245.000 18.446
2250.000 15.491
2255.000 14.081
2260.000 11.650
2265.000 9.877
2270.000 9.205
2275.000 8.078
2280.000 7.596
2285.000 6.732
2290.000 6.023
2295.000 5.714
2300.000 5.174
2305.000 4.933
2310.000 4.497
2315.000 4.132
2320.000 3.971
2325.000 3.677
2330.000 3.544
2335.000 3.298
2340.000 3.078
2345.000 2.958
2350.000 2.702
2355.000 2.583
2360.000 2.370
2365.000 2.187
2370.000 2.105
2375.000 1.956
2380.000 1.890
2385.000 1.769
2390.000 1.662
2395.000 1.612
2400.000 1.519
2405.000 1.481
2410.000 1.403
2415.000 1.330
2420.000 1.296
2425.000 1.235
2430.000 1.204
2435.000 1.151
2440.000 1.101
2445.000 1.079
2450.000 1.036
2455.000 1.014
2460.000 0.979
2465.000 0.944
2470.000 0.926
2475.000 0.895
2480.000 0.880
2485.000 0.853
2490.000 0.827
2495.000 0.813
2500.000 0.791
2505.000 0.780
2510.000 0.758
2515.000 0.750
2520.000 0.733
2525.000 0.713
2530.000 0.706
2535.000 0.689
2540.000 0.680
2545.000 0.666
2550.000 0.651
2555.000 0.643
2560.000 0.631
2565.000 0.624
2570.000 0.613
2575.000 0.601
2580.000 0.595
2585.000 0.585
2590.000 0.580
2595.000 0.572
2600.000 0.563
2605.000 0.558
2610.000 0.551
2615.000 0.545
2620.000 0.538
2625.000 0.530
2630.000 0.526
2635.000 0.519
2640.000 0.514
2645.000 0.509
2650.000 0.504
2655.000 0.501
2660.000 0.496
2665.000 0.494
2670.000 0.488
2675.000 0.485
2680.000 0.481
2685.000 0.478
2690.000 0.476
2695.000 0.471
2700.000 0.469
2705.000 0.466
2710.000 0.464
2715.000 0.461
2720.000 0.459
2725.000 0.455
2730.000 0.455
2735.000 0.452
2740.000 0.450
2745.000 0.449
2750.000 0.445
2755.000 0.445
2760.000 0.443
2765.000 0.441
2770.000 0.442
2775.000 0.441
2780.000 0.440
2785.000 0.438
2790.000 0.438
2795.000 0.436
2800.000 0.436
2805.000 0.435
2810.000 0.436
2815.000 0.436
2820.000 0.437
2825.000 0.435
2830.000 0.434
2835.000 0.435
2840.000 0.436
2845.000 0.436
2850.000 0.435
2855.000 0.437
2860.000 0.436
2865.000 0.434
2870.000 0.434
2875.000 0.436
2880.000 0.435
2885.000 0.435
2890.000 0.434
2895.000 0.434
2900.000 0.435
2905.000 0.436
2910.000 0.437
2915.000 0.440
2920.000 0.439
2925.000 0.437
2930.000 0.440
2935.000 0.441
2940.000 0.445
2945.000 0.446
2950.000 0.450
2955.000 0.447
2960.000 0.453
2965.000 0.446
2970.000 0.455
2975.000 0.451
2980.000 0.452
2985.000 0.462
2990.000 0.461
2995.000 0.464
3000.000 0.463
3005.000 0.468
3010.000 0.473
3015.000 0.475
3020.000 0.469
3025.000 0.483
3030.000 0.487
3035.000 0.479
3040.000 0.484
3045.000 0.489
3050.000 0.490
3055.000 0.502
3060.000 0.506
3065.000 0.509
3070.000 0.511
3075.000 0.517
3080.000 0.519
3085.000 0.532
3090.000 0.536
3095.000 0.544
3100.000 0.548
3105.000 0.555
3110.000 0.566
3115.000 0.572
3120.000 0.581
3125.000 0.588
3130.000 0.599
3135.000 0.611
3140.000 0.617
3145.000 0.631
3150.000 0.637
3155.000 0.656
3160.000 0.678
3165.000 0.686
3170.000 0.702
3175.000 0.713
3180.000 0.731
3185.000 0.754
3190.000 0.765
3195.000 0.797
3200.000 0.808
3205.000 0.841
3210.000 0.873
3215.000 0.894
3220.000 0.935
3225.000 0.959
3230.000 1.004
3235.000 1.057
3240.000 1.086
3245.000 1.155
3250.000 1.195
3255.000 1.276
3260.000 1.375
3265.000 1.433
3270.000 1.564
3275.000 1.647
3280.000 1.817
3285.000 1.971
3290.000 2.056
3295.000 2.260
3300.000 2.381
3305.000 2.669
3310.000 3.041
3315.000 3.269
3320.000 3.826
3325.000 4.172
3330.000 5.036
3335.000 6.194
3340.000 6.912
3345.000 8.672
3350.000 9.725
3355.000 12.088
3360.000 14.602
3365.000 15.732
3370.000 17.288
3375.000 17.532
3380.000 16.612
3385.000 15.294
3390.000 12.442
3395.000 9.850
3400.000 8.765
3405.000 7.035
3410.000 6.381
3415.000 5.363
3420.000 4.636
3425.000 4.348
3430.000 3.904
3435.000 3.760
3440.000 3.553
3445.000 3.393
3450.000 3.321
3455.000 3.195
3460.000 3.143
3465.000 3.051
3470.000 2.975
3475.000 2.945
3480.000 2.890
3485.000 2.865
3490.000 2.822
3495.000 2.789
3500.000 2.781
3505.000 2.766
3510.000 2.758
3515.000 2.764
3520.000 2.772
3525.000 2.782
3530.000 2.808
3535.000 2.827
3540.000 2.861
3545.000 2.914
3550.000 2.946
3555.000 3.014
3560.000 3.054
3565.000 3.135
3570.000 3.240
3575.000 3.304
3580.000 3.434
3585.000 3.504
3590.000 3.676
3595.000 3.864
3600.000 3.974
3605.000 4.229
3610.000 4.372
3615.000 4.712
3620.000 5.161
3625.000 5.441
3630.000 6.114
3635.000 6.528
3640.000 7.583
3645.000 8.982
3650.000 9.827
3655.000 11.815
3660.000 12.904
3665.000 14.981
3670.000 16.162
3675.000 16.122
3680.000 14.495
3685.000 13.324
3690.000 10.894
3695.000 8.821
3700.000 7.970
3705.000 6.600
3710.000 6.092
3715.000 5.363
3720.000 4.813
3725.000 4.581
3730.000 4.174
3735.000 3.993
3740.000 3.680
3745.000 3.414
3750.000 3.292
3755.000 3.076
3760.000 2.981
3765.000 2.802
3770.000 2.651
3775.000 2.579
3780.000 2.451
3785.000 2.393
3790.000 2.285
3795.000 2.186
3800.000 2.140
3805.000 2.060
3810.000 2.008
3815.000 1.915
3820.000 1.835
3825.000 1.799
3830.000 1.726
3835.000 1.695
3840.000 1.639
3845.000 1.591
3850.000 1.564
3855.000 1.515
3860.000 1.486
3865.000 1.439
3870.000 1.402
3875.000 1.384
3880.000 1.355
3885.000 1.341
3890.000 1.314
3895.000 1.293
3900.000 1.285
3905.000 1.269
3910.000 1.265
3915.000 1.255
3920.000 1.246
3925.000 1.245
3930.000 1.239
3935.000 1.243
3940.000 1.242
3945.000 1.247
3950.000 1.251
3955.000 1.264
3960.000 1.272
3965.000 1.290
3970.000 1.303
3975.000 1.314
3980.000 1.336
3985.000 1.346
3990.000 1.378
3995.000 1.375
4000.000 1.404
4005.000 1.438
4010.000 1.456
4015.000 1.494
4020.000 1.513
4025.000 1.574
4030.000 1.610
4035.000 1.644
4040.000 1.701
4045.000 1.729
4050.000 1.810
4055.000 1.904
4060.000 1.955
4065.000 2.050
4070.000 2.102
4075.000 2.217
4080.000 2.352
4085.000 2.426
4090.000 2.606
4095.000 2.715
4100.000 2.972
4105.000 3.312
4110.000 3.524
4115.000 4.047
4120.000 4.374
4125.000 5.202
4130.000 6.289
4135.000 6.910
4140.000 8.214
4145.000 8.764
4150.000 9.205
4155.000 8.472
4160.000 7.791
4165.000 6.303
4170.000 5.610
4175.000 4.478
4180.000 3.644
4185.000 3.324
4190.000 2.873
4195.000 2.692
4200.000 2.397
4205.000 2.167
4210.000 2.062
4215.000 1.872
4220.000 1.784
4225.000 1.619
4230.000 1.476
4235.000 1.411
4240.000 1.302
4245.000 1.250
4250.000 1.158
4255.000 1.078
4260.000 1.044
4265.000 0.972
4270.000 0.943
4275.000 0.879
4280.000 0.820
4285.000 0.788
4290.000 0.730
4295.000 0.701
4300.000 0.655
4305.000 0.617
4310.000 0.599
4315.000 0.572
4320.000 0.556
4325.000 0.534
4330.000 0.515
4335.000 0.505
4340.000 0.490
4345.000 0.484
4350.000 0.471
4355.000 0.460
4360.000 0.455
4365.000 0.446
4370.000 0.442
4375.000 0.436
4380.000 0.430
4385.000 0.428
4390.000 0.423
4395.000 0.422
4400.000 0.418
4405.000 0.416
4410.000 0.416
4415.000 0.416
4420.000 0.419
4425.000 0.419
4430.000 0.419
4435.000 0.420
4440.000 0.423
4445.000 0.424
4450.000 0.429
4455.000 0.437
4460.000 0.442
4465.000 0.452
4470.000 0.455
4475.000 0.468
4480.000 0.484
4485.000 0.493
4490.000 0.510
4495.000 0.525
4500.000 0.551
4505.000 0.585
4510.000 0.602
4515.000 0.645
4520.000 0.663
4525.000 0.702
4530.000 0.741
4535.000 0.765
4540.000 0.813
4545.000 0.842
4550.000 0.908
4555.000 0.989
4560.000 1.037
4565.000 1.157
4570.000 1.231
4575.000 1.424
4580.000 1.544
4585.000 1.849
4590.000 2.291
4595.000 2.582
4600.000 3.319
4605.000 3.757
4610.000 4.827
4615.000 6.104
4620.000 6.785
4625.000 8.102
4630.000 8.565
4635.000 8.882
4640.000 7.998
4645.000 7.238
4650.000 5.726
4655.000 5.064
4660.000 3.987
4665.000 3.218
4670.000 2.923
4675.000 2.456
4680.000 2.274
4685.000 1.978
4690.000 1.778
4695.000 1.706
4700.000 1.637
4705.000 1.590
4710.000 1.469
4715.000 1.358
4720.000 1.308
4725.000 1.217
4730.000 1.177
4735.000 1.101
4740.000 1.035
4745.000 1.004
4750.000 0.950
4755.000 0.925
4760.000 0.881
4765.000 0.845
4770.000 0.826
4775.000 0.794
4780.000 0.785
4785.000 0.771
4790.000 0.752
4795.000 0.741
4800.000 0.730
4805.000 0.725
4810.000 0.715
4815.000 0.709
4820.000 0.707
4825.000 0.706
4830.000 0.706
4835.000 0.706
4840.000 0.714
4845.000 0.718
4850.000 0.726
4855.000 0.729
4860.000 0.740
4865.000 0.754
4870.000 0.762
4875.000 0.778
4880.000 0.790
4885.000 0.812
4890.000 0.835
4895.000 0.845
4900.000 0.880
4905.000 0.897
4910.000 0.949
4915.000 0.984
4920.000 0.999
4925.000 1.031
4930.000 1.049
4935.000 1.094
4940.000 1.156
4945.000 1.189
4950.000 1.256
4955.000 1.295
4960.000 1.387
4965.000 1.496
4970.000 1.541
4975.000 1.659
4980.000 1.725
4985.000 1.881
4990.000 2.090
4995.000 2.214
5000.000 2.539
5005.000 2.721
5010.000 3.209
5015.000 3.920
5020.000 4.383
5025.000 5.420
5030.000 6.013
5035.000 7.074
5040.000 7.572
5045.000 7.439
5050.000 6.424
5055.000 5.781
5060.000 4.482
5065.000 3.457
5070.000 3.063
5075.000 2.435
5080.000 2.193
5085.000 1.816
5090.000 1.563
5095.000 1.464
5100.000 1.288
5105.000 1.206
5110.000 1.065
5115.000 0.948
5120.000 0.893
5125.000 0.799
5130.000 0.755
5135.000 0.660
5140.000 0.582
5145.000 0.549
5150.000 0.490
5155.000 0.465
5160.000 0.420
5165.000 0.385
5170.000 0.369
5175.000 0.342
5180.000 0.330
5185.000 0.308
5190.000 0.300
5195.000 0.286
5200.000 0.275
5205.000 0.270
5210.000 0.259
5215.000 0.254
5220.000 0.249
5225.000 0.245
5230.000 0.243
5235.000 0.241
5240.000 0.240
5245.000 0.238
5250.000 0.237
5255.000 0.235
5260.000 0.233
5265.000 0.234
5270.000 0.237
5275.000 0.237
5280.000 0.237
5285.000 0.238
5290.000 0.237
5295.000 0.241
5300.000 0.241
5305.000 0.244
5310.000 0.244
5315.000 0.245
5320.000 0.247
5325.000 0.247
5330.000 0.248
5335.000 0.250
5340.000 0.251
5345.000 0.253
5350.000 0.254
5355.000 0.256
5360.000 0.257
5365.000 0.257
5370.000 0.259
5375.000 0.260
5380.000 0.260
5385.000 0.260
5390.000 0.262
5395.000 0.263
5400.000 0.264
5405.000 0.266
5410.000 0.265
5415.000 0.268
5420.000 0.267
5425.000 0.270
5430.000 0.270
5435.000 0.272
5440.000 0.272
5445.000 0.272
5450.000 0.274
5455.000 0.275
5460.000 0.276
5465.000 0.278
5470.000 0.276
5475.000 0.279
5480.000 0.278
5485.000 0.280
5490.000 0.281
5495.000 0.281
5500.000 0.280
5505.000 0.284
5510.000 0.284
5515.000 0.283
5520.000 0.284
5525.000 0.288
5530.000 0.291
5535.000 0.290
5540.000 0.290
5545.000 0.290
5550.000 0.290
5555.000 0.290
5560.000 0.291
5565.000 0.291
5570.000 0.292
5575.000 0.293
5580.000 0.294
5585.000 0.294
5590.000 0.296
5595.000 0.296
5600.000 0.297
5605.000 0.298
5610.000 0.299
5615.000 0.300
5620.000 0.302
5625.000 0.303
5630.000 0.303
5635.000 0.304
5640.000 0.305
5645.000 0.305
5650.000 0.306
5655.000 0.306
5660.000 0.308
5665.000 0.309
5670.000 0.311
5675.000 0.309
5680.000 0.310
5685.000 0.312
5690.000 0.311
5695.000 0.314
5700.000 0.315
5705.000 0.317
5710.000 0.317
5715.000 0.316
5720.000 0.319
5725.000 0.319
5730.000 0.320
5735.000 0.323
5740.000 0.324
5745.000 0.325
5750.000 0.327
5755.000 0.327
5760.000 0.330
5765.000 0.330
5770.000 0.332
5775.000 0.331
5780.000 0.333
5785.000 0.336
5790.000 0.334
5795.000 0.337
5800.000 0.336
5805.000 0.339
5810.000 0.340
5815.000 0.342
5820.000 0.343
5825.000 0.344
5830.000 0.345
5835.000 0.348
5840.000 0.347
5845.000 0.349
5850.000 0.351
5855.000 0.352
5860.000 0.353
5865.000 0.353
5870.000 0.356
5875.000 0.355
5880.000 0.358
5885.000 0.359
5890.000 0.360
5895.000 0.359
5900.000 0.362
5905.000 0.360
5910.000 0.362
5915.000 0.362
5920.000 0.360
5925.000 0.362
5930.000 0.361
5935.000 0.363
5940.000 0.361
5945.000 0.358
5950.000 0.361
5955.000 0.369
5960.000 0.365
5965.000 0.367
5970.000 0.361
5975.000 0.364
5980.000 0.365
5985.000 0.362
5990.000 0.375
5995.000 0.374
6000.000 0.362
6005.000 0.373
6010.000 0.370
6015.000 0.376
6020.000 0.363
6025.000 0.373
6030.000 0.379
6035.000 0.374
6040.000 0.376
6045.000 0.375
6050.000 0.368
6055.000 0.384
6060.000 0.374
6065.000 0.377
6070.000 0.377
6075.000 0.377
6080.000 0.379
6085.000 0.380
6090.000 0.377
6095.000 0.375
6100.000 0.375
6105.000 0.377
6110.000 0.375
6115.000 0.377
6120.000 0.378
6125.000 0.379
6130.000 0.379
6135.000 0.380
6140.000 0.380
6145.000 0.380
6150.000 0.383
6155.000 0.383
6160.000 0.383
6165.000 0.387
6170.000 0.384
6175.000 0.385
6180.000 0.385
6185.000 0.385
6190.000 0.385
6195.000 0.384
6200.000 0.385
6205.000 0.385
6210.000 0.383
6215.000 0.385
6220.000 0.384
6225.000 0.385
6230.000 0.386
6235.000 0.389
6240.000 0.389
6245.000 0.387
6250.000 0.389
6255.000 0.394
6260.000 0.397
6265.000 0.399
6270.000 0.394
6275.000 0.399
6280.000 0.397
6285.000 0.400
6290.000 0.401
6295.000 0.400
6300.000 0.403
6305.000 0.401
6310.000 0.420
6315.000 0.426
6320.000 0.429
6325.000 0.424
6330.000 0.420
6335.000 0.420
6340.000 0.417
6345.000 0.414
6350.000 0.417
6355.000 0.422
6360.000 0.423
6365.000 0.429
6370.000 0.427
6375.000 0.428
6380.000 0.428
6385.000 0.428
6390.000 0.431
6395.000 0.435
6400.000 0.437
6405.000 0.444
6410.000 0.442
6415.000 0.449
6420.000 0.448
6425.000 0.455
6430.000 0.462
6435.000 0.463
6440.000 0.471
6445.000 0.475
6450.000 0.481
6455.000 0.489
6460.000 0.491
6465.000 0.495
6470.000 0.503
6475.000 0.506
6480.000 0.516
6485.000 0.520
6490.000 0.532
6495.000 0.542
6500.000 0.551
6505.000 0.565
6510.000 0.571
6515.000 0.583
6520.000 0.604
6525.000 0.614
6530.000 0.633
6535.000 0.640
6540.000 0.661
6545.000 0.686
6550.000 0.697
6555.000 0.723
6560.000 0.738
6565.000 0.773
6570.000 0.808
6575.000 0.825
6580.000 0.875
6585.000 0.901
6590.000 0.957
6595.000 1.021
6600.000 1.052
6605.000 1.129
6610.000 1.176
6615.000 1.290
6620.000 1.420
6625.000 1.491
6630.000 1.673
6635.000 1.787
6640.000 2.058
6645.000 2.426
6650.000 2.661
6655.000 3.302
6660.000 3.700
6665.000 4.702
6670.000 5.345
6675.000 6.934
6680.000 8.885
6685.000 9.967
6690.000 12.117
6695.000 13.067
6700.000 14.300
6705.000 13.936
6710.000 13.149
6715.000 10.643
6720.000 9.420
6725.000 7.388
6730.000 5.895
6735.000 5.318
6740.000 4.431
6745.000 4.096
6750.000 3.591
6755.000 3.246
6760.000 3.114
6765.000 2.932
6770.000 2.882
6775.000 2.810
6780.000 2.767
6785.000 2.762
6790.000 2.753
6795.000 2.747
6800.000 2.765
6805.000 2.772
6810.000 2.782
6815.000 2.832
6820.000 2.867
6825.000 2.935
6830.000 3.034
6835.000 3.094
6840.000 3.229
6845.000 3.306
6850.000 3.494
6855.000 3.719
6860.000 3.857
6865.000 4.220
6870.000 4.449
6875.000 4.889
6880.000 5.577
6885.000 6.011
6890.000 7.127
6895.000 7.820
6900.000 9.699
6905.000 11.692
6910.000 12.635
6915.000 14.040
6920.000 14.310
6925.000 13.491
6930.000 11.388
6935.000 10.257
6940.000 8.233
6945.000 7.419
6950.000 6.050
6955.000 5.142
6960.000 4.812
6965.000 4.333
6970.000 4.138
6975.000 3.797
6980.000 3.519
6985.000 3.387
6990.000 3.175
6995.000 3.070
7000.000 2.900
7005.000 2.758
7010.000 2.698
7015.000 2.570
7020.000 2.517
7025.000 2.430
7030.000 2.338
7035.000 2.315
7040.000 2.247
7045.000 2.218
7050.000 2.158
7055.000 2.113
7060.000 2.087
7065.000 2.055
7070.000 2.040
7075.000 2.009
7080.000 1.985
7085.000 1.982
7090.000 1.967
7095.000 1.955
7100.000 1.952
7105.000 1.943
7110.000 1.947
7115.000 1.952
7120.000 1.952
7125.000 1.956
7130.000 1.972
7135.000 1.982
7140.000 2.003
7145.000 2.020
7150.000 2.046
7155.000 2.080
7160.000 2.098
7165.000 2.139
7170.000 2.166
7175.000 2.222
7180.000 2.286
7185.000 2.322
7190.000 2.402
7195.000 2.444
7200.000 2.545
7205.000 2.659
7210.000 2.724
7215.000 2.860
7220.000 2.939
7225.000 3.121
7230.000 3.338
7235.000 3.454
7240.000 3.753
7245.000 3.927
7250.000 4.398
7255.000 4.676
7260.000 5.352
7265.000 6.245
7270.000 6.783
7275.000 8.038
7280.000 8.715
7285.000 10.003
7290.000 10.825
7295.000 10.865
7300.000 9.959
7305.000 9.197
7310.000 7.559
7315.000 6.135
7320.000 5.552
7325.000 4.645
7330.000 4.302
7335.000 3.789
7340.000 3.381
7345.000 3.206
7350.000 2.913
7355.000 2.794
7360.000 2.546
7365.000 2.399
7370.000 2.318
7375.000 2.117
7380.000 2.028
7385.000 1.894
7390.000 1.771
7395.000 1.709
7400.000 1.618
7405.000 1.572
7410.000 1.491
7415.000 1.424
7420.000 1.379
7425.000 1.296
7430.000 1.261
7435.000 1.194
7440.000 1.135
7445.000 1.105
7450.000 1.058
7455.000 1.038
7460.000 1.001
7465.000 0.966
7470.000 0.948
7475.000 0.926
7480.000 0.914
7485.000 0.894
7490.000 0.878
7495.000 0.869
7500.000 0.857
7505.000 0.856
7510.000 0.847
7515.000 0.841
7520.000 0.841
7525.000 0.840
7530.000 0.842
7535.000 0.846
7540.000 0.854
7545.000 0.862
7550.000 0.881
7555.000 0.889
7560.000 0.906
7565.000 0.935
7570.000 0.950
7575.000 0.987
7580.000 1.000
7585.000 1.038
7590.000 1.090
7595.000 1.115
7600.000 1.193
7605.000 1.237
7610.000 1.310
7615.000 1.386
7620.000 1.429
7625.000 1.522
7630.000 1.575
7635.000 1.704
7640.000 1.877
7645.000 1.982
7650.000 2.238
7655.000 2.408
7660.000 2.809
7665.000 3.354
7670.000 3.682
7675.000 4.462
7680.000 4.890
7685.000 5.805
7690.000 6.537
7695.000 6.667
7700.000 6.254
7705.000 5.781
7710.000 4.759
7715.000 3.846
7720.000 3.475
7725.000 2.897
7730.000 2.675
7735.000 2.320
7740.000 2.073
7745.000 1.977
7750.000 1.819
7755.000 1.748
7760.000 1.631
7765.000 1.530
7770.000 1.483
7775.000 1.408
7780.000 1.371
7785.000 1.307
7790.000 1.254
7795.000 1.229
7800.000 1.187
7805.000 1.169
7810.000 1.131
7815.000 1.102
7820.000 1.087
7825.000 1.060
7830.000 1.045
7835.000 1.018
7840.000 0.995
7845.000 0.983
7850.000 0.961
7855.000 0.954
7860.000 0.939
7865.000 0.929
7870.000 0.919
7875.000 0.916
7880.000 0.913
7885.000 0.911
7890.000 0.911
7895.000 0.911
7900.000 0.913
7905.000 0.915
7910.000 0.926
7915.000 0.931
7920.000 0.945
7925.000 0.973
7930.000 0.988
7935.000 1.005
7940.000 1.021
7945.000 1.037
7950.000 1.058
7955.000 1.078
7960.000 1.106
7965.000 1.140
7970.000 1.179
7975.000 1.244
7980.000 1.281
7985.000 1.345
7990.000 1.389
7995.000 1.491
8000.000 1.617
8005.000 1.676
8010.000 1.807
8015.000 1.882
8020.000 1.946
8025.000 1.836
8030.000 1.758
8035.000 1.484
8040.000 1.349
8045.000 1.092
8050.000 0.899
8055.000 0.831
8060.000 0.697
8065.000 0.635
8070.000 0.546
8075.000 0.472
8080.000 0.444
8085.000 0.399
8090.000 0.385
8095.000 0.365
8100.000 0.360
8105.000 0.359
8110.000 0.365
8115.000 0.365
8120.000 0.359
8125.000 0.340
8130.000 0.327
8135.000 0.302
8140.000 0.292
8145.000 0.281
8150.000 0.274
8155.000 0.274
8160.000 0.270
8165.000 0.269
8170.000 0.270
8175.000 0.270
8180.000 0.273
8185.000 0.275
8190.000 0.277
8195.000 0.280
8200.000 0.281
8205.000 0.281
8210.000 0.282
8215.000 0.282
8220.000 0.286
8225.000 0.286
8230.000 0.287
8235.000 0.297
8240.000 0.298
8245.000 0.297
8250.000 0.296
8255.000 0.296
8260.000 0.297
8265.000 0.296
8270.000 0.297
8275.000 0.296
8280.000 0.298
8285.000 0.299
8290.000 0.299
8295.000 0.299
8300.000 0.299
8305.000 0.299
8310.000 0.301
8315.000 0.302
8320.000 0.302
8325.000 0.309
8330.000 0.315
8335.000 0.313
8340.000 0.312
8345.000 0.312
8350.000 0.310
8355.000 0.311
8360.000 0.311
8365.000 0.312
8370.000 0.312
8375.000 0.313
8380.000 0.314
8385.000 0.315
8390.000 0.316
8395.000 0.317
8400.000 0.320
8405.000 0.320
8410.000 0.319
8415.000 0.329
8420.000 0.332
8425.000 0.327
8430.000 0.328
8435.000 0.326
8440.000 0.325
8445.000 0.325
8450.000 0.325
8455.000 0.323
8460.000 0.321
8465.000 0.324
8470.000 0.325
8475.000 0.324
8480.000 0.323
8485.000 0.324
8490.000 0.325
8495.000 0.326
8500.000 0.326
8505.000 0.329
8510.000 0.330
8515.000 0.328
8520.000 0.331
8525.000 0.333
8530.000 0.335
8535.000 0.334
8540.000 0.336
8545.000 0.335
8550.000 0.334
8555.000 0.335
8560.000 0.335
8565.000 0.335
8570.000 0.334
8575.000 0.336
8580.000 0.336
8585.000 0.342
8590.000 0.344
8595.000 0.340
8600.000 0.339
8605.000 0.342
8610.000 0.341
8615.000 0.340
8620.000 0.342
8625.000 0.340
8630.000 0.341
8635.000 0.343
8640.000 0.341
8645.000 0.343
8650.000 0.343
8655.000 0.346
8660.000 0.346
8665.000 0.345
8670.000 0.347
8675.000 0.347
8680.000 0.347
8685.000 0.348
8690.000 0.349
8695.000 0.349
8700.000 0.350
8705.000 0.349
8710.000 0.351
8715.000 0.352
8720.000 0.351
8725.000 0.350
8730.000 0.351
8735.000 0.352
8740.000 0.354
8745.000 0.354
8750.000 0.355
8755.000 0.355
8760.000 0.354
8765.000 0.352
8770.000 0.355
8775.000 0.355
8780.000 0.356
8785.000 0.360
8790.000 0.356
8795.000 0.359
8800.000 0.359
8805.000 0.361
8810.000 0.363
8815.000 0.361
8820.000 0.359
8825.000 0.352
8830.000 0.351
8835.000 0.369
8840.000 0.387
8845.000 0.381
8850.000 0.377
8855.000 0.378
8860.000 0.379
8865.000 0.375
8870.000 0.376
8875.000 0.376
8880.000 0.375
8885.000 0.373
8890.000 0.370
8895.000 0.371
8900.000 0.372
8905.000 0.372
8910.000 0.373
8915.000 0.371
8920.000 0.376
8925.000 0.375
8930.000 0.375
8935.000 0.382
8940.000 0.383
8945.000 0.385
8950.000 0.387
8955.000 0.384
8960.000 0.382
8965.000 0.389
8970.000 0.380
8975.000 0.383
8980.000 0.385
8985.000 0.379
8990.000 0.381
8995.000 0.385
9000.000 0.389
9005.000 0.390
9010.000 0.389
9015.000 0.389
9020.000 0.392
9025.000 0.388
9030.000 0.396
9035.000 0.397
9040.000 0.403
9045.000 0.399
9050.000 0.396
9055.000 0.399
9060.000 0.395
9065.000 0.401
9070.000 0.395
9075.000 0.398
9080.000 0.397
9085.000 0.398
9090.000 0.398
9095.000 0.400
9100.000 0.401
9105.000 0.400
9110.000 0.399
9115.000 0.397
9120.000 0.399
9125.000 0.398
9130.000 0.395
9135.000 0.395
9140.000 0.395
9145.000 0.394
9150.000 0.394
9155.000 0.396
9160.000 0.397
9165.000 0.397
9170.000 0.397
9175.000 0.394
9180.000 0.398
9185.000 0.397
9190.000 0.394
9195.000 0.390
9200.000 0.391
9205.000 0.393
9210.000 0.395
9215.000 0.409
9220.000 0.402
9225.000 0.401
9230.000 0.400
9235.000 0.400
9240.000 0.403
9245.000 0.410
9250.000 0.412
9255.000 0.408
9260.000 0.405
9265.000 0.403
9270.000 0.401
9275.000 0.399
9280.000 0.404
9285.000 0.410
9290.000 0.406
9295.000 0.403
9300.000 0.405
9305.000 0.399
9310.000 0.399
9315.000 0.398
9320.000 0.397
9325.000 0.400
9330.000 0.398
9335.000 0.396
9340.000 0.394
9345.000 0.395
9350.000 0.392
9355.000 0.397
9360.000 0.393
9365.000 0.394
9370.000 0.395
9375.000 0.394
9380.000 0.391
9385.000 0.394
9390.000 0.396
9395.000 0.395
9400.000 0.393
9405.000 0.394
9410.000 0.397
9415.000 0.394
9420.000 0.392
9425.000 0.395
9430.000 0.394
9435.000 0.394
9440.000 0.395
9445.000 0.394
9450.000 0.392
9455.000 0.393
9460.000 0.392
9465.000 0.391
9470.000 0.389
9475.000 0.389
9480.000 0.392
9485.000 0.392
9490.000 0.390
9495.000 0.391
9500.000 0.392
9505.000 0.391
9510.000 0.389
9515.000 0.387
9520.000 0.383
9525.000 0.385
9530.000 0.385
9535.000 0.385
9540.000 0.390
9545.000 0.387
9550.000 0.386
9555.000 0.384
9560.000 0.384
9565.000 0.385
9570.000 0.385
9575.000 0.383
9580.000 0.384
9585.000 0.386
9590.000 0.381
9595.000 0.379
9600.000 0.378
9605.000 0.383
9610.000 0.381
9615.000 0.383
9620.000 0.380
9625.000 0.381
9630.000 0.377
9635.000 0.380
9640.000 0.378
9645.000 0.376
9650.000 0.372
9655.000 0.373
9660.000 0.369
9665.000 0.366
9670.000 0.368
9675.000 0.365
9680.000 0.364
9685.000 0.363
9690.000 0.362
9695.000 0.364
9700.000 0.360
9705.000 0.359
9710.000 0.360
9715.000 0.355
9720.000 0.356
9725.000 0.355
9730.000 0.350
9735.000 0.349
9740.000 0.349
9745.000 0.345
9750.000 0.342
9755.000 0.340
9760.000 0.336
9765.000 0.337
9770.000 0.333
9775.000 0.330
9780.000 0.328
9785.000 0.327
9790.000 0.320
9795.000 0.321
9800.000 0.316
9805.000 0.312
9810.000 0.311
9815.000 0.301
9820.000 0.299
9825.000 0.287
9830.000 0.278
9835.000 0.275
9840.000 0.264
9845.000 0.258
9850.000 0.246
9855.000 0.235
9860.000 0.227
9865.000 0.213
9870.000 0.204
9875.000 0.187
9880.000 0.171
9885.000 0.161
9890.000 0.142
9895.000 0.131
9900.000 0.113
9905.000 0.103
9910.000 0.102
9915.000 0.121
9920.000 0.142
9925.000 0.220
9930.000 0.275
9935.000 0.453
9940.000 0.721
9945.000 0.894
9950.000 1.312
9955.000 1.550
9960.000 2.122
9965.000 2.798
9970.000 3.173
9975.000 3.940
9980.000 4.296
9985.000 4.757
9990.000 4.810
9995.000 4.685
10000.000 4.344
10005.000 4.168
10010.000 3.848
10015.000 3.552
10020.000 3.418
10025.000 3.187
10030.000 3.085
10035.000 2.865
10040.000 2.657
10045.000 2.556
10050.000 2.358
10055.000 2.260
10060.000 2.088
10065.000 1.944
10070.000 1.881
10075.000 1.776
10080.000 1.732
10085.000 1.660
10090.000 1.620
10095.000 1.614
10100.000 1.616
10105.000 1.625
10110.000 1.648
10115.000 1.698
10120.000 1.735
10125.000 1.812
10130.000 1.873
10135.000 1.981
10140.000 2.112
10145.000 2.190
10150.000 2.377
10155.000 2.489
10160.000 2.768
10165.000 3.115
10170.000 3.312
10175.000 3.729
10180.000 3.928
10185.000 4.185
10190.000 4.140
10195.000 3.994
10200.000 3.547
10205.000 3.292
10210.000 2.806
10215.000 2.394
10220.000 2.151
10225.000 1.841
10230.000 1.709
10235.000 1.498
10240.000 1.317
10245.000 1.239
10250.000 1.107
10255.000 1.049
10260.000 0.947
10265.000 0.858
10270.000 0.822
10275.000 0.755
10280.000 0.726
10285.000 0.672
10290.000 0.624
10295.000 0.602
10300.000 0.567
10305.000 0.552
10310.000 0.521
10315.000 0.487
10320.000 0.473
10325.000 0.446
10330.000 0.435
10335.000 0.416
10340.000 0.404
10345.000 0.397
10350.000 0.392
10355.000 0.390
10360.000 0.389
10365.000 0.391
10370.000 0.395
10375.000 0.403
10380.000 0.407
10385.000 0.428
10390.000 0.444
10395.000 0.461
10400.000 0.494
10405.000 0.513
10410.000 0.547
10415.000 0.589
10420.000 0.609
10425.000 0.659
10430.000 0.681
10435.000 0.739
10440.000 0.808
10445.000 0.846
10450.000 0.945
10455.000 1.009
10460.000 1.146
10465.000 1.330
10470.000 1.446
10475.000 1.730
10480.000 1.907
10485.000 2.341
10490.000 2.891
10495.000 3.207
10500.000 3.890
10505.000 4.234
10510.000 4.840
10515.000 5.193
10520.000 5.229
10525.000 4.971
10530.000 4.701
10535.000 4.062
10540.000 3.744
10545.000 3.169
10550.000 2.695
10555.000 2.502
10560.000 2.183
10565.000 2.054
10570.000 1.840
10575.000 1.694
10580.000 1.640
10585.000 1.550
10590.000 1.517
10595.000 1.447
10600.000 1.389
10605.000 1.362
10610.000 1.316
10615.000 1.291
10620.000 1.256
10625.000 1.222
10630.000 1.202
10635.000 1.171
10640.000 1.157
10645.000 1.127
10650.000 1.102
10655.000 1.095
10660.000 1.078
10665.000 1.071
10670.000 1.061
10675.000 1.053
10680.000 1.058
10685.000 1.048
10690.000 1.042
10695.000 1.029
10700.000 1.025
10705.000 1.025
10710.000 1.023
10715.000 1.022
10720.000 1.021
10725.000 1.025
10730.000 1.025
10735.000 1.031
10740.000 1.039
10745.000 1.047
10750.000 1.062
10755.000 1.067
10760.000 1.082
10765.000 1.088
10770.000 1.103
10775.000 1.124
10780.000 1.144
10785.000 1.173
10790.000 1.188
10795.000 1.222
10800.000 1.260
10805.000 1.290
10810.000 1.342
10815.000 1.378
10820.000 1.442
10825.000 1.509
10830.000 1.547
10835.000 1.642
10840.000 1.691
10845.000 1.797
10850.000 1.888
10855.000 1.921
10860.000 1.948
10865.000 1.937
10870.000 1.837
10875.000 1.668
10880.000 1.555
10885.000 1.317
10890.000 1.202
10895.000 0.998
10900.000 0.822
10905.000 0.752
10910.000 0.614
10915.000 0.561
10920.000 0.467
10925.000 0.388
10930.000 0.355
10935.000 0.288
10940.000 0.259
10945.000 0.208
10950.000 0.171
10955.000 0.152
10960.000 0.123
10965.000 0.106
10970.000 0.083
10975.000 0.060
10980.000 0.051
10985.000 0.040
10990.000 0.033
10995.000 0.025
11000.000 0.019
11005.000 0.022
11010.000 0.029
11015.000 0.031
11020.000 0.036
11025.000 0.041
11030.000 0.046
11035.000 0.048
11040.000 0.050
11045.000 0.054
11050.000 0.060
11055.000 0.061
11060.000 0.063
11065.000 0.066
11070.000 0.066
11075.000 0.071
11080.000 0.073
11085.000 0.080
11090.000 0.085
11095.000 0.095
11100.000 0.111
11105.000 0.125
11110.000 0.155
11115.000 0.174
11120.000 0.227
11125.000 0.263
11130.000 0.363
11135.000 0.524
11140.000 0.622
11145.000 0.842
11150.000 0.950
11155.000 1.140
11160.000 1.259
11165.000 1.293
11170.000 1.292
11175.000 1.271
11180.000 1.210
11185.000 1.122
11190.000 1.076
11195.000 0.978
11200.000 0.928
11205.000 0.833
11210.000 0.750
11215.000 0.712
11220.000 0.652
11225.000 0.623
11230.000 0.580
11235.000 0.543
11240.000 0.528
11245.000 0.502
11250.000 0.494
11255.000 0.481
11260.000 0.473
11265.000 0.473
11270.000 0.468
11275.000 0.466
11280.000 0.463
11285.000 0.456
11290.000 0.454
11295.000 0.449
11300.000 0.448
11305.000 0.445
11310.000 0.442
11315.000 0.438
11320.000 0.439
11325.000 0.436
11330.000 0.432
11335.000 0.432
11340.000 0.432
11345.000 0.431
11350.000 0.427
11355.000 0.424
11360.000 0.424
11365.000 0.424
11370.000 0.419
11375.000 0.421
11380.000 0.415
11385.000 0.416
11390.000 0.416
11395.000 0.413
11400.000 0.413
11405.000 0.412
11410.000 0.410
11415.000 0.409
11420.000 0.411
11425.000 0.412
11430.000 0.411
11435.000 0.409
11440.000 0.408
11445.000 0.409
11450.000 0.406
11455.000 0.403
11460.000 0.404
11465.000 0.405
11470.000 0.404
11475.000 0.402
11480.000 0.401
11485.000 0.402
11490.000 0.402
11495.000 0.398
11500.000 0.403
11505.000 0.399
11510.000 0.400
11515.000 0.397
11520.000 0.399
11525.000 0.404
11530.000 0.402
11535.000 0.399
11540.000 0.398
11545.000 0.399
11550.000 0.398
11555.000 0.396
11560.000 0.396
11565.000 0.398
11570.000 0.396
11575.000 0.396
11580.000 0.396
11585.000 0.393
11590.000 0.394
11595.000 0.391
11600.000 0.391
11605.000 0.394
11610.000 0.392
11615.000 0.394
11620.000 0.391
11625.000 0.391
11630.000 0.391
11635.000 0.391
11640.000 0.394
11645.000 0.392
11650.000 0.390
11655.000 0.393
11660.000 0.393
11665.000 0.392
11670.000 0.394
11675.000 0.395
11680.000 0.394
11685.000 0.396
11690.000 0.390
11695.000 0.388
11700.000 0.389
11705.000 0.388
11710.000 0.389
11715.000 0.389
11720.000 0.386
11725.000 0.387
11730.000 0.386
11735.000 0.384
11740.000 0.388
11745.000 0.389
11750.000 0.386
11755.000 0.387
11760.000 0.388
11765.000 0.387
11770.000 0.387
11775.000 0.388
11780.000 0.386
11785.000 0.384
11790.000 0.385
11795.000 0.382
11800.000 0.381
11805.000 0.380
11810.000 0.382
11815.000 0.384
11820.000 0.383
11825.000 0.383
11830.000 0.384
11835.000 0.382
11840.000 0.379
11845.000 0.380
11850.000 0.380
11855.000 0.382
11860.000 0.379
11865.000 0.377
11870.000 0.376
11875.000 0.377
11880.000 0.378
11885.000 0.381
11890.000 0.381
11895.000 0.383
11900.000 0.384
11905.000 0.382
11910.000 0.381
11915.000 0.380
11920.000 0.381
11925.000 0.380
11930.000 0.379
11935.000 0.378
11940.000 0.378
11945.000 0.380
11950.000 0.381
11955.000 0.381
11960.000 0.383
11965.000 0.383
11970.000 0.380
11975.000 0.382
11980.000 0.377
11985.000 0.377
11990.000 0.377
11995.000 0.376
12000.000 0.379
