105.000 0.032
110.000 12.226
115.000 13.359
120.000 16.015
125.000 17.444
130.000 19.563
135.000 21.036
140.000 21.756
145.000 22.397
150.000 22.723
155.000 23.158
160.000 23.365
165.000 23.327
170.000 23.209
175.000 23.033
180.000 22.966
185.000 22.996
190.000 23.060
195.000 23.276
200.000 23.443
205.000 23.349
210.000 24.089
215.000 24.364
220.000 24.600
225.000 24.857
230.000 25.094
235.000 25.326
240.000 25.429
245.000 25.846
250.000 25.962
255.000 26.321
260.000 26.554
265.000 27.048
270.000 27.542
275.000 27.754
280.000 28.301
285.000 28.728
290.000 28.914
295.000 29.256
300.000 29.446
305.000 29.798
310.000 30.162
315.000 30.310
320.000 30.726
325.000 31.117
330.000 31.703
335.000 32.016
340.000 32.690
345.000 33.485
350.000 33.900
355.000 34.779
360.000 35.272
365.000 36.276
370.000 37.377
375.000 37.937
380.000 39.143
385.000 39.759
390.000 41.073
395.000 42.367
400.000 43.034
405.000 44.363
410.000 45.009
415.000 46.216
420.000 47.283
425.000 47.744
430.000 48.235
435.000 48.289
440.000 48.227
445.000 47.798
450.000 47.430
455.000 46.421
460.000 45.771
465.000 44.220
470.000 43.350
475.000 41.511
480.000 39.560
485.000 38.546
490.000 36.568
495.000 34.666
500.000 33.712
505.000 31.962
510.000 31.090
515.000 29.463
520.000 28.666
525.000 27.132
530.000 25.629
535.000 24.863
540.000 23.329
545.000 21.831
550.000 21.065
555.000 19.591
560.000 18.957
565.000 17.540
570.000 16.317
575.000 15.753
580.000 14.783
585.000 14.311
590.000 13.486
595.000 12.741
600.000 12.380
605.000 11.659
610.000 11.314
615.000 10.610
620.000 9.886
625.000 9.502
630.000 8.682
635.000 8.293
640.000 7.536
645.000 6.864
650.000 6.557
655.000 5.995
660.000 5.733
665.000 5.283
670.000 4.910
675.000 4.740
680.000 4.601
685.000 4.425
690.000 4.290
695.000 4.212
700.000 4.078
705.000 3.953
710.000 3.880
715.000 3.767
720.000 3.641
725.000 3.588
730.000 3.481
735.000 3.422
740.000 3.310
745.000 3.208
750.000 3.158
755.000 3.061
760.000 3.007
765.000 2.911
770.000 2.820
775.000 2.771
780.000 2.672
785.000 2.632
790.000 2.538
795.000 2.471
800.000 2.444
805.000 2.416
810.000 2.422
815.000 2.401
820.000 2.360
825.000 2.339
830.000 2.289
835.000 2.255
840.000 2.196
845.000 2.170
850.000 2.114
855.000 2.078
860.000 1.997
865.000 1.915
870.000 1.875
875.000 1.804
880.000 1.736
885.000 1.703
890.000 1.643
895.000 1.591
900.000 1.569
905.000 1.521
910.000 1.501
915.000 1.458
920.000 1.416
925.000 1.399
930.000 1.362
935.000 1.350
940.000 1.319
945.000 1.304
950.000 1.276
955.000 1.253
960.000 1.245
965.000 1.225
970.000 1.212
975.000 1.192
980.000 1.175
985.000 1.168
990.000 1.157
995.000 1.151
1000.000 1.146
1005.000 1.126
1010.000 1.118
1015.000 1.116
1020.000 1.131
1025.000 1.118
1030.000 1.127
1035.000 1.117
1040.000 1.124
1045.000 1.124
1050.000 1.126
1055.000 1.135
1060.000 1.144
1065.000 1.147
1070.000 1.161
1075.000 1.171
1080.000 1.188
1085.000 1.195
1090.000 1.219
1095.000 1.227
1100.000 1.271
1105.000 1.295
1110.000 1.302
1115.000 1.334
1120.000 1.350
1125.000 1.389
1130.000 1.428
1135.000 1.450
1140.000 1.494
1145.000 1.524
1150.000 1.579
1155.000 1.640
1160.000 1.692
1165.000 1.768
1170.000 1.801
1175.000 1.873
1180.000 1.956
1185.000 2.009
1190.000 2.089
1195.000 2.125
1200.000 2.207
1205.000 2.284
1210.000 2.324
1215.000 2.404
1220.000 2.453
1225.000 2.549
1230.000 2.652
1235.000 2.703
1240.000 2.805
1245.000 2.865
1250.000 2.985
1255.000 3.103
1260.000 3.159
1265.000 3.296
1270.000 3.367
1275.000 3.495
1280.000 3.678
1285.000 3.765
1290.000 3.955
1295.000 4.058
1300.000 4.263
1305.000 4.366
1310.000 4.580
1315.000 4.820
1320.000 4.939
1325.000 5.235
1330.000 5.569
1335.000 5.708
1340.000 5.863
1345.000 6.220
1350.000 6.606
1355.000 7.046
1360.000 7.274
1365.000 7.527
1370.000 8.095
1375.000 8.742
1380.000 9.477
1385.000 9.901
1390.000 10.790
1395.000 11.281
1400.000 12.378
1405.000 13.595
1410.000 14.257
1415.000 15.574
1420.000 16.243
1425.000 17.564
1430.000 18.606
1435.000 19.066
1440.000 19.605
1445.000 19.687
1450.000 19.586
1455.000 18.891
1460.000 18.344
1465.000 17.112
1470.000 16.481
1475.000 15.301
1480.000 14.417
1485.000 14.003
1490.000 13.195
1495.000 12.796
1500.000 12.016
1505.000 11.303
1510.000 10.982
1515.000 10.363
1520.000 10.030
1525.000 9.492
1530.000 9.239
1535.000 8.761
1540.000 8.320
1545.000 8.097
1550.000 7.719
1555.000 7.539
1560.000 7.205
1565.000 6.917
1570.000 6.779
1575.000 6.519
1580.000 6.376
1585.000 6.114
1590.000 5.883
1595.000 5.758
1600.000 5.504
1605.000 5.375
1610.000 5.154
1615.000 4.940
1620.000 4.835
1625.000 4.618
1630.000 4.518
1635.000 4.347
1640.000 4.270
1645.000 4.129
1650.000 4.009
1655.000 3.972
1660.000 3.900
1665.000 3.892
1670.000 3.935
1675.000 4.055
1680.000 4.129
1685.000 4.287
1690.000 4.436
1695.000 4.508
1700.000 4.659
1705.000 4.730
1710.000 4.849
1715.000 4.955
1720.000 4.997
1725.000 5.083
1730.000 5.111
1735.000 5.174
1740.000 5.218
1745.000 5.229
1750.000 5.254
1755.000 5.256
1760.000 5.266
1765.000 5.274
1770.000 5.277
1775.000 5.260
1780.000 5.268
1785.000 5.270
1790.000 5.265
1795.000 5.252
1800.000 5.244
1805.000 5.235
1810.000 5.216
1815.000 5.209
1820.000 5.190
1825.000 5.176
1830.000 5.167
1835.000 5.151
1840.000 5.129
1845.000 5.123
1850.000 5.109
1855.000 5.092
1860.000 5.076
1865.000 5.056
1870.000 5.041
1875.000 5.015
1880.000 5.010
1885.000 4.993
1890.000 4.964
1895.000 4.958
1900.000 4.941
1905.000 4.936
1910.000 4.927
1915.000 4.911
1920.000 4.903
1925.000 4.886
1930.000 4.891
1935.000 4.865
1940.000 4.839
1945.000 4.824
1950.000 4.798
1955.000 4.785
1960.000 4.759
1965.000 4.726
1970.000 4.708
1975.000 4.676
1980.000 4.662
1985.000 4.625
1990.000 4.593
1995.000 4.581
2000.000 4.552
2005.000 4.533
2010.000 4.497
2015.000 4.468
2020.000 4.442
2025.000 4.410
2030.000 4.373
2035.000 4.334
2040.000 4.285
2045.000 4.262
2050.000 4.214
2055.000 4.187
2060.000 4.144
2065.000 4.106
2070.000 4.083
2075.000 4.034
2080.000 4.011
2085.000 3.958
2090.000 3.911
2095.000 3.894
2100.000 3.846
2105.000 3.830
2110.000 3.793
2115.000 3.760
2120.000 3.707
2125.000 3.655
2130.000 3.631
2135.000 3.576
2140.000 3.551
2145.000 3.507
2150.000 3.457
2155.000 3.437
2160.000 3.382
2165.000 3.361
2170.000 3.304
2175.000 3.253
2180.000 3.229
2185.000 3.205
2190.000 3.157
2195.000 3.107
2200.000 3.063
2205.000 3.043
2210.000 3.019
2215.000 2.976
2220.000 2.942
2225.000 2.890
2230.000 2.868
2235.000 2.842
2240.000 2.801
2245.000 2.765
2250.000 2.720
2255.000 2.700
2260.000 2.658
2265.000 2.641
2270.000 2.603
2275.000 2.566
2280.000 2.549
2285.000 2.513
2290.000 2.495
2295.000 2.463
2300.000 2.446
2305.000 2.413
2310.000 2.377
2315.000 2.362
2320.000 2.336
2325.000 2.312
2330.000 2.300
2335.000 2.271
2340.000 2.252
2345.000 2.228
2350.000 2.194
2355.000 2.177
2360.000 2.150
2365.000 2.135
2370.000 2.109
2375.000 2.087
2380.000 2.076
2385.000 2.049
2390.000 2.040
2395.000 2.012
2400.000 1.990
2405.000 1.975
2410.000 1.957
2415.000 1.946
2420.000 1.924
2425.000 1.913
2430.000 1.899
2435.000 1.875
2440.000 1.865
2445.000 1.848
2450.000 1.841
2455.000 1.824
2460.000 1.809
2465.000 1.801
2470.000 1.782
2475.000 1.774
2480.000 1.757
2485.000 1.742
2490.000 1.732
2495.000 1.720
2500.000 1.713
2505.000 1.701
2510.000 1.686
2515.000 1.678
2520.000 1.667
2525.000 1.660
2530.000 1.648
2535.000 1.637
2540.000 1.629
2545.000 1.616
2550.000 1.611
2555.000 1.600
2560.000 1.589
2565.000 1.586
2570.000 1.576
2575.000 1.570
2580.000 1.558
2585.000 1.551
2590.000 1.547
2595.000 1.541
2600.000 1.542
2605.000 1.531
2610.000 1.528
2615.000 1.524
2620.000 1.511
2625.000 1.507
2630.000 1.499
2635.000 1.489
2640.000 1.484
2645.000 1.479
2650.000 1.484
2655.000 1.477
2660.000 1.474
2665.000 1.470
2670.000 1.468
2675.000 1.466
2680.000 1.464
2685.000 1.461
2690.000 1.458
2695.000 1.454
2700.000 1.453
2705.000 1.449
2710.000 1.441
2715.000 1.447
2720.000 1.442
2725.000 1.441
2730.000 1.439
2735.000 1.435
2740.000 1.436
2745.000 1.433
2750.000 1.432
2755.000 1.432
2760.000 1.433
2765.000 1.433
2770.000 1.434
2775.000 1.432
2780.000 1.427
2785.000 1.424
2790.000 1.425
2795.000 1.425
2800.000 1.425
2805.000 1.427
2810.000 1.427
2815.000 1.426
2820.000 1.426
2825.000 1.432
2830.000 1.432
2835.000 1.434
2840.000 1.438
2845.000 1.443
2850.000 1.441
2855.000 1.443
2860.000 1.447
2865.000 1.449
2870.000 1.453
2875.000 1.451
2880.000 1.456
2885.000 1.460
2890.000 1.464
2895.000 1.463
2900.000 1.469
2905.000 1.473
2910.000 1.478
2915.000 1.486
2920.000 1.492
2925.000 1.497
2930.000 1.503
2935.000 1.515
2940.000 1.523
2945.000 1.538
2950.000 1.539
2955.000 1.551
2960.000 1.561
2965.000 1.555
2970.000 1.569
2975.000 1.570
2980.000 1.579
2985.000 1.585
2990.000 1.590
2995.000 1.599
3000.000 1.624
3005.000 1.621
3010.000 1.628
3015.000 1.648
3020.000 1.669
3025.000 1.666
3030.000 1.686
3035.000 1.695
3040.000 1.720
3045.000 1.736
3050.000 1.736
3055.000 1.768
3060.000 1.771
3065.000 1.795
3070.000 1.813
3075.000 1.833
3080.000 1.857
3085.000 1.870
3090.000 1.889
3095.000 1.917
3100.000 1.941
3105.000 1.961
3110.000 1.971
3115.000 2.001
3120.000 2.026
3125.000 2.047
3130.000 2.076
3135.000 2.093
3140.000 2.130
3145.000 2.165
3150.000 2.186
3155.000 2.237
3160.000 2.263
3165.000 2.318
3170.000 2.359
3175.000 2.382
3180.000 2.429
3185.000 2.451
3190.000 2.505
3195.000 2.559
3200.000 2.583
3205.000 2.638
3210.000 2.666
3215.000 2.729
3220.000 2.802
3225.000 2.839
3230.000 2.915
3235.000 2.956
3240.000 3.045
3245.000 3.136
3250.000 3.189
3255.000 3.295
3260.000 3.347
3265.000 3.463
3270.000 3.588
3275.000 3.652
3280.000 3.796
3285.000 3.868
3290.000 4.030
3295.000 4.205
3300.000 4.297
3305.000 4.504
3310.000 4.612
3315.000 4.837
3320.000 5.116
3325.000 5.250
3330.000 5.552
3335.000 5.715
3340.000 6.144
3345.000 6.631
3350.000 6.837
3355.000 7.296
3360.000 7.561
3365.000 8.182
3370.000 8.962
3375.000 9.401
3380.000 10.413
3385.000 11.008
3390.000 12.356
3395.000 13.889
3400.000 14.709
3405.000 16.351
3410.000 17.114
3415.000 18.249
3420.000 18.560
3425.000 18.310
3430.000 17.027
3435.000 16.207
3440.000 14.492
3445.000 13.003
3450.000 12.424
3455.000 11.300
3460.000 10.809
3465.000 10.039
3470.000 9.215
3475.000 8.831
3480.000 8.152
3485.000 7.843
3490.000 7.298
3495.000 6.819
3500.000 6.604
3505.000 6.207
3510.000 6.021
3515.000 5.691
3520.000 5.382
3525.000 5.241
3530.000 4.981
3535.000 4.859
3540.000 4.629
3545.000 4.423
3550.000 4.322
3555.000 4.137
3560.000 4.092
3565.000 4.027
3570.000 3.855
3575.000 3.773
3580.000 3.635
3585.000 3.597
3590.000 3.492
3595.000 3.349
3600.000 3.278
3605.000 3.169
3610.000 3.114
3615.000 3.010
3620.000 2.958
3625.000 2.854
3630.000 2.767
3635.000 2.708
3640.000 2.608
3645.000 2.557
3650.000 2.519
3655.000 2.434
3660.000 2.392
3665.000 2.314
3670.000 2.280
3675.000 2.214
3680.000 2.164
3685.000 2.134
3690.000 2.102
3695.000 2.073
3700.000 2.011
3705.000 1.955
3710.000 1.934
3715.000 1.890
3720.000 1.873
3725.000 1.835
3730.000 1.798
3735.000 1.783
3740.000 1.749
3745.000 1.735
3750.000 1.703
3755.000 1.672
3760.000 1.657
3765.000 1.624
3770.000 1.611
3775.000 1.584
3780.000 1.565
3785.000 1.551
3790.000 1.539
3795.000 1.527
3800.000 1.501
3805.000 1.478
3810.000 1.466
3815.000 1.446
3820.000 1.434
3825.000 1.418
3830.000 1.399
3835.000 1.390
3840.000 1.374
3845.000 1.368
3850.000 1.353
3855.000 2.500
3860.000 2.834
3865.000 2.557
3870.000 2.448
3875.000 2.278
3880.000 2.013
3885.000 2.354
3890.000 2.394
3895.000 2.318
3900.000 1.994
3905.000 1.870
3910.000 1.687
3915.000 1.543
3920.000 1.486
3925.000 2.479
3930.000 2.328
3935.000 2.251
3940.000 1.947
3945.000 1.827
3950.000 1.641
3955.000 1.510
3960.000 1.454
3965.000 1.370
3970.000 1.343
3975.000 1.879
3980.000 2.011
3985.000 1.959
3990.000 1.834
3995.000 1.649
4000.000 1.512
4005.000 1.418
4010.000 1.380
4015.000 1.314
4020.000 1.307
4025.000 1.292
4030.000 1.300
4035.000 1.276
4040.000 1.276
4045.000 1.270
4050.000 1.257
4055.000 1.258
4060.000 1.257
4065.000 1.264
4070.000 1.260
4075.000 1.259
4080.000 1.258
4085.000 1.258
4090.000 1.263
4095.000 1.266
4100.000 1.269
4105.000 1.279
4110.000 1.280
4115.000 1.285
4120.000 1.291
4125.000 1.299
4130.000 1.309
4135.000 1.313
4140.000 1.324
4145.000 1.328
4150.000 1.339
4155.000 1.351
4160.000 1.356
4165.000 1.369
4170.000 1.376
4175.000 1.388
4180.000 1.405
4185.000 1.413
4190.000 1.429
4195.000 1.438
4200.000 1.456
4205.000 1.466
4210.000 1.485
4215.000 1.509
4220.000 1.522
4225.000 1.540
4230.000 1.554
4235.000 1.578
4240.000 1.598
4245.000 1.607
4250.000 1.629
4255.000 1.641
4260.000 1.666
4265.000 1.673
4270.000 1.697
4275.000 1.718
4280.000 1.734
4285.000 1.760
4290.000 1.798
4295.000 1.814
4300.000 1.866
4305.000 1.893
4310.000 1.958
4315.000 2.032
4320.000 2.072
4325.000 2.158
4330.000 2.206
4335.000 2.320
4340.000 2.388
4345.000 2.517
4350.000 2.672
4355.000 2.761
4360.000 2.951
4365.000 3.122
4370.000 3.219
4375.000 3.436
4380.000 3.548
4385.000 3.825
4390.000 4.160
4395.000 4.353
4400.000 4.823
4405.000 5.095
4410.000 5.733
4415.000 6.506
4420.000 6.897
4425.000 7.890
4430.000 8.359
4435.000 9.112
4440.000 9.316
4445.000 9.135
4450.000 8.333
4455.000 7.818
4460.000 6.769
4465.000 5.893
4470.000 5.546
4475.000 4.918
4480.000 4.639
4485.000 4.124
4490.000 3.706
4495.000 3.513
4500.000 3.187
4505.000 3.050
4510.000 2.787
4515.000 2.556
4520.000 2.444
4525.000 2.246
4530.000 2.155
4535.000 1.991
4540.000 1.854
4545.000 1.786
4550.000 1.673
4555.000 1.625
4560.000 1.526
4565.000 1.440
4570.000 1.403
4575.000 1.331
4580.000 1.296
4585.000 1.238
4590.000 1.184
4595.000 1.158
4600.000 1.104
4605.000 1.073
4610.000 1.012
4615.000 0.957
4620.000 0.934
4625.000 0.890
4630.000 0.868
4635.000 0.822
4640.000 0.788
4645.000 0.771
4650.000 0.742
4655.000 0.727
4660.000 0.700
4665.000 0.675
4670.000 0.663
4675.000 0.640
4680.000 0.629
4685.000 0.607
4690.000 0.587
4695.000 0.574
4700.000 0.563
4705.000 0.541
4710.000 0.519
4715.000 0.497
4720.000 0.485
4725.000 0.461
4730.000 0.448
4735.000 0.424
4740.000 0.399
4745.000 0.388
4750.000 0.364
4755.000 0.353
4760.000 0.328
4765.000 0.306
4770.000 0.295
4775.000 0.273
4780.000 0.264
4785.000 0.243
4790.000 0.232
4795.000 0.213
4800.000 0.196
4805.000 0.190
4810.000 0.174
4815.000 0.168
4820.000 0.156
4825.000 0.146
4830.000 0.142
4835.000 0.137
4840.000 0.135
4845.000 0.132
4850.000 0.130
4855.000 0.131
4860.000 0.133
4865.000 0.135
4870.000 0.141
4875.000 0.146
4880.000 0.150
4885.000 0.157
4890.000 0.162
4895.000 0.171
4900.000 0.179
4905.000 0.186
4910.000 0.197
4915.000 0.205
4920.000 0.217
4925.000 0.228
4930.000 0.233
4935.000 0.244
4940.000 0.254
4945.000 0.266
4950.000 0.282
4955.000 0.288
4960.000 0.303
4965.000 0.305
4970.000 0.326
4975.000 0.334
4980.000 0.342
4985.000 0.369
4990.000 0.377
4995.000 0.398
5000.000 0.408
5005.000 0.422
5010.000 0.449
5015.000 0.459
5020.000 0.468
5025.000 0.492
5030.000 0.512
5035.000 0.525
5040.000 0.540
5045.000 0.564
5050.000 0.573
5055.000 0.605
5060.000 0.631
5065.000 0.640
5070.000 0.668
5075.000 0.700
5080.000 0.704
5085.000 0.728
5090.000 0.737
5095.000 0.747
5100.000 0.760
5105.000 0.767
5110.000 0.777
5115.000 0.778
5120.000 0.788
5125.000 0.797
5130.000 0.802
5135.000 0.810
5140.000 0.809
5145.000 0.816
5150.000 0.822
5155.000 0.827
5160.000 0.832
5165.000 0.829
5170.000 0.833
5175.000 0.832
5180.000 0.835
5185.000 0.834
5190.000 0.834
5195.000 0.837
5200.000 0.833
5205.000 0.832
5210.000 0.827
5215.000 0.826
5220.000 0.825
5225.000 0.821
5230.000 0.818
5235.000 0.813
5240.000 0.812
5245.000 0.811
5250.000 0.808
5255.000 0.804
5260.000 0.795
5265.000 0.797
5270.000 0.790
5275.000 0.786
5280.000 0.784
5285.000 0.777
5290.000 0.775
5295.000 0.771
5300.000 0.766
5305.000 0.763
5310.000 0.761
5315.000 0.760
5320.000 0.753
5325.000 0.746
5330.000 0.744
5335.000 0.739
5340.000 0.738
5345.000 0.733
5350.000 0.732
5355.000 0.727
5360.000 0.724
5365.000 0.722
5370.000 0.719
5375.000 0.714
5380.000 0.710
5385.000 0.707
5390.000 0.707
5395.000 0.703
5400.000 0.703
5405.000 0.697
5410.000 0.694
5415.000 0.689
5420.000 0.687
5425.000 0.689
5430.000 0.683
5435.000 0.682
5440.000 0.680
5445.000 0.676
5450.000 0.675
5455.000 0.672
5460.000 0.669
5465.000 0.668
5470.000 0.668
5475.000 0.664
5480.000 0.664
5485.000 0.661
5490.000 0.660
5495.000 0.657
5500.000 0.656
5505.000 0.651
5510.000 0.657
5515.000 0.656
5520.000 0.655
5525.000 0.659
5530.000 0.665
5535.000 0.653
5540.000 0.649
5545.000 0.640
5550.000 0.642
5555.000 0.637
5560.000 0.637
5565.000 0.634
5570.000 0.635
5575.000 0.632
5580.000 0.629
5585.000 0.629
5590.000 0.630
5595.000 0.627
5600.000 0.624
5605.000 0.627
5610.000 0.629
5615.000 0.622
5620.000 0.624
5625.000 0.626
5630.000 0.625
5635.000 0.623
5640.000 0.624
5645.000 0.625
5650.000 0.626
5655.000 0.619
5660.000 0.621
5665.000 0.620
5670.000 0.619
5675.000 0.621
5680.000 0.621
5685.000 0.619
5690.000 0.620
5695.000 0.623
5700.000 0.619
5705.000 0.617
5710.000 0.620
5715.000 0.619
5720.000 0.616
5725.000 0.616
5730.000 0.619
5735.000 0.618
5740.000 0.616
5745.000 0.619
5750.000 0.619
5755.000 0.617
5760.000 0.621
5765.000 0.619
5770.000 0.621
5775.000 0.621
5780.000 0.621
5785.000 0.619
5790.000 0.620
5795.000 0.619
5800.000 0.619
5805.000 0.620
5810.000 0.623
5815.000 0.625
5820.000 0.623
5825.000 0.619
5830.000 0.621
5835.000 0.620
5840.000 0.623
5845.000 0.625
5850.000 0.626
5855.000 0.629
5860.000 0.629
5865.000 0.629
5870.000 0.629
5875.000 0.632
5880.000 0.634
5885.000 0.634
5890.000 0.636
5895.000 0.640
5900.000 0.637
5905.000 0.638
5910.000 0.638
5915.000 0.639
5920.000 0.641
5925.000 0.641
5930.000 0.644
5935.000 0.644
5940.000 0.647
5945.000 0.653
5950.000 0.650
5955.000 0.647
5960.000 0.656
5965.000 0.659
5970.000 0.654
5975.000 0.660
5980.000 0.666
5985.000 0.663
5990.000 0.668
5995.000 0.665
6000.000 0.660
6005.000 0.675
6010.000 0.674
6015.000 0.676
6020.000 0.675
6025.000 0.685
6030.000 0.684
6035.000 0.688
6040.000 0.682
6045.000 0.687
6050.000 0.693
6055.000 0.688
6060.000 0.694
6065.000 0.693
6070.000 0.700
6075.000 0.702
6080.000 0.701
6085.000 0.702
6090.000 0.705
6095.000 0.708
6100.000 0.708
6105.000 0.713
6110.000 0.715
6115.000 0.718
6120.000 0.722
6125.000 0.724
6130.000 0.730
6135.000 0.731
6140.000 0.736
6145.000 0.741
6150.000 0.745
6155.000 0.750
6160.000 0.751
6165.000 0.754
6170.000 0.759
6175.000 0.762
6180.000 0.770
6185.000 0.770
6190.000 0.775
6195.000 0.782
6200.000 0.782
6205.000 0.787
6210.000 0.792
6215.000 0.797
6220.000 0.799
6225.000 0.806
6230.000 0.810
6235.000 0.817
6240.000 0.823
6245.000 0.833
6250.000 0.833
6255.000 0.845
6260.000 0.848
6265.000 0.854
6270.000 0.863
6275.000 0.865
6280.000 0.883
6285.000 0.884
6290.000 0.891
6295.000 0.896
6300.000 0.912
6305.000 0.931
6310.000 0.955
6315.000 0.969
6320.000 0.968
6325.000 0.964
6330.000 0.957
6335.000 0.963
6340.000 0.970
6345.000 0.978
6350.000 0.988
6355.000 1.001
6360.000 1.007
6365.000 1.021
6370.000 1.027
6375.000 1.040
6380.000 1.056
6385.000 1.061
6390.000 1.076
6395.000 1.082
6400.000 1.100
6405.000 1.109
6410.000 1.126
6415.000 1.144
6420.000 1.152
6425.000 1.166
6430.000 1.190
6435.000 1.201
6440.000 1.217
6445.000 1.228
6450.000 1.249
6455.000 1.273
6460.000 1.282
6465.000 1.306
6470.000 1.318
6475.000 1.339
6480.000 1.365
6485.000 1.378
6490.000 1.410
6495.000 1.423
6500.000 1.452
6505.000 1.483
6510.000 1.496
6515.000 1.531
6520.000 1.547
6525.000 1.579
6530.000 1.616
6535.000 1.637
6540.000 1.676
6545.000 1.698
6550.000 1.737
6555.000 1.763
6560.000 1.811
6565.000 1.862
6570.000 1.889
6575.000 1.946
6580.000 1.971
6585.000 2.037
6590.000 2.103
6595.000 2.135
6600.000 2.204
6605.000 2.279
6610.000 2.324
6615.000 2.408
6620.000 2.455
6625.000 2.552
6630.000 2.658
6635.000 2.712
6640.000 2.821
6645.000 2.886
6650.000 3.018
6655.000 3.165
6660.000 3.244
6665.000 3.410
6670.000 3.499
6675.000 3.688
6680.000 3.912
6685.000 4.032
6690.000 4.300
6695.000 4.445
6700.000 4.776
6705.000 5.175
6710.000 5.405
6715.000 5.950
6720.000 6.271
6725.000 7.038
6730.000 8.014
6735.000 8.603
6740.000 10.023
6745.000 10.886
6750.000 12.913
6755.000 15.373
6760.000 16.715
6765.000 19.375
6770.000 20.584
6775.000 22.208
6780.000 22.421
6785.000 21.188
6790.000 18.201
6795.000 16.616
6800.000 13.607
6805.000 11.231
6810.000 10.267
6815.000 8.717
6820.000 8.122
6825.000 7.232
6830.000 6.617
6835.000 6.356
6840.000 5.876
6845.000 5.663
6850.000 5.285
6855.000 4.951
6860.000 4.795
6865.000 4.519
6870.000 4.370
6875.000 4.148
6880.000 4.036
6885.000 3.840
6890.000 3.661
6895.000 3.578
6900.000 3.422
6905.000 3.356
6910.000 3.218
6915.000 3.095
6920.000 3.037
6925.000 2.936
6930.000 2.883
6935.000 2.786
6940.000 2.702
6945.000 2.659
6950.000 2.564
6955.000 2.506
6960.000 2.402
6965.000 2.302
6970.000 2.259
6975.000 2.166
6980.000 2.130
6985.000 2.062
6990.000 1.987
6995.000 1.968
7000.000 1.904
7005.000 1.882
7010.000 1.828
7015.000 1.787
7020.000 1.758
7025.000 1.723
7030.000 1.696
7035.000 1.668
7040.000 1.630
7045.000 1.616
7050.000 1.586
7055.000 1.565
7060.000 1.539
7065.000 1.521
7070.000 1.508
7075.000 1.483
7080.000 1.474
7085.000 1.458
7090.000 1.439
7095.000 1.431
7100.000 1.415
7105.000 1.408
7110.000 1.393
7115.000 1.378
7120.000 1.376
7125.000 1.363
7130.000 1.359
7135.000 1.349
7140.000 1.342
7145.000 1.339
7150.000 1.331
7155.000 1.329
7160.000 1.321
7165.000 1.321
7170.000 1.315
7175.000 1.312
7180.000 1.312
7185.000 1.311
7190.000 1.310
7195.000 1.308
7200.000 1.311
7205.000 1.311
7210.000 1.313
7215.000 1.318
7220.000 1.318
7225.000 1.323
7230.000 1.325
7235.000 1.333
7240.000 1.335
7245.000 1.345
7250.000 1.353
7255.000 1.355
7260.000 1.368
7265.000 1.382
7270.000 1.388
7275.000 1.403
7280.000 1.413
7285.000 1.429
7290.000 1.451
7295.000 1.462
7300.000 1.482
7305.000 1.493
7310.000 1.524
7315.000 1.553
7320.000 1.570
7325.000 1.604
7330.000 1.624
7335.000 1.659
7340.000 1.682
7345.000 1.727
7350.000 1.755
7355.000 1.821
7360.000 1.866
7365.000 2.038
7370.000 2.057
7375.000 2.066
7380.000 2.070
7385.000 2.067
7390.000 2.093
7395.000 2.102
7400.000 2.146
7405.000 2.174
7410.000 2.238
7415.000 2.295
7420.000 2.331
7425.000 2.399
7430.000 2.433
7435.000 2.519
7440.000 2.610
7445.000 2.661
7450.000 2.757
7455.000 2.817
7460.000 2.939
7465.000 3.010
7470.000 3.149
7475.000 3.313
7480.000 3.401
7485.000 3.578
7490.000 3.683
7495.000 3.918
7500.000 4.184
7505.000 4.331
7510.000 4.669
7515.000 4.864
7520.000 5.333
7525.000 5.916
7530.000 6.255
7535.000 7.054
7540.000 7.523
7545.000 8.441
7550.000 9.626
7555.000 10.279
7560.000 11.570
7565.000 12.126
7570.000 12.859
7575.000 12.513
7580.000 11.941
7585.000 10.509
7590.000 9.749
7595.000 8.353
7600.000 7.252
7605.000 6.844
7610.000 6.150
7615.000 5.861
7620.000 5.302
7625.000 4.825
7630.000 4.621
7635.000 4.244
7640.000 4.079
7645.000 3.782
7650.000 3.525
7655.000 3.405
7660.000 3.190
7665.000 3.091
7670.000 2.912
7675.000 2.754
7680.000 2.673
7685.000 2.541
7690.000 2.475
7695.000 2.358
7700.000 2.247
7705.000 2.190
7710.000 2.098
7715.000 2.053
7720.000 1.972
7725.000 1.895
7730.000 1.859
7735.000 1.787
7740.000 1.746
7745.000 1.659
7750.000 1.620
7755.000 1.545
7760.000 1.472
7765.000 1.441
7770.000 1.384
7775.000 1.329
7780.000 1.302
7785.000 1.255
7790.000 1.235
7795.000 1.194
7800.000 1.159
7805.000 1.138
7810.000 1.103
7815.000 1.087
7820.000 1.058
7825.000 1.044
7830.000 1.021
7835.000 0.996
7840.000 0.986
7845.000 0.962
7850.000 0.951
7855.000 0.933
7860.000 0.913
7865.000 0.902
7870.000 0.884
7875.000 0.870
7880.000 0.862
7885.000 0.844
7890.000 0.837
7895.000 0.824
7900.000 0.809
7905.000 0.804
7910.000 0.792
7915.000 0.785
7920.000 0.771
7925.000 0.760
7930.000 0.754
7935.000 0.741
7940.000 0.737
7945.000 0.727
7950.000 0.715
7955.000 0.706
7960.000 0.699
7965.000 0.693
7970.000 0.686
7975.000 0.675
7980.000 0.670
7985.000 0.664
7990.000 0.651
7995.000 0.644
8000.000 0.634
8005.000 0.631
8010.000 0.623
8015.000 0.616
8020.000 0.616
8025.000 0.605
8030.000 0.596
8035.000 0.601
8040.000 0.596
8045.000 0.596
8050.000 0.594
8055.000 0.590
8060.000 0.593
8065.000 0.584
8070.000 0.584
8075.000 0.584
8080.000 0.579
8085.000 0.576
8090.000 0.574
8095.000 0.568
8100.000 0.567
8105.000 0.565
8110.000 0.559
8115.000 0.561
8120.000 0.557
8125.000 0.555
8130.000 0.554
8135.000 0.551
8140.000 0.552
8145.000 0.547
8150.000 0.549
8155.000 0.544
8160.000 0.543
8165.000 0.541
8170.000 0.540
8175.000 0.539
8180.000 0.537
8185.000 0.534
8190.000 0.532
8195.000 0.529
8200.000 0.528
8205.000 0.527
8210.000 0.526
8215.000 0.527
8220.000 0.523
8225.000 0.522
8230.000 0.521
8235.000 0.522
8240.000 0.520
8245.000 0.517
8250.000 0.516
8255.000 0.519
8260.000 0.515
8265.000 0.513
8270.000 0.514
8275.000 0.513
8280.000 0.512
8285.000 0.512
8290.000 0.512
8295.000 0.510
8300.000 0.510
8305.000 0.508
8310.000 0.506
8315.000 0.508
8320.000 0.507
8325.000 0.507
8330.000 0.506
8335.000 0.506
8340.000 0.505
8345.000 0.505
8350.000 0.505
8355.000 0.505
8360.000 0.502
8365.000 0.503
8370.000 0.501
8375.000 0.503
8380.000 0.500
8385.000 0.498
8390.000 0.498
8395.000 0.498
8400.000 0.498
8405.000 0.496
8410.000 0.495
8415.000 0.496
8420.000 0.494
8425.000 0.494
8430.000 0.496
8435.000 0.494
8440.000 0.495
8445.000 0.492
8450.000 0.494
8455.000 0.493
8460.000 0.493
8465.000 0.491
8470.000 0.491
8475.000 0.492
8480.000 0.492
8485.000 0.493
8490.000 0.490
8495.000 0.493
8500.000 0.492
8505.000 0.491
8510.000 0.491
8515.000 0.489
8520.000 0.492
8525.000 0.493
8530.000 0.492
8535.000 0.492
8540.000 0.492
8545.000 0.489
8550.000 0.491
8555.000 0.490
8560.000 0.492
8565.000 0.490
8570.000 0.490
8575.000 0.491
8580.000 0.492
8585.000 0.490
8590.000 0.490
8595.000 0.491
8600.000 0.491
8605.000 0.491
8610.000 0.491
8615.000 0.491
8620.000 0.490
8625.000 0.490
8630.000 0.494
8635.000 0.493
8640.000 0.495
8645.000 0.494
8650.000 0.494
8655.000 0.493
8660.000 0.491
8665.000 0.491
8670.000 0.494
8675.000 0.494
8680.000 0.495
8685.000 0.495
8690.000 0.496
8695.000 0.495
8700.000 0.495
8705.000 0.494
8710.000 0.493
8715.000 0.496
8720.000 0.494
8725.000 0.496
8730.000 0.498
8735.000 0.495
8740.000 0.497
8745.000 0.500
8750.000 0.499
8755.000 0.499
8760.000 0.500
8765.000 0.501
8770.000 0.502
8775.000 0.502
8780.000 0.503
8785.000 0.504
8790.000 0.506
8795.000 0.503
8800.000 0.505
8805.000 0.508
8810.000 0.505
8815.000 0.512
8820.000 0.504
8825.000 0.510
8830.000 0.494
8835.000 0.522
8840.000 0.510
8845.000 0.508
8850.000 0.508
8855.000 0.506
8860.000 0.503
8865.000 0.504
8870.000 0.501
8875.000 0.506
8880.000 0.507
8885.000 0.506
8890.000 0.504
8895.000 0.506
8900.000 0.506
8905.000 0.506
8910.000 0.510
8915.000 0.508
8920.000 0.507
8925.000 0.511
8930.000 0.512
8935.000 0.510
8940.000 0.514
8945.000 0.511
8950.000 0.513
8955.000 0.515
8960.000 0.514
8965.000 0.513
8970.000 0.518
8975.000 0.515
8980.000 0.519
8985.000 0.523
8990.000 0.517
8995.000 0.525
9000.000 0.526
9005.000 0.524
9010.000 0.521
9015.000 0.526
9020.000 0.529
9025.000 0.528
9030.000 0.525
9035.000 0.526
9040.000 0.524
9045.000 0.526
9050.000 0.530
9055.000 0.528
9060.000 0.533
9065.000 0.534
9070.000 0.536
9075.000 0.538
9080.000 0.537
9085.000 0.537
9090.000 0.537
9095.000 0.540
9100.000 0.539
9105.000 0.544
9110.000 0.543
9115.000 0.545
9120.000 0.545
9125.000 0.549
9130.000 0.548
9135.000 0.550
9140.000 0.551
9145.000 0.552
9150.000 0.553
9155.000 0.554
9160.000 0.559
9165.000 0.558
9170.000 0.560
9175.000 0.557
9180.000 0.563
9185.000 0.564
9190.000 0.566
9195.000 0.567
9200.000 0.572
9205.000 0.571
9210.000 0.572
9215.000 0.575
9220.000 0.580
9225.000 0.581
9230.000 0.578
9235.000 0.582
9240.000 0.583
9245.000 0.584
9250.000 0.584
9255.000 0.583
9260.000 0.588
9265.000 0.587
9270.000 0.587
9275.000 0.589
9280.000 0.590
9285.000 0.590
9290.000 0.591
9295.000 0.593
9300.000 0.592
9305.000 0.591
9310.000 0.595
9315.000 0.594
9320.000 0.591
9325.000 0.598
9330.000 0.600
9335.000 0.600
9340.000 0.599
9345.000 0.598
9350.000 0.603
9355.000 0.606
9360.000 0.606
9365.000 0.607
9370.000 0.606
9375.000 0.611
9380.000 0.606
9385.000 0.610
9390.000 0.613
9395.000 0.611
9400.000 0.610
9405.000 0.612
9410.000 0.616
9415.000 0.620
9420.000 0.619
9425.000 0.621
9430.000 0.622
9435.000 0.624
9440.000 0.625
9445.000 0.626
9450.000 0.629
9455.000 0.631
9460.000 0.633
9465.000 0.636
9470.000 0.636
9475.000 0.634
9480.000 0.638
9485.000 0.640
9490.000 0.640
9495.000 0.642
9500.000 0.645
9505.000 0.648
9510.000 0.645
9515.000 0.648
9520.000 0.651
9525.000 0.654
9530.000 0.661
9535.000 0.657
9540.000 0.664
9545.000 0.664
9550.000 0.672
9555.000 0.670
9560.000 0.673
9565.000 0.677
9570.000 0.675
9575.000 0.678
9580.000 0.679
9585.000 0.684
9590.000 0.689
9595.000 0.690
9600.000 0.691
9605.000 0.695
9610.000 0.696
9615.000 0.703
9620.000 0.708
9625.000 0.712
9630.000 0.714
9635.000 0.716
9640.000 0.715
9645.000 0.717
9650.000 0.719
9655.000 0.723
9660.000 0.723
9665.000 0.733
9670.000 0.734
9675.000 0.737
9680.000 0.739
9685.000 0.748
9690.000 0.751
9695.000 0.758
9700.000 0.763
9705.000 0.765
9710.000 0.773
9715.000 0.772
9720.000 0.775
9725.000 0.777
9730.000 0.783
9735.000 0.789
9740.000 0.797
9745.000 0.798
9750.000 0.806
9755.000 0.809
9760.000 0.814
9765.000 0.824
9770.000 0.828
9775.000 0.839
9780.000 0.844
9785.000 0.858
9790.000 0.865
9795.000 0.870
9800.000 0.879
9805.000 0.888
9810.000 0.903
9815.000 0.918
9820.000 0.925
9825.000 0.926
9830.000 0.924
9835.000 0.941
9840.000 0.946
9845.000 0.956
9850.000 0.968
9855.000 0.975
9860.000 0.989
9865.000 0.999
9870.000 1.009
9875.000 1.028
9880.000 1.036
9885.000 1.056
9890.000 1.075
9895.000 1.086
9900.000 1.106
9905.000 1.120
9910.000 1.138
9915.000 1.158
9920.000 1.174
9925.000 1.203
9930.000 1.215
9935.000 1.243
9940.000 1.282
9945.000 1.300
9950.000 1.332
9955.000 1.348
9960.000 1.391
9965.000 1.451
9970.000 1.475
9975.000 1.522
9980.000 1.555
9985.000 1.612
9990.000 1.662
9995.000 1.700
10000.000 1.763
10005.000 1.805
10010.000 1.890
10015.000 1.983
10020.000 2.032
10025.000 2.143
10030.000 2.217
10035.000 2.357
10040.000 2.523
10045.000 2.611
10050.000 2.815
10055.000 2.937
10060.000 3.225
10065.000 3.576
10070.000 3.789
10075.000 4.285
10080.000 4.580
10085.000 5.250
10090.000 5.994
10095.000 6.370
10100.000 6.989
10105.000 7.187
10110.000 7.289
10115.000 7.063
10120.000 6.320
10125.000 5.473
10130.000 5.051
10135.000 4.297
10140.000 3.960
10145.000 3.471
10150.000 3.090
10155.000 2.924
10160.000 2.626
10165.000 2.495
10170.000 2.261
10175.000 2.162
10180.000 1.981
10185.000 1.823
10190.000 1.753
10195.000 1.625
10200.000 1.505
10205.000 1.450
10210.000 1.352
10215.000 1.309
10220.000 1.229
10225.000 1.157
10230.000 1.127
10235.000 1.068
10240.000 1.041
10245.000 0.988
10250.000 0.933
10255.000 0.905
10260.000 0.857
10265.000 0.831
10270.000 0.777
10275.000 0.726
10280.000 0.705
10285.000 0.658
10290.000 0.641
10295.000 0.607
10300.000 0.575
10305.000 0.560
10310.000 0.534
10315.000 0.521
10320.000 0.499
10325.000 0.479
10330.000 0.468
10335.000 0.451
10340.000 0.442
10345.000 0.426
10350.000 0.411
10355.000 0.406
10360.000 0.394
10365.000 0.388
10370.000 0.377
10375.000 0.366
10380.000 0.366
10385.000 0.351
10390.000 0.348
10395.000 0.345
10400.000 0.341
10405.000 0.333
10410.000 0.326
10415.000 0.323
10420.000 0.318
10425.000 0.314
10430.000 0.312
10435.000 0.307
10440.000 0.305
10445.000 0.304
10450.000 0.302
10455.000 0.301
10460.000 0.299
10465.000 0.299
10470.000 0.297
10475.000 0.297
10480.000 0.298
10485.000 0.299
10490.000 0.300
10495.000 0.303
10500.000 0.306
10505.000 0.309
10510.000 0.313
10515.000 0.316
10520.000 0.321
10525.000 0.328
10530.000 0.334
10535.000 0.344
10540.000 0.347
10545.000 0.357
10550.000 0.369
10555.000 0.376
10560.000 0.388
10565.000 0.396
10570.000 0.410
10575.000 0.426
10580.000 0.433
10585.000 0.450
10590.000 0.461
10595.000 0.482
10600.000 0.494
10605.000 0.518
10610.000 0.539
10615.000 0.551
10620.000 0.580
10625.000 0.607
10630.000 0.617
10635.000 0.644
10640.000 0.654
10645.000 0.678
10650.000 0.699
10655.000 0.712
10660.000 0.726
10665.000 0.760
10670.000 0.794
10675.000 0.842
10680.000 0.843
10685.000 0.872
10690.000 0.907
10695.000 0.947
10700.000 0.977
10705.000 1.036
10710.000 1.116
10715.000 1.150
10720.000 1.219
10725.000 1.309
10730.000 1.356
10735.000 1.468
10740.000 1.530
10745.000 1.673
10750.000 1.753
10755.000 1.938
10760.000 2.161
10765.000 2.287
10770.000 2.580
10775.000 2.749
10780.000 3.139
10785.000 3.564
10790.000 3.800
10795.000 4.289
10800.000 4.503
10805.000 4.839
10810.000 4.944
10815.000 4.890
10820.000 4.590
10825.000 4.387
10830.000 3.949
10835.000 3.532
10840.000 3.337
10845.000 3.003
10850.000 2.872
10855.000 2.641
10860.000 2.441
10865.000 2.350
10870.000 2.188
10875.000 2.114
10880.000 1.979
10885.000 1.855
10890.000 1.803
10895.000 1.704
10900.000 1.663
10905.000 1.572
10910.000 1.498
10915.000 1.465
10920.000 1.399
10925.000 1.377
10930.000 1.321
10935.000 1.269
10940.000 1.248
10945.000 1.200
10950.000 1.175
10955.000 1.138
10960.000 1.104
10965.000 1.082
10970.000 1.053
10975.000 1.039
10980.000 1.012
10985.000 0.999
10990.000 0.983
10995.000 0.961
11000.000 0.956
11005.000 0.933
11010.000 0.912
11015.000 0.900
11020.000 0.893
11025.000 0.889
11030.000 0.888
11035.000 0.847
11040.000 0.915
11045.000 0.909
11050.000 0.883
11055.000 0.829
11060.000 0.800
11065.000 0.785
11070.000 0.771
11075.000 0.761
11080.000 0.751
11085.000 0.736
11090.000 0.730
11095.000 0.719
11100.000 0.718
11105.000 0.708
11110.000 0.699
11115.000 0.694
11120.000 0.690
11125.000 0.685
11130.000 0.677
11135.000 0.675
11140.000 0.671
11145.000 0.664
11150.000 0.660
11155.000 0.654
11160.000 0.651
11165.000 0.645
11170.000 0.640
11175.000 0.641
11180.000 0.634
11185.000 0.626
11190.000 0.625
11195.000 0.620
11200.000 0.616
11205.000 0.611
11210.000 0.606
11215.000 0.607
11220.000 0.598
11225.000 0.594
11230.000 0.589
11235.000 0.585
11240.000 0.581
11245.000 0.576
11250.000 0.574
11255.000 0.572
11260.000 0.572
11265.000 0.572
11270.000 0.568
11275.000 0.567
11280.000 0.562
11285.000 0.560
11290.000 0.556
11295.000 0.556
11300.000 0.555
11305.000 0.550
11310.000 0.549
11315.000 0.550
11320.000 0.547
11325.000 0.544
11330.000 0.539
11335.000 0.536
11340.000 0.535
11345.000 0.536
11350.000 0.533
11355.000 0.532
11360.000 0.532
11365.000 0.530
11370.000 0.530
11375.000 0.528
11380.000 0.527
11385.000 0.525
11390.000 0.523
11395.000 0.520
11400.000 0.521
11405.000 0.518
11410.000 0.517
11415.000 0.516
11420.000 0.515
11425.000 0.513
11430.000 0.509
11435.000 0.506
11440.000 0.504
11445.000 0.500
11450.000 0.499
11455.000 0.497
11460.000 0.499
11465.000 0.498
11470.000 0.500
11475.000 0.499
11480.000 0.497
11485.000 0.495
11490.000 0.495
11495.000 0.493
11500.000 0.491
11505.000 0.493
11510.000 0.493
11515.000 0.491
11520.000 0.494
11525.000 0.491
11530.000 0.488
11535.000 0.486
11540.000 0.485
11545.000 0.481
11550.000 0.483
11555.000 0.479
11560.000 0.479
11565.000 0.479
11570.000 0.480
11575.000 0.479
11580.000 0.476
11585.000 0.477
11590.000 0.475
11595.000 0.475
11600.000 0.475
11605.000 0.475
11610.000 0.474
11615.000 0.471
11620.000 0.471
11625.000 0.470
11630.000 0.468
11635.000 0.469
11640.000 0.469
11645.000 0.467
11650.000 0.469
11655.000 0.471
11660.000 0.467
11665.000 0.465
11670.000 0.466
11675.000 0.465
11680.000 0.466
11685.000 0.465
11690.000 0.463
11695.000 0.464
11700.000 0.461
11705.000 0.460
11710.000 0.461
11715.000 0.461
11720.000 0.456
11725.000 0.457
11730.000 0.457
11735.000 0.457
11740.000 0.457
11745.000 0.457
11750.000 0.456
11755.000 0.460
11760.000 0.459
11765.000 0.456
11770.000 0.460
11775.000 0.457
11780.000 0.457
11785.000 0.455
11790.000 0.450
11795.000 0.452
11800.000 0.446
11805.000 0.449
11810.000 0.449
11815.000 0.449
11820.000 0.449
11825.000 0.450
11830.000 0.450
11835.000 0.447
11840.000 0.448
11845.000 0.445
11850.000 0.442
11855.000 0.444
11860.000 0.442
11865.000 0.442
11870.000 0.440
11875.000 0.441
11880.000 0.440
11885.000 0.442
11890.000 0.439
11895.000 0.440
11900.000 0.441
11905.000 0.441
11910.000 0.443
11915.000 0.443
11920.000 0.441
11925.000 0.440
11930.000 0.442
11935.000 0.441
11940.000 0.442
11945.000 0.443
11950.000 0.438
11955.000 0.443
11960.000 0.442
11965.000 0.438
11970.000 0.438
11975.000 0.437
11980.000 0.437
11985.000 0.438
11990.000 0.435
11995.000 0.441
12000.000 0.439
