105.000 0.031
110.000 1.389
115.000 4.379
120.000 5.190
125.000 5.673
130.000 5.874
135.000 6.081
140.000 6.330
145.000 7.044
150.000 7.670
155.000 8.087
160.000 9.211
165.000 9.586
170.000 10.349
175.000 10.825
180.000 11.147
185.000 11.622
190.000 11.967
195.000 12.604
200.000 13.104
205.000 13.576
210.000 14.112
215.000 14.546
220.000 15.277
225.000 15.420
230.000 15.339
235.000 14.336
240.000 13.660
245.000 13.052
250.000 13.003
255.000 13.129
260.000 13.597
265.000 14.701
270.000 15.447
275.000 16.086
280.000 17.264
285.000 18.474
290.000 19.322
295.000 20.775
300.000 22.673
305.000 23.783
310.000 27.700
315.000 29.741
320.000 34.115
325.000 38.884
330.000 41.373
335.000 46.678
340.000 49.527
345.000 56.158
350.000 63.404
355.000 66.493
360.000 67.927
365.000 67.162
370.000 64.424
375.000 63.979
380.000 64.485
385.000 65.056
390.000 65.044
395.000 64.625
400.000 63.419
405.000 62.717
410.000 60.060
415.000 58.896
420.000 57.322
425.000 56.567
430.000 55.226
435.000 53.254
440.000 52.394
445.000 50.404
450.000 49.290
455.000 46.668
460.000 43.916
465.000 42.477
470.000 41.005
475.000 37.947
480.000 34.797
485.000 31.526
490.000 29.929
495.000 26.945
500.000 25.609
505.000 23.208
510.000 21.111
515.000 20.192
520.000 18.506
525.000 17.758
530.000 16.415
535.000 15.813
540.000 14.730
545.000 13.797
550.000 13.373
555.000 12.584
560.000 11.921
565.000 11.609
570.000 11.066
575.000 10.823
580.000 10.383
585.000 9.981
590.000 9.787
595.000 9.449
600.000 9.292
605.000 9.014
610.000 8.759
615.000 8.636
620.000 8.434
625.000 8.284
630.000 7.782
635.000 7.323
640.000 7.120
645.000 6.829
650.000 6.691
655.000 6.509
660.000 6.422
665.000 6.421
670.000 6.597
675.000 6.767
680.000 7.229
685.000 8.000
690.000 8.511
695.000 9.942
700.000 10.969
705.000 14.194
710.000 16.469
715.000 22.657
720.000 30.276
725.000 33.878
730.000 38.198
735.000 36.966
740.000 25.416
745.000 16.022
750.000 13.150
755.000 9.437
760.000 8.188
765.000 6.388
770.000 5.189
775.000 4.706
780.000 3.925
785.000 3.595
790.000 3.064
795.000 2.653
800.000 2.489
805.000 2.235
810.000 2.139
815.000 1.971
820.000 1.807
825.000 1.736
830.000 1.598
835.000 1.539
840.000 1.424
845.000 1.330
850.000 1.289
855.000 1.220
860.000 1.186
865.000 1.126
870.000 1.068
875.000 1.044
880.000 0.996
885.000 0.979
890.000 0.941
895.000 0.909
900.000 0.896
905.000 0.870
910.000 0.858
915.000 0.838
920.000 0.823
925.000 0.812
930.000 0.800
935.000 0.795
940.000 0.789
945.000 0.782
950.000 0.783
955.000 0.781
960.000 0.780
965.000 0.778
970.000 0.788
975.000 0.791
980.000 0.800
985.000 0.811
990.000 0.822
995.000 0.847
1000.000 0.864
1005.000 0.893
1010.000 0.912
1015.000 0.958
1020.000 1.025
1025.000 1.057
1030.000 1.144
1035.000 1.198
1040.000 1.349
1045.000 1.561
1050.000 1.702
1055.000 2.143
1060.000 2.461
1065.000 3.485
1070.000 5.462
1075.000 6.656
1080.000 9.047
1085.000 9.713
1090.000 8.115
1095.000 6.105
1100.000 4.946
1105.000 4.053
1110.000 2.886
1115.000 2.161
1120.000 1.913
1125.000 1.547
1130.000 1.287
1135.000 1.190
1140.000 1.032
1145.000 0.911
1150.000 0.862
1155.000 0.786
1160.000 0.751
1165.000 0.699
1170.000 0.677
1175.000 0.643
1180.000 0.612
1185.000 0.602
1190.000 0.582
1195.000 0.570
1200.000 0.564
1205.000 0.556
1210.000 0.554
1215.000 0.549
1220.000 0.548
1225.000 0.552
1230.000 0.551
1235.000 0.554
1240.000 0.560
1245.000 0.570
1250.000 0.575
1255.000 0.590
1260.000 0.597
1265.000 0.613
1270.000 0.631
1275.000 0.643
1280.000 0.669
1285.000 0.683
1290.000 0.718
1295.000 0.758
1300.000 0.782
1305.000 0.824
1310.000 0.844
1315.000 0.887
1320.000 0.909
1325.000 0.965
1330.000 1.025
1335.000 1.063
1340.000 1.137
1345.000 1.182
1350.000 1.282
1355.000 1.399
1360.000 1.469
1365.000 1.631
1370.000 1.731
1375.000 1.976
1380.000 2.296
1385.000 2.505
1390.000 3.056
1395.000 3.438
1400.000 4.480
1405.000 6.175
1410.000 7.384
1415.000 10.789
1420.000 12.959
1425.000 17.593
1430.000 21.137
1435.000 21.836
1440.000 19.313
1445.000 16.633
1450.000 11.869
1455.000 8.646
1460.000 7.457
1465.000 5.710
1470.000 5.075
1475.000 4.143
1480.000 3.782
1485.000 3.222
1490.000 2.815
1495.000 2.656
1500.000 2.429
1505.000 2.346
1510.000 2.204
1515.000 2.092
1520.000 2.051
1525.000 1.967
1530.000 1.895
1535.000 1.867
1540.000 1.815
1545.000 1.794
1550.000 1.751
1555.000 1.719
1560.000 1.709
1565.000 1.685
1570.000 1.674
1575.000 1.652
1580.000 1.633
1585.000 1.627
1590.000 1.615
1595.000 1.608
1600.000 1.602
1605.000 1.590
1610.000 1.587
1615.000 1.581
1620.000 1.577
1625.000 1.572
1630.000 1.568
1635.000 1.571
1640.000 1.584
1645.000 1.616
1650.000 1.639
1655.000 1.686
1660.000 1.719
1665.000 1.819
1670.000 1.877
1675.000 2.071
1680.000 2.329
1685.000 2.533
1690.000 2.724
1695.000 3.165
1700.000 3.754
1705.000 4.538
1710.000 5.019
1715.000 6.199
1720.000 6.933
1725.000 8.900
1730.000 11.622
1735.000 13.164
1740.000 16.834
1745.000 18.912
1750.000 23.419
1755.000 25.827
1760.000 30.944
1765.000 33.585
1770.000 38.684
1775.000 40.975
1780.000 38.171
1785.000 34.631
1790.000 30.868
1795.000 23.985
1800.000 18.470
1805.000 16.281
1810.000 12.884
1815.000 10.397
1820.000 9.438
1825.000 7.960
1830.000 7.387
1835.000 6.470
1840.000 5.804
1845.000 5.532
1850.000 5.164
1855.000 4.917
1860.000 4.798
1865.000 4.593
1870.000 4.499
1875.000 4.333
1880.000 4.190
1885.000 4.130
1890.000 4.019
1895.000 3.978
1900.000 3.897
1905.000 3.860
1910.000 3.803
1915.000 3.764
1920.000 3.753
1925.000 3.730
1930.000 3.714
1935.000 3.749
1940.000 3.751
1945.000 3.761
1950.000 3.783
1955.000 3.796
1960.000 3.844
1965.000 3.899
1970.000 3.931
1975.000 4.014
1980.000 4.074
1985.000 4.182
1990.000 4.298
1995.000 4.378
2000.000 4.531
2005.000 4.618
2010.000 4.806
2015.000 5.042
2020.000 5.237
2025.000 5.520
2030.000 5.676
2035.000 6.075
2040.000 6.561
2045.000 6.850
2050.000 7.496
2055.000 7.889
2060.000 8.915
2065.000 10.285
2070.000 11.131
2075.000 13.260
2080.000 14.590
2085.000 17.847
2090.000 21.791
2095.000 23.834
2100.000 27.376
2105.000 28.705
2110.000 28.512
2115.000 24.452
2120.000 21.888
2125.000 17.046
2130.000 15.042
2135.000 11.943
2140.000 9.764
2145.000 8.972
2150.000 7.650
2155.000 7.187
2160.000 6.504
2165.000 5.937
2170.000 5.683
2175.000 5.239
2180.000 5.047
2185.000 4.694
2190.000 4.538
2195.000 4.248
2200.000 4.008
2205.000 3.898
2210.000 3.707
2215.000 3.533
2220.000 3.461
2225.000 3.385
2230.000 3.269
2235.000 3.128
2240.000 2.979
2245.000 2.916
2250.000 2.808
2255.000 2.761
2260.000 2.685
2265.000 2.652
2270.000 2.615
2275.000 2.590
2280.000 2.584
2285.000 2.584
2290.000 2.607
2295.000 2.626
2300.000 2.681
2305.000 2.719
2310.000 2.821
2315.000 2.964
2320.000 3.036
2325.000 3.178
2330.000 3.258
2335.000 3.456
2340.000 3.707
2345.000 3.875
2350.000 4.324
2355.000 4.648
2360.000 5.549
2365.000 6.993
2370.000 8.004
2375.000 10.631
2380.000 12.168
2385.000 14.446
2390.000 14.328
2395.000 10.972
2400.000 7.148
2405.000 5.827
2410.000 4.049
2415.000 2.973
2420.000 2.584
2425.000 1.998
2430.000 1.778
2435.000 1.438
2440.000 1.186
2445.000 1.084
2450.000 0.915
2455.000 0.844
2460.000 0.721
2465.000 0.622
2470.000 0.580
2475.000 0.507
2480.000 0.474
2485.000 0.421
2490.000 0.397
2495.000 0.356
2500.000 0.324
2505.000 0.309
2510.000 0.285
2515.000 0.274
2520.000 0.257
2525.000 0.240
2530.000 0.234
2535.000 0.223
2540.000 0.219
2545.000 0.209
2550.000 0.207
2555.000 0.201
2560.000 0.196
2565.000 0.196
2570.000 0.192
2575.000 0.190
2580.000 0.189
2585.000 0.186
2590.000 0.185
2595.000 0.185
2600.000 0.185
2605.000 0.187
2610.000 0.186
2615.000 0.185
2620.000 0.185
2625.000 0.187
2630.000 0.188
2635.000 0.186
2640.000 0.189
2645.000 0.190
2650.000 0.192
2655.000 0.193
2660.000 0.191
2665.000 0.193
2670.000 0.193
2675.000 0.196
2680.000 0.195
2685.000 0.196
2690.000 0.195
2695.000 0.198
2700.000 0.200
2705.000 0.198
2710.000 0.199
2715.000 0.201
2720.000 0.200
2725.000 0.203
2730.000 0.203
2735.000 0.204
2740.000 0.204
2745.000 0.205
2750.000 0.207
2755.000 0.208
2760.000 0.209
2765.000 0.208
2770.000 0.210
2775.000 0.211
2780.000 0.210
2785.000 0.213
2790.000 0.210
2795.000 0.211
2800.000 0.215
2805.000 0.215
2810.000 0.215
2815.000 0.216
2820.000 0.217
2825.000 0.217
2830.000 0.217
2835.000 0.218
2840.000 0.219
2845.000 0.218
2850.000 0.219
2855.000 0.219
2860.000 0.219
2865.000 0.222
2870.000 0.220
2875.000 0.219
2880.000 0.220
2885.000 0.220
2890.000 0.221
2895.000 0.221
2900.000 0.222
2905.000 0.222
2910.000 0.225
2915.000 0.224
2920.000 0.227
2925.000 0.229
2930.000 0.229
2935.000 0.229
2940.000 0.231
2945.000 0.237
2950.000 0.236
2955.000 0.231
2960.000 0.236
2965.000 0.232
2970.000 0.240
2975.000 0.235
2980.000 0.237
2985.000 0.244
2990.000 0.233
2995.000 0.236
3000.000 0.232
3005.000 0.235
3010.000 0.239
3015.000 0.237
3020.000 0.242
3025.000 0.237
3030.000 0.244
3035.000 0.246
3040.000 0.237
3045.000 0.240
3050.000 0.248
3055.000 0.243
3060.000 0.245
3065.000 0.245
3070.000 0.243
3075.000 0.245
3080.000 0.246
3085.000 0.248
3090.000 0.250
3095.000 0.251
3100.000 0.251
3105.000 0.250
3110.000 0.252
3115.000 0.255
3120.000 0.257
3125.000 0.259
3130.000 0.260
3135.000 0.265
3140.000 0.263
3145.000 0.268
3150.000 0.269
3155.000 0.275
3160.000 0.280
3165.000 0.286
3170.000 0.292
3175.000 0.291
3180.000 0.299
3185.000 0.309
3190.000 0.313
3195.000 0.325
3200.000 0.331
3205.000 0.341
3210.000 0.355
3215.000 0.366
3220.000 0.386
3225.000 0.396
3230.000 0.418
3235.000 0.447
3240.000 0.461
3245.000 0.495
3250.000 0.515
3255.000 0.559
3260.000 0.613
3265.000 0.640
3270.000 0.712
3275.000 0.752
3280.000 0.849
3285.000 0.978
3290.000 1.059
3295.000 1.271
3300.000 1.411
3305.000 1.812
3310.000 2.449
3315.000 2.905
3320.000 4.175
3325.000 4.989
3330.000 6.945
3335.000 8.083
3340.000 10.810
3345.000 14.320
3350.000 16.320
3355.000 19.923
3360.000 21.054
3365.000 20.209
3370.000 16.611
3375.000 14.932
3380.000 12.109
3385.000 10.013
3390.000 9.128
3395.000 7.661
3400.000 7.065
3405.000 6.126
3410.000 5.451
3415.000 5.187
3420.000 4.794
3425.000 4.648
3430.000 4.451
3435.000 4.422
3440.000 4.448
3445.000 4.614
3450.000 4.756
3455.000 5.161
3460.000 5.783
3465.000 6.191
3470.000 7.327
3475.000 8.116
3480.000 10.318
3485.000 13.559
3490.000 15.522
3495.000 19.234
3500.000 20.359
3505.000 19.631
3510.000 15.361
3515.000 13.113
3520.000 9.526
3525.000 8.234
3530.000 6.366
3535.000 5.124
3540.000 4.660
3545.000 3.980
3550.000 3.745
3555.000 3.396
3560.000 3.118
3565.000 2.995
3570.000 2.799
3575.000 2.713
3580.000 2.566
3585.000 2.431
3590.000 2.377
3595.000 2.275
3600.000 2.225
3605.000 2.130
3610.000 2.055
3615.000 2.023
3620.000 1.972
3625.000 1.956
3630.000 1.934
3635.000 1.923
3640.000 1.921
3645.000 1.934
3650.000 1.941
3655.000 1.976
3660.000 2.022
3665.000 2.058
3670.000 2.137
3675.000 2.187
3680.000 2.321
3685.000 2.386
3690.000 2.522
3695.000 2.643
3700.000 2.713
3705.000 2.896
3710.000 3.013
3715.000 3.314
3720.000 3.745
3725.000 4.031
3730.000 4.775
3735.000 5.271
3740.000 6.664
3745.000 8.785
3750.000 10.202
3755.000 13.692
3760.000 15.621
3765.000 18.745
3770.000 19.255
3775.000 17.957
3780.000 13.501
3785.000 11.396
3790.000 8.154
3795.000 6.100
3800.000 5.368
3805.000 4.295
3810.000 3.892
3815.000 3.271
3820.000 3.033
3825.000 2.705
3830.000 2.483
3835.000 2.391
3840.000 2.234
3845.000 2.093
3850.000 2.027
3855.000 1.896
3860.000 1.835
3865.000 1.734
3870.000 1.641
3875.000 1.604
3880.000 1.537
3885.000 1.505
3890.000 1.446
3895.000 1.391
3900.000 1.365
3905.000 1.342
3910.000 1.309
3915.000 1.284
3920.000 1.272
3925.000 1.264
3930.000 1.261
3935.000 1.267
3940.000 1.274
3945.000 1.289
3950.000 1.301
3955.000 1.333
3960.000 1.356
3965.000 1.392
3970.000 1.420
3975.000 1.449
3980.000 1.502
3985.000 1.525
3990.000 1.611
3995.000 1.638
4000.000 1.738
4005.000 1.889
4010.000 1.970
4015.000 2.157
4020.000 2.263
4025.000 2.532
4030.000 2.875
4035.000 3.113
4040.000 3.717
4045.000 4.127
4050.000 5.265
4055.000 6.910
4060.000 7.952
4065.000 10.101
4070.000 10.926
4075.000 11.092
4080.000 9.006
4085.000 7.698
4090.000 5.480
4095.000 4.663
4100.000 3.507
4105.000 2.759
4110.000 2.478
4115.000 2.052
4120.000 1.889
4125.000 1.645
4130.000 1.466
4135.000 1.394
4140.000 1.267
4145.000 1.211
4150.000 1.115
4155.000 1.041
4160.000 1.006
4165.000 0.946
4170.000 0.912
4175.000 0.852
4180.000 0.805
4185.000 0.783
4190.000 0.750
4195.000 0.735
4200.000 0.711
4205.000 0.691
4210.000 0.684
4215.000 0.674
4220.000 0.669
4225.000 0.663
4230.000 0.661
4235.000 0.663
4240.000 0.665
4245.000 0.667
4250.000 0.675
4255.000 0.684
4260.000 0.689
4265.000 0.704
4270.000 0.713
4275.000 0.730
4280.000 0.755
4285.000 0.769
4290.000 0.804
4295.000 0.822
4300.000 0.858
4305.000 0.905
4310.000 0.933
4315.000 0.999
4320.000 1.038
4325.000 1.133
4330.000 1.273
4335.000 1.363
4340.000 1.608
4345.000 1.770
4350.000 2.237
4355.000 2.987
4360.000 3.505
4365.000 4.895
4370.000 5.712
4375.000 7.427
4380.000 8.551
4385.000 8.555
4390.000 7.243
4395.000 6.273
4400.000 4.564
4405.000 3.371
4410.000 2.953
4415.000 2.344
4420.000 2.127
4425.000 1.793
4430.000 1.537
4435.000 1.444
4440.000 1.303
4445.000 1.250
4450.000 1.159
4455.000 1.088
4460.000 1.057
4465.000 1.003
4470.000 0.980
4475.000 0.940
4480.000 0.924
4485.000 0.894
4490.000 0.879
4495.000 0.859
4500.000 0.839
4505.000 0.831
4510.000 0.819
4515.000 0.810
4520.000 0.805
4525.000 0.796
4530.000 0.795
4535.000 0.795
4540.000 0.796
4545.000 0.800
4550.000 0.807
4555.000 0.817
4560.000 0.830
4565.000 0.849
4570.000 0.867
4575.000 0.878
4580.000 0.884
4585.000 0.910
4590.000 0.943
4595.000 0.961
4600.000 1.000
4605.000 1.020
4610.000 1.082
4615.000 1.148
4620.000 1.192
4625.000 1.294
4630.000 1.357
4635.000 1.524
4640.000 1.771
4645.000 1.932
4650.000 2.328
4655.000 2.594
4660.000 3.287
4665.000 4.206
4670.000 4.686
4675.000 5.388
4680.000 5.430
4685.000 4.599
4690.000 3.345
4695.000 2.810
4700.000 2.030
4705.000 1.748
4710.000 1.331
4715.000 1.045
4720.000 0.933
4725.000 0.778
4730.000 0.716
4735.000 0.618
4740.000 0.533
4745.000 0.495
4750.000 0.422
4755.000 0.390
4760.000 0.339
4765.000 0.296
4770.000 0.277
4775.000 0.247
4780.000 0.233
4785.000 0.208
4790.000 0.198
4795.000 0.178
4800.000 0.165
4805.000 0.158
4810.000 0.145
4815.000 0.136
4820.000 0.133
4825.000 0.126
4830.000 0.124
4835.000 0.123
4840.000 0.123
4845.000 0.127
4850.000 0.137
4855.000 0.142
4860.000 0.161
4865.000 0.186
4870.000 0.202
4875.000 0.243
4880.000 0.267
4885.000 0.338
4890.000 0.385
4895.000 0.521
4900.000 0.747
4905.000 0.907
4910.000 1.326
4915.000 1.835
4920.000 2.135
4925.000 2.892
4930.000 3.392
4935.000 4.667
4940.000 5.989
4945.000 6.473
4950.000 6.781
4955.000 6.596
4960.000 5.773
4965.000 4.872
4970.000 4.468
4975.000 3.821
4980.000 3.558
4985.000 3.078
4990.000 2.674
4995.000 2.482
5000.000 2.176
5005.000 2.030
5010.000 1.806
5015.000 1.635
5020.000 1.575
5025.000 1.444
5030.000 1.390
5035.000 1.308
5040.000 1.262
5045.000 1.257
5050.000 1.258
5055.000 1.259
5060.000 1.264
5065.000 1.265
5070.000 1.280
5075.000 1.300
5080.000 1.316
5085.000 1.358
5090.000 1.408
5095.000 1.432
5100.000 1.508
5105.000 1.556
5110.000 1.651
5115.000 1.778
5120.000 1.861
5125.000 2.075
5130.000 2.191
5135.000 2.402
5140.000 2.417
5145.000 2.305
5150.000 1.900
5155.000 1.649
5160.000 1.177
5165.000 0.963
5170.000 0.684
5175.000 0.497
5180.000 0.425
5185.000 0.305
5190.000 0.265
5195.000 0.205
5200.000 0.176
5205.000 0.165
5210.000 0.162
5215.000 0.161
5220.000 0.167
5225.000 0.173
5230.000 0.177
5235.000 0.186
5240.000 0.192
5245.000 0.201
5250.000 0.212
5255.000 0.219
5260.000 0.227
5265.000 0.232
5270.000 0.239
5275.000 0.247
5280.000 0.249
5285.000 0.258
5290.000 0.260
5295.000 0.266
5300.000 0.274
5305.000 0.275
5310.000 0.281
5315.000 0.284
5320.000 0.289
5325.000 0.296
5330.000 0.298
5335.000 0.301
5340.000 0.301
5345.000 0.305
5350.000 0.310
5355.000 0.311
5360.000 0.314
5365.000 0.313
5370.000 0.317
5375.000 0.318
5380.000 0.319
5385.000 0.320
5390.000 0.320
5395.000 0.323
5400.000 0.325
5405.000 0.324
5410.000 0.323
5415.000 0.326
5420.000 0.325
5425.000 0.326
5430.000 0.327
5435.000 0.326
5440.000 0.329
5445.000 0.328
5450.000 0.325
5455.000 0.331
5460.000 0.329
5465.000 0.329
5470.000 0.329
5475.000 0.331
5480.000 0.330
5485.000 0.332
5490.000 0.332
5495.000 0.328
5500.000 0.334
5505.000 0.335
5510.000 0.333
5515.000 0.335
5520.000 0.344
5525.000 0.337
5530.000 0.344
5535.000 0.340
5540.000 0.340
5545.000 0.333
5550.000 0.334
5555.000 0.335
5560.000 0.335
5565.000 0.333
5570.000 0.335
5575.000 0.335
5580.000 0.338
5585.000 0.337
5590.000 0.335
5595.000 0.339
5600.000 0.338
5605.000 0.337
5610.000 0.336
5615.000 0.338
5620.000 0.334
5625.000 0.333
5630.000 0.337
5635.000 0.338
5640.000 0.339
5645.000 0.339
5650.000 0.340
5655.000 0.338
5660.000 0.341
5665.000 0.342
5670.000 0.338
5675.000 0.342
5680.000 0.343
5685.000 0.344
5690.000 0.343
5695.000 0.346
5700.000 0.344
5705.000 0.342
5710.000 0.341
5715.000 0.342
5720.000 0.342
5725.000 0.343
5730.000 0.342
5735.000 0.343
5740.000 0.342
5745.000 0.344
5750.000 0.345
5755.000 0.345
5760.000 0.344
5765.000 0.344
5770.000 0.345
5775.000 0.347
5780.000 0.344
5785.000 0.345
5790.000 0.346
5795.000 0.348
5800.000 0.344
5805.000 0.345
5810.000 0.347
5815.000 0.344
5820.000 0.344
5825.000 0.347
5830.000 0.344
5835.000 0.344
5840.000 0.348
5845.000 0.346
5850.000 0.345
5855.000 0.347
5860.000 0.349
5865.000 0.347
5870.000 0.348
5875.000 0.348
5880.000 0.350
5885.000 0.349
5890.000 0.350
5895.000 0.352
5900.000 0.350
5905.000 0.351
5910.000 0.351
5915.000 0.352
5920.000 0.350
5925.000 0.354
5930.000 0.350
5935.000 0.352
5940.000 0.348
5945.000 0.350
5950.000 0.350
5955.000 0.355
5960.000 0.354
5965.000 0.359
5970.000 0.352
5975.000 0.354
5980.000 0.359
5985.000 0.351
5990.000 0.362
5995.000 0.356
6000.000 0.354
6005.000 0.361
6010.000 0.360
6015.000 0.368
6020.000 0.358
6025.000 0.358
6030.000 0.358
6035.000 0.365
6040.000 0.365
6045.000 0.363
6050.000 0.357
6055.000 0.363
6060.000 0.362
6065.000 0.357
6070.000 0.358
6075.000 0.357
6080.000 0.355
6085.000 0.356
6090.000 0.358
6095.000 0.359
6100.000 0.358
6105.000 0.355
6110.000 0.359
6115.000 0.358
6120.000 0.359
6125.000 0.357
6130.000 0.356
6135.000 0.363
6140.000 0.361
6145.000 0.361
6150.000 0.362
6155.000 0.359
6160.000 0.359
6165.000 0.359
6170.000 0.361
6175.000 0.359
6180.000 0.359
6185.000 0.362
6190.000 0.362
6195.000 0.360
6200.000 0.359
6205.000 0.361
6210.000 0.362
6215.000 0.361
6220.000 0.363
6225.000 0.362
6230.000 0.365
6235.000 0.365
6240.000 0.367
6245.000 0.363
6250.000 0.363
6255.000 0.364
6260.000 0.366
6265.000 0.365
6270.000 0.367
6275.000 0.365
6280.000 0.367
6285.000 0.367
6290.000 0.367
6295.000 0.367
6300.000 0.368
6305.000 0.380
6310.000 0.372
6315.000 0.382
6320.000 0.380
6325.000 0.373
6330.000 0.372
6335.000 0.367
6340.000 0.370
6345.000 0.373
6350.000 0.371
6355.000 0.370
6360.000 0.371
6365.000 0.371
6370.000 0.369
6375.000 0.372
6380.000 0.374
6385.000 0.374
6390.000 0.374
6395.000 0.371
6400.000 0.373
6405.000 0.375
6410.000 0.375
6415.000 0.377
6420.000 0.376
6425.000 0.378
6430.000 0.379
6435.000 0.378
6440.000 0.381
6445.000 0.385
6450.000 0.383
6455.000 0.383
6460.000 0.387
6465.000 0.387
6470.000 0.384
6475.000 0.389
6480.000 0.389
6485.000 0.392
6490.000 0.398
6495.000 0.399
6500.000 0.402
6505.000 0.405
6510.000 0.403
6515.000 0.411
6520.000 0.419
6525.000 0.424
6530.000 0.421
6535.000 0.428
6540.000 0.432
6545.000 0.442
6550.000 0.446
6555.000 0.453
6560.000 0.459
6565.000 0.475
6570.000 0.487
6575.000 0.500
6580.000 0.520
6585.000 0.530
6590.000 0.562
6595.000 0.598
6600.000 0.617
6605.000 0.662
6610.000 0.694
6615.000 0.765
6620.000 0.865
6625.000 0.928
6630.000 1.099
6635.000 1.213
6640.000 1.536
6645.000 2.035
6650.000 2.434
6655.000 3.416
6660.000 4.054
6665.000 5.636
6670.000 7.536
6675.000 8.536
6680.000 10.024
6685.000 10.203
6690.000 9.272
6695.000 8.455
6700.000 6.949
6705.000 5.789
6710.000 5.326
6715.000 4.629
6720.000 4.172
6725.000 4.019
6730.000 3.844
6735.000 3.846
6740.000 4.020
6745.000 4.438
6750.000 4.757
6755.000 5.686
6760.000 6.313
6765.000 7.989
6770.000 10.167
6775.000 11.317
6780.000 13.210
6785.000 13.696
6790.000 12.983
6795.000 10.266
6800.000 8.928
6805.000 7.757
6810.000 5.967
6815.000 4.783
6820.000 4.349
6825.000 3.724
6830.000 3.290
6835.000 3.120
6840.000 2.890
6845.000 2.759
6850.000 2.708
6855.000 2.632
6860.000 2.607
6865.000 2.570
6870.000 2.548
6875.000 2.548
6880.000 2.563
6885.000 2.578
6890.000 2.627
6895.000 2.693
6900.000 2.746
6905.000 2.856
6910.000 2.925
6915.000 3.081
6920.000 3.283
6925.000 3.413
6930.000 3.571
6935.000 3.972
6940.000 4.562
6945.000 5.427
6950.000 6.074
6955.000 7.583
6960.000 8.539
6965.000 10.660
6970.000 11.637
6975.000 12.862
6980.000 12.041
6985.000 10.889
6990.000 8.360
6995.000 7.266
7000.000 5.573
7005.000 4.434
7010.000 4.004
7015.000 3.657
7020.000 3.145
7025.000 2.812
7030.000 2.557
7035.000 2.442
7040.000 2.260
7045.000 2.180
7050.000 2.051
7055.000 1.997
7060.000 1.895
7065.000 1.848
7070.000 1.783
7075.000 1.723
7080.000 1.676
7085.000 1.653
7090.000 1.641
7095.000 1.617
7100.000 1.604
7105.000 1.595
7110.000 1.597
7115.000 1.607
7120.000 1.618
7125.000 1.650
7130.000 1.693
7135.000 1.721
7140.000 1.784
7145.000 1.826
7150.000 1.917
7155.000 2.035
7160.000 2.105
7165.000 2.282
7170.000 2.395
7175.000 2.694
7180.000 3.120
7185.000 3.401
7190.000 4.139
7195.000 4.626
7200.000 5.854
7205.000 7.408
7210.000 8.211
7215.000 9.583
7220.000 9.954
7225.000 9.451
7230.000 7.692
7235.000 6.783
7240.000 5.239
7245.000 4.586
7250.000 3.707
7255.000 3.374
7260.000 2.873
7265.000 2.530
7270.000 2.403
7275.000 2.221
7280.000 2.154
7285.000 2.030
7290.000 1.923
7295.000 1.862
7300.000 1.790
7305.000 1.757
7310.000 1.695
7315.000 1.651
7320.000 1.630
7325.000 1.597
7330.000 1.579
7335.000 1.572
7340.000 1.560
7345.000 1.561
7350.000 1.575
7355.000 1.585
7360.000 1.646
7365.000 1.711
7370.000 1.703
7375.000 1.664
7380.000 1.653
7385.000 1.670
7390.000 1.717
7395.000 1.748
7400.000 1.805
7405.000 1.842
7410.000 1.932
7415.000 2.044
7420.000 2.108
7425.000 2.268
7430.000 2.364
7435.000 2.611
7440.000 2.945
7445.000 3.157
7450.000 3.717
7455.000 4.070
7460.000 4.938
7465.000 5.442
7470.000 6.453
7475.000 7.180
7480.000 7.225
7485.000 6.432
7490.000 5.143
7495.000 4.532
7500.000 3.534
7505.000 3.149
7510.000 2.573
7515.000 2.172
7520.000 2.031
7525.000 1.795
7530.000 1.700
7535.000 1.535
7540.000 1.398
7545.000 1.334
7550.000 1.235
7555.000 1.192
7560.000 1.113
7565.000 1.076
7570.000 1.020
7575.000 0.970
7580.000 0.935
7585.000 0.885
7590.000 0.840
7595.000 0.826
7600.000 0.793
7605.000 0.780
7610.000 0.765
7615.000 0.751
7620.000 0.749
7625.000 0.751
7630.000 0.753
7635.000 0.764
7640.000 0.776
7645.000 0.804
7650.000 0.842
7655.000 0.868
7660.000 0.936
7665.000 0.998
7670.000 1.030
7675.000 1.118
7680.000 1.169
7685.000 1.309
7690.000 1.506
7695.000 1.633
7700.000 1.971
7705.000 2.193
7710.000 2.751
7715.000 3.458
7720.000 3.871
7725.000 4.598
7730.000 4.743
7735.000 4.393
7740.000 3.603
7745.000 3.213
7750.000 2.559
7755.000 2.305
7760.000 1.914
7765.000 1.650
7770.000 1.551
7775.000 1.396
7780.000 1.342
7785.000 1.251
7790.000 1.184
7795.000 1.157
7800.000 1.111
7805.000 1.085
7810.000 1.050
7815.000 1.022
7820.000 1.016
7825.000 0.991
7830.000 0.984
7835.000 0.976
7840.000 0.968
7845.000 0.964
7850.000 0.966
7855.000 0.963
7860.000 0.973
7865.000 0.974
7870.000 0.987
7875.000 0.994
7880.000 1.018
7885.000 1.053
7890.000 1.064
7895.000 1.111
7900.000 1.165
7905.000 1.201
7910.000 1.281
7915.000 1.329
7920.000 1.445
7925.000 1.595
7930.000 1.681
7935.000 1.869
7940.000 1.952
7945.000 2.021
7950.000 1.853
7955.000 1.710
7960.000 1.406
7965.000 1.264
7970.000 1.020
7975.000 0.830
7980.000 0.755
7985.000 0.630
7990.000 0.569
7995.000 0.488
8000.000 0.416
8005.000 0.394
8010.000 0.356
8015.000 0.339
8020.000 0.306
8025.000 0.282
8030.000 0.285
8035.000 0.263
8040.000 0.259
8045.000 0.242
8050.000 0.222
8055.000 0.220
8060.000 0.198
8065.000 0.181
8070.000 0.154
8075.000 0.133
8080.000 0.083
8085.000 0.024
8090.000 0.016
8095.000 0.073
8100.000 0.101
8105.000 0.135
8110.000 0.137
8115.000 0.132
8120.000 0.135
8125.000 0.185
8130.000 0.227
8135.000 0.310
8140.000 0.341
8145.000 0.357
8150.000 0.354
8155.000 0.350
8160.000 0.348
8165.000 0.345
8170.000 0.343
8175.000 0.339
8180.000 0.338
8185.000 0.338
8190.000 0.338
8195.000 0.341
8200.000 0.340
8205.000 0.341
8210.000 0.341
8215.000 0.339
8220.000 0.339
8225.000 0.339
8230.000 0.337
8235.000 0.337
8240.000 0.334
8245.000 0.333
8250.000 0.334
8255.000 0.334
8260.000 0.333
8265.000 0.333
8270.000 0.335
8275.000 0.334
8280.000 0.336
8285.000 0.337
8290.000 0.337
8295.000 0.337
8300.000 0.336
8305.000 0.335
8310.000 0.337
8315.000 0.336
8320.000 0.337
8325.000 0.337
8330.000 0.337
8335.000 0.338
8340.000 0.338
8345.000 0.339
8350.000 0.338
8355.000 0.340
8360.000 0.339
8365.000 0.338
8370.000 0.338
8375.000 0.341
8380.000 0.340
8385.000 0.341
8390.000 0.342
8395.000 0.342
8400.000 0.341
8405.000 0.341
8410.000 0.341
8415.000 0.341
8420.000 0.341
8425.000 0.343
8430.000 0.344
8435.000 0.345
8440.000 0.346
8445.000 0.344
8450.000 0.346
8455.000 0.351
8460.000 0.350
8465.000 0.350
8470.000 0.348
8475.000 0.349
8480.000 0.351
8485.000 0.351
8490.000 0.353
8495.000 0.352
8500.000 0.349
8505.000 0.352
8510.000 0.352
8515.000 0.355
8520.000 0.355
8525.000 0.356
8530.000 0.354
8535.000 0.357
8540.000 0.357
8545.000 0.356
8550.000 0.357
8555.000 0.356
8560.000 0.358
8565.000 0.357
8570.000 0.359
8575.000 0.360
8580.000 0.363
8585.000 0.364
8590.000 0.365
8595.000 0.366
8600.000 0.365
8605.000 0.365
8610.000 0.365
8615.000 0.365
8620.000 0.367
8625.000 0.364
8630.000 0.366
8635.000 0.368
8640.000 0.367
8645.000 0.370
8650.000 0.370
8655.000 0.371
8660.000 0.369
8665.000 0.373
8670.000 0.369
8675.000 0.370
8680.000 0.371
8685.000 0.371
8690.000 0.371
8695.000 0.373
8700.000 0.374
8705.000 0.378
8710.000 0.375
8715.000 0.376
8720.000 0.377
8725.000 0.379
8730.000 0.380
8735.000 0.380
8740.000 0.384
8745.000 0.383
8750.000 0.385
8755.000 0.384
8760.000 0.385
8765.000 0.383
8770.000 0.384
8775.000 0.385
8780.000 0.388
8785.000 0.388
8790.000 0.392
8795.000 0.388
8800.000 0.389
8805.000 0.391
8810.000 0.389
8815.000 0.397
8820.000 0.399
8825.000 0.413
8830.000 0.407
8835.000 0.414
8840.000 0.395
8845.000 0.395
8850.000 0.397
8855.000 0.391
8860.000 0.391
8865.000 0.393
8870.000 0.395
8875.000 0.393
8880.000 0.392
8885.000 0.393
8890.000 0.391
8895.000 0.387
8900.000 0.388
8905.000 0.393
8910.000 0.392
8915.000 0.394
8920.000 0.393
8925.000 0.392
8930.000 0.391
8935.000 0.392
8940.000 0.393
8945.000 0.395
8950.000 0.394
8955.000 0.391
8960.000 0.393
8965.000 0.398
8970.000 0.395
8975.000 0.398
8980.000 0.400
8985.000 0.391
8990.000 0.392
8995.000 0.388
9000.000 0.392
9005.000 0.390
9010.000 0.390
9015.000 0.393
9020.000 0.392
9025.000 0.388
9030.000 0.394
9035.000 0.387
9040.000 0.392
9045.000 0.390
9050.000 0.386
9055.000 0.393
9060.000 0.389
9065.000 0.391
9070.000 0.390
9075.000 0.393
9080.000 0.393
9085.000 0.396
9090.000 0.395
9095.000 0.395
9100.000 0.394
9105.000 0.394
9110.000 0.395
9115.000 0.396
9120.000 0.396
9125.000 0.398
9130.000 0.399
9135.000 0.397
9140.000 0.395
9145.000 0.396
9150.000 0.393
9155.000 0.393
9160.000 0.395
9165.000 0.397
9170.000 0.396
9175.000 0.398
9180.000 0.394
9185.000 0.394
9190.000 0.391
9195.000 0.394
9200.000 0.393
9205.000 0.395
9210.000 0.394
9215.000 0.394
9220.000 0.399
9225.000 0.399
9230.000 0.398
9235.000 0.397
9240.000 0.398
9245.000 0.395
9250.000 0.397
9255.000 0.397
9260.000 0.398
9265.000 0.393
9270.000 0.396
9275.000 0.400
9280.000 0.400
9285.000 0.397
9290.000 0.401
9295.000 0.398
9300.000 0.399
9305.000 0.398
9310.000 0.397
9315.000 0.399
9320.000 0.400
9325.000 0.397
9330.000 0.398
9335.000 0.398
9340.000 0.398
9345.000 0.402
9350.000 0.403
9355.000 0.399
9360.000 0.395
9365.000 0.395
9370.000 0.400
9375.000 0.400
9380.000 0.401
9385.000 0.406
9390.000 0.399
9395.000 0.398
9400.000 0.398
9405.000 0.398
9410.000 0.402
9415.000 0.397
9420.000 0.400
9425.000 0.401
9430.000 0.403
9435.000 0.402
9440.000 0.400
9445.000 0.401
9450.000 0.398
9455.000 0.397
9460.000 0.400
9465.000 0.400
9470.000 0.398
9475.000 0.399
9480.000 0.398
9485.000 0.401
9490.000 0.398
9495.000 0.398
9500.000 0.397
9505.000 0.399
9510.000 0.399
9515.000 0.402
9520.000 0.400
9525.000 0.399
9530.000 0.399
9535.000 0.403
9540.000 0.401
9545.000 0.401
9550.000 0.399
9555.000 0.401
9560.000 0.401
9565.000 0.401
9570.000 0.408
9575.000 0.405
9580.000 0.403
9585.000 0.405
9590.000 0.405
9595.000 0.407
9600.000 0.404
9605.000 0.401
9610.000 0.404
9615.000 0.407
9620.000 0.402
9625.000 0.405
9630.000 0.404
9635.000 0.402
9640.000 0.402
9645.000 0.403
9650.000 0.400
9655.000 0.403
9660.000 0.404
9665.000 0.402
9670.000 0.405
9675.000 0.402
9680.000 0.403
9685.000 0.407
9690.000 0.407
9695.000 0.406
9700.000 0.406
9705.000 0.407
9710.000 0.406
9715.000 0.408
9720.000 0.409
9725.000 0.405
9730.000 0.405
9735.000 0.404
9740.000 0.406
9745.000 0.409
9750.000 0.409
9755.000 0.409
9760.000 0.409
9765.000 0.412
9770.000 0.411
9775.000 0.414
9780.000 0.416
9785.000 0.417
9790.000 0.418
9795.000 0.418
9800.000 0.420
9805.000 0.425
9810.000 0.435
9815.000 0.437
9820.000 0.433
9825.000 0.438
9830.000 0.438
9835.000 0.437
9840.000 0.441
9845.000 0.443
9850.000 0.445
9855.000 0.449
9860.000 0.450
9865.000 0.460
9870.000 0.466
9875.000 0.475
9880.000 0.486
9885.000 0.493
9890.000 0.511
9895.000 0.524
9900.000 0.542
9905.000 0.571
9910.000 0.590
9915.000 0.633
9920.000 0.660
9925.000 0.726
9930.000 0.821
9935.000 0.885
9940.000 1.042
9945.000 1.121
9950.000 1.241
9955.000 1.194
9960.000 1.099
9965.000 0.882
9970.000 0.782
9975.000 0.631
9980.000 0.549
9985.000 0.529
9990.000 0.504
9995.000 0.509
10000.000 0.542
10005.000 0.589
10010.000 0.629
10015.000 0.767
10020.000 0.877
10025.000 1.167
10030.000 1.644
10035.000 1.948
10040.000 2.724
10045.000 3.146
10050.000 3.981
10055.000 4.634
10060.000 4.804
10065.000 4.728
10070.000 4.498
10075.000 3.876
10080.000 3.234
10085.000 2.947
10090.000 2.481
10095.000 2.284
10100.000 1.976
10105.000 1.746
10110.000 1.656
10115.000 1.582
10120.000 1.466
10125.000 1.413
10130.000 1.392
10135.000 1.390
10140.000 1.398
10145.000 1.399
10150.000 1.429
10155.000 1.472
10160.000 1.495
10165.000 1.555
10170.000 1.590
10175.000 1.670
10180.000 1.786
10185.000 1.852
10190.000 2.021
10195.000 2.124
10200.000 2.379
10205.000 2.698
10210.000 2.869
10215.000 3.028
10220.000 3.221
10225.000 3.057
10230.000 2.867
10235.000 2.398
10240.000 1.951
10245.000 1.771
10250.000 1.456
10255.000 1.322
10260.000 1.107
10265.000 0.942
10270.000 0.876
10275.000 0.813
10280.000 0.717
10285.000 0.637
10290.000 0.579
10295.000 0.552
10300.000 0.506
10305.000 0.486
10310.000 0.458
10315.000 0.436
10320.000 0.427
10325.000 0.421
10330.000 0.418
10335.000 0.418
10340.000 0.426
10345.000 0.431
10350.000 0.451
10355.000 0.466
10360.000 0.496
10365.000 0.543
10370.000 0.571
10375.000 0.640
10380.000 0.682
10385.000 0.783
10390.000 0.945
10395.000 1.037
10400.000 1.309
10405.000 1.488
10410.000 1.852
10415.000 2.432
10420.000 2.768
10425.000 3.466
10430.000 3.787
10435.000 4.337
10440.000 4.419
10445.000 4.293
10450.000 3.776
10455.000 3.469
10460.000 2.890
10465.000 2.409
10470.000 2.210
10475.000 2.034
10480.000 1.760
10485.000 1.557
10490.000 1.406
10495.000 1.348
10500.000 1.265
10505.000 1.238
10510.000 1.198
10515.000 1.185
10520.000 1.155
10525.000 1.133
10530.000 1.129
10535.000 1.117
10540.000 1.112
10545.000 1.117
10550.000 1.116
10555.000 1.117
10560.000 1.124
10565.000 1.124
10570.000 1.135
10575.000 1.147
10580.000 1.158
10585.000 1.177
10590.000 1.191
10595.000 1.226
10600.000 1.266
10605.000 1.289
10610.000 1.351
10615.000 1.396
10620.000 1.468
10625.000 1.552
10630.000 1.596
10635.000 1.688
10640.000 1.730
10645.000 1.811
10650.000 1.856
10655.000 1.854
10660.000 1.819
10665.000 1.782
10670.000 1.647
10675.000 1.587
10680.000 1.377
10685.000 1.148
10690.000 1.037
10695.000 0.849
10700.000 0.701
10705.000 0.647
10710.000 0.558
10715.000 0.521
10720.000 0.458
10725.000 0.402
10730.000 0.372
10735.000 0.321
10740.000 0.294
10745.000 0.243
10750.000 0.204
10755.000 0.187
10760.000 0.158
10765.000 0.149
10770.000 0.130
10775.000 0.118
10780.000 0.115
10785.000 0.112
10790.000 0.111
10795.000 0.115
10800.000 0.121
10805.000 0.131
10810.000 0.146
10815.000 0.160
10820.000 0.192
10825.000 0.228
10830.000 0.257
10835.000 0.291
10840.000 0.380
10845.000 0.517
10850.000 0.713
10855.000 0.833
10860.000 1.103
10865.000 1.253
10870.000 1.587
10875.000 1.954
10880.000 2.138
10885.000 2.458
10890.000 2.571
10895.000 2.678
10900.000 2.655
10905.000 2.499
10910.000 2.260
10915.000 2.131
10920.000 1.887
10925.000 1.664
10930.000 1.557
10935.000 1.378
10940.000 1.291
10945.000 1.154
10950.000 1.043
10955.000 0.996
10960.000 0.919
10965.000 0.889
10970.000 0.835
10975.000 0.797
10980.000 0.784
10985.000 0.765
10990.000 0.756
10995.000 0.753
11000.000 0.750
11005.000 0.745
11010.000 0.749
11015.000 0.753
11020.000 0.765
11025.000 0.768
11030.000 0.784
11035.000 0.813
11040.000 0.814
11045.000 0.853
11050.000 0.869
11055.000 0.865
11060.000 0.860
11065.000 0.871
11070.000 0.878
11075.000 0.865
11080.000 0.850
11085.000 0.786
11090.000 0.733
11095.000 0.613
11100.000 0.547
11105.000 0.418
11110.000 0.306
11115.000 0.267
11120.000 0.205
11125.000 0.184
11130.000 0.157
11135.000 0.143
11140.000 0.144
11145.000 0.146
11150.000 0.150
11155.000 0.155
11160.000 0.166
11165.000 0.170
11170.000 0.180
11175.000 0.183
11180.000 0.194
11185.000 0.201
11190.000 0.206
11195.000 0.217
11200.000 0.231
11205.000 0.262
11210.000 0.312
11215.000 0.350
11220.000 0.434
11225.000 0.477
11230.000 0.545
11235.000 0.570
11240.000 0.567
11245.000 0.541
11250.000 0.525
11255.000 0.494
11260.000 0.468
11265.000 0.456
11270.000 0.439
11275.000 0.435
11280.000 0.425
11285.000 0.422
11290.000 0.420
11295.000 0.413
11300.000 0.412
11305.000 0.408
11310.000 0.408
11315.000 0.406
11320.000 0.402
11325.000 0.402
11330.000 0.399
11335.000 0.398
11340.000 0.395
11345.000 0.398
11350.000 0.394
11355.000 0.395
11360.000 0.396
11365.000 0.397
11370.000 0.394
11375.000 0.396
11380.000 0.395
11385.000 0.395
11390.000 0.389
11395.000 0.390
11400.000 0.389
11405.000 0.388
11410.000 0.389
11415.000 0.392
11420.000 0.388
11425.000 0.388
11430.000 0.388
11435.000 0.389
11440.000 0.390
11445.000 0.388
11450.000 0.388
11455.000 0.389
11460.000 0.387
11465.000 0.385
11470.000 0.387
11475.000 0.386
11480.000 0.388
11485.000 0.387
11490.000 0.387
11495.000 0.386
11500.000 0.386
11505.000 0.388
11510.000 0.389
11515.000 0.386
11520.000 0.386
11525.000 0.389
11530.000 0.387
11535.000 0.387
11540.000 0.389
11545.000 0.388
11550.000 0.389
11555.000 0.389
11560.000 0.386
11565.000 0.388
11570.000 0.385
11575.000 0.383
11580.000 0.383
11585.000 0.383
11590.000 0.384
11595.000 0.383
11600.000 0.383
11605.000 0.382
11610.000 0.382
11615.000 0.382
11620.000 0.382
11625.000 0.382
11630.000 0.382
11635.000 0.381
11640.000 0.384
11645.000 0.379
11650.000 0.381
11655.000 0.384
11660.000 0.380
11665.000 0.383
11670.000 0.385
11675.000 0.383
11680.000 0.386
11685.000 0.384
11690.000 0.383
11695.000 0.383
11700.000 0.383
11705.000 0.382
11710.000 0.383
11715.000 0.380
11720.000 0.380
11725.000 0.379
11730.000 0.379
11735.000 0.378
11740.000 0.382
11745.000 0.383
11750.000 0.382
11755.000 0.381
11760.000 0.383
11765.000 0.385
11770.000 0.376
11775.000 0.378
11780.000 0.375
11785.000 0.375
11790.000 0.374
11795.000 0.374
11800.000 0.375
11805.000 0.375
11810.000 0.375
11815.000 0.376
11820.000 0.374
11825.000 0.378
11830.000 0.379
11835.000 0.382
11840.000 0.379
11845.000 0.378
11850.000 0.378
11855.000 0.375
11860.000 0.373
11865.000 0.374
11870.000 0.381
11875.000 0.381
11880.000 0.379
11885.000 0.378
11890.000 0.379
11895.000 0.378
11900.000 0.379
11905.000 0.378
11910.000 0.378
11915.000 0.373
11920.000 0.374
11925.000 0.374
11930.000 0.373
11935.000 0.372
11940.000 0.375
11945.000 0.372
11950.000 0.375
11955.000 0.373
11960.000 0.374
11965.000 0.376
11970.000 0.375
11975.000 0.377
11980.000 0.375
11985.000 0.375
11990.000 0.374
11995.000 0.377
12000.000 0.381
