105.000 0.050
110.000 0.053
115.000 16.010
120.000 19.203
125.000 20.680
130.000 22.489
135.000 23.123
140.000 24.385
145.000 25.180
150.000 25.738
155.000 26.672
160.000 26.961
165.000 27.149
170.000 26.998
175.000 26.762
180.000 26.448
185.000 26.505
190.000 26.496
195.000 26.693
200.000 26.817
205.000 26.945
210.000 27.145
215.000 27.463
220.000 27.684
225.000 27.756
230.000 27.953
235.000 26.774
240.000 27.902
245.000 28.067
250.000 26.064
255.000 27.384
260.000 27.002
265.000 27.526
270.000 27.570
275.000 27.669
280.000 27.573
285.000 27.689
290.000 27.917
295.000 28.054
300.000 28.209
305.000 28.454
310.000 28.618
315.000 28.954
320.000 29.207
325.000 29.871
330.000 30.629
335.000 31.073
340.000 32.326
345.000 32.814
350.000 34.263
355.000 35.757
360.000 36.531
365.000 38.124
370.000 38.893
375.000 40.366
380.000 41.752
385.000 42.399
390.000 43.695
395.000 44.313
400.000 45.225
405.000 45.664
410.000 46.126
415.000 47.078
420.000 47.576
425.000 48.421
430.000 49.057
435.000 49.256
440.000 49.422
445.000 49.323
450.000 48.723
455.000 47.514
460.000 46.761
465.000 45.032
470.000 44.074
475.000 42.100
480.000 40.089
485.000 39.082
490.000 37.102
495.000 36.167
500.000 34.358
505.000 32.590
510.000 31.764
515.000 30.159
520.000 29.368
525.000 27.828
530.000 26.326
535.000 25.572
540.000 23.986
545.000 23.259
550.000 21.737
555.000 20.262
560.000 19.563
565.000 18.091
570.000 17.385
575.000 16.146
580.000 15.027
585.000 14.509
590.000 13.554
595.000 13.079
600.000 12.179
605.000 11.430
610.000 11.067
615.000 10.339
620.000 9.987
625.000 9.297
630.000 8.717
635.000 8.425
640.000 7.755
645.000 7.386
650.000 6.685
655.000 6.074
660.000 5.798
665.000 5.313
670.000 5.101
675.000 4.748
680.000 4.484
685.000 4.399
690.000 4.265
695.000 4.201
700.000 4.076
705.000 3.953
710.000 3.896
715.000 3.791
720.000 3.728
725.000 3.629
730.000 3.526
735.000 3.485
740.000 3.365
745.000 3.283
750.000 3.151
755.000 3.024
760.000 2.970
765.000 2.852
770.000 2.792
775.000 2.687
780.000 2.579
785.000 2.525
790.000 2.423
795.000 2.378
800.000 2.316
805.000 2.294
810.000 2.296
815.000 2.301
820.000 2.297
825.000 2.260
830.000 2.211
835.000 2.178
840.000 2.128
845.000 2.099
850.000 2.047
855.000 2.023
860.000 1.976
865.000 1.935
870.000 1.917
875.000 1.881
880.000 1.863
885.000 1.837
890.000 1.802
895.000 1.785
900.000 1.763
905.000 1.752
910.000 1.727
915.000 1.708
920.000 1.700
925.000 1.688
930.000 1.680
935.000 1.669
940.000 1.660
945.000 1.657
950.000 1.656
955.000 1.652
960.000 1.656
965.000 1.666
970.000 1.670
975.000 1.682
980.000 1.690
985.000 1.715
990.000 1.739
995.000 1.760
1000.000 1.803
1005.000 1.818
1010.000 1.869
1015.000 1.934
1020.000 1.979
1025.000 2.062
1030.000 2.118
1035.000 2.228
1040.000 2.383
1045.000 2.479
1050.000 2.674
1055.000 2.788
1060.000 3.002
1065.000 3.223
1070.000 3.350
1075.000 3.639
1080.000 3.818
1085.000 4.192
1090.000 4.606
1095.000 4.859
1100.000 5.486
1105.000 5.871
1110.000 6.798
1115.000 7.963
1120.000 8.626
1125.000 10.025
1130.000 10.706
1135.000 11.839
1140.000 12.098
1145.000 11.852
1150.000 10.740
1155.000 10.034
1160.000 8.594
1165.000 7.318
1170.000 6.810
1175.000 5.970
1180.000 5.613
1185.000 5.003
1190.000 4.558
1195.000 4.375
1200.000 4.060
1205.000 3.921
1210.000 3.691
1215.000 3.491
1220.000 3.406
1225.000 3.245
1230.000 3.172
1235.000 3.060
1240.000 2.935
1245.000 2.868
1250.000 2.761
1255.000 2.712
1260.000 2.617
1265.000 2.522
1270.000 2.479
1275.000 2.389
1280.000 2.345
1285.000 2.261
1290.000 2.183
1295.000 2.144
1300.000 2.073
1305.000 2.039
1310.000 1.982
1315.000 1.924
1320.000 1.899
1325.000 1.846
1330.000 1.826
1335.000 1.780
1340.000 1.741
1345.000 1.723
1350.000 1.685
1355.000 1.669
1360.000 1.637
1365.000 1.609
1370.000 1.594
1375.000 1.568
1380.000 1.557
1385.000 1.533
1390.000 1.512
1395.000 1.503
1400.000 1.480
1405.000 1.469
1410.000 1.448
1415.000 1.429
1420.000 1.418
1425.000 1.399
1430.000 1.393
1435.000 1.372
1440.000 1.368
1445.000 1.350
1450.000 1.337
1455.000 1.328
1460.000 1.317
1465.000 1.308
1470.000 1.293
1475.000 1.282
1480.000 1.276
1485.000 1.263
1490.000 1.259
1495.000 1.246
1500.000 1.233
1505.000 1.230
1510.000 1.218
1515.000 1.214
1520.000 1.202
1525.000 1.190
1530.000 1.187
1535.000 1.176
1540.000 1.171
1545.000 1.157
1550.000 1.145
1555.000 1.140
1560.000 1.129
1565.000 1.123
1570.000 1.106
1575.000 1.090
1580.000 1.080
1585.000 1.065
1590.000 1.056
1595.000 1.035
1600.000 1.014
1605.000 1.002
1610.000 0.981
1615.000 0.972
1620.000 0.951
1625.000 0.925
1630.000 0.916
1635.000 0.896
1640.000 0.889
1645.000 0.873
1650.000 0.870
1655.000 0.875
1660.000 0.888
1665.000 0.899
1670.000 0.933
1675.000 0.984
1680.000 1.010
1685.000 1.070
1690.000 1.099
1695.000 1.161
1700.000 1.222
1705.000 1.253
1710.000 1.308
1715.000 1.341
1720.000 1.385
1725.000 1.431
1730.000 1.452
1735.000 1.485
1740.000 1.500
1745.000 1.526
1750.000 1.557
1755.000 1.569
1760.000 1.594
1765.000 1.604
1770.000 1.626
1775.000 1.641
1780.000 1.655
1785.000 1.671
1790.000 1.680
1795.000 1.694
1800.000 1.711
1805.000 1.718
1810.000 1.732
1815.000 1.740
1820.000 1.750
1825.000 1.764
1830.000 1.768
1835.000 1.778
1840.000 1.784
1845.000 1.792
1850.000 1.798
1855.000 1.795
1860.000 1.798
1865.000 1.798
1870.000 1.808
1875.000 1.807
1880.000 1.813
1885.000 1.816
1890.000 1.819
1895.000 1.822
1900.000 1.826
1905.000 1.828
1910.000 1.833
1915.000 1.833
1920.000 1.837
1925.000 1.840
1930.000 1.839
1935.000 1.842
1940.000 1.847
1945.000 1.846
1950.000 1.844
1955.000 1.841
1960.000 1.846
1965.000 1.838
1970.000 1.844
1975.000 1.830
1980.000 1.829
1985.000 1.829
1990.000 1.836
1995.000 1.832
2000.000 1.826
2005.000 1.823
2010.000 1.811
2015.000 1.812
2020.000 1.810
2025.000 1.794
2030.000 1.783
2035.000 1.786
2040.000 1.776
2045.000 1.770
2050.000 1.764
2055.000 1.746
2060.000 1.730
2065.000 1.726
2070.000 1.716
2075.000 1.707
2080.000 1.695
2085.000 1.680
2090.000 1.675
2095.000 1.654
2100.000 1.647
2105.000 1.633
2110.000 1.624
2115.000 1.619
2120.000 1.606
2125.000 1.597
2130.000 1.581
2135.000 1.569
2140.000 1.563
2145.000 1.545
2150.000 1.538
2155.000 1.517
2160.000 1.497
2165.000 1.487
2170.000 1.473
2175.000 1.466
2180.000 1.452
2185.000 1.434
2190.000 1.425
2195.000 1.411
2200.000 1.401
2205.000 1.386
2210.000 1.372
2215.000 1.365
2220.000 1.355
2225.000 1.347
2230.000 1.330
2235.000 1.316
2240.000 1.306
2245.000 1.292
2250.000 1.286
2255.000 1.273
2260.000 1.256
2265.000 1.249
2270.000 1.240
2275.000 1.231
2280.000 1.221
2285.000 1.207
2290.000 1.201
2295.000 1.190
2300.000 1.185
2305.000 1.173
2310.000 1.161
2315.000 1.156
2320.000 1.146
2325.000 1.140
2330.000 1.131
2335.000 1.128
2340.000 1.117
2345.000 1.107
2350.000 1.103
2355.000 1.093
2360.000 1.091
2365.000 1.083
2370.000 1.075
2375.000 1.070
2380.000 1.063
2385.000 1.058
2390.000 1.052
2395.000 1.043
2400.000 1.039
2405.000 1.037
2410.000 1.031
2415.000 1.027
2420.000 1.019
2425.000 1.015
2430.000 1.010
2435.000 1.007
2440.000 1.001
2445.000 0.993
2450.000 0.992
2455.000 0.986
2460.000 0.985
2465.000 0.980
2470.000 0.971
2475.000 0.968
2480.000 0.962
2485.000 0.958
2490.000 0.959
2495.000 0.952
2500.000 0.952
2505.000 0.945
2510.000 0.942
2515.000 0.942
2520.000 0.937
2525.000 0.939
2530.000 0.936
2535.000 0.933
2540.000 0.931
2545.000 0.928
2550.000 0.929
2555.000 0.926
2560.000 0.923
2565.000 0.922
2570.000 0.914
2575.000 0.917
2580.000 0.915
2585.000 0.912
2590.000 0.912
2595.000 0.914
2600.000 0.911
2605.000 0.912
2610.000 0.910
2615.000 0.909
2620.000 0.902
2625.000 0.899
2630.000 0.900
2635.000 0.895
2640.000 0.896
2645.000 0.896
2650.000 0.895
2655.000 0.892
2660.000 0.895
2665.000 0.894
2670.000 0.893
2675.000 0.892
2680.000 0.893
2685.000 0.889
2690.000 0.887
2695.000 0.887
2700.000 0.887
2705.000 0.888
2710.000 0.888
2715.000 0.886
2720.000 0.886
2725.000 0.887
2730.000 0.884
2735.000 0.889
2740.000 0.888
2745.000 0.888
2750.000 0.887
2755.000 0.891
2760.000 0.890
2765.000 0.895
2770.000 0.899
2775.000 0.898
2780.000 0.899
2785.000 0.898
2790.000 0.901
2795.000 0.904
2800.000 0.905
2805.000 0.908
2810.000 0.906
2815.000 0.913
2820.000 0.917
2825.000 0.919
2830.000 0.927
2835.000 0.926
2840.000 0.931
2845.000 0.935
2850.000 0.939
2855.000 0.937
2860.000 0.939
2865.000 0.949
2870.000 0.955
2875.000 0.957
2880.000 0.963
2885.000 0.966
2890.000 0.973
2895.000 0.982
2900.000 0.981
2905.000 0.984
2910.000 0.990
2915.000 0.998
2920.000 1.002
2925.000 1.012
2930.000 1.018
2935.000 1.019
2940.000 1.034
2945.000 1.041
2950.000 1.052
2955.000 1.058
2960.000 1.056
2965.000 1.058
2970.000 1.068
2975.000 1.078
2980.000 1.086
2985.000 1.097
2990.000 1.092
2995.000 1.113
3000.000 1.120
3005.000 1.120
3010.000 1.123
3015.000 1.141
3020.000 1.156
3025.000 1.156
3030.000 1.171
3035.000 1.182
3040.000 1.206
3045.000 1.210
3050.000 1.220
3055.000 1.241
3060.000 1.241
3065.000 1.255
3070.000 1.268
3075.000 1.290
3080.000 1.299
3085.000 1.315
3090.000 1.334
3095.000 1.348
3100.000 1.365
3105.000 1.388
3110.000 1.400
3115.000 1.420
3120.000 1.434
3125.000 1.458
3130.000 1.486
3135.000 1.501
3140.000 1.532
3145.000 1.545
3150.000 1.580
3155.000 1.610
3160.000 1.638
3165.000 1.682
3170.000 1.696
3175.000 1.723
3180.000 1.756
3185.000 1.770
3190.000 1.806
3195.000 1.826
3200.000 1.867
3205.000 1.912
3210.000 1.934
3215.000 1.984
3220.000 2.002
3225.000 2.058
3230.000 2.121
3235.000 2.151
3240.000 2.212
3245.000 2.245
3250.000 2.314
3255.000 2.385
3260.000 2.420
3265.000 2.500
3270.000 2.539
3275.000 2.628
3280.000 2.719
3285.000 2.771
3290.000 2.876
3295.000 2.931
3300.000 3.048
3305.000 3.165
3310.000 3.236
3315.000 3.385
3320.000 3.458
3325.000 3.615
3330.000 3.794
3335.000 3.887
3340.000 4.093
3345.000 4.207
3350.000 4.448
3355.000 4.723
3360.000 4.874
3365.000 5.187
3370.000 5.370
3375.000 5.776
3380.000 6.254
3385.000 6.525
3390.000 7.150
3395.000 7.512
3400.000 8.366
3405.000 9.419
3410.000 10.049
3415.000 11.547
3420.000 12.439
3425.000 14.564
3430.000 17.170
3435.000 18.644
3440.000 21.787
3445.000 23.345
3450.000 25.969
3455.000 27.409
3460.000 27.436
3465.000 25.668
3470.000 24.045
3475.000 20.521
3480.000 17.169
3485.000 15.710
3490.000 13.280
3495.000 12.296
3500.000 10.756
3505.000 9.755
3510.000 9.335
3515.000 8.696
3520.000 8.412
3525.000 7.891
3530.000 7.662
3535.000 7.225
3540.000 6.840
3545.000 6.665
3550.000 6.350
3555.000 6.201
3560.000 5.929
3565.000 5.691
3570.000 5.574
3575.000 5.357
3580.000 5.258
3585.000 5.065
3590.000 4.898
3595.000 4.822
3600.000 4.676
3605.000 4.607
3610.000 4.481
3615.000 4.360
3620.000 4.303
3625.000 4.206
3630.000 4.157
3635.000 4.068
3640.000 3.992
3645.000 3.952
3650.000 3.890
3655.000 3.855
3660.000 3.794
3665.000 3.748
3670.000 3.728
3675.000 3.695
3680.000 3.673
3685.000 3.642
3690.000 3.607
3695.000 3.586
3700.000 3.544
3705.000 3.522
3710.000 3.494
3715.000 3.475
3720.000 3.465
3725.000 3.451
3730.000 3.446
3735.000 3.434
3740.000 3.425
3745.000 3.428
3750.000 3.427
3755.000 3.430
3760.000 3.439
3765.000 3.451
3770.000 3.469
3775.000 3.484
3780.000 3.492
3785.000 3.517
3790.000 3.546
3795.000 3.570
3800.000 3.610
3805.000 3.629
3810.000 3.682
3815.000 3.747
3820.000 3.779
3825.000 3.848
3830.000 3.885
3835.000 3.968
3840.000 4.067
3845.000 4.125
3850.000 4.235
3855.000 4.300
3860.000 4.432
3865.000 4.579
3870.000 4.664
3875.000 4.852
3880.000 4.955
3885.000 5.189
3890.000 5.452
3895.000 5.588
3900.000 5.909
3905.000 6.090
3910.000 6.492
3915.000 6.987
3920.000 7.277
3925.000 7.977
3930.000 8.395
3935.000 9.375
3940.000 10.561
3945.000 11.214
3950.000 12.543
3955.000 13.138
3960.000 13.871
3965.000 13.635
3970.000 13.117
3975.000 11.677
3980.000 10.911
3985.000 9.560
3990.000 8.371
3995.000 7.856
4000.000 6.911
4005.000 6.504
4010.000 5.771
4015.000 5.187
4020.000 4.924
4025.000 4.464
4030.000 4.215
4035.000 3.814
4040.000 3.458
4045.000 3.311
4050.000 3.049
4055.000 2.918
4060.000 2.664
4065.000 2.431
4070.000 2.326
4075.000 2.138
4080.000 2.054
4085.000 1.895
4090.000 1.728
4095.000 1.648
4100.000 1.500
4105.000 1.429
4110.000 1.312
4115.000 1.260
4120.000 1.163
4125.000 1.082
4130.000 1.043
4135.000 0.975
4140.000 0.945
4145.000 0.888
4150.000 0.839
4155.000 0.813
4160.000 0.771
4165.000 0.750
4170.000 0.714
4175.000 0.680
4180.000 0.664
4185.000 0.634
4190.000 0.620
4195.000 0.593
4200.000 0.570
4205.000 0.556
4210.000 0.535
4215.000 0.526
4220.000 0.505
4225.000 0.486
4230.000 0.478
4235.000 0.460
4240.000 0.449
4245.000 0.437
4250.000 0.420
4255.000 0.413
4260.000 0.398
4265.000 0.391
4270.000 0.376
4275.000 0.359
4280.000 0.354
4285.000 0.337
4290.000 0.332
4295.000 0.319
4300.000 0.306
4305.000 0.301
4310.000 0.291
4315.000 0.287
4320.000 0.278
4325.000 0.270
4330.000 0.265
4335.000 0.257
4340.000 0.254
4345.000 0.248
4350.000 0.242
4355.000 0.238
4360.000 0.233
4365.000 0.231
4370.000 0.226
4375.000 0.222
4380.000 0.219
4385.000 0.215
4390.000 0.213
4395.000 0.210
4400.000 0.206
4405.000 0.203
4410.000 0.200
4415.000 0.200
4420.000 0.197
4425.000 0.197
4430.000 0.195
4435.000 0.190
4440.000 0.189
4445.000 0.186
4450.000 0.184
4455.000 0.182
4460.000 0.178
4465.000 0.178
4470.000 0.176
4475.000 0.174
4480.000 0.173
4485.000 0.172
4490.000 0.170
4495.000 0.169
4500.000 0.168
4505.000 0.166
4510.000 0.165
4515.000 0.164
4520.000 0.162
4525.000 0.162
4530.000 0.159
4535.000 0.159
4540.000 0.157
4545.000 0.157
4550.000 0.155
4555.000 0.156
4560.000 0.154
4565.000 0.153
4570.000 0.151
4575.000 0.152
4580.000 0.152
4585.000 0.152
4590.000 0.148
4595.000 0.149
4600.000 0.150
4605.000 0.149
4610.000 0.149
4615.000 0.148
4620.000 0.150
4625.000 0.148
4630.000 0.149
4635.000 0.149
4640.000 0.150
4645.000 0.150
4650.000 0.151
4655.000 0.151
4660.000 0.152
4665.000 0.154
4670.000 0.154
4675.000 0.156
4680.000 0.155
4685.000 0.158
4690.000 0.159
4695.000 0.160
4700.000 0.163
4705.000 0.163
4710.000 0.165
4715.000 0.167
4720.000 0.170
4725.000 0.171
4730.000 0.171
4735.000 0.174
4740.000 0.174
4745.000 0.175
4750.000 0.176
4755.000 0.177
4760.000 0.176
4765.000 0.178
4770.000 0.176
4775.000 0.177
4780.000 0.175
4785.000 0.175
4790.000 0.174
4795.000 0.173
4800.000 0.174
4805.000 0.170
4810.000 0.169
4815.000 0.169
4820.000 0.167
4825.000 0.167
4830.000 0.162
4835.000 0.161
4840.000 0.159
4845.000 0.158
4850.000 0.154
4855.000 0.152
4860.000 0.150
4865.000 0.148
4870.000 0.145
4875.000 0.145
4880.000 0.140
4885.000 0.136
4890.000 0.135
4895.000 0.131
4900.000 0.130
4905.000 0.127
4910.000 0.121
4915.000 0.122
4920.000 0.118
4925.000 0.116
4930.000 0.110
4935.000 0.106
4940.000 0.104
4945.000 0.096
4950.000 0.094
4955.000 0.094
4960.000 0.086
4965.000 0.085
4970.000 0.075
4975.000 0.076
4980.000 0.072
4985.000 0.064
4990.000 0.067
4995.000 0.058
5000.000 0.058
5005.000 0.055
5010.000 0.049
5015.000 0.051
5020.000 0.050
5025.000 0.045
5030.000 0.047
5035.000 0.054
5040.000 0.056
5045.000 0.060
5050.000 0.060
5055.000 0.066
5060.000 0.073
5065.000 0.072
5070.000 0.085
5075.000 0.087
5080.000 0.093
5085.000 0.102
5090.000 0.106
5095.000 0.112
5100.000 0.119
5105.000 0.128
5110.000 0.135
5115.000 0.140
5120.000 0.148
5125.000 0.153
5130.000 0.161
5135.000 0.169
5140.000 0.175
5145.000 0.182
5150.000 0.186
5155.000 0.194
5160.000 0.200
5165.000 0.205
5170.000 0.214
5175.000 0.216
5180.000 0.225
5185.000 0.230
5190.000 0.234
5195.000 0.242
5200.000 0.244
5205.000 0.251
5210.000 0.257
5215.000 0.259
5220.000 0.264
5225.000 0.267
5230.000 0.272
5235.000 0.277
5240.000 0.279
5245.000 0.284
5250.000 0.286
5255.000 0.290
5260.000 0.294
5265.000 0.296
5270.000 0.299
5275.000 0.303
5280.000 0.306
5285.000 0.311
5290.000 0.312
5295.000 0.319
5300.000 0.320
5305.000 0.325
5310.000 0.325
5315.000 0.330
5320.000 0.334
5325.000 0.337
5330.000 0.340
5335.000 0.340
5340.000 0.345
5345.000 0.350
5350.000 0.350
5355.000 0.353
5360.000 0.354
5365.000 0.360
5370.000 0.362
5375.000 0.365
5380.000 0.366
5385.000 0.369
5390.000 0.373
5395.000 0.374
5400.000 0.375
5405.000 0.380
5410.000 0.379
5415.000 0.385
5420.000 0.387
5425.000 0.388
5430.000 0.392
5435.000 0.394
5440.000 0.396
5445.000 0.401
5450.000 0.401
5455.000 0.400
5460.000 0.400
5465.000 0.403
5470.000 0.419
5475.000 0.418
5480.000 0.414
5485.000 0.416
5490.000 0.412
5495.000 0.413
5500.000 0.411
5505.000 0.410
5510.000 0.412
5515.000 0.418
5520.000 0.418
5525.000 0.426
5530.000 0.427
5535.000 0.425
5540.000 0.418
5545.000 0.412
5550.000 0.409
5555.000 0.412
5560.000 0.413
5565.000 0.412
5570.000 0.412
5575.000 0.415
5580.000 0.413
5585.000 0.413
5590.000 0.417
5595.000 0.416
5600.000 0.414
5605.000 0.418
5610.000 0.419
5615.000 0.417
5620.000 0.416
5625.000 0.417
5630.000 0.420
5635.000 0.419
5640.000 0.419
5645.000 0.420
5650.000 0.421
5655.000 0.423
5660.000 0.418
5665.000 0.418
5670.000 0.421
5675.000 0.424
5680.000 0.424
5685.000 0.424
5690.000 0.421
5695.000 0.425
5700.000 0.423
5705.000 0.423
5710.000 0.425
5715.000 0.429
5720.000 0.428
5725.000 0.426
5730.000 0.427
5735.000 0.428
5740.000 0.427
5745.000 0.430
5750.000 0.430
5755.000 0.428
5760.000 0.430
5765.000 0.431
5770.000 0.432
5775.000 0.429
5780.000 0.435
5785.000 0.432
5790.000 0.432
5795.000 0.433
5800.000 0.435
5805.000 0.436
5810.000 0.436
5815.000 0.435
5820.000 0.435
5825.000 0.439
5830.000 0.438
5835.000 0.439
5840.000 0.440
5845.000 0.441
5850.000 0.441
5855.000 0.441
5860.000 0.441
5865.000 0.442
5870.000 0.446
5875.000 0.446
5880.000 0.448
5885.000 0.446
5890.000 0.452
5895.000 0.453
5900.000 0.449
5905.000 0.453
5910.000 0.450
5915.000 0.452
5920.000 0.454
5925.000 0.452
5930.000 0.453
5935.000 0.456
5940.000 0.456
5945.000 0.461
5950.000 0.461
5955.000 0.456
5960.000 0.464
5965.000 0.468
5970.000 0.461
5975.000 0.467
5980.000 0.470
5985.000 0.468
5990.000 0.474
5995.000 0.467
6000.000 0.466
6005.000 0.477
6010.000 0.475
6015.000 0.482
6020.000 0.474
6025.000 0.481
6030.000 0.482
6035.000 0.479
6040.000 0.474
6045.000 0.475
6050.000 0.479
6055.000 0.482
6060.000 0.487
6065.000 0.488
6070.000 0.487
6075.000 0.485
6080.000 0.489
6085.000 0.488
6090.000 0.491
6095.000 0.491
6100.000 0.494
6105.000 0.497
6110.000 0.499
6115.000 0.499
6120.000 0.494
6125.000 0.501
6130.000 0.504
6135.000 0.506
6140.000 0.509
6145.000 0.510
6150.000 0.510
6155.000 0.515
6160.000 0.514
6165.000 0.518
6170.000 0.517
6175.000 0.521
6180.000 0.525
6185.000 0.526
6190.000 0.528
6195.000 0.526
6200.000 0.529
6205.000 0.530
6210.000 0.536
6215.000 0.540
6220.000 0.538
6225.000 0.543
6230.000 0.545
6235.000 0.544
6240.000 0.554
6245.000 0.555
6250.000 0.556
6255.000 0.560
6260.000 0.561
6265.000 0.565
6270.000 0.568
6275.000 0.573
6280.000 0.575
6285.000 0.580
6290.000 0.585
6295.000 0.590
6300.000 0.599
6305.000 0.602
6310.000 0.602
6315.000 0.630
6320.000 0.635
6325.000 0.624
6330.000 0.619
6335.000 0.619
6340.000 0.623
6345.000 0.626
6350.000 0.632
6355.000 0.633
6360.000 0.636
6365.000 0.646
6370.000 0.647
6375.000 0.650
6380.000 0.656
6385.000 0.661
6390.000 0.670
6395.000 0.673
6400.000 0.679
6405.000 0.684
6410.000 0.688
6415.000 0.698
6420.000 0.705
6425.000 0.712
6430.000 0.717
6435.000 0.721
6440.000 0.734
6445.000 0.740
6450.000 0.752
6455.000 0.761
6460.000 0.769
6465.000 0.779
6470.000 0.780
6475.000 0.795
6480.000 0.802
6485.000 0.813
6490.000 0.829
6495.000 0.834
6500.000 0.850
6505.000 0.857
6510.000 0.869
6515.000 0.886
6520.000 0.894
6525.000 0.913
6530.000 0.918
6535.000 0.938
6540.000 0.957
6545.000 0.965
6550.000 0.987
6555.000 0.995
6560.000 1.019
6565.000 1.044
6570.000 1.057
6575.000 1.075
6580.000 1.092
6585.000 1.118
6590.000 1.141
6595.000 1.154
6600.000 1.183
6605.000 1.196
6610.000 1.226
6615.000 1.259
6620.000 1.271
6625.000 1.310
6630.000 1.325
6635.000 1.361
6640.000 1.408
6645.000 1.429
6650.000 1.473
6655.000 1.496
6660.000 1.550
6665.000 1.600
6670.000 1.627
6675.000 1.690
6680.000 1.724
6685.000 1.788
6690.000 1.862
6695.000 1.921
6700.000 2.002
6705.000 2.049
6710.000 2.132
6715.000 2.226
6720.000 2.270
6725.000 2.381
6730.000 2.441
6735.000 2.556
6740.000 2.693
6745.000 2.771
6750.000 2.923
6755.000 3.014
6760.000 3.197
6765.000 3.412
6770.000 3.531
6775.000 3.802
6780.000 3.970
6785.000 4.334
6790.000 4.535
6795.000 5.023
6800.000 5.626
6805.000 5.987
6810.000 6.856
6815.000 7.383
6820.000 8.662
6825.000 10.336
6830.000 11.354
6835.000 13.791
6840.000 15.220
6845.000 18.426
6850.000 21.830
6855.000 23.457
6860.000 26.029
6865.000 26.772
6870.000 26.696
6875.000 23.723
6880.000 21.629
6885.000 17.634
6890.000 15.873
6895.000 12.901
6900.000 10.754
6905.000 9.912
6910.000 8.561
6915.000 8.027
6920.000 7.224
6925.000 6.750
6930.000 6.561
6935.000 6.228
6940.000 6.078
6945.000 5.807
6950.000 5.555
6955.000 5.445
6960.000 5.246
6965.000 5.161
6970.000 5.008
6975.000 4.856
6980.000 4.808
6985.000 4.699
6990.000 4.645
6995.000 4.561
7000.000 4.481
7005.000 4.456
7010.000 4.401
7015.000 4.381
7020.000 4.351
7025.000 4.330
7030.000 4.310
7035.000 4.318
7040.000 4.316
7045.000 4.329
7050.000 4.364
7055.000 4.371
7060.000 4.425
7065.000 4.454
7070.000 4.515
7075.000 4.593
7080.000 4.644
7085.000 4.749
7090.000 4.807
7095.000 4.945
7100.000 5.110
7105.000 5.203
7110.000 5.408
7115.000 5.525
7120.000 5.793
7125.000 6.092
7130.000 6.263
7135.000 6.654
7140.000 6.884
7145.000 7.425
7150.000 8.120
7155.000 8.534
7160.000 9.522
7165.000 10.090
7170.000 11.168
7175.000 12.465
7180.000 13.056
7185.000 13.874
7190.000 13.973
7195.000 13.327
7200.000 11.862
7205.000 11.073
7210.000 9.692
7215.000 9.096
7220.000 7.997
7225.000 7.058
7230.000 6.641
7235.000 5.914
7240.000 5.595
7245.000 5.036
7250.000 4.572
7255.000 4.367
7260.000 3.985
7265.000 3.816
7270.000 3.511
7275.000 3.248
7280.000 3.128
7285.000 2.913
7290.000 2.814
7295.000 2.637
7300.000 2.476
7305.000 2.399
7310.000 2.261
7315.000 2.184
7320.000 2.022
7325.000 1.877
7330.000 1.807
7335.000 1.690
7340.000 1.635
7345.000 1.542
7350.000 1.464
7355.000 1.422
7360.000 1.343
7365.000 1.300
7370.000 1.237
7375.000 1.201
7380.000 1.142
7385.000 1.089
7390.000 1.063
7395.000 1.024
7400.000 1.000
7405.000 0.958
7410.000 0.922
7415.000 0.906
7420.000 0.876
7425.000 0.857
7430.000 0.830
7435.000 0.807
7440.000 0.795
7445.000 0.773
7450.000 0.761
7455.000 0.739
7460.000 0.721
7465.000 0.713
7470.000 0.697
7475.000 0.688
7480.000 0.674
7485.000 0.660
7490.000 0.653
7495.000 0.640
7500.000 0.633
7505.000 0.620
7510.000 0.609
7515.000 0.604
7520.000 0.596
7525.000 0.589
7530.000 0.580
7535.000 0.571
7540.000 0.567
7545.000 0.556
7550.000 0.553
7555.000 0.546
7560.000 0.539
7565.000 0.536
7570.000 0.528
7575.000 0.524
7580.000 0.518
7585.000 0.511
7590.000 0.509
7595.000 0.504
7600.000 0.501
7605.000 0.497
7610.000 0.493
7615.000 0.489
7620.000 0.485
7625.000 0.481
7630.000 0.477
7635.000 0.473
7640.000 0.471
7645.000 0.467
7650.000 0.465
7655.000 0.462
7660.000 0.458
7665.000 0.456
7670.000 0.454
7675.000 0.451
7680.000 0.447
7685.000 0.444
7690.000 0.443
7695.000 0.440
7700.000 0.439
7705.000 0.437
7710.000 0.433
7715.000 0.433
7720.000 0.430
7725.000 0.429
7730.000 0.426
7735.000 0.424
7740.000 0.422
7745.000 0.421
7750.000 0.419
7755.000 0.419
7760.000 0.415
7765.000 0.415
7770.000 0.412
7775.000 0.411
7780.000 0.408
7785.000 0.407
7790.000 0.408
7795.000 0.403
7800.000 0.405
7805.000 0.404
7810.000 0.400
7815.000 0.401
7820.000 0.400
7825.000 0.397
7830.000 0.395
7835.000 0.396
7840.000 0.394
7845.000 0.394
7850.000 0.392
7855.000 0.391
7860.000 0.392
7865.000 0.389
7870.000 0.390
7875.000 0.389
7880.000 0.389
7885.000 0.390
7890.000 0.388
7895.000 0.387
7900.000 0.386
7905.000 0.385
7910.000 0.382
7915.000 0.383
7920.000 0.380
7925.000 0.381
7930.000 0.380
7935.000 0.380
7940.000 0.380
7945.000 0.381
7950.000 0.381
7955.000 0.378
7960.000 0.377
7965.000 0.381
7970.000 0.381
7975.000 0.379
7980.000 0.381
7985.000 0.381
7990.000 0.374
7995.000 0.374
8000.000 0.380
8005.000 0.370
8010.000 0.371
8015.000 0.367
8020.000 0.374
8025.000 0.372
8030.000 0.366
8035.000 0.373
8040.000 0.373
8045.000 0.380
8050.000 0.382
8055.000 0.378
8060.000 0.384
8065.000 0.384
8070.000 0.382
8075.000 0.382
8080.000 0.381
8085.000 0.382
8090.000 0.383
8095.000 0.381
8100.000 0.381
8105.000 0.379
8110.000 0.379
8115.000 0.382
8120.000 0.378
8125.000 0.382
8130.000 0.381
8135.000 0.381
8140.000 0.380
8145.000 0.380
8150.000 0.380
8155.000 0.380
8160.000 0.380
8165.000 0.378
8170.000 0.380
8175.000 0.380
8180.000 0.381
8185.000 0.380
8190.000 0.377
8195.000 0.378
8200.000 0.379
8205.000 0.379
8210.000 0.380
8215.000 0.379
8220.000 0.379
8225.000 0.379
8230.000 0.380
8235.000 0.381
8240.000 0.378
8245.000 0.382
8250.000 0.379
8255.000 0.380
8260.000 0.382
8265.000 0.380
8270.000 0.381
8275.000 0.381
8280.000 0.381
8285.000 0.379
8290.000 0.381
8295.000 0.379
8300.000 0.381
8305.000 0.379
8310.000 0.379
8315.000 0.381
8320.000 0.381
8325.000 0.380
8330.000 0.380
8335.000 0.381
8340.000 0.382
8345.000 0.379
8350.000 0.382
8355.000 0.380
8360.000 0.380
8365.000 0.380
8370.000 0.381
8375.000 0.380
8380.000 0.381
8385.000 0.383
8390.000 0.380
8395.000 0.382
8400.000 0.382
8405.000 0.381
8410.000 0.382
8415.000 0.382
8420.000 0.380
8425.000 0.382
8430.000 0.385
8435.000 0.383
8440.000 0.382
8445.000 0.384
8450.000 0.382
8455.000 0.384
8460.000 0.383
8465.000 0.384
8470.000 0.385
8475.000 0.384
8480.000 0.386
8485.000 0.386
8490.000 0.384
8495.000 0.385
8500.000 0.386
8505.000 0.386
8510.000 0.385
8515.000 0.387
8520.000 0.387
8525.000 0.388
8530.000 0.388
8535.000 0.389
8540.000 0.387
8545.000 0.389
8550.000 0.385
8555.000 0.389
8560.000 0.387
8565.000 0.391
8570.000 0.389
8575.000 0.391
8580.000 0.391
8585.000 0.391
8590.000 0.392
8595.000 0.392
8600.000 0.392
8605.000 0.392
8610.000 0.394
8615.000 0.394
8620.000 0.392
8625.000 0.394
8630.000 0.394
8635.000 0.395
8640.000 0.397
8645.000 0.398
8650.000 0.396
8655.000 0.396
8660.000 0.397
8665.000 0.400
8670.000 0.401
8675.000 0.399
8680.000 0.399
8685.000 0.400
8690.000 0.400
8695.000 0.400
8700.000 0.402
8705.000 0.401
8710.000 0.401
8715.000 0.404
8720.000 0.403
8725.000 0.405
8730.000 0.407
8735.000 0.406
8740.000 0.408
8745.000 0.409
8750.000 0.407
8755.000 0.408
8760.000 0.407
8765.000 0.403
8770.000 0.402
8775.000 0.401
8780.000 0.402
8785.000 0.402
8790.000 0.402
8795.000 0.401
8800.000 0.400
8805.000 0.403
8810.000 0.401
8815.000 0.407
8820.000 0.404
8825.000 0.420
8830.000 0.415
8835.000 0.396
8840.000 0.407
8845.000 0.403
8850.000 0.408
8855.000 0.410
8860.000 0.409
8865.000 0.409
8870.000 0.411
8875.000 0.413
8880.000 0.413
8885.000 0.411
8890.000 0.411
8895.000 0.415
8900.000 0.414
8905.000 0.415
8910.000 0.415
8915.000 0.416
8920.000 0.415
8925.000 0.418
8930.000 0.414
8935.000 0.415
8940.000 0.418
8945.000 0.418
8950.000 0.418
8955.000 0.422
8960.000 0.416
8965.000 0.418
8970.000 0.419
8975.000 0.422
8980.000 0.425
8985.000 0.424
8990.000 0.420
8995.000 0.426
9000.000 0.424
9005.000 0.422
9010.000 0.422
9015.000 0.427
9020.000 0.429
9025.000 0.429
9030.000 0.430
9035.000 0.425
9040.000 0.429
9045.000 0.429
9050.000 0.427
9055.000 0.429
9060.000 0.430
9065.000 0.434
9070.000 0.431
9075.000 0.431
9080.000 0.433
9085.000 0.433
9090.000 0.437
9095.000 0.435
9100.000 0.439
9105.000 0.436
9110.000 0.437
9115.000 0.437
9120.000 0.440
9125.000 0.439
9130.000 0.440
9135.000 0.441
9140.000 0.441
9145.000 0.442
9150.000 0.442
9155.000 0.445
9160.000 0.446
9165.000 0.450
9170.000 0.446
9175.000 0.448
9180.000 0.449
9185.000 0.448
9190.000 0.448
9195.000 0.452
9200.000 0.455
9205.000 0.453
9210.000 0.453
9215.000 0.459
9220.000 0.455
9225.000 0.458
9230.000 0.459
9235.000 0.462
9240.000 0.458
9245.000 0.460
9250.000 0.462
9255.000 0.463
9260.000 0.464
9265.000 0.464
9270.000 0.463
9275.000 0.464
9280.000 0.466
9285.000 0.469
9290.000 0.469
9295.000 0.470
9300.000 0.472
9305.000 0.474
9310.000 0.474
9315.000 0.473
9320.000 0.475
9325.000 0.477
9330.000 0.480
9335.000 0.480
9340.000 0.483
9345.000 0.482
9350.000 0.484
9355.000 0.482
9360.000 0.484
9365.000 0.486
9370.000 0.488
9375.000 0.486
9380.000 0.488
9385.000 0.495
9390.000 0.488
9395.000 0.490
9400.000 0.490
9405.000 0.491
9410.000 0.492
9415.000 0.493
9420.000 0.490
9425.000 0.495
9430.000 0.495
9435.000 0.494
9440.000 0.496
9445.000 0.495
9450.000 0.496
9455.000 0.497
9460.000 0.501
9465.000 0.497
9470.000 0.500
9475.000 0.498
9480.000 0.494
9485.000 0.500
9490.000 0.498
9495.000 0.502
9500.000 0.503
9505.000 0.503
9510.000 0.503
9515.000 0.503
9520.000 0.503
9525.000 0.505
9530.000 0.510
9535.000 0.512
9540.000 0.511
9545.000 0.508
9550.000 0.508
9555.000 0.510
9560.000 0.511
9565.000 0.515
9570.000 0.513
9575.000 0.513
9580.000 0.515
9585.000 0.513
9590.000 0.514
9595.000 0.518
9600.000 0.521
9605.000 0.522
9610.000 0.523
9615.000 0.525
9620.000 0.527
9625.000 0.530
9630.000 0.529
9635.000 0.527
9640.000 0.526
9645.000 0.529
9650.000 0.529
9655.000 0.530
9660.000 0.531
9665.000 0.529
9670.000 0.529
9675.000 0.531
9680.000 0.531
9685.000 0.534
9690.000 0.534
9695.000 0.539
9700.000 0.540
9705.000 0.541
9710.000 0.545
9715.000 0.543
9720.000 0.548
9725.000 0.549
9730.000 0.550
9735.000 0.556
9740.000 0.555
9745.000 0.556
9750.000 0.561
9755.000 0.561
9760.000 0.563
9765.000 0.565
9770.000 0.572
9775.000 0.574
9780.000 0.575
9785.000 0.577
9790.000 0.578
9795.000 0.582
9800.000 0.583
9805.000 0.591
9810.000 0.594
9815.000 0.592
9820.000 0.604
9825.000 0.599
9830.000 0.601
9835.000 0.602
9840.000 0.601
9845.000 0.605
9850.000 0.610
9855.000 0.609
9860.000 0.617
9865.000 0.618
9870.000 0.622
9875.000 0.628
9880.000 0.629
9885.000 0.633
9890.000 0.635
9895.000 0.642
9900.000 0.647
9905.000 0.650
9910.000 0.654
9915.000 0.658
9920.000 0.668
9925.000 0.671
9930.000 0.675
9935.000 0.680
9940.000 0.685
9945.000 0.690
9950.000 0.693
9955.000 0.703
9960.000 0.709
9965.000 0.716
9970.000 0.722
9975.000 0.730
9980.000 0.732
9985.000 0.745
9990.000 0.743
9995.000 0.757
10000.000 0.768
10005.000 0.776
10010.000 0.796
10015.000 0.800
10020.000 0.805
10025.000 0.827
10030.000 0.834
10035.000 0.853
10040.000 0.862
10045.000 0.880
10050.000 0.887
10055.000 0.915
10060.000 0.935
10065.000 0.938
10070.000 0.977
10075.000 0.984
10080.000 1.001
10085.000 1.018
10090.000 1.033
10095.000 1.065
10100.000 1.076
10105.000 1.110
10110.000 1.148
10115.000 1.167
10120.000 1.207
10125.000 1.229
10130.000 1.274
10135.000 1.330
10140.000 1.357
10145.000 1.422
10150.000 1.459
10155.000 1.544
10160.000 1.627
10165.000 1.672
10170.000 1.781
10175.000 1.838
10180.000 1.965
10185.000 2.115
10190.000 2.200
10195.000 2.409
10200.000 2.524
10205.000 2.809
10210.000 3.166
10215.000 3.378
10220.000 3.878
10225.000 4.177
10230.000 4.855
10235.000 5.646
10240.000 6.042
10245.000 6.744
10250.000 6.989
10255.000 7.126
10260.000 6.688
10265.000 6.329
10270.000 5.517
10275.000 5.108
10280.000 4.379
10285.000 3.785
10290.000 3.551
10295.000 3.184
10300.000 3.036
10305.000 2.786
10310.000 2.574
10315.000 2.483
10320.000 2.321
10325.000 2.246
10330.000 2.119
10335.000 2.010
10340.000 1.964
10345.000 1.878
10350.000 1.839
10355.000 1.774
10360.000 1.716
10365.000 1.691
10370.000 1.658
10375.000 1.640
10380.000 1.611
10385.000 1.596
10390.000 1.586
10395.000 1.573
10400.000 1.571
10405.000 1.586
10410.000 1.590
10415.000 1.594
10420.000 1.622
10425.000 1.633
10430.000 1.659
10435.000 1.693
10440.000 1.716
10445.000 1.773
10450.000 1.802
10455.000 1.870
10460.000 1.960
10465.000 2.027
10470.000 2.137
10475.000 2.204
10480.000 2.365
10485.000 2.550
10490.000 2.657
10495.000 2.922
10500.000 3.075
10505.000 3.432
10510.000 3.859
10515.000 4.088
10520.000 4.559
10525.000 4.773
10530.000 5.083
10535.000 5.122
10540.000 5.029
10545.000 4.672
10550.000 4.452
10555.000 4.012
10560.000 3.649
10565.000 3.472
10570.000 3.151
10575.000 2.999
10580.000 2.731
10585.000 2.502
10590.000 2.402
10595.000 2.226
10600.000 2.147
10605.000 2.002
10610.000 1.883
10615.000 1.829
10620.000 1.720
10625.000 1.673
10630.000 1.581
10635.000 1.493
10640.000 1.449
10645.000 1.363
10650.000 1.329
10655.000 1.267
10660.000 1.236
10665.000 1.181
10670.000 1.132
10675.000 1.114
10680.000 1.064
10685.000 1.046
10690.000 1.015
10695.000 0.980
10700.000 0.968
10705.000 0.933
10710.000 0.919
10715.000 0.901
10720.000 0.872
10725.000 0.859
10730.000 0.841
10735.000 0.831
10740.000 0.811
10745.000 0.795
10750.000 0.788
10755.000 0.772
10760.000 0.762
10765.000 0.747
10770.000 0.730
10775.000 0.720
10780.000 0.709
10785.000 0.703
10790.000 0.698
10795.000 0.685
10800.000 0.681
10805.000 0.665
10810.000 0.663
10815.000 0.651
10820.000 0.643
10825.000 0.638
10830.000 0.632
10835.000 0.631
10840.000 0.625
10845.000 0.615
10850.000 0.610
10855.000 0.607
10860.000 0.605
10865.000 0.597
10870.000 0.592
10875.000 0.586
10880.000 0.579
10885.000 0.577
10890.000 0.573
10895.000 0.566
10900.000 0.567
10905.000 0.560
10910.000 0.559
10915.000 0.551
10920.000 0.550
10925.000 0.546
10930.000 0.542
10935.000 0.540
10940.000 0.534
10945.000 0.531
10950.000 0.529
10955.000 0.527
10960.000 0.525
10965.000 0.521
10970.000 0.522
10975.000 0.517
10980.000 0.515
10985.000 0.514
10990.000 0.515
10995.000 0.513
11000.000 0.514
11005.000 0.509
11010.000 0.508
11015.000 0.506
11020.000 0.511
11025.000 0.510
11030.000 0.509
11035.000 0.518
11040.000 0.510
11045.000 0.512
11050.000 0.512
11055.000 0.500
11060.000 0.503
11065.000 0.498
11070.000 0.493
11075.000 0.490
11080.000 0.491
11085.000 0.488
11090.000 0.486
11095.000 0.482
11100.000 0.477
11105.000 0.478
11110.000 0.477
11115.000 0.476
11120.000 0.476
11125.000 0.471
11130.000 0.470
11135.000 0.470
11140.000 0.471
11145.000 0.467
11150.000 0.469
11155.000 0.468
11160.000 0.465
11165.000 0.469
11170.000 0.466
11175.000 0.463
11180.000 0.462
11185.000 0.463
11190.000 0.459
11195.000 0.457
11200.000 0.459
11205.000 0.457
11210.000 0.455
11215.000 0.453
11220.000 0.453
11225.000 0.454
11230.000 0.451
11235.000 0.452
11240.000 0.456
11245.000 0.453
11250.000 0.453
11255.000 0.452
11260.000 0.450
11265.000 0.452
11270.000 0.448
11275.000 0.448
11280.000 0.449
11285.000 0.447
11290.000 0.443
11295.000 0.445
11300.000 0.444
11305.000 0.441
11310.000 0.440
11315.000 0.443
11320.000 0.439
11325.000 0.439
11330.000 0.435
11335.000 0.437
11340.000 0.435
11345.000 0.434
11350.000 0.436
11355.000 0.434
11360.000 0.434
11365.000 0.434
11370.000 0.436
11375.000 0.434
11380.000 0.437
11385.000 0.436
11390.000 0.437
11395.000 0.435
11400.000 0.435
11405.000 0.432
11410.000 0.433
11415.000 0.429
11420.000 0.430
11425.000 0.428
11430.000 0.427
11435.000 0.428
11440.000 0.428
11445.000 0.427
11450.000 0.426
11455.000 0.423
11460.000 0.423
11465.000 0.426
11470.000 0.426
11475.000 0.426
11480.000 0.423
11485.000 0.426
11490.000 0.424
11495.000 0.423
11500.000 0.420
11505.000 0.420
11510.000 0.423
11515.000 0.422
11520.000 0.422
11525.000 0.421
11530.000 0.421
11535.000 0.422
11540.000 0.418
11545.000 0.418
11550.000 0.421
11555.000 0.416
11560.000 0.420
11565.000 0.416
11570.000 0.416
11575.000 0.417
11580.000 0.412
11585.000 0.411
11590.000 0.412
11595.000 0.415
11600.000 0.415
11605.000 0.412
11610.000 0.412
11615.000 0.412
11620.000 0.411
11625.000 0.413
11630.000 0.410
11635.000 0.412
11640.000 0.411
11645.000 0.414
11650.000 0.415
11655.000 0.410
11660.000 0.410
11665.000 0.410
11670.000 0.412
11675.000 0.412
11680.000 0.415
11685.000 0.414
11690.000 0.417
11695.000 0.415
11700.000 0.417
11705.000 0.419
11710.000 0.416
11715.000 0.410
11720.000 0.413
11725.000 0.411
11730.000 0.413
11735.000 0.411
11740.000 0.416
11745.000 0.415
11750.000 0.411
11755.000 0.414
11760.000 0.411
11765.000 0.411
11770.000 0.410
11775.000 0.407
11780.000 0.405
11785.000 0.405
11790.000 0.402
11795.000 0.403
11800.000 0.401
11805.000 0.401
11810.000 0.402
11815.000 0.398
11820.000 0.397
11825.000 0.401
11830.000 0.403
11835.000 0.405
11840.000 0.402
11845.000 0.403
11850.000 0.403
11855.000 0.401
11860.000 0.401
11865.000 0.399
11870.000 0.401
11875.000 0.396
11880.000 0.397
11885.000 0.398
11890.000 0.397
11895.000 0.398
11900.000 0.398
11905.000 0.396
11910.000 0.395
11915.000 0.397
11920.000 0.396
11925.000 0.399
11930.000 0.398
11935.000 0.397
11940.000 0.394
11945.000 0.395
11950.000 0.391
11955.000 0.393
11960.000 0.393
11965.000 0.393
11970.000 0.394
11975.000 0.396
11980.000 0.391
11985.000 0.400
11990.000 0.397
11995.000 0.398
12000.000 0.404
