105.000 0.046
110.000 2.253
115.000 8.340
120.000 10.498
125.000 11.295
130.000 11.778
135.000 12.066
140.000 12.671
145.000 13.551
150.000 14.514
155.000 17.041
160.000 18.908
165.000 19.227
170.000 19.438
175.000 19.727
180.000 19.176
185.000 19.239
190.000 19.216
195.000 19.117
200.000 19.485
205.000 20.024
210.000 20.487
215.000 20.731
220.000 21.122
225.000 21.310
230.000 21.594
235.000 21.817
240.000 21.858
245.000 22.015
250.000 22.141
255.000 22.536
260.000 22.985
265.000 23.190
270.000 23.779
275.000 23.945
280.000 24.536
285.000 25.182
290.000 25.541
295.000 26.416
300.000 26.922
305.000 28.132
310.000 29.062
315.000 29.484
320.000 30.686
325.000 31.387
330.000 32.973
335.000 34.716
340.000 35.443
345.000 35.961
350.000 36.584
355.000 38.566
360.000 40.458
365.000 41.394
370.000 43.164
375.000 44.083
380.000 45.696
385.000 47.177
390.000 47.901
395.000 49.289
400.000 49.987
405.000 51.464
410.000 52.775
415.000 53.393
420.000 54.624
425.000 55.245
430.000 56.445
435.000 57.432
440.000 57.904
445.000 58.448
450.000 58.674
455.000 58.873
460.000 58.755
465.000 58.599
470.000 57.882
475.000 57.469
480.000 56.513
485.000 55.644
490.000 55.289
495.000 54.730
500.000 54.504
505.000 54.434
510.000 54.549
515.000 54.768
520.000 55.430
525.000 55.916
530.000 56.859
535.000 57.946
540.000 58.580
545.000 60.253
550.000 61.160
555.000 63.484
560.000 66.366
565.000 68.014
570.000 71.115
575.000 71.805
580.000 71.587
585.000 70.231
590.000 69.493
595.000 68.419
600.000 68.156
605.000 67.420
610.000 64.069
615.000 60.875
620.000 49.324
625.000 44.151
630.000 36.298
635.000 30.720
640.000 28.405
645.000 24.372
650.000 22.601
655.000 19.247
660.000 16.414
665.000 15.185
670.000 12.984
675.000 12.034
680.000 10.374
685.000 9.009
690.000 8.472
695.000 7.446
700.000 6.952
705.000 6.186
710.000 5.853
715.000 5.261
720.000 4.766
725.000 4.540
730.000 4.172
735.000 3.998
740.000 3.674
745.000 3.394
750.000 3.266
755.000 3.032
760.000 2.923
765.000 2.724
770.000 2.550
775.000 2.470
780.000 2.312
785.000 2.236
790.000 2.099
795.000 1.973
800.000 1.923
805.000 1.844
810.000 1.819
815.000 1.767
820.000 1.702
825.000 1.667
830.000 1.595
835.000 1.555
840.000 1.487
845.000 1.423
850.000 1.388
855.000 1.336
860.000 1.311
865.000 1.255
870.000 1.208
875.000 1.183
880.000 1.138
885.000 1.116
890.000 1.076
895.000 1.042
900.000 1.027
905.000 0.989
910.000 0.978
915.000 0.947
920.000 0.920
925.000 0.907
930.000 0.879
935.000 0.864
940.000 0.853
945.000 0.833
950.000 0.823
955.000 0.810
960.000 0.798
965.000 0.782
970.000 0.774
975.000 0.767
980.000 0.756
985.000 0.756
990.000 0.754
995.000 0.750
1000.000 0.741
1005.000 0.747
1010.000 0.747
1015.000 0.756
1020.000 0.765
1025.000 0.789
1030.000 0.822
1035.000 0.838
1040.000 0.880
1045.000 0.932
1050.000 0.961
1055.000 1.033
1060.000 1.073
1065.000 1.169
1070.000 1.272
1075.000 1.336
1080.000 1.483
1085.000 1.571
1090.000 1.777
1095.000 2.042
1100.000 2.208
1105.000 2.645
1110.000 2.950
1115.000 3.818
1120.000 5.255
1125.000 6.270
1130.000 8.790
1135.000 10.121
1140.000 11.905
1145.000 11.058
1150.000 9.956
1155.000 7.675
1160.000 6.749
1165.000 5.312
1170.000 4.307
1175.000 3.915
1180.000 3.295
1185.000 3.054
1190.000 2.677
1195.000 2.383
1200.000 2.257
1205.000 2.055
1210.000 1.965
1215.000 1.815
1220.000 1.690
1225.000 1.639
1230.000 1.548
1235.000 1.513
1240.000 1.443
1245.000 1.386
1250.000 1.362
1255.000 1.319
1260.000 1.302
1265.000 1.268
1270.000 1.239
1275.000 1.230
1280.000 1.211
1285.000 1.199
1290.000 1.181
1295.000 1.173
1300.000 1.159
1305.000 1.145
1310.000 1.141
1315.000 1.135
1320.000 1.134
1325.000 1.131
1330.000 1.128
1335.000 1.130
1340.000 1.132
1345.000 1.135
1350.000 1.137
1355.000 1.143
1360.000 1.148
1365.000 1.158
1370.000 1.161
1375.000 1.173
1380.000 1.189
1385.000 1.199
1390.000 1.215
1395.000 1.225
1400.000 1.251
1405.000 1.278
1410.000 1.291
1415.000 1.322
1420.000 1.336
1425.000 1.378
1430.000 1.426
1435.000 1.450
1440.000 1.513
1445.000 1.542
1450.000 1.585
1455.000 1.633
1460.000 1.655
1465.000 1.705
1470.000 1.730
1475.000 1.786
1480.000 1.854
1485.000 1.892
1490.000 1.970
1495.000 2.013
1500.000 2.103
1505.000 2.208
1510.000 2.268
1515.000 2.400
1520.000 2.474
1525.000 2.651
1530.000 2.872
1535.000 3.003
1540.000 3.323
1545.000 3.519
1550.000 4.023
1555.000 4.711
1560.000 5.152
1565.000 6.326
1570.000 7.091
1575.000 8.961
1580.000 11.163
1585.000 12.201
1590.000 13.229
1595.000 12.677
1600.000 9.972
1605.000 7.201
1610.000 6.128
1615.000 4.530
1620.000 3.946
1625.000 3.073
1630.000 2.459
1635.000 2.224
1640.000 1.877
1645.000 1.752
1650.000 1.552
1655.000 1.397
1660.000 1.334
1665.000 1.220
1670.000 1.172
1675.000 1.102
1680.000 1.055
1685.000 1.044
1690.000 1.024
1695.000 1.017
1700.000 1.001
1705.000 0.982
1710.000 0.968
1715.000 0.947
1720.000 0.930
1725.000 0.897
1730.000 0.864
1735.000 0.850
1740.000 0.818
1745.000 0.802
1750.000 0.772
1755.000 0.739
1760.000 0.726
1765.000 0.694
1770.000 0.679
1775.000 0.652
1780.000 0.625
1785.000 0.613
1790.000 0.586
1795.000 0.575
1800.000 0.552
1805.000 0.531
1810.000 0.520
1815.000 0.500
1820.000 0.493
1825.000 0.473
1830.000 0.453
1835.000 0.447
1840.000 0.429
1845.000 0.421
1850.000 0.406
1855.000 0.392
1860.000 0.384
1865.000 0.371
1870.000 0.365
1875.000 0.350
1880.000 0.339
1885.000 0.333
1890.000 0.320
1895.000 0.313
1900.000 0.303
1905.000 0.298
1910.000 0.287
1915.000 0.276
1920.000 0.271
1925.000 0.261
1930.000 0.255
1935.000 0.247
1940.000 0.237
1945.000 0.228
1950.000 0.221
1955.000 0.217
1960.000 0.204
1965.000 0.197
1970.000 0.192
1975.000 0.186
1980.000 0.184
1985.000 0.177
1990.000 0.163
1995.000 0.164
2000.000 0.153
2005.000 0.153
2010.000 0.142
2015.000 0.138
2020.000 0.135
2025.000 0.128
2030.000 0.119
2035.000 0.113
2040.000 0.104
2045.000 0.103
2050.000 0.098
2055.000 0.098
2060.000 0.092
2065.000 0.084
2070.000 0.085
2075.000 0.078
2080.000 0.077
2085.000 0.072
2090.000 0.066
2095.000 0.066
2100.000 0.064
2105.000 0.063
2110.000 0.062
2115.000 0.060
2120.000 0.060
2125.000 0.060
2130.000 0.059
2135.000 0.059
2140.000 0.058
2145.000 0.061
2150.000 0.062
2155.000 0.063
2160.000 0.066
2165.000 0.067
2170.000 0.068
2175.000 0.069
2180.000 0.072
2185.000 0.074
2190.000 0.076
2195.000 0.079
2200.000 0.080
2205.000 0.082
2210.000 0.084
2215.000 0.086
2220.000 0.088
2225.000 0.090
2230.000 0.093
2235.000 0.094
2240.000 0.097
2245.000 0.098
2250.000 0.100
2255.000 0.102
2260.000 0.104
2265.000 0.105
2270.000 0.109
2275.000 0.110
2280.000 0.110
2285.000 0.113
2290.000 0.114
2295.000 0.116
2300.000 0.120
2305.000 0.119
2310.000 0.121
2315.000 0.123
2320.000 0.125
2325.000 0.127
2330.000 0.128
2335.000 0.129
2340.000 0.131
2345.000 0.132
2350.000 0.134
2355.000 0.135
2360.000 0.137
2365.000 0.138
2370.000 0.140
2375.000 0.140
2380.000 0.142
2385.000 0.143
2390.000 0.145
2395.000 0.145
2400.000 0.146
2405.000 0.149
2410.000 0.150
2415.000 0.150
2420.000 0.150
2425.000 0.152
2430.000 0.153
2435.000 0.154
2440.000 0.155
2445.000 0.156
2450.000 0.156
2455.000 0.156
2460.000 0.158
2465.000 0.157
2470.000 0.160
2475.000 0.162
2480.000 0.161
2485.000 0.162
2490.000 0.164
2495.000 0.163
2500.000 0.165
2505.000 0.165
2510.000 0.164
2515.000 0.167
2520.000 0.168
2525.000 0.168
2530.000 0.169
2535.000 0.168
2540.000 0.167
2545.000 0.169
2550.000 0.169
2555.000 0.170
2560.000 0.169
2565.000 0.171
2570.000 0.169
2575.000 0.170
2580.000 0.171
2585.000 0.171
2590.000 0.172
2595.000 0.171
2600.000 0.171
2605.000 0.171
2610.000 0.170
2615.000 0.171
2620.000 0.171
2625.000 0.173
2630.000 0.173
2635.000 0.175
2640.000 0.176
2645.000 0.176
2650.000 0.177
2655.000 0.177
2660.000 0.179
2665.000 0.180
2670.000 0.179
2675.000 0.180
2680.000 0.179
2685.000 0.180
2690.000 0.182
2695.000 0.182
2700.000 0.183
2705.000 0.184
2710.000 0.186
2715.000 0.185
2720.000 0.188
2725.000 0.189
2730.000 0.189
2735.000 0.190
2740.000 0.191
2745.000 0.192
2750.000 0.193
2755.000 0.193
2760.000 0.194
2765.000 0.193
2770.000 0.197
2775.000 0.197
2780.000 0.197
2785.000 0.197
2790.000 0.197
2795.000 0.195
2800.000 0.197
2805.000 0.198
2810.000 0.197
2815.000 0.199
2820.000 0.199
2825.000 0.201
2830.000 0.200
2835.000 0.201
2840.000 0.201
2845.000 0.201
2850.000 0.200
2855.000 0.200
2860.000 0.201
2865.000 0.198
2870.000 0.199
2875.000 0.199
2880.000 0.200
2885.000 0.202
2890.000 0.200
2895.000 0.200
2900.000 0.200
2905.000 0.201
2910.000 0.201
2915.000 0.202
2920.000 0.203
2925.000 0.200
2930.000 0.204
2935.000 0.204
2940.000 0.203
2945.000 0.204
2950.000 0.206
2955.000 0.211
2960.000 0.206
2965.000 0.211
2970.000 0.205
2975.000 0.213
2980.000 0.213
2985.000 0.209
2990.000 0.209
2995.000 0.209
3000.000 0.214
3005.000 0.210
3010.000 0.214
3015.000 0.212
3020.000 0.220
3025.000 0.216
3030.000 0.225
3035.000 0.219
3040.000 0.222
3045.000 0.223
3050.000 0.227
3055.000 0.232
3060.000 0.233
3065.000 0.230
3070.000 0.235
3075.000 0.240
3080.000 0.236
3085.000 0.243
3090.000 0.242
3095.000 0.245
3100.000 0.246
3105.000 0.252
3110.000 0.254
3115.000 0.259
3120.000 0.262
3125.000 0.263
3130.000 0.271
3135.000 0.275
3140.000 0.278
3145.000 0.285
3150.000 0.290
3155.000 0.299
3160.000 0.307
3165.000 0.312
3170.000 0.324
3175.000 0.329
3180.000 0.339
3185.000 0.351
3190.000 0.359
3195.000 0.372
3200.000 0.380
3205.000 0.401
3210.000 0.421
3215.000 0.427
3220.000 0.443
3225.000 0.451
3230.000 0.472
3235.000 0.490
3240.000 0.502
3245.000 0.526
3250.000 0.538
3255.000 0.564
3260.000 0.592
3265.000 0.608
3270.000 0.641
3275.000 0.661
3280.000 0.703
3285.000 0.745
3290.000 0.767
3295.000 0.820
3300.000 0.845
3305.000 0.906
3310.000 0.974
3315.000 1.008
3320.000 1.095
3325.000 1.143
3330.000 1.248
3335.000 1.373
3340.000 1.448
3345.000 1.618
3350.000 1.718
3355.000 1.958
3360.000 2.272
3365.000 2.471
3370.000 2.940
3375.000 3.265
3380.000 4.009
3385.000 4.463
3390.000 5.623
3395.000 7.158
3400.000 8.091
3405.000 10.389
3410.000 11.711
3415.000 14.923
3420.000 18.850
3425.000 21.065
3430.000 25.698
3435.000 27.743
3440.000 30.181
3445.000 29.020
3450.000 26.915
3455.000 22.347
3460.000 20.285
3465.000 16.621
3470.000 13.536
3475.000 12.293
3480.000 10.274
3485.000 9.456
3490.000 8.139
3495.000 7.179
3500.000 6.815
3505.000 6.274
3510.000 6.065
3515.000 5.770
3520.000 5.731
3525.000 5.762
3530.000 5.857
3535.000 5.921
3540.000 6.065
3545.000 6.306
3550.000 6.440
3555.000 6.758
3560.000 6.947
3565.000 7.403
3570.000 8.028
3575.000 8.436
3580.000 9.488
3585.000 10.178
3590.000 11.981
3595.000 14.470
3600.000 15.985
3605.000 19.300
3610.000 20.878
3615.000 22.773
3620.000 21.662
3625.000 19.948
3630.000 15.984
3635.000 14.117
3640.000 11.098
3645.000 8.932
3650.000 8.107
3655.000 6.945
3660.000 6.527
3665.000 5.833
3670.000 5.256
3675.000 5.023
3680.000 4.619
3685.000 4.454
3690.000 4.140
3695.000 3.858
3700.000 3.732
3705.000 3.507
3710.000 3.409
3715.000 3.238
3720.000 3.072
3725.000 2.981
3730.000 2.812
3735.000 2.735
3740.000 2.606
3745.000 2.492
3750.000 2.435
3755.000 2.328
3760.000 2.283
3765.000 2.214
3770.000 2.155
3775.000 2.134
3780.000 2.100
3785.000 2.085
3790.000 2.069
3795.000 2.065
3800.000 2.067
3805.000 2.084
3810.000 2.095
3815.000 2.132
3820.000 2.182
3825.000 2.209
3830.000 2.256
3835.000 2.287
3840.000 2.352
3845.000 2.431
3850.000 2.482
3855.000 2.596
3860.000 2.659
3865.000 2.812
3870.000 3.010
3875.000 3.109
3880.000 3.308
3885.000 3.422
3890.000 3.700
3895.000 4.086
3900.000 4.329
3905.000 4.950
3910.000 5.352
3915.000 6.431
3920.000 8.005
3925.000 9.026
3930.000 11.588
3935.000 13.048
3940.000 15.725
3945.000 16.773
3950.000 16.238
3955.000 13.297
3960.000 11.602
3965.000 8.631
3970.000 7.389
3975.000 5.726
3980.000 4.601
3985.000 4.178
3990.000 3.533
3995.000 3.310
4000.000 2.978
4005.000 2.697
4010.000 2.572
4015.000 2.340
4020.000 2.239
4025.000 2.067
4030.000 1.903
4035.000 1.841
4040.000 1.709
4045.000 1.648
4050.000 1.526
4055.000 1.405
4060.000 1.366
4065.000 1.275
4070.000 1.240
4075.000 1.176
4080.000 1.122
4085.000 1.095
4090.000 1.054
4095.000 1.036
4100.000 1.009
4105.000 0.982
4110.000 0.972
4115.000 0.954
4120.000 0.946
4125.000 0.936
4130.000 0.932
4135.000 0.930
4140.000 0.931
4145.000 0.933
4150.000 0.944
4155.000 0.958
4160.000 0.969
4165.000 0.995
4170.000 1.015
4175.000 1.057
4180.000 1.116
4185.000 1.155
4190.000 1.253
4195.000 1.315
4200.000 1.435
4205.000 1.571
4210.000 1.662
4215.000 1.893
4220.000 2.040
4225.000 2.402
4230.000 2.806
4235.000 2.950
4240.000 2.895
4245.000 2.681
4250.000 2.073
4255.000 1.507
4260.000 1.291
4265.000 0.930
4270.000 0.802
4275.000 0.609
4280.000 0.475
4285.000 0.423
4290.000 0.342
4295.000 0.312
4300.000 0.263
4305.000 0.229
4310.000 0.217
4315.000 0.197
4320.000 0.190
4325.000 0.180
4330.000 0.172
4335.000 0.170
4340.000 0.168
4345.000 0.166
4350.000 0.165
4355.000 0.168
4360.000 0.167
4365.000 0.169
4370.000 0.169
4375.000 0.172
4380.000 0.174
4385.000 0.174
4390.000 0.176
4395.000 0.176
4400.000 0.179
4405.000 0.181
4410.000 0.183
4415.000 0.183
4420.000 0.186
4425.000 0.191
4430.000 0.193
4435.000 0.192
4440.000 0.193
4445.000 0.194
4450.000 0.195
4455.000 0.196
4460.000 0.197
4465.000 0.198
4470.000 0.198
4475.000 0.200
4480.000 0.201
4485.000 0.200
4490.000 0.203
4495.000 0.203
4500.000 0.204
4505.000 0.206
4510.000 0.205
4515.000 0.205
4520.000 0.208
4525.000 0.209
4530.000 0.208
4535.000 0.207
4540.000 0.209
4545.000 0.210
4550.000 0.210
4555.000 0.212
4560.000 0.212
4565.000 0.212
4570.000 0.212
4575.000 0.213
4580.000 0.212
4585.000 0.214
4590.000 0.214
4595.000 0.216
4600.000 0.215
4605.000 0.217
4610.000 0.217
4615.000 0.217
4620.000 0.218
4625.000 0.218
4630.000 0.217
4635.000 0.219
4640.000 0.220
4645.000 0.219
4650.000 0.219
4655.000 0.220
4660.000 0.220
4665.000 0.223
4670.000 0.221
4675.000 0.222
4680.000 0.222
4685.000 0.224
4690.000 0.224
4695.000 0.225
4700.000 0.225
4705.000 0.225
4710.000 0.226
4715.000 0.227
4720.000 0.227
4725.000 0.227
4730.000 0.230
4735.000 0.230
4740.000 0.230
4745.000 0.230
4750.000 0.231
4755.000 0.231
4760.000 0.232
4765.000 0.233
4770.000 0.233
4775.000 0.234
4780.000 0.233
4785.000 0.235
4790.000 0.234
4795.000 0.235
4800.000 0.235
4805.000 0.234
4810.000 0.235
4815.000 0.237
4820.000 0.237
4825.000 0.238
4830.000 0.236
4835.000 0.236
4840.000 0.238
4845.000 0.239
4850.000 0.237
4855.000 0.236
4860.000 0.238
4865.000 0.238
4870.000 0.239
4875.000 0.239
4880.000 0.240
4885.000 0.238
4890.000 0.240
4895.000 0.238
4900.000 0.241
4905.000 0.240
4910.000 0.241
4915.000 0.244
4920.000 0.244
4925.000 0.240
4930.000 0.241
4935.000 0.243
4940.000 0.239
4945.000 0.239
4950.000 0.238
4955.000 0.241
4960.000 0.242
4965.000 0.241
4970.000 0.247
4975.000 0.239
4980.000 0.237
4985.000 0.243
4990.000 0.240
4995.000 0.246
5000.000 0.249
5005.000 0.246
5010.000 0.240
5015.000 0.243
5020.000 0.252
5025.000 0.245
5030.000 0.247
5035.000 0.242
5040.000 0.244
5045.000 0.245
5050.000 0.244
5055.000 0.251
5060.000 0.248
5065.000 0.248
5070.000 0.249
5075.000 0.251
5080.000 0.249
5085.000 0.249
5090.000 0.250
5095.000 0.251
5100.000 0.250
5105.000 0.252
5110.000 0.253
5115.000 0.255
5120.000 0.255
5125.000 0.256
5130.000 0.257
5135.000 0.256
5140.000 0.259
5145.000 0.259
5150.000 0.259
5155.000 0.261
5160.000 0.261
5165.000 0.261
5170.000 0.261
5175.000 0.262
5180.000 0.262
5185.000 0.264
5190.000 0.264
5195.000 0.265
5200.000 0.267
5205.000 0.268
5210.000 0.271
5215.000 0.271
5220.000 0.272
5225.000 0.274
5230.000 0.274
5235.000 0.274
5240.000 0.277
5245.000 0.279
5250.000 0.280
5255.000 0.281
5260.000 0.283
5265.000 0.283
5270.000 0.283
5275.000 0.283
5280.000 0.285
5285.000 0.285
5290.000 0.287
5295.000 0.289
5300.000 0.290
5305.000 0.291
5310.000 0.292
5315.000 0.292
5320.000 0.294
5325.000 0.295
5330.000 0.295
5335.000 0.295
5340.000 0.298
5345.000 0.300
5350.000 0.301
5355.000 0.302
5360.000 0.301
5365.000 0.302
5370.000 0.305
5375.000 0.307
5380.000 0.308
5385.000 0.307
5390.000 0.309
5395.000 0.311
5400.000 0.313
5405.000 0.313
5410.000 0.317
5415.000 0.317
5420.000 0.319
5425.000 0.321
5430.000 0.322
5435.000 0.322
5440.000 0.323
5445.000 0.325
5450.000 0.325
5455.000 0.327
5460.000 0.326
5465.000 0.326
5470.000 0.328
5475.000 0.329
5480.000 0.330
5485.000 0.329
5490.000 0.332
5495.000 0.332
5500.000 0.330
5505.000 0.330
5510.000 0.334
5515.000 0.337
5520.000 0.336
5525.000 0.341
5530.000 0.341
5535.000 0.337
5540.000 0.335
5545.000 0.333
5550.000 0.333
5555.000 0.329
5560.000 0.332
5565.000 0.334
5570.000 0.331
5575.000 0.334
5580.000 0.335
5585.000 0.335
5590.000 0.333
5595.000 0.335
5600.000 0.335
5605.000 0.336
5610.000 0.334
5615.000 0.335
5620.000 0.334
5625.000 0.334
5630.000 0.336
5635.000 0.334
5640.000 0.335
5645.000 0.337
5650.000 0.336
5655.000 0.337
5660.000 0.337
5665.000 0.335
5670.000 0.337
5675.000 0.338
5680.000 0.337
5685.000 0.338
5690.000 0.339
5695.000 0.340
5700.000 0.339
5705.000 0.339
5710.000 0.340
5715.000 0.338
5720.000 0.340
5725.000 0.340
5730.000 0.341
5735.000 0.341
5740.000 0.340
5745.000 0.342
5750.000 0.343
5755.000 0.344
5760.000 0.344
5765.000 0.342
5770.000 0.342
5775.000 0.342
5780.000 0.345
5785.000 0.343
5790.000 0.341
5795.000 0.343
5800.000 0.343
5805.000 0.344
5810.000 0.344
5815.000 0.343
5820.000 0.344
5825.000 0.346
5830.000 0.345
5835.000 0.343
5840.000 0.341
5845.000 0.344
5850.000 0.343
5855.000 0.347
5860.000 0.350
5865.000 0.348
5870.000 0.349
5875.000 0.349
5880.000 0.351
5885.000 0.347
5890.000 0.351
5895.000 0.352
5900.000 0.349
5905.000 0.351
5910.000 0.349
5915.000 0.351
5920.000 0.350
5925.000 0.350
5930.000 0.351
5935.000 0.351
5940.000 0.351
5945.000 0.357
5950.000 0.355
5955.000 0.353
5960.000 0.358
5965.000 0.351
5970.000 0.357
5975.000 0.354
5980.000 0.353
5985.000 0.358
5990.000 0.363
5995.000 0.363
6000.000 0.350
6005.000 0.366
6010.000 0.361
6015.000 0.361
6020.000 0.354
6025.000 0.356
6030.000 0.356
6035.000 0.363
6040.000 0.365
6045.000 0.363
6050.000 0.362
6055.000 0.362
6060.000 0.362
6065.000 0.354
6070.000 0.363
6075.000 0.366
6080.000 0.360
6085.000 0.357
6090.000 0.358
6095.000 0.359
6100.000 0.359
6105.000 0.357
6110.000 0.360
6115.000 0.361
6120.000 0.362
6125.000 0.360
6130.000 0.359
6135.000 0.364
6140.000 0.363
6145.000 0.364
6150.000 0.362
6155.000 0.364
6160.000 0.366
6165.000 0.363
6170.000 0.365
6175.000 0.366
6180.000 0.361
6185.000 0.365
6190.000 0.364
6195.000 0.367
6200.000 0.368
6205.000 0.365
6210.000 0.365
6215.000 0.365
6220.000 0.366
6225.000 0.365
6230.000 0.368
6235.000 0.365
6240.000 0.365
6245.000 0.365
6250.000 0.367
6255.000 0.365
6260.000 0.368
6265.000 0.372
6270.000 0.373
6275.000 0.370
6280.000 0.370
6285.000 0.370
6290.000 0.370
6295.000 0.371
6300.000 0.374
6305.000 0.377
6310.000 0.391
6315.000 0.385
6320.000 0.389
6325.000 0.382
6330.000 0.373
6335.000 0.373
6340.000 0.375
6345.000 0.370
6350.000 0.374
6355.000 0.376
6360.000 0.378
6365.000 0.374
6370.000 0.377
6375.000 0.376
6380.000 0.378
6385.000 0.379
6390.000 0.377
6395.000 0.377
6400.000 0.378
6405.000 0.380
6410.000 0.379
6415.000 0.377
6420.000 0.383
6425.000 0.377
6430.000 0.380
6435.000 0.381
6440.000 0.385
6445.000 0.382
6450.000 0.381
6455.000 0.385
6460.000 0.386
6465.000 0.390
6470.000 0.388
6475.000 0.388
6480.000 0.388
6485.000 0.390
6490.000 0.393
6495.000 0.394
6500.000 0.396
6505.000 0.397
6510.000 0.400
6515.000 0.399
6520.000 0.402
6525.000 0.404
6530.000 0.405
6535.000 0.406
6540.000 0.406
6545.000 0.408
6550.000 0.408
6555.000 0.413
6560.000 0.412
6565.000 0.410
6570.000 0.416
6575.000 0.419
6580.000 0.422
6585.000 0.423
6590.000 0.427
6595.000 0.432
6600.000 0.433
6605.000 0.440
6610.000 0.441
6615.000 0.445
6620.000 0.455
6625.000 0.458
6630.000 0.465
6635.000 0.471
6640.000 0.478
6645.000 0.485
6650.000 0.492
6655.000 0.505
6660.000 0.509
6665.000 0.519
6670.000 0.525
6675.000 0.544
6680.000 0.560
6685.000 0.569
6690.000 0.596
6695.000 0.604
6700.000 0.626
6705.000 0.656
6710.000 0.672
6715.000 0.707
6720.000 0.731
6725.000 0.776
6730.000 0.829
6735.000 0.856
6740.000 0.925
6745.000 0.962
6750.000 1.049
6755.000 1.158
6760.000 1.221
6765.000 1.381
6770.000 1.474
6775.000 1.708
6780.000 2.030
6785.000 2.239
6790.000 2.774
6795.000 3.113
6800.000 4.006
6805.000 5.266
6810.000 6.042
6815.000 7.962
6820.000 9.128
6825.000 11.869
6830.000 15.094
6835.000 16.805
6840.000 19.621
6845.000 20.720
6850.000 21.237
6855.000 19.607
6860.000 18.355
6865.000 15.712
6870.000 14.664
6875.000 12.890
6880.000 11.507
6885.000 10.945
6890.000 10.059
6895.000 9.749
6900.000 9.321
6905.000 9.214
6910.000 9.284
6915.000 9.756
6920.000 10.170
6925.000 11.367
6930.000 13.006
6935.000 14.017
6940.000 16.615
6945.000 17.954
6950.000 20.462
6955.000 21.851
6960.000 21.718
6965.000 19.137
6970.000 17.247
6975.000 13.572
6980.000 10.660
6985.000 9.563
6990.000 7.927
6995.000 7.297
7000.000 6.326
7005.000 5.617
7010.000 5.341
7015.000 4.950
7020.000 4.791
7025.000 4.531
7030.000 4.327
7035.000 4.248
7040.000 4.090
7045.000 4.028
7050.000 3.941
7055.000 3.862
7060.000 3.845
7065.000 3.811
7070.000 3.800
7075.000 3.817
7080.000 3.856
7085.000 3.877
7090.000 3.955
7095.000 4.008
7100.000 4.133
7105.000 4.303
7110.000 4.401
7115.000 4.636
7120.000 4.773
7125.000 5.126
7130.000 5.623
7135.000 5.940
7140.000 6.781
7145.000 7.325
7150.000 8.692
7155.000 10.418
7160.000 11.338
7165.000 12.843
7170.000 13.187
7175.000 12.512
7180.000 10.424
7185.000 9.273
7190.000 7.274
7195.000 6.472
7200.000 5.255
7205.000 4.460
7210.000 4.159
7215.000 3.662
7220.000 3.454
7225.000 3.099
7230.000 2.809
7235.000 2.682
7240.000 2.462
7245.000 2.370
7250.000 2.207
7255.000 2.114
7260.000 1.941
7265.000 1.798
7270.000 1.736
7275.000 1.633
7280.000 1.589
7285.000 1.520
7290.000 1.471
7295.000 1.454
7300.000 1.433
7305.000 1.432
7310.000 1.442
7315.000 1.470
7320.000 1.494
7325.000 1.569
7330.000 1.619
7335.000 1.755
7340.000 1.961
7345.000 2.095
7350.000 2.384
7355.000 2.529
7360.000 2.896
7365.000 3.194
7370.000 3.228
7375.000 3.087
7380.000 2.872
7385.000 2.338
7390.000 1.871
7395.000 1.665
7400.000 1.330
7405.000 1.203
7410.000 1.000
7415.000 0.845
7420.000 0.780
7425.000 0.678
7430.000 0.642
7435.000 0.572
7440.000 0.522
7445.000 0.501
7450.000 0.466
7455.000 0.452
7460.000 0.427
7465.000 0.407
7470.000 0.397
7475.000 0.383
7480.000 0.377
7485.000 0.364
7490.000 0.355
7495.000 0.352
7500.000 0.343
7505.000 0.340
7510.000 0.334
7515.000 0.329
7520.000 0.327
7525.000 0.323
7530.000 0.322
7535.000 0.317
7540.000 0.314
7545.000 0.313
7550.000 0.309
7555.000 0.308
7560.000 0.307
7565.000 0.305
7570.000 0.305
7575.000 0.302
7580.000 0.301
7585.000 0.300
7590.000 0.298
7595.000 0.299
7600.000 0.298
7605.000 0.297
7610.000 0.296
7615.000 0.295
7620.000 0.294
7625.000 0.295
7630.000 0.294
7635.000 0.293
7640.000 0.293
7645.000 0.292
7650.000 0.292
7655.000 0.292
7660.000 0.292
7665.000 0.291
7670.000 0.292
7675.000 0.291
7680.000 0.292
7685.000 0.290
7690.000 0.289
7695.000 0.291
7700.000 0.289
7705.000 0.290
7710.000 0.291
7715.000 0.289
7720.000 0.291
7725.000 0.288
7730.000 0.291
7735.000 0.290
7740.000 0.291
7745.000 0.290
7750.000 0.291
7755.000 0.293
7760.000 0.290
7765.000 0.292
7770.000 0.293
7775.000 0.292
7780.000 0.292
7785.000 0.292
7790.000 0.293
7795.000 0.294
7800.000 0.293
7805.000 0.294
7810.000 0.293
7815.000 0.292
7820.000 0.294
7825.000 0.295
7830.000 0.295
7835.000 0.294
7840.000 0.294
7845.000 0.295
7850.000 0.296
7855.000 0.296
7860.000 0.297
7865.000 0.298
7870.000 0.298
7875.000 0.299
7880.000 0.300
7885.000 0.299
7890.000 0.300
7895.000 0.300
7900.000 0.301
7905.000 0.301
7910.000 0.302
7915.000 0.302
7920.000 0.302
7925.000 0.303
7930.000 0.302
7935.000 0.302
7940.000 0.304
7945.000 0.305
7950.000 0.306
7955.000 0.306
7960.000 0.308
7965.000 0.306
7970.000 0.304
7975.000 0.306
7980.000 0.307
7985.000 0.303
7990.000 0.307
7995.000 0.304
8000.000 0.306
8005.000 0.305
8010.000 0.306
8015.000 0.304
8020.000 0.309
8025.000 0.307
8030.000 0.315
8035.000 0.311
8040.000 0.311
8045.000 0.309
8050.000 0.306
8055.000 0.312
8060.000 0.310
8065.000 0.307
8070.000 0.312
8075.000 0.310
8080.000 0.311
8085.000 0.310
8090.000 0.309
8095.000 0.309
8100.000 0.310
8105.000 0.310
8110.000 0.310
8115.000 0.310
8120.000 0.311
8125.000 0.310
8130.000 0.311
8135.000 0.313
8140.000 0.312
8145.000 0.311
8150.000 0.313
8155.000 0.312
8160.000 0.313
8165.000 0.314
8170.000 0.313
8175.000 0.314
8180.000 0.316
8185.000 0.313
8190.000 0.314
8195.000 0.314
8200.000 0.316
8205.000 0.315
8210.000 0.313
8215.000 0.314
8220.000 0.315
8225.000 0.317
8230.000 0.316
8235.000 0.318
8240.000 0.317
8245.000 0.318
8250.000 0.318
8255.000 0.318
8260.000 0.317
8265.000 0.315
8270.000 0.318
8275.000 0.318
8280.000 0.320
8285.000 0.319
8290.000 0.320
8295.000 0.318
8300.000 0.318
8305.000 0.320
8310.000 0.318
8315.000 0.319
8320.000 0.320
8325.000 0.321
8330.000 0.320
8335.000 0.319
8340.000 0.321
8345.000 0.320
8350.000 0.319
8355.000 0.321
8360.000 0.321
8365.000 0.320
8370.000 0.320
8375.000 0.322
8380.000 0.323
8385.000 0.324
8390.000 0.324
8395.000 0.324
8400.000 0.323
8405.000 0.324
8410.000 0.323
8415.000 0.324
8420.000 0.323
8425.000 0.325
8430.000 0.326
8435.000 0.325
8440.000 0.325
8445.000 0.325
8450.000 0.327
8455.000 0.326
8460.000 0.326
8465.000 0.327
8470.000 0.327
8475.000 0.326
8480.000 0.328
8485.000 0.328
8490.000 0.328
8495.000 0.329
8500.000 0.330
8505.000 0.328
8510.000 0.328
8515.000 0.329
8520.000 0.330
8525.000 0.331
8530.000 0.330
8535.000 0.331
8540.000 0.330
8545.000 0.330
8550.000 0.331
8555.000 0.331
8560.000 0.332
8565.000 0.330
8570.000 0.333
8575.000 0.332
8580.000 0.334
8585.000 0.333
8590.000 0.334
8595.000 0.333
8600.000 0.334
8605.000 0.334
8610.000 0.334
8615.000 0.333
8620.000 0.334
8625.000 0.334
8630.000 0.335
8635.000 0.337
8640.000 0.338
8645.000 0.339
8650.000 0.337
8655.000 0.340
8660.000 0.341
8665.000 0.344
8670.000 0.341
8675.000 0.343
8680.000 0.343
8685.000 0.344
8690.000 0.344
8695.000 0.345
8700.000 0.343
8705.000 0.346
8710.000 0.346
8715.000 0.347
8720.000 0.348
8725.000 0.347
8730.000 0.350
8735.000 0.353
8740.000 0.351
8745.000 0.350
8750.000 0.351
8755.000 0.351
8760.000 0.350
8765.000 0.351
8770.000 0.353
8775.000 0.354
8780.000 0.352
8785.000 0.354
8790.000 0.350
8795.000 0.349
8800.000 0.349
8805.000 0.349
8810.000 0.351
8815.000 0.351
8820.000 0.346
8825.000 0.361
8830.000 0.374
8835.000 0.375
8840.000 0.373
8845.000 0.361
8850.000 0.356
8855.000 0.356
8860.000 0.355
8865.000 0.356
8870.000 0.357
8875.000 0.358
8880.000 0.355
8885.000 0.357
8890.000 0.355
8895.000 0.357
8900.000 0.356
8905.000 0.356
8910.000 0.357
8915.000 0.357
8920.000 0.359
8925.000 0.358
8930.000 0.358
8935.000 0.359
8940.000 0.360
8945.000 0.356
8950.000 0.355
8955.000 0.362
8960.000 0.357
8965.000 0.358
8970.000 0.356
8975.000 0.357
8980.000 0.358
8985.000 0.356
8990.000 0.362
8995.000 0.359
9000.000 0.359
9005.000 0.361
9010.000 0.361
9015.000 0.360
9020.000 0.366
9025.000 0.359
9030.000 0.361
9035.000 0.363
9040.000 0.369
9045.000 0.368
9050.000 0.367
9055.000 0.366
9060.000 0.367
9065.000 0.364
9070.000 0.368
9075.000 0.369
9080.000 0.368
9085.000 0.366
9090.000 0.368
9095.000 0.367
9100.000 0.369
9105.000 0.367
9110.000 0.368
9115.000 0.369
9120.000 0.368
9125.000 0.370
9130.000 0.370
9135.000 0.371
9140.000 0.371
9145.000 0.371
9150.000 0.370
9155.000 0.373
9160.000 0.372
9165.000 0.371
9170.000 0.373
9175.000 0.375
9180.000 0.375
9185.000 0.375
9190.000 0.375
9195.000 0.376
9200.000 0.377
9205.000 0.376
9210.000 0.379
9215.000 0.378
9220.000 0.381
9225.000 0.379
9230.000 0.381
9235.000 0.381
9240.000 0.383
9245.000 0.382
9250.000 0.381
9255.000 0.384
9260.000 0.383
9265.000 0.384
9270.000 0.381
9275.000 0.385
9280.000 0.385
9285.000 0.386
9290.000 0.385
9295.000 0.387
9300.000 0.388
9305.000 0.389
9310.000 0.390
9315.000 0.391
9320.000 0.390
9325.000 0.393
9330.000 0.393
9335.000 0.394
9340.000 0.394
9345.000 0.393
9350.000 0.397
9355.000 0.395
9360.000 0.393
9365.000 0.394
9370.000 0.397
9375.000 0.398
9380.000 0.398
9385.000 0.398
9390.000 0.395
9395.000 0.397
9400.000 0.398
9405.000 0.396
9410.000 0.398
9415.000 0.398
9420.000 0.400
9425.000 0.398
9430.000 0.400
9435.000 0.403
9440.000 0.403
9445.000 0.403
9450.000 0.404
9455.000 0.402
9460.000 0.403
9465.000 0.403
9470.000 0.406
9475.000 0.406
9480.000 0.406
9485.000 0.405
9490.000 0.403
9495.000 0.407
9500.000 0.407
9505.000 0.405
9510.000 0.409
9515.000 0.408
9520.000 0.407
9525.000 0.409
9530.000 0.408
9535.000 0.407
9540.000 0.406
9545.000 0.408
9550.000 0.409
9555.000 0.405
9560.000 0.406
9565.000 0.406
9570.000 0.407
9575.000 0.406
9580.000 0.408
9585.000 0.408
9590.000 0.409
9595.000 0.411
9600.000 0.410
9605.000 0.410
9610.000 0.409
9615.000 0.409
9620.000 0.411
9625.000 0.412
9630.000 0.414
9635.000 0.414
9640.000 0.412
9645.000 0.411
9650.000 0.409
9655.000 0.409
9660.000 0.408
9665.000 0.410
9670.000 0.411
9675.000 0.408
9680.000 0.406
9685.000 0.408
9690.000 0.409
9695.000 0.408
9700.000 0.406
9705.000 0.411
9710.000 0.412
9715.000 0.411
9720.000 0.411
9725.000 0.406
9730.000 0.410
9735.000 0.409
9740.000 0.410
9745.000 0.412
9750.000 0.410
9755.000 0.410
9760.000 0.410
9765.000 0.413
9770.000 0.412
9775.000 0.411
9780.000 0.413
9785.000 0.411
9790.000 0.418
9795.000 0.417
9800.000 0.415
9805.000 0.420
9810.000 0.428
9815.000 0.422
9820.000 0.425
9825.000 0.420
9830.000 0.418
9835.000 0.418
9840.000 0.416
9845.000 0.416
9850.000 0.419
9855.000 0.418
9860.000 0.416
9865.000 0.419
9870.000 0.415
9875.000 0.416
9880.000 0.419
9885.000 0.419
9890.000 0.423
9895.000 0.420
9900.000 0.422
9905.000 0.421
9910.000 0.425
9915.000 0.423
9920.000 0.425
9925.000 0.426
9930.000 0.424
9935.000 0.426
9940.000 0.428
9945.000 0.430
9950.000 0.426
9955.000 0.427
9960.000 0.434
9965.000 0.434
9970.000 0.431
9975.000 0.435
9980.000 0.438
9985.000 0.435
9990.000 0.443
9995.000 0.439
10000.000 0.443
10005.000 0.447
10010.000 0.455
10015.000 0.456
10020.000 0.450
10025.000 0.467
10030.000 0.461
10035.000 0.473
10040.000 0.468
10045.000 0.470
10050.000 0.479
10055.000 0.479
10060.000 0.486
10065.000 0.487
10070.000 0.493
10075.000 0.503
10080.000 0.508
10085.000 0.511
10090.000 0.525
10095.000 0.532
10100.000 0.539
10105.000 0.545
10110.000 0.560
10115.000 0.576
10120.000 0.588
10125.000 0.606
10130.000 0.619
10135.000 0.643
10140.000 0.674
10145.000 0.692
10150.000 0.736
10155.000 0.760
10160.000 0.821
10165.000 0.889
10170.000 0.932
10175.000 1.040
10180.000 1.199
10185.000 1.304
10190.000 1.585
10195.000 1.772
10200.000 2.268
10205.000 2.915
10210.000 3.320
10215.000 3.963
10220.000 4.186
10225.000 4.238
10230.000 4.060
10235.000 3.514
10240.000 2.981
10245.000 2.755
10250.000 2.396
10255.000 2.268
10260.000 2.086
10265.000 1.992
10270.000 1.976
10275.000 2.027
10280.000 2.085
10285.000 2.230
10290.000 2.444
10295.000 2.592
10300.000 2.998
10305.000 3.262
10310.000 3.926
10315.000 4.744
10320.000 5.173
10325.000 5.902
10330.000 6.110
10335.000 6.045
10340.000 5.439
10345.000 5.062
10350.000 4.330
10355.000 4.006
10360.000 3.470
10365.000 3.071
10370.000 2.932
10375.000 2.722
10380.000 2.633
10385.000 2.503
10390.000 2.387
10395.000 2.337
10400.000 2.265
10405.000 2.234
10410.000 2.193
10415.000 2.158
10420.000 2.145
10425.000 2.140
10430.000 2.149
10435.000 2.160
10440.000 2.195
10445.000 2.221
10450.000 2.272
10455.000 2.308
10460.000 2.400
10465.000 2.512
10470.000 2.580
10475.000 2.757
10480.000 2.872
10485.000 3.080
10490.000 3.289
10495.000 3.376
10500.000 3.484
10505.000 3.503
10510.000 3.404
10515.000 3.293
10520.000 2.959
10525.000 2.560
10530.000 2.370
10535.000 2.025
10540.000 1.878
10545.000 1.610
10550.000 1.401
10555.000 1.304
10560.000 1.144
10565.000 1.078
10570.000 0.965
10575.000 0.864
10580.000 0.825
10585.000 0.757
10590.000 0.729
10595.000 0.682
10600.000 0.644
10605.000 0.624
10610.000 0.593
10615.000 0.588
10620.000 0.585
10625.000 0.605
10630.000 0.622
10635.000 0.671
10640.000 0.701
10645.000 0.767
10650.000 0.873
10655.000 0.938
10660.000 1.094
10665.000 1.192
10670.000 1.357
10675.000 1.473
10680.000 1.454
10685.000 1.325
10690.000 1.237
10695.000 1.073
10700.000 0.938
10705.000 0.886
10710.000 0.813
10715.000 0.779
10720.000 0.719
10725.000 0.671
10730.000 0.659
10735.000 0.624
10740.000 0.612
10745.000 0.585
10750.000 0.558
10755.000 0.548
10760.000 0.532
10765.000 0.523
10770.000 0.511
10775.000 0.496
10780.000 0.489
10785.000 0.476
10790.000 0.466
10795.000 0.459
10800.000 0.453
10805.000 0.447
10810.000 0.442
10815.000 0.438
10820.000 0.434
10825.000 0.434
10830.000 0.429
10835.000 0.428
10840.000 0.428
10845.000 0.424
10850.000 0.425
10855.000 0.424
10860.000 0.425
10865.000 0.419
10870.000 0.413
10875.000 0.409
10880.000 0.409
10885.000 0.401
10890.000 0.400
10895.000 0.400
10900.000 0.397
10905.000 0.396
10910.000 0.397
10915.000 0.396
10920.000 0.397
10925.000 0.396
10930.000 0.397
10935.000 0.397
10940.000 0.395
10945.000 0.395
10950.000 0.394
10955.000 0.395
10960.000 0.391
10965.000 0.396
10970.000 0.393
10975.000 0.396
10980.000 0.397
10985.000 0.394
10990.000 0.394
10995.000 0.396
11000.000 0.396
11005.000 0.395
11010.000 0.401
11015.000 0.403
11020.000 0.402
11025.000 0.403
11030.000 0.410
11035.000 0.416
11040.000 0.421
11045.000 0.416
11050.000 0.417
11055.000 0.418
11060.000 0.413
11065.000 0.410
11070.000 0.410
11075.000 0.404
11080.000 0.403
11085.000 0.400
11090.000 0.401
11095.000 0.398
11100.000 0.401
11105.000 0.396
11110.000 0.399
11115.000 0.400
11120.000 0.400
11125.000 0.400
11130.000 0.401
11135.000 0.399
11140.000 0.400
11145.000 0.397
11150.000 0.396
11155.000 0.395
11160.000 0.397
11165.000 0.395
11170.000 0.397
11175.000 0.397
11180.000 0.395
11185.000 0.392
11190.000 0.391
11195.000 0.396
11200.000 0.398
11205.000 0.397
11210.000 0.396
11215.000 0.398
11220.000 0.397
11225.000 0.398
11230.000 0.396
11235.000 0.398
11240.000 0.396
11245.000 0.397
11250.000 0.397
11255.000 0.398
11260.000 0.397
11265.000 0.398
11270.000 0.395
11275.000 0.397
11280.000 0.398
11285.000 0.396
11290.000 0.394
11295.000 0.396
11300.000 0.395
11305.000 0.397
11310.000 0.394
11315.000 0.395
11320.000 0.392
11325.000 0.393
11330.000 0.390
11335.000 0.391
11340.000 0.390
11345.000 0.392
11350.000 0.394
11355.000 0.392
11360.000 0.396
11365.000 0.395
11370.000 0.396
11375.000 0.394
11380.000 0.393
11385.000 0.395
11390.000 0.394
11395.000 0.396
11400.000 0.395
11405.000 0.394
11410.000 0.393
11415.000 0.393
11420.000 0.392
11425.000 0.392
11430.000 0.390
11435.000 0.389
11440.000 0.389
11445.000 0.390
11450.000 0.391
11455.000 0.390
11460.000 0.392
11465.000 0.390
11470.000 0.387
11475.000 0.390
11480.000 0.388
11485.000 0.389
11490.000 0.387
11495.000 0.387
11500.000 0.387
11505.000 0.390
11510.000 0.388
11515.000 0.389
11520.000 0.387
11525.000 0.388
11530.000 0.389
11535.000 0.392
11540.000 0.389
11545.000 0.388
11550.000 0.386
11555.000 0.390
11560.000 0.386
11565.000 0.387
11570.000 0.387
11575.000 0.385
11580.000 0.387
11585.000 0.388
11590.000 0.386
11595.000 0.387
11600.000 0.387
11605.000 0.388
11610.000 0.386
11615.000 0.386
11620.000 0.386
11625.000 0.389
11630.000 0.390
11635.000 0.389
11640.000 0.387
11645.000 0.388
11650.000 0.388
11655.000 0.389
11660.000 0.389
11665.000 0.391
11670.000 0.386
11675.000 0.389
11680.000 0.390
11685.000 0.390
11690.000 0.393
11695.000 0.390
11700.000 0.391
11705.000 0.388
11710.000 0.388
11715.000 0.389
11720.000 0.395
11725.000 0.401
11730.000 0.401
11735.000 0.401
11740.000 0.398
11745.000 0.395
11750.000 0.392
11755.000 0.385
11760.000 0.387
11765.000 0.384
11770.000 0.383
11775.000 0.389
11780.000 0.386
11785.000 0.381
11790.000 0.379
11795.000 0.379
11800.000 0.379
11805.000 0.382
11810.000 0.381
11815.000 0.381
11820.000 0.380
11825.000 0.379
11830.000 0.380
11835.000 0.382
11840.000 0.380
11845.000 0.381
11850.000 0.377
11855.000 0.377
11860.000 0.377
11865.000 0.377
11870.000 0.380
11875.000 0.376
11880.000 0.379
11885.000 0.378
11890.000 0.379
11895.000 0.379
11900.000 0.381
11905.000 0.377
11910.000 0.378
11915.000 0.375
11920.000 0.374
11925.000 0.378
11930.000 0.375
11935.000 0.375
11940.000 0.374
11945.000 0.376
11950.000 0.376
11955.000 0.379
11960.000 0.378
11965.000 0.376
11970.000 0.378
11975.000 0.377
11980.000 0.380
11985.000 0.378
11990.000 0.378
11995.000 0.380
12000.000 0.379
