105.000 0.033
110.000 3.223
115.000 3.995
120.000 5.082
125.000 5.607
130.000 6.623
135.000 7.563
140.000 7.829
145.000 8.613
150.000 9.023
155.000 9.799
160.000 10.589
165.000 10.986
170.000 11.751
175.000 12.231
180.000 13.128
185.000 14.346
190.000 15.075
195.000 16.775
200.000 17.854
205.000 20.300
210.000 23.347
215.000 25.175
220.000 29.808
225.000 32.372
230.000 38.643
235.000 45.723
240.000 49.413
245.000 55.397
250.000 56.540
255.000 53.027
260.000 41.904
265.000 37.680
270.000 31.693
275.000 29.683
280.000 26.526
285.000 24.142
290.000 23.039
295.000 21.388
300.000 20.672
305.000 19.635
310.000 18.787
315.000 18.493
320.000 18.097
325.000 18.113
330.000 18.215
335.000 18.363
340.000 18.900
345.000 19.731
350.000 20.300
355.000 21.755
360.000 22.524
365.000 22.859
370.000 23.904
375.000 24.894
380.000 27.832
385.000 29.588
390.000 36.026
395.000 39.619
400.000 41.518
405.000 45.484
410.000 47.576
415.000 51.856
420.000 56.143
425.000 58.259
430.000 62.429
435.000 64.491
440.000 68.636
445.000 72.063
450.000 73.122
455.000 73.095
460.000 72.229
465.000 70.441
470.000 68.581
475.000 67.512
480.000 66.620
485.000 66.562
490.000 65.747
495.000 62.595
500.000 59.827
505.000 49.290
510.000 44.452
515.000 37.374
520.000 32.556
525.000 30.462
530.000 26.589
535.000 24.827
540.000 21.568
545.000 18.677
550.000 17.442
555.000 15.241
560.000 14.353
565.000 12.667
570.000 11.320
575.000 10.748
580.000 9.787
585.000 9.356
590.000 8.630
595.000 8.043
600.000 7.790
605.000 7.353
610.000 7.175
615.000 6.901
620.000 6.717
625.000 6.646
630.000 6.589
635.000 6.596
640.000 6.685
645.000 6.921
650.000 7.102
655.000 7.636
660.000 8.012
665.000 9.071
670.000 10.778
675.000 11.966
680.000 15.368
685.000 17.579
690.000 23.109
695.000 28.943
700.000 31.812
705.000 34.535
710.000 32.640
715.000 21.833
720.000 14.190
725.000 11.761
730.000 8.544
735.000 7.425
740.000 5.767
745.000 4.628
750.000 4.193
755.000 3.499
760.000 3.223
765.000 2.781
770.000 2.435
775.000 2.291
780.000 2.048
785.000 2.627
790.000 2.106
795.000 2.244
800.000 1.988
805.000 1.812
810.000 1.746
815.000 1.661
820.000 1.583
825.000 1.548
830.000 1.497
835.000 1.473
840.000 1.442
845.000 1.441
850.000 1.446
855.000 1.453
860.000 1.460
865.000 1.518
870.000 1.579
875.000 1.624
880.000 1.747
885.000 1.828
890.000 2.783
895.000 2.935
900.000 3.103
905.000 3.570
910.000 4.215
915.000 4.887
920.000 6.370
925.000 6.961
930.000 6.238
935.000 5.261
940.000 3.647
945.000 3.110
950.000 2.369
955.000 1.894
960.000 1.719
965.000 1.453
970.000 1.353
975.000 1.187
980.000 1.065
985.000 1.016
990.000 0.930
995.000 0.899
1000.000 0.844
1005.000 0.794
1010.000 0.780
1015.000 0.749
1020.000 0.743
1025.000 0.719
1030.000 0.709
1035.000 0.706
1040.000 0.707
1045.000 0.709
1050.000 0.712
1055.000 0.727
1060.000 0.733
1065.000 0.754
1070.000 0.770
1075.000 0.811
1080.000 0.861
1085.000 0.892
1090.000 0.968
1095.000 1.015
1100.000 1.135
1105.000 1.301
1110.000 1.411
1115.000 1.698
1120.000 1.892
1125.000 2.435
1130.000 3.255
1135.000 3.694
1140.000 3.943
1145.000 3.573
1150.000 2.576
1155.000 1.899
1160.000 1.667
1165.000 1.333
1170.000 1.208
1175.000 1.020
1180.000 0.884
1185.000 0.829
1190.000 0.742
1195.000 0.705
1200.000 0.654
1205.000 0.614
1210.000 0.598
1215.000 0.577
1220.000 0.569
1225.000 0.560
1230.000 0.560
1235.000 0.560
1240.000 0.566
1245.000 0.575
1250.000 0.591
1255.000 0.603
1260.000 0.632
1265.000 0.671
1270.000 0.695
1275.000 0.754
1280.000 0.789
1285.000 0.876
1290.000 0.989
1295.000 1.063
1300.000 1.257
1305.000 1.384
1310.000 1.753
1315.000 2.395
1320.000 2.899
1325.000 4.330
1330.000 5.152
1335.000 6.516
1340.000 6.572
1345.000 5.970
1350.000 4.439
1355.000 3.837
1360.000 2.953
1365.000 2.366
1370.000 2.152
1375.000 1.832
1380.000 1.709
1385.000 1.515
1390.000 1.374
1395.000 1.318
1400.000 1.227
1405.000 1.193
1410.000 1.139
1415.000 1.102
1420.000 1.092
1425.000 1.090
1430.000 1.100
1435.000 1.127
1440.000 1.168
1445.000 1.199
1450.000 1.277
1455.000 1.389
1460.000 1.464
1465.000 1.613
1470.000 1.703
1475.000 1.926
1480.000 2.262
1485.000 2.493
1490.000 3.156
1495.000 3.614
1500.000 4.802
1505.000 6.209
1510.000 6.833
1515.000 7.160
1520.000 6.595
1525.000 4.865
1530.000 4.104
1535.000 3.002
1540.000 2.314
1545.000 2.062
1550.000 1.693
1555.000 1.552
1560.000 1.336
1565.000 1.196
1570.000 1.138
1575.000 1.032
1580.000 0.988
1585.000 0.918
1590.000 0.870
1595.000 0.859
1600.000 0.845
1605.000 0.845
1610.000 0.859
1615.000 0.901
1620.000 0.931
1625.000 1.026
1630.000 1.102
1635.000 1.321
1640.000 1.637
1645.000 1.862
1650.000 2.463
1655.000 2.795
1660.000 3.268
1665.000 3.034
1670.000 2.710
1675.000 2.069
1680.000 1.835
1685.000 1.497
1690.000 1.287
1695.000 1.217
1700.000 1.115
1705.000 1.091
1710.000 1.071
1715.000 1.078
1720.000 1.091
1725.000 1.136
1730.000 1.170
1735.000 1.273
1740.000 1.440
1745.000 1.550
1750.000 1.816
1755.000 1.930
1760.000 1.918
1765.000 1.522
1770.000 1.265
1775.000 0.850
1780.000 0.706
1785.000 0.505
1790.000 0.380
1795.000 0.336
1800.000 0.274
1805.000 0.249
1810.000 0.219
1815.000 0.205
1820.000 0.187
1825.000 0.178
1830.000 0.174
1835.000 0.170
1840.000 0.168
1845.000 0.167
1850.000 0.164
1855.000 0.165
1860.000 0.164
1865.000 0.166
1870.000 0.166
1875.000 0.166
1880.000 0.166
1885.000 0.168
1890.000 0.168
1895.000 0.169
1900.000 0.171
1905.000 0.169
1910.000 0.172
1915.000 0.173
1920.000 0.172
1925.000 0.173
1930.000 0.175
1935.000 0.174
1940.000 0.176
1945.000 0.178
1950.000 0.179
1955.000 0.179
1960.000 0.178
1965.000 0.178
1970.000 0.177
1975.000 0.182
1980.000 0.181
1985.000 0.178
1990.000 0.178
1995.000 0.178
2000.000 0.178
2005.000 0.179
2010.000 0.184
2015.000 0.184
2020.000 0.179
2025.000 0.180
2030.000 0.187
2035.000 0.183
2040.000 0.186
2045.000 0.187
2050.000 0.183
2055.000 0.183
2060.000 0.183
2065.000 0.186
2070.000 0.184
2075.000 0.186
2080.000 0.186
2085.000 0.187
2090.000 0.184
2095.000 0.186
2100.000 0.187
2105.000 0.187
2110.000 0.186
2115.000 0.186
2120.000 0.188
2125.000 0.189
2130.000 0.187
2135.000 0.188
2140.000 0.187
2145.000 0.188
2150.000 0.187
2155.000 0.188
2160.000 0.189
2165.000 0.189
2170.000 0.189
2175.000 0.188
2180.000 0.189
2185.000 0.191
2190.000 0.190
2195.000 0.189
2200.000 0.189
2205.000 0.189
2210.000 0.189
2215.000 0.191
2220.000 0.190
2225.000 0.192
2230.000 0.192
2235.000 0.191
2240.000 0.191
2245.000 0.192
2250.000 0.190
2255.000 0.192
2260.000 0.192
2265.000 0.193
2270.000 0.192
2275.000 0.192
2280.000 0.194
2285.000 0.192
2290.000 0.193
2295.000 0.191
2300.000 0.192
2305.000 0.193
2310.000 0.192
2315.000 0.193
2320.000 0.194
2325.000 0.194
2330.000 0.194
2335.000 0.193
2340.000 0.192
2345.000 0.193
2350.000 0.192
2355.000 0.193
2360.000 0.193
2365.000 0.191
2370.000 0.192
2375.000 0.194
2380.000 0.192
2385.000 0.193
2390.000 0.195
2395.000 0.194
2400.000 0.195
2405.000 0.196
2410.000 0.195
2415.000 0.195
2420.000 0.196
2425.000 0.193
2430.000 0.195
2435.000 0.195
2440.000 0.195
2445.000 0.196
2450.000 0.197
2455.000 0.197
2460.000 0.198
2465.000 0.197
2470.000 0.198
2475.000 0.198
2480.000 0.198
2485.000 0.199
2490.000 0.198
2495.000 0.199
2500.000 0.199
2505.000 0.199
2510.000 0.199
2515.000 0.200
2520.000 0.201
2525.000 0.202
2530.000 0.201
2535.000 0.204
2540.000 0.202
2545.000 0.204
2550.000 0.205
2555.000 0.205
2560.000 0.203
2565.000 0.205
2570.000 0.206
2575.000 0.208
2580.000 0.206
2585.000 0.207
2590.000 0.208
2595.000 0.209
2600.000 0.210
2605.000 0.212
2610.000 0.213
2615.000 0.212
2620.000 0.213
2625.000 0.214
2630.000 0.214
2635.000 0.213
2640.000 0.214
2645.000 0.215
2650.000 0.213
2655.000 0.214
2660.000 0.215
2665.000 0.216
2670.000 0.216
2675.000 0.217
2680.000 0.216
2685.000 0.216
2690.000 0.218
2695.000 0.217
2700.000 0.217
2705.000 0.218
2710.000 0.218
2715.000 0.219
2720.000 0.219
2725.000 0.220
2730.000 0.221
2735.000 0.219
2740.000 0.220
2745.000 0.220
2750.000 0.221
2755.000 0.220
2760.000 0.223
2765.000 0.223
2770.000 0.223
2775.000 0.222
2780.000 0.223
2785.000 0.223
2790.000 0.224
2795.000 0.224
2800.000 0.224
2805.000 0.226
2810.000 0.227
2815.000 0.226
2820.000 0.225
2825.000 0.228
2830.000 0.226
2835.000 0.229
2840.000 0.228
2845.000 0.230
2850.000 0.228
2855.000 0.229
2860.000 0.229
2865.000 0.231
2870.000 0.231
2875.000 0.229
2880.000 0.232
2885.000 0.232
2890.000 0.232
2895.000 0.232
2900.000 0.233
2905.000 0.234
2910.000 0.233
2915.000 0.235
2920.000 0.234
2925.000 0.237
2930.000 0.236
2935.000 0.237
2940.000 0.235
2945.000 0.236
2950.000 0.239
2955.000 0.237
2960.000 0.239
2965.000 0.242
2970.000 0.243
2975.000 0.245
2980.000 0.242
2985.000 0.245
2990.000 0.237
2995.000 0.242
3000.000 0.247
3005.000 0.237
3010.000 0.243
3015.000 0.239
3020.000 0.241
3025.000 0.249
3030.000 0.247
3035.000 0.248
3040.000 0.238
3045.000 0.239
3050.000 0.242
3055.000 0.242
3060.000 0.245
3065.000 0.248
3070.000 0.243
3075.000 0.243
3080.000 0.244
3085.000 0.249
3090.000 0.246
3095.000 0.249
3100.000 0.248
3105.000 0.247
3110.000 0.246
3115.000 0.248
3120.000 0.248
3125.000 0.252
3130.000 0.250
3135.000 0.249
3140.000 0.248
3145.000 0.250
3150.000 0.252
3155.000 0.252
3160.000 0.252
3165.000 0.254
3170.000 0.252
3175.000 0.253
3180.000 0.252
3185.000 0.254
3190.000 0.253
3195.000 0.254
3200.000 0.258
3205.000 0.254
3210.000 0.257
3215.000 0.257
3220.000 0.254
3225.000 0.254
3230.000 0.255
3235.000 0.256
3240.000 0.255
3245.000 0.256
3250.000 0.255
3255.000 0.256
3260.000 0.257
3265.000 0.254
3270.000 0.257
3275.000 0.256
3280.000 0.256
3285.000 0.257
3290.000 0.257
3295.000 0.258
3300.000 0.256
3305.000 0.257
3310.000 0.255
3315.000 0.260
3320.000 0.259
3325.000 0.262
3330.000 0.265
3335.000 0.268
3340.000 0.273
3345.000 0.284
3350.000 0.291
3355.000 0.312
3360.000 0.323
3365.000 0.350
3370.000 0.404
3375.000 0.442
3380.000 0.564
3385.000 0.667
3390.000 0.995
3395.000 1.596
3400.000 2.046
3405.000 3.308
3410.000 4.174
3415.000 6.543
3420.000 9.913
3425.000 11.869
3430.000 15.066
3435.000 15.774
3440.000 15.834
3445.000 16.304
3450.000 16.908
3455.000 18.885
3460.000 20.017
3465.000 21.269
3470.000 19.989
3475.000 18.418
3480.000 15.252
3485.000 14.057
3490.000 12.428
3495.000 11.533
3500.000 11.300
3505.000 11.213
3510.000 11.366
3515.000 12.056
3520.000 13.325
3525.000 14.157
3530.000 16.231
3535.000 17.462
3540.000 19.985
3545.000 21.329
3550.000 21.063
3555.000 18.278
3560.000 16.322
3565.000 12.605
3570.000 9.694
3575.000 8.568
3580.000 6.850
3585.000 6.213
3590.000 5.262
3595.000 4.632
3600.000 4.387
3605.000 4.084
3610.000 4.009
3615.000 3.990
3620.000 4.030
3625.000 4.263
3630.000 4.706
3635.000 5.044
3640.000 6.016
3645.000 6.707
3650.000 8.582
3655.000 10.834
3660.000 11.742
3665.000 11.843
3670.000 10.930
3675.000 8.379
3680.000 6.240
3685.000 5.466
3690.000 4.349
3695.000 3.943
3700.000 3.409
3705.000 3.100
3710.000 2.994
3715.000 2.832
3720.000 2.767
3725.000 2.688
3730.000 2.664
3735.000 2.671
3740.000 2.731
3745.000 2.777
3750.000 2.922
3755.000 3.146
3760.000 3.303
3765.000 3.769
3770.000 4.106
3775.000 5.084
3780.000 6.636
3785.000 7.662
3790.000 9.976
3795.000 10.962
3800.000 11.429
3805.000 9.488
3810.000 8.213
3815.000 6.025
3820.000 5.226
3825.000 4.077
3830.000 3.329
3835.000 3.055
3840.000 2.675
3845.000 2.557
3850.000 2.385
3855.000 2.263
3860.000 2.226
3865.000 2.171
3870.000 2.157
3875.000 2.139
3880.000 2.159
3885.000 2.182
3890.000 2.267
3895.000 2.330
3900.000 2.500
3905.000 2.766
3910.000 2.957
3915.000 3.499
3920.000 3.861
3925.000 4.796
3930.000 5.768
3935.000 6.026
3940.000 5.714
3945.000 5.192
3950.000 3.979
3955.000 3.008
3960.000 2.658
3965.000 2.159
3970.000 1.996
3975.000 1.779
3980.000 1.599
3985.000 1.528
3990.000 1.407
3995.000 1.379
4000.000 1.330
4005.000 1.301
4010.000 1.304
4015.000 1.352
4020.000 1.388
4025.000 1.490
4030.000 1.647
4035.000 1.742
4040.000 2.064
4045.000 2.255
4050.000 2.793
4055.000 3.655
4060.000 4.171
4065.000 5.197
4070.000 5.509
4075.000 5.294
4080.000 4.158
4085.000 3.589
4090.000 2.696
4095.000 2.380
4100.000 1.912
4105.000 1.603
4110.000 1.495
4115.000 1.341
4120.000 1.282
4125.000 1.199
4130.000 1.140
4135.000 1.121
4140.000 1.107
4145.000 1.098
4150.000 1.101
4155.000 1.140
4160.000 1.169
4165.000 1.261
4170.000 1.323
4175.000 1.474
4180.000 1.600
4185.000 1.614
4190.000 1.500
4195.000 1.374
4200.000 1.073
4205.000 0.939
4210.000 0.747
4215.000 0.620
4220.000 0.572
4225.000 0.518
4230.000 0.501
4235.000 0.490
4240.000 0.503
4245.000 0.518
4250.000 0.571
4255.000 0.607
4260.000 0.688
4265.000 0.792
4270.000 0.854
4275.000 0.969
4280.000 1.020
4285.000 1.012
4290.000 0.859
4295.000 0.782
4300.000 0.661
4305.000 0.613
4310.000 0.542
4315.000 0.482
4320.000 0.452
4325.000 0.400
4330.000 0.371
4335.000 0.307
4340.000 0.236
4345.000 0.205
4350.000 0.185
4355.000 0.190
4360.000 0.207
4365.000 0.220
4370.000 0.224
4375.000 0.236
4380.000 0.239
4385.000 0.244
4390.000 0.250
4395.000 0.252
4400.000 0.256
4405.000 0.256
4410.000 0.258
4415.000 0.261
4420.000 0.262
4425.000 0.265
4430.000 0.264
4435.000 0.265
4440.000 0.266
4445.000 0.267
4450.000 0.268
4455.000 0.265
4460.000 0.268
4465.000 0.270
4470.000 0.270
4475.000 0.270
4480.000 0.271
4485.000 0.272
4490.000 0.272
4495.000 0.273
4500.000 0.274
4505.000 0.274
4510.000 0.276
4515.000 0.275
4520.000 0.280
4525.000 0.276
4530.000 0.280
4535.000 0.279
4540.000 0.279
4545.000 0.281
4550.000 0.281
4555.000 0.282
4560.000 0.284
4565.000 0.286
4570.000 0.285
4575.000 0.283
4580.000 0.287
4585.000 0.287
4590.000 0.288
4595.000 0.288
4600.000 0.289
4605.000 0.290
4610.000 0.292
4615.000 0.291
4620.000 0.291
4625.000 0.296
4630.000 0.294
4635.000 0.294
4640.000 0.297
4645.000 0.298
4650.000 0.299
4655.000 0.299
4660.000 0.301
4665.000 0.303
4670.000 0.301
4675.000 0.305
4680.000 0.305
4685.000 0.305
4690.000 0.308
4695.000 0.308
4700.000 0.309
4705.000 0.309
4710.000 0.311
4715.000 0.312
4720.000 0.313
4725.000 0.315
4730.000 0.317
4735.000 0.318
4740.000 0.317
4745.000 0.319
4750.000 0.320
4755.000 0.321
4760.000 0.317
4765.000 0.322
4770.000 0.320
4775.000 0.319
4780.000 0.322
4785.000 0.322
4790.000 0.322
4795.000 0.320
4800.000 0.322
4805.000 0.322
4810.000 0.322
4815.000 0.322
4820.000 0.323
4825.000 0.322
4830.000 0.323
4835.000 0.322
4840.000 0.323
4845.000 0.321
4850.000 0.324
4855.000 0.321
4860.000 0.323
4865.000 0.325
4870.000 0.323
4875.000 0.326
4880.000 0.324
4885.000 0.327
4890.000 0.326
4895.000 0.326
4900.000 0.326
4905.000 0.329
4910.000 0.332
4915.000 0.333
4920.000 0.332
4925.000 0.331
4930.000 0.332
4935.000 0.328
4940.000 0.330
4945.000 0.330
4950.000 0.330
4955.000 0.327
4960.000 0.335
4965.000 0.334
4970.000 0.331
4975.000 0.324
4980.000 0.325
4985.000 0.327
4990.000 0.330
4995.000 0.331
5000.000 0.339
5005.000 0.324
5010.000 0.324
5015.000 0.331
5020.000 0.341
5025.000 0.335
5030.000 0.336
5035.000 0.330
5040.000 0.331
5045.000 0.327
5050.000 0.336
5055.000 0.330
5060.000 0.338
5065.000 0.330
5070.000 0.335
5075.000 0.337
5080.000 0.331
5085.000 0.336
5090.000 0.334
5095.000 0.333
5100.000 0.334
5105.000 0.334
5110.000 0.332
5115.000 0.332
5120.000 0.334
5125.000 0.335
5130.000 0.335
5135.000 0.339
5140.000 0.338
5145.000 0.338
5150.000 0.332
5155.000 0.337
5160.000 0.336
5165.000 0.338
5170.000 0.338
5175.000 0.337
5180.000 0.338
5185.000 0.337
5190.000 0.337
5195.000 0.340
5200.000 0.340
5205.000 0.341
5210.000 0.337
5215.000 0.339
5220.000 0.340
5225.000 0.339
5230.000 0.340
5235.000 0.338
5240.000 0.339
5245.000 0.339
5250.000 0.342
5255.000 0.337
5260.000 0.342
5265.000 0.340
5270.000 0.339
5275.000 0.340
5280.000 0.341
5285.000 0.342
5290.000 0.342
5295.000 0.343
5300.000 0.342
5305.000 0.342
5310.000 0.342
5315.000 0.343
5320.000 0.344
5325.000 0.344
5330.000 0.343
5335.000 0.341
5340.000 0.346
5345.000 0.348
5350.000 0.347
5355.000 0.343
5360.000 0.347
5365.000 0.346
5370.000 0.345
5375.000 0.345
5380.000 0.345
5385.000 0.344
5390.000 0.344
5395.000 0.345
5400.000 0.348
5405.000 0.347
5410.000 0.348
5415.000 0.347
5420.000 0.346
5425.000 0.348
5430.000 0.345
5435.000 0.347
5440.000 0.347
5445.000 0.349
5450.000 0.350
5455.000 0.350
5460.000 0.352
5465.000 0.350
5470.000 0.352
5475.000 0.350
5480.000 0.351
5485.000 0.351
5490.000 0.353
5495.000 0.353
5500.000 0.353
5505.000 0.353
5510.000 0.357
5515.000 0.359
5520.000 0.358
5525.000 0.360
5530.000 0.362
5535.000 0.363
5540.000 0.358
5545.000 0.355
5550.000 0.353
5555.000 0.353
5560.000 0.352
5565.000 0.352
5570.000 0.352
5575.000 0.354
5580.000 0.355
5585.000 0.355
5590.000 0.356
5595.000 0.356
5600.000 0.357
5605.000 0.356
5610.000 0.357
5615.000 0.357
5620.000 0.357
5625.000 0.358
5630.000 0.358
5635.000 0.359
5640.000 0.359
5645.000 0.357
5650.000 0.361
5655.000 0.360
5660.000 0.361
5665.000 0.361
5670.000 0.360
5675.000 0.360
5680.000 0.360
5685.000 0.363
5690.000 0.362
5695.000 0.363
5700.000 0.362
5705.000 0.361
5710.000 0.360
5715.000 0.363
5720.000 0.362
5725.000 0.363
5730.000 0.364
5735.000 0.363
5740.000 0.361
5745.000 0.364
5750.000 0.363
5755.000 0.362
5760.000 0.362
5765.000 0.361
5770.000 0.364
5775.000 0.364
5780.000 0.366
5785.000 0.365
5790.000 0.366
5795.000 0.367
5800.000 0.367
5805.000 0.364
5810.000 0.366
5815.000 0.365
5820.000 0.366
5825.000 0.368
5830.000 0.369
5835.000 0.369
5840.000 0.368
5845.000 0.368
5850.000 0.366
5855.000 0.369
5860.000 0.370
5865.000 0.368
5870.000 0.372
5875.000 0.370
5880.000 0.372
5885.000 0.370
5890.000 0.374
5895.000 0.374
5900.000 0.372
5905.000 0.375
5910.000 0.373
5915.000 0.375
5920.000 0.375
5925.000 0.372
5930.000 0.375
5935.000 0.378
5940.000 0.377
5945.000 0.376
5950.000 0.380
5955.000 0.383
5960.000 0.378
5965.000 0.379
5970.000 0.376
5975.000 0.378
5980.000 0.382
5985.000 0.374
5990.000 0.389
5995.000 0.384
6000.000 0.377
6005.000 0.389
6010.000 0.383
6015.000 0.387
6020.000 0.378
6025.000 0.385
6030.000 0.388
6035.000 0.385
6040.000 0.389
6045.000 0.384
6050.000 0.381
6055.000 0.389
6060.000 0.390
6065.000 0.384
6070.000 0.385
6075.000 0.387
6080.000 0.385
6085.000 0.387
6090.000 0.382
6095.000 0.383
6100.000 0.388
6105.000 0.386
6110.000 0.382
6115.000 0.388
6120.000 0.387
6125.000 0.387
6130.000 0.387
6135.000 0.386
6140.000 0.386
6145.000 0.388
6150.000 0.387
6155.000 0.387
6160.000 0.389
6165.000 0.393
6170.000 0.390
6175.000 0.392
6180.000 0.387
6185.000 0.389
6190.000 0.386
6195.000 0.389
6200.000 0.391
6205.000 0.389
6210.000 0.393
6215.000 0.392
6220.000 0.393
6225.000 0.390
6230.000 0.391
6235.000 0.389
6240.000 0.389
6245.000 0.393
6250.000 0.392
6255.000 0.391
6260.000 0.392
6265.000 0.393
6270.000 0.393
6275.000 0.395
6280.000 0.399
6285.000 0.396
6290.000 0.399
6295.000 0.394
6300.000 0.393
6305.000 0.396
6310.000 0.392
6315.000 0.411
6320.000 0.408
6325.000 0.403
6330.000 0.400
6335.000 0.397
6340.000 0.395
6345.000 0.394
6350.000 0.394
6355.000 0.397
6360.000 0.397
6365.000 0.397
6370.000 0.398
6375.000 0.396
6380.000 0.397
6385.000 0.398
6390.000 0.395
6395.000 0.398
6400.000 0.399
6405.000 0.400
6410.000 0.399
6415.000 0.399
6420.000 0.395
6425.000 0.396
6430.000 0.397
6435.000 0.399
6440.000 0.399
6445.000 0.403
6450.000 0.401
6455.000 0.403
6460.000 0.403
6465.000 0.400
6470.000 0.401
6475.000 0.399
6480.000 0.400
6485.000 0.399
6490.000 0.400
6495.000 0.405
6500.000 0.405
6505.000 0.404
6510.000 0.400
6515.000 0.397
6520.000 0.398
6525.000 0.401
6530.000 0.402
6535.000 0.401
6540.000 0.400
6545.000 0.401
6550.000 0.401
6555.000 0.400
6560.000 0.402
6565.000 0.401
6570.000 0.400
6575.000 0.399
6580.000 0.401
6585.000 0.404
6590.000 0.402
6595.000 0.403
6600.000 0.405
6605.000 0.403
6610.000 0.402
6615.000 0.402
6620.000 0.402
6625.000 0.402
6630.000 0.404
6635.000 0.400
6640.000 0.404
6645.000 0.404
6650.000 0.404
6655.000 0.403
6660.000 0.403
6665.000 0.403
6670.000 0.402
6675.000 0.402
6680.000 0.405
6685.000 0.408
6690.000 0.406
6695.000 0.405
6700.000 0.411
6705.000 0.411
6710.000 0.411
6715.000 0.408
6720.000 0.410
6725.000 0.410
6730.000 0.411
6735.000 0.412
6740.000 0.414
6745.000 0.420
6750.000 0.421
6755.000 0.427
6760.000 0.431
6765.000 0.439
6770.000 0.452
6775.000 0.461
6780.000 0.483
6785.000 0.509
6790.000 0.563
6795.000 0.657
6800.000 0.727
6805.000 0.977
6810.000 1.195
6815.000 1.913
6820.000 3.162
6825.000 3.952
6830.000 5.606
6835.000 6.391
6840.000 7.939
6845.000 9.490
6850.000 10.321
6855.000 11.958
6860.000 12.429
6865.000 12.555
6870.000 12.299
6875.000 12.297
6880.000 12.745
6885.000 13.147
6890.000 14.197
6895.000 15.520
6900.000 16.081
6905.000 16.397
6910.000 15.942
6915.000 13.902
6920.000 11.528
6925.000 10.544
6930.000 8.995
6935.000 8.429
6940.000 7.696
6945.000 7.406
6950.000 7.435
6955.000 7.848
6960.000 8.243
6965.000 9.406
6970.000 10.435
6975.000 10.664
6980.000 10.364
6985.000 9.611
6990.000 7.843
6995.000 6.383
7000.000 5.824
7005.000 4.996
7010.000 4.709
7015.000 4.325
7020.000 4.171
7025.000 4.146
7030.000 4.224
7035.000 4.374
7040.000 4.823
7045.000 5.547
7050.000 5.988
7055.000 6.849
7060.000 7.109
7065.000 7.035
7070.000 6.109
7075.000 5.540
7080.000 4.540
7085.000 4.167
7090.000 3.607
7095.000 3.217
7100.000 3.068
7105.000 2.878
7110.000 2.816
7115.000 2.760
7120.000 2.792
7125.000 2.846
7130.000 3.020
7135.000 3.155
7140.000 3.558
7145.000 4.117
7150.000 4.409
7155.000 4.815
7160.000 4.857
7165.000 4.357
7170.000 4.002
7175.000 3.367
7180.000 2.947
7185.000 2.795
7190.000 2.576
7195.000 2.498
7200.000 2.411
7205.000 2.389
7210.000 2.406
7215.000 2.488
7220.000 2.553
7225.000 2.736
7230.000 3.016
7235.000 3.193
7240.000 3.573
7245.000 3.724
7250.000 3.800
7255.000 3.428
7260.000 3.158
7265.000 2.616
7270.000 2.383
7275.000 1.997
7280.000 1.724
7285.000 1.614
7290.000 1.457
7295.000 1.402
7300.000 1.324
7305.000 1.289
7310.000 1.283
7315.000 1.312
7320.000 1.349
7325.000 1.426
7330.000 1.508
7335.000 1.547
7340.000 1.498
7345.000 1.432
7350.000 1.298
7355.000 1.241
7360.000 1.199
7365.000 1.234
7370.000 1.232
7375.000 1.227
7380.000 1.234
7385.000 1.246
7390.000 1.268
7395.000 1.261
7400.000 1.202
7405.000 1.040
7410.000 0.932
7415.000 0.713
7420.000 0.617
7425.000 0.454
7430.000 0.312
7435.000 0.253
7440.000 0.171
7445.000 0.169
7450.000 0.215
7455.000 0.262
7460.000 0.280
7465.000 0.297
7470.000 0.301
7475.000 0.306
7480.000 0.312
7485.000 0.312
7490.000 0.313
7495.000 0.313
7500.000 0.314
7505.000 0.314
7510.000 0.314
7515.000 0.314
7520.000 0.313
7525.000 0.313
7530.000 0.314
7535.000 0.314
7540.000 0.314
7545.000 0.313
7550.000 0.315
7555.000 0.314
7560.000 0.311
7565.000 0.313
7570.000 0.314
7575.000 0.313
7580.000 0.313
7585.000 0.312
7590.000 0.314
7595.000 0.314
7600.000 0.311
7605.000 0.313
7610.000 0.312
7615.000 0.312
7620.000 0.312
7625.000 0.313
7630.000 0.312
7635.000 0.312
7640.000 0.310
7645.000 0.307
7650.000 0.310
7655.000 0.311
7660.000 0.311
7665.000 0.312
7670.000 0.311
7675.000 0.312
7680.000 0.313
7685.000 0.315
7690.000 0.316
7695.000 0.314
7700.000 0.314
7705.000 0.314
7710.000 0.312
7715.000 0.311
7720.000 0.314
7725.000 0.312
7730.000 0.313
7735.000 0.314
7740.000 0.313
7745.000 0.314
7750.000 0.313
7755.000 0.312
7760.000 0.314
7765.000 0.312
7770.000 0.314
7775.000 0.316
7780.000 0.314
7785.000 0.314
7790.000 0.314
7795.000 0.316
7800.000 0.315
7805.000 0.316
7810.000 0.313
7815.000 0.314
7820.000 0.313
7825.000 0.314
7830.000 0.318
7835.000 0.316
7840.000 0.317
7845.000 0.316
7850.000 0.317
7855.000 0.317
7860.000 0.317
7865.000 0.317
7870.000 0.316
7875.000 0.318
7880.000 0.316
7885.000 0.316
7890.000 0.316
7895.000 0.315
7900.000 0.316
7905.000 0.316
7910.000 0.316
7915.000 0.317
7920.000 0.317
7925.000 0.318
7930.000 0.316
7935.000 0.316
7940.000 0.317
7945.000 0.315
7950.000 0.319
7955.000 0.320
7960.000 0.319
7965.000 0.320
7970.000 0.315
7975.000 0.318
7980.000 0.319
7985.000 0.315
7990.000 0.322
7995.000 0.317
8000.000 0.321
8005.000 0.316
8010.000 0.320
8015.000 0.316
8020.000 0.322
8025.000 0.319
8030.000 0.331
8035.000 0.321
8040.000 0.326
8045.000 0.321
8050.000 0.321
8055.000 0.326
8060.000 0.326
8065.000 0.324
8070.000 0.325
8075.000 0.324
8080.000 0.324
8085.000 0.327
8090.000 0.326
8095.000 0.326
8100.000 0.329
8105.000 0.324
8110.000 0.327
8115.000 0.328
8120.000 0.330
8125.000 0.328
8130.000 0.330
8135.000 0.330
8140.000 0.330
8145.000 0.332
8150.000 0.332
8155.000 0.333
8160.000 0.334
8165.000 0.333
8170.000 0.334
8175.000 0.333
8180.000 0.335
8185.000 0.336
8190.000 0.336
8195.000 0.337
8200.000 0.335
8205.000 0.336
8210.000 0.336
8215.000 0.338
8220.000 0.338
8225.000 0.339
8230.000 0.338
8235.000 0.342
8240.000 0.342
8245.000 0.342
8250.000 0.344
8255.000 0.342
8260.000 0.342
8265.000 0.343
8270.000 0.345
8275.000 0.346
8280.000 0.343
8285.000 0.349
8290.000 0.347
8295.000 0.347
8300.000 0.345
8305.000 0.348
8310.000 0.347
8315.000 0.349
8320.000 0.350
8325.000 0.354
8330.000 0.355
8335.000 0.359
8340.000 0.357
8345.000 0.359
8350.000 0.356
8355.000 0.356
8360.000 0.355
8365.000 0.356
8370.000 0.356
8375.000 0.356
8380.000 0.359
8385.000 0.360
8390.000 0.359
8395.000 0.358
8400.000 0.358
8405.000 0.359
8410.000 0.362
8415.000 0.360
8420.000 0.361
8425.000 0.361
8430.000 0.363
8435.000 0.364
8440.000 0.366
8445.000 0.367
8450.000 0.365
8455.000 0.366
8460.000 0.368
8465.000 0.366
8470.000 0.370
8475.000 0.370
8480.000 0.370
8485.000 0.372
8490.000 0.375
8495.000 0.374
8500.000 0.372
8505.000 0.376
8510.000 0.377
8515.000 0.378
8520.000 0.378
8525.000 0.380
8530.000 0.379
8535.000 0.379
8540.000 0.379
8545.000 0.382
8550.000 0.382
8555.000 0.383
8560.000 0.381
8565.000 0.385
8570.000 0.385
8575.000 0.382
8580.000 0.385
8585.000 0.389
8590.000 0.386
8595.000 0.388
8600.000 0.391
8605.000 0.390
8610.000 0.391
8615.000 0.389
8620.000 0.390
8625.000 0.389
8630.000 0.392
8635.000 0.395
8640.000 0.390
8645.000 0.392
8650.000 0.392
8655.000 0.392
8660.000 0.393
8665.000 0.391
8670.000 0.393
8675.000 0.393
8680.000 0.394
8685.000 0.391
8690.000 0.391
8695.000 0.394
8700.000 0.392
8705.000 0.394
8710.000 0.391
8715.000 0.392
8720.000 0.391
8725.000 0.392
8730.000 0.389
8735.000 0.398
8740.000 0.396
8745.000 0.393
8750.000 0.393
8755.000 0.395
8760.000 0.390
8765.000 0.394
8770.000 0.397
8775.000 0.394
8780.000 0.395
8785.000 0.397
8790.000 0.397
8795.000 0.398
8800.000 0.396
8805.000 0.399
8810.000 0.401
8815.000 0.394
8820.000 0.391
8825.000 0.392
8830.000 0.390
8835.000 0.402
8840.000 0.397
8845.000 0.401
8850.000 0.405
8855.000 0.400
8860.000 0.400
8865.000 0.399
8870.000 0.397
8875.000 0.396
8880.000 0.397
8885.000 0.399
8890.000 0.399
8895.000 0.399
8900.000 0.396
8905.000 0.399
8910.000 0.397
8915.000 0.396
8920.000 0.400
8925.000 0.397
8930.000 0.396
8935.000 0.401
8940.000 0.399
8945.000 0.399
8950.000 0.399
8955.000 0.397
8960.000 0.398
8965.000 0.397
8970.000 0.396
8975.000 0.401
8980.000 0.405
8985.000 0.399
8990.000 0.399
8995.000 0.397
9000.000 0.402
9005.000 0.400
9010.000 0.398
9015.000 0.401
9020.000 0.405
9025.000 0.401
9030.000 0.403
9035.000 0.411
9040.000 0.409
9045.000 0.406
9050.000 0.402
9055.000 0.404
9060.000 0.404
9065.000 0.404
9070.000 0.401
9075.000 0.400
9080.000 0.399
9085.000 0.402
9090.000 0.398
9095.000 0.405
9100.000 0.402
9105.000 0.399
9110.000 0.399
9115.000 0.398
9120.000 0.399
9125.000 0.401
9130.000 0.400
9135.000 0.403
9140.000 0.401
9145.000 0.403
9150.000 0.401
9155.000 0.406
9160.000 0.405
9165.000 0.403
9170.000 0.404
9175.000 0.400
9180.000 0.403
9185.000 0.404
9190.000 0.401
9195.000 0.401
9200.000 0.398
9205.000 0.401
9210.000 0.403
9215.000 0.402
9220.000 0.404
9225.000 0.404
9230.000 0.405
9235.000 0.405
9240.000 0.403
9245.000 0.405
9250.000 0.406
9255.000 0.407
9260.000 0.406
9265.000 0.404
9270.000 0.405
9275.000 0.404
9280.000 0.404
9285.000 0.403
9290.000 0.405
9295.000 0.406
9300.000 0.405
9305.000 0.404
9310.000 0.403
9315.000 0.405
9320.000 0.405
9325.000 0.404
9330.000 0.403
9335.000 0.407
9340.000 0.408
9345.000 0.403
9350.000 0.403
9355.000 0.403
9360.000 0.402
9365.000 0.406
9370.000 0.406
9375.000 0.406
9380.000 0.408
9385.000 0.408
9390.000 0.404
9395.000 0.405
9400.000 0.405
9405.000 0.405
9410.000 0.405
9415.000 0.406
9420.000 0.407
9425.000 0.405
9430.000 0.408
9435.000 0.409
9440.000 0.409
9445.000 0.407
9450.000 0.407
9455.000 0.405
9460.000 0.409
9465.000 0.404
9470.000 0.406
9475.000 0.404
9480.000 0.407
9485.000 0.406
9490.000 0.408
9495.000 0.404
9500.000 0.404
9505.000 0.404
9510.000 0.408
9515.000 0.410
9520.000 0.405
9525.000 0.406
9530.000 0.406
9535.000 0.406
9540.000 0.407
9545.000 0.411
9550.000 0.408
9555.000 0.407
9560.000 0.406
9565.000 0.404
9570.000 0.405
9575.000 0.406
9580.000 0.407
9585.000 0.404
9590.000 0.408
9595.000 0.408
9600.000 0.408
9605.000 0.404
9610.000 0.407
9615.000 0.409
9620.000 0.403
9625.000 0.403
9630.000 0.403
9635.000 0.402
9640.000 0.408
9645.000 0.407
9650.000 0.404
9655.000 0.405
9660.000 0.404
9665.000 0.405
9670.000 0.405
9675.000 0.403
9680.000 0.401
9685.000 0.402
9690.000 0.401
9695.000 0.400
9700.000 0.400
9705.000 0.400
9710.000 0.404
9715.000 0.400
9720.000 0.401
9725.000 0.399
9730.000 0.400
9735.000 0.403
9740.000 0.401
9745.000 0.401
9750.000 0.400
9755.000 0.400
9760.000 0.401
9765.000 0.401
9770.000 0.401
9775.000 0.402
9780.000 0.400
9785.000 0.408
9790.000 0.407
9795.000 0.409
9800.000 0.407
9805.000 0.411
9810.000 0.409
9815.000 0.416
9820.000 0.410
9825.000 0.407
9830.000 0.404
9835.000 0.402
9840.000 0.401
9845.000 0.401
9850.000 0.402
9855.000 0.399
9860.000 0.400
9865.000 0.398
9870.000 0.397
9875.000 0.401
9880.000 0.399
9885.000 0.400
9890.000 0.399
9895.000 0.399
9900.000 0.398
9905.000 0.397
9910.000 0.396
9915.000 0.397
9920.000 0.399
9925.000 0.400
9930.000 0.399
9935.000 0.399
9940.000 0.401
9945.000 0.399
9950.000 0.398
9955.000 0.397
9960.000 0.398
9965.000 0.400
9970.000 0.397
9975.000 0.398
9980.000 0.400
9985.000 0.396
9990.000 0.402
9995.000 0.398
10000.000 0.398
10005.000 0.404
10010.000 0.408
10015.000 0.405
10020.000 0.398
10025.000 0.402
10030.000 0.402
10035.000 0.403
10040.000 0.404
10045.000 0.404
10050.000 0.406
10055.000 0.407
10060.000 0.406
10065.000 0.402
10070.000 0.406
10075.000 0.407
10080.000 0.403
10085.000 0.402
10090.000 0.401
10095.000 0.401
10100.000 0.397
10105.000 0.395
10110.000 0.396
10115.000 0.399
10120.000 0.399
10125.000 0.398
10130.000 0.401
10135.000 0.400
10140.000 0.404
10145.000 0.403
10150.000 0.406
10155.000 0.406
10160.000 0.405
10165.000 0.411
10170.000 0.407
10175.000 0.404
10180.000 0.386
10185.000 0.371
10190.000 0.306
10195.000 0.248
10200.000 0.090
10205.000 0.243
10210.000 0.614
10215.000 1.445
10220.000 1.823
10225.000 2.536
10230.000 3.073
10235.000 3.240
10240.000 3.442
10245.000 3.505
10250.000 3.630
10255.000 3.752
10260.000 3.806
10265.000 3.821
10270.000 3.756
10275.000 3.453
10280.000 3.002
10285.000 2.783
10290.000 2.429
10295.000 2.321
10300.000 2.230
10305.000 2.337
10310.000 2.470
10315.000 2.880
10320.000 3.131
10325.000 3.682
10330.000 4.135
10335.000 4.263
10340.000 4.288
10345.000 4.196
10350.000 3.914
10355.000 3.616
10360.000 3.483
10365.000 3.258
10370.000 3.171
10375.000 3.062
10380.000 3.031
10385.000 3.038
10390.000 3.079
10395.000 3.075
10400.000 3.002
10405.000 2.701
10410.000 2.487
10415.000 2.005
10420.000 1.773
10425.000 1.388
10430.000 1.122
10435.000 1.022
10440.000 0.912
10445.000 0.886
10450.000 0.879
10455.000 0.898
10460.000 0.986
10465.000 1.162
10470.000 1.289
10475.000 1.631
10480.000 1.819
10485.000 2.100
10490.000 2.150
10495.000 2.091
10500.000 1.887
10505.000 1.785
10510.000 1.606
10515.000 1.481
10520.000 1.444
10525.000 1.407
10530.000 1.406
10535.000 1.425
10540.000 1.458
10545.000 1.478
10550.000 1.505
10555.000 1.503
10560.000 1.447
10565.000 1.303
10570.000 1.191
10575.000 0.944
10580.000 0.824
10585.000 0.625
10590.000 0.471
10595.000 0.414
10600.000 0.341
10605.000 0.318
10610.000 0.330
10615.000 0.418
10620.000 0.505
10625.000 0.745
10630.000 0.890
10635.000 1.138
10640.000 1.270
10645.000 1.287
10650.000 1.249
10655.000 1.208
10660.000 1.113
10665.000 1.010
10670.000 0.967
10675.000 0.867
10680.000 0.827
10685.000 0.731
10690.000 0.624
10695.000 0.563
10700.000 0.438
10705.000 0.380
10710.000 0.296
10715.000 0.262
10720.000 0.262
10725.000 0.290
10730.000 0.316
10735.000 0.371
10740.000 0.408
10745.000 0.418
10750.000 0.426
10755.000 0.421
10760.000 0.411
10765.000 0.402
10770.000 0.400
10775.000 0.396
10780.000 0.395
10785.000 0.399
10790.000 0.399
10795.000 0.400
10800.000 0.399
10805.000 0.398
10810.000 0.397
10815.000 0.394
10820.000 0.395
10825.000 0.393
10830.000 0.395
10835.000 0.394
10840.000 0.395
10845.000 0.397
10850.000 0.392
10855.000 0.393
10860.000 0.397
10865.000 0.395
10870.000 0.397
10875.000 0.397
10880.000 0.394
10885.000 0.393
10890.000 0.396
10895.000 0.396
10900.000 0.397
10905.000 0.395
10910.000 0.397
10915.000 0.395
10920.000 0.394
10925.000 0.393
10930.000 0.395
10935.000 0.395
10940.000 0.395
10945.000 0.394
10950.000 0.395
10955.000 0.399
10960.000 0.393
10965.000 0.395
10970.000 0.392
10975.000 0.394
10980.000 0.396
10985.000 0.390
10990.000 0.397
10995.000 0.392
11000.000 0.393
11005.000 0.390
11010.000 0.394
11015.000 0.395
11020.000 0.404
11025.000 0.401
11030.000 0.404
11035.000 0.415
11040.000 0.407
11045.000 0.410
11050.000 0.407
11055.000 0.402
11060.000 0.396
11065.000 0.398
11070.000 0.399
11075.000 0.394
11080.000 0.398
11085.000 0.397
11090.000 0.393
11095.000 0.393
11100.000 0.392
11105.000 0.394
11110.000 0.395
11115.000 0.394
11120.000 0.394
11125.000 0.394
11130.000 0.392
11135.000 0.396
11140.000 0.396
11145.000 0.392
11150.000 0.391
11155.000 0.390
11160.000 0.389
11165.000 0.389
11170.000 0.390
11175.000 0.391
11180.000 0.391
11185.000 0.389
11190.000 0.390
11195.000 0.387
11200.000 0.386
11205.000 0.385
11210.000 0.384
11215.000 0.387
11220.000 0.389
11225.000 0.389
11230.000 0.391
11235.000 0.393
11240.000 0.392
11245.000 0.393
11250.000 0.392
11255.000 0.391
11260.000 0.392
11265.000 0.391
11270.000 0.391
11275.000 0.392
11280.000 0.390
11285.000 0.387
11290.000 0.388
11295.000 0.390
11300.000 0.387
11305.000 0.384
11310.000 0.385
11315.000 0.390
11320.000 0.388
11325.000 0.385
11330.000 0.386
11335.000 0.387
11340.000 0.387
11345.000 0.385
11350.000 0.386
11355.000 0.389
11360.000 0.388
11365.000 0.388
11370.000 0.385
11375.000 0.384
11380.000 0.387
11385.000 0.387
11390.000 0.385
11395.000 0.389
11400.000 0.388
11405.000 0.385
11410.000 0.387
11415.000 0.388
11420.000 0.385
11425.000 0.384
11430.000 0.385
11435.000 0.384
11440.000 0.384
11445.000 0.385
11450.000 0.386
11455.000 0.385
11460.000 0.387
11465.000 0.387
11470.000 0.384
11475.000 0.384
11480.000 0.382
11485.000 0.384
11490.000 0.382
11495.000 0.382
11500.000 0.384
11505.000 0.388
11510.000 0.389
11515.000 0.386
11520.000 0.387
11525.000 0.386
11530.000 0.384
11535.000 0.383
11540.000 0.381
11545.000 0.381
11550.000 0.382
11555.000 0.381
11560.000 0.380
11565.000 0.383
11570.000 0.381
11575.000 0.380
11580.000 0.382
11585.000 0.382
11590.000 0.383
11595.000 0.383
11600.000 0.382
11605.000 0.382
11610.000 0.380
11615.000 0.379
11620.000 0.382
11625.000 0.380
11630.000 0.380
11635.000 0.379
11640.000 0.383
11645.000 0.381
11650.000 0.381
11655.000 0.379
11660.000 0.379
11665.000 0.380
11670.000 0.382
11675.000 0.380
11680.000 0.381
11685.000 0.377
11690.000 0.379
11695.000 0.379
11700.000 0.382
11705.000 0.380
11710.000 0.378
11715.000 0.379
11720.000 0.380
11725.000 0.377
11730.000 0.381
11735.000 0.384
11740.000 0.383
11745.000 0.384
11750.000 0.383
11755.000 0.378
11760.000 0.381
11765.000 0.385
11770.000 0.380
11775.000 0.381
11780.000 0.382
11785.000 0.378
11790.000 0.381
11795.000 0.381
11800.000 0.379
11805.000 0.377
11810.000 0.372
11815.000 0.369
11820.000 0.374
11825.000 0.370
11830.000 0.371
11835.000 0.370
11840.000 0.371
11845.000 0.372
11850.000 0.371
11855.000 0.372
11860.000 0.376
11865.000 0.374
11870.000 0.374
11875.000 0.373
11880.000 0.374
11885.000 0.372
11890.000 0.371
11895.000 0.372
11900.000 0.375
11905.000 0.372
11910.000 0.377
11915.000 0.373
11920.000 0.377
11925.000 0.373
11930.000 0.373
11935.000 0.370
11940.000 0.371
11945.000 0.370
11950.000 0.369
11955.000 0.367
11960.000 0.367
11965.000 0.366
11970.000 0.371
11975.000 0.368
11980.000 0.371
11985.000 0.372
11990.000 0.371
11995.000 0.370
12000.000 0.373
