105.000 0.087
110.000 0.173
115.000 11.983
120.000 15.782
125.000 17.647
130.000 18.420
135.000 20.225
140.000 21.028
145.000 22.246
150.000 23.641
155.000 24.661
160.000 24.704
165.000 24.940
170.000 24.710
175.000 24.485
180.000 24.479
185.000 24.553
190.000 24.293
195.000 24.510
200.000 24.638
205.000 24.676
210.000 24.973
215.000 25.174
220.000 25.491
225.000 25.862
230.000 25.374
235.000 25.820
240.000 26.181
245.000 26.239
250.000 26.572
255.000 26.735
260.000 27.121
265.000 27.317
270.000 27.899
275.000 28.410
280.000 28.737
285.000 29.361
290.000 29.607
295.000 30.257
300.000 30.893
305.000 31.212
310.000 31.811
315.000 32.173
320.000 32.788
325.000 33.421
330.000 33.761
335.000 34.500
340.000 34.857
345.000 35.716
350.000 36.571
355.000 37.044
360.000 38.009
365.000 39.080
370.000 39.373
375.000 40.175
380.000 40.742
385.000 42.107
390.000 43.579
395.000 44.304
400.000 45.829
405.000 46.592
410.000 47.912
415.000 49.168
420.000 49.720
425.000 50.686
430.000 51.078
435.000 51.525
440.000 51.669
445.000 51.628
450.000 51.054
455.000 50.675
460.000 49.141
465.000 46.901
470.000 45.837
475.000 43.492
480.000 42.371
485.000 40.223
490.000 39.106
495.000 37.100
500.000 35.170
505.000 34.243
510.000 32.456
515.000 30.783
520.000 29.967
525.000 28.341
530.000 27.514
535.000 25.928
540.000 25.110
545.000 23.507
550.000 21.918
555.000 21.128
560.000 19.618
565.000 18.898
570.000 17.534
575.000 16.931
580.000 15.838
585.000 14.791
590.000 14.292
595.000 13.313
600.000 12.820
605.000 11.824
610.000 10.773
615.000 10.247
620.000 9.205
625.000 8.698
630.000 7.783
635.000 7.003
640.000 6.633
645.000 6.002
650.000 5.725
655.000 5.256
660.000 4.877
665.000 4.765
670.000 4.570
675.000 4.475
680.000 4.304
685.000 4.144
690.000 4.087
695.000 3.941
700.000 3.866
705.000 3.730
710.000 3.605
715.000 3.548
720.000 3.435
725.000 3.375
730.000 3.267
735.000 3.166
740.000 3.113
745.000 3.017
750.000 2.971
755.000 2.880
760.000 2.789
765.000 2.744
770.000 2.662
775.000 2.573
780.000 2.536
785.000 2.460
790.000 2.418
795.000 2.345
800.000 2.323
805.000 2.285
810.000 2.273
815.000 2.260
820.000 2.219
825.000 2.186
830.000 2.119
835.000 2.040
840.000 2.007
845.000 1.934
850.000 1.862
855.000 1.832
860.000 1.766
865.000 1.737
870.000 1.677
875.000 1.624
880.000 1.600
885.000 1.570
890.000 1.526
895.000 1.482
900.000 1.463
905.000 1.425
910.000 1.386
915.000 1.367
920.000 1.336
925.000 1.321
930.000 1.291
935.000 1.277
940.000 1.252
945.000 1.224
950.000 1.216
955.000 1.194
960.000 1.172
965.000 1.166
970.000 1.141
975.000 1.130
980.000 1.126
985.000 1.104
990.000 1.107
995.000 1.093
1000.000 1.095
1005.000 1.081
1010.000 1.070
1015.000 1.076
1020.000 1.080
1025.000 1.073
1030.000 1.070
1035.000 1.074
1040.000 1.074
1045.000 1.085
1050.000 1.110
1055.000 1.119
1060.000 1.147
1065.000 1.164
1070.000 1.202
1075.000 1.222
1080.000 1.267
1085.000 1.315
1090.000 1.340
1095.000 1.401
1100.000 1.447
1105.000 1.470
1110.000 1.532
1115.000 1.567
1120.000 1.653
1125.000 1.699
1130.000 1.803
1135.000 1.918
1140.000 1.982
1145.000 2.125
1150.000 2.193
1155.000 2.294
1160.000 2.404
1165.000 2.472
1170.000 2.598
1175.000 2.667
1180.000 2.806
1185.000 2.886
1190.000 3.050
1195.000 3.217
1200.000 3.302
1205.000 3.496
1210.000 3.589
1215.000 3.809
1220.000 4.080
1225.000 4.242
1230.000 4.586
1235.000 4.783
1240.000 5.241
1245.000 5.801
1250.000 6.130
1255.000 6.914
1260.000 7.375
1265.000 8.491
1270.000 9.934
1275.000 11.701
1280.000 12.709
1285.000 13.799
1290.000 16.138
1295.000 18.618
1300.000 20.836
1305.000 21.707
1310.000 22.345
1315.000 22.598
1320.000 21.196
1325.000 20.009
1330.000 17.281
1335.000 15.951
1340.000 13.558
1345.000 11.586
1350.000 10.785
1355.000 9.571
1360.000 9.045
1365.000 8.211
1370.000 7.583
1375.000 7.337
1380.000 6.902
1385.000 6.706
1390.000 6.332
1395.000 6.007
1400.000 5.855
1405.000 5.582
1410.000 5.455
1415.000 5.222
1420.000 5.005
1425.000 4.901
1430.000 4.714
1435.000 4.542
1440.000 4.459
1445.000 4.305
1450.000 4.234
1455.000 4.108
1460.000 4.035
1465.000 3.925
1470.000 3.872
1475.000 3.775
1480.000 3.689
1485.000 3.645
1490.000 3.551
1495.000 3.508
1500.000 3.418
1505.000 3.333
1510.000 3.297
1515.000 3.197
1520.000 3.158
1525.000 3.067
1530.000 2.990
1535.000 2.922
1540.000 2.890
1545.000 2.856
1550.000 2.785
1555.000 2.723
1560.000 2.657
1565.000 2.622
1570.000 2.552
1575.000 2.521
1580.000 2.454
1585.000 2.417
1590.000 2.352
1595.000 2.316
1600.000 2.243
1605.000 2.171
1610.000 2.136
1615.000 2.067
1620.000 1.993
1625.000 1.960
1630.000 1.896
1635.000 1.836
1640.000 1.809
1645.000 1.787
1650.000 1.755
1655.000 1.742
1660.000 1.747
1665.000 1.771
1670.000 1.822
1675.000 1.862
1680.000 1.942
1685.000 1.988
1690.000 2.093
1695.000 2.203
1700.000 2.259
1705.000 2.363
1710.000 2.454
1715.000 2.498
1720.000 2.536
1725.000 2.612
1730.000 2.675
1735.000 2.702
1740.000 2.756
1745.000 2.779
1750.000 2.819
1755.000 2.847
1760.000 2.860
1765.000 2.892
1770.000 2.903
1775.000 2.919
1780.000 2.929
1785.000 2.938
1790.000 2.943
1795.000 2.952
1800.000 2.956
1805.000 2.968
1810.000 2.970
1815.000 2.986
1820.000 2.998
1825.000 2.999
1830.000 3.006
1835.000 3.015
1840.000 3.014
1845.000 3.015
1850.000 3.009
1855.000 3.009
1860.000 3.005
1865.000 2.999
1870.000 3.003
1875.000 2.998
1880.000 2.999
1885.000 2.998
1890.000 2.999
1895.000 2.996
1900.000 2.994
1905.000 2.993
1910.000 2.993
1915.000 2.995
1920.000 2.997
1925.000 2.993
1930.000 2.991
1935.000 2.990
1940.000 2.993
1945.000 3.003
1950.000 3.004
1955.000 2.987
1960.000 2.987
1965.000 2.970
1970.000 2.953
1975.000 2.951
1980.000 2.938
1985.000 2.928
1990.000 2.918
1995.000 2.900
2000.000 2.890
2005.000 2.880
2010.000 2.873
2015.000 2.865
2020.000 2.863
2025.000 2.842
2030.000 2.825
2035.000 2.799
2040.000 2.785
2045.000 2.776
2050.000 2.743
2055.000 2.734
2060.000 2.712
2065.000 2.688
2070.000 2.670
2075.000 2.643
2080.000 2.635
2085.000 2.610
2090.000 2.584
2095.000 2.560
2100.000 2.547
2105.000 2.532
2110.000 2.511
2115.000 2.487
2120.000 2.476
2125.000 2.445
2130.000 2.427
2135.000 2.402
2140.000 2.379
2145.000 2.364
2150.000 2.339
2155.000 2.307
2160.000 2.293
2165.000 2.258
2170.000 2.245
2175.000 2.212
2180.000 2.184
2185.000 2.174
2190.000 2.139
2195.000 2.125
2200.000 2.101
2205.000 2.085
2210.000 2.064
2215.000 2.042
2220.000 2.031
2225.000 2.002
2230.000 1.990
2235.000 1.965
2240.000 1.939
2245.000 1.923
2250.000 1.901
2255.000 1.878
2260.000 1.863
2265.000 1.840
2270.000 1.831
2275.000 1.811
2280.000 1.802
2285.000 1.780
2290.000 1.761
2295.000 1.750
2300.000 1.730
2305.000 1.720
2310.000 1.699
2315.000 1.680
2320.000 1.660
2325.000 1.657
2330.000 1.645
2335.000 1.626
2340.000 1.605
2345.000 1.596
2350.000 1.578
2355.000 1.573
2360.000 1.556
2365.000 1.537
2370.000 1.526
2375.000 1.514
2380.000 1.505
2385.000 1.489
2390.000 1.476
2395.000 1.471
2400.000 1.457
2405.000 1.444
2410.000 1.439
2415.000 1.426
2420.000 1.423
2425.000 1.413
2430.000 1.406
2435.000 1.395
2440.000 1.386
2445.000 1.381
2450.000 1.371
2455.000 1.363
2460.000 1.356
2465.000 1.352
2470.000 1.349
2475.000 1.336
2480.000 1.330
2485.000 1.323
2490.000 1.315
2495.000 1.309
2500.000 1.296
2505.000 1.295
2510.000 1.282
2515.000 1.273
2520.000 1.270
2525.000 1.260
2530.000 1.259
2535.000 1.251
2540.000 1.242
2545.000 1.242
2550.000 1.233
2555.000 1.230
2560.000 1.227
2565.000 1.219
2570.000 1.222
2575.000 1.215
2580.000 1.200
2585.000 1.197
2590.000 1.197
2595.000 1.194
2600.000 1.190
2605.000 1.191
2610.000 1.188
2615.000 1.179
2620.000 1.180
2625.000 1.174
2630.000 1.174
2635.000 1.170
2640.000 1.167
2645.000 1.166
2650.000 1.161
2655.000 1.164
2660.000 1.157
2665.000 1.156
2670.000 1.156
2675.000 1.155
2680.000 1.153
2685.000 1.154
2690.000 1.152
2695.000 1.151
2700.000 1.146
2705.000 1.146
2710.000 1.144
2715.000 1.144
2720.000 1.144
2725.000 1.141
2730.000 1.143
2735.000 1.141
2740.000 1.138
2745.000 1.139
2750.000 1.141
2755.000 1.141
2760.000 1.141
2765.000 1.142
2770.000 1.144
2775.000 1.145
2780.000 1.143
2785.000 1.142
2790.000 1.145
2795.000 1.143
2800.000 1.144
2805.000 1.148
2810.000 1.149
2815.000 1.149
2820.000 1.154
2825.000 1.153
2830.000 1.156
2835.000 1.158
2840.000 1.163
2845.000 1.162
2850.000 1.165
2855.000 1.169
2860.000 1.172
2865.000 1.176
2870.000 1.176
2875.000 1.184
2880.000 1.189
2885.000 1.192
2890.000 1.194
2895.000 1.200
2900.000 1.208
2905.000 1.211
2910.000 1.219
2915.000 1.230
2920.000 1.234
2925.000 1.239
2930.000 1.247
2935.000 1.257
2940.000 1.259
2945.000 1.280
2950.000 1.294
2955.000 1.290
2960.000 1.305
2965.000 1.302
2970.000 1.314
2975.000 1.317
2980.000 1.326
2985.000 1.332
2990.000 1.351
2995.000 1.355
3000.000 1.372
3005.000 1.369
3010.000 1.378
3015.000 1.387
3020.000 1.414
3025.000 1.420
3030.000 1.427
3035.000 1.431
3040.000 1.441
3045.000 1.460
3050.000 1.479
3055.000 1.497
3060.000 1.515
3065.000 1.529
3070.000 1.541
3075.000 1.560
3080.000 1.566
3085.000 1.579
3090.000 1.594
3095.000 1.619
3100.000 1.637
3105.000 1.649
3110.000 1.677
3115.000 1.689
3120.000 1.712
3125.000 1.742
3130.000 1.788
3135.000 1.830
3140.000 1.831
3145.000 1.850
3150.000 1.877
3155.000 1.892
3160.000 1.942
3165.000 1.992
3170.000 2.008
3175.000 2.037
3180.000 2.053
3185.000 2.086
3190.000 2.103
3195.000 2.148
3200.000 2.196
3205.000 2.220
3210.000 2.279
3215.000 2.308
3220.000 2.365
3225.000 2.424
3230.000 2.452
3235.000 2.520
3240.000 2.553
3245.000 2.637
3250.000 2.719
3255.000 2.760
3260.000 2.844
3265.000 2.894
3270.000 2.988
3275.000 3.044
3280.000 3.149
3285.000 3.265
3290.000 3.396
3295.000 3.466
3300.000 3.620
3305.000 3.699
3310.000 3.863
3315.000 3.961
3320.000 4.160
3325.000 4.251
3330.000 4.463
3335.000 4.706
3340.000 4.986
3345.000 5.136
3350.000 5.453
3355.000 5.628
3360.000 6.022
3365.000 6.247
3370.000 6.753
3375.000 7.042
3380.000 7.726
3385.000 8.569
3390.000 9.062
3395.000 10.232
3400.000 10.935
3405.000 12.526
3410.000 14.592
3415.000 17.017
3420.000 18.350
3425.000 19.712
3430.000 22.289
3435.000 24.169
3440.000 24.693
3445.000 24.203
3450.000 23.062
3455.000 20.118
3460.000 17.069
3465.000 14.435
3470.000 13.303
3475.000 12.301
3480.000 10.774
3485.000 9.772
3490.000 9.368
3495.000 8.651
3500.000 8.019
3505.000 7.748
3510.000 7.225
3515.000 7.005
3520.000 6.579
3525.000 6.207
3530.000 6.036
3535.000 5.723
3540.000 5.558
3545.000 5.377
3550.000 5.158
3555.000 5.026
3560.000 4.778
3565.000 4.670
3570.000 4.470
3575.000 4.413
3580.000 4.276
3585.000 4.111
3590.000 4.029
3595.000 3.877
3600.000 3.808
3605.000 3.677
3610.000 3.565
3615.000 3.508
3620.000 3.402
3625.000 3.357
3630.000 3.260
3635.000 3.146
3640.000 3.096
3645.000 3.006
3650.000 2.955
3655.000 2.873
3660.000 2.796
3665.000 2.760
3670.000 2.689
3675.000 2.659
3680.000 2.596
3685.000 2.557
3690.000 2.526
3695.000 2.476
3700.000 2.444
3705.000 2.390
3710.000 2.344
3715.000 2.325
3720.000 2.287
3725.000 2.268
3730.000 2.234
3735.000 2.209
3740.000 2.192
3745.000 2.169
3750.000 2.154
3755.000 2.135
3760.000 2.112
3765.000 2.101
3770.000 2.078
3775.000 2.059
3780.000 2.053
3785.000 2.037
3790.000 2.029
3795.000 2.016
3800.000 2.011
3805.000 1.998
3810.000 2.035
3815.000 2.074
3820.000 2.052
3825.000 2.040
3830.000 2.012
3835.000 1.988
3840.000 1.979
3845.000 1.969
3850.000 1.964
3855.000 1.953
3860.000 1.948
3865.000 1.943
3870.000 1.935
3875.000 1.933
3880.000 1.931
3885.000 1.934
3890.000 1.938
3895.000 1.946
3900.000 1.943
3905.000 1.953
3910.000 1.958
3915.000 1.962
3920.000 1.972
3925.000 1.983
3930.000 2.005
3935.000 2.016
3940.000 2.032
3945.000 2.068
3950.000 2.136
3955.000 2.118
3960.000 2.130
3965.000 2.132
3970.000 2.152
3975.000 2.166
3980.000 2.179
3985.000 2.194
3990.000 2.262
3995.000 2.291
4000.000 2.309
4005.000 2.334
4010.000 2.365
4015.000 2.415
4020.000 2.468
4025.000 2.517
4030.000 2.565
4035.000 2.576
4040.000 2.624
4045.000 2.696
4050.000 2.737
4055.000 2.844
4060.000 2.884
4065.000 2.979
4070.000 3.057
4075.000 3.101
4080.000 3.204
4085.000 3.255
4090.000 3.420
4095.000 3.548
4100.000 3.625
4105.000 3.780
4110.000 3.858
4115.000 4.030
4120.000 4.235
4125.000 4.479
4130.000 4.611
4135.000 4.785
4140.000 5.126
4145.000 5.316
4150.000 5.763
4155.000 6.350
4160.000 7.096
4165.000 7.531
4170.000 8.031
4175.000 9.194
4180.000 10.544
4185.000 11.247
4190.000 12.474
4195.000 12.870
4200.000 12.897
4205.000 11.834
4210.000 10.283
4215.000 9.480
4220.000 8.719
4225.000 7.472
4230.000 6.532
4235.000 5.754
4240.000 5.412
4245.000 5.092
4250.000 4.537
4255.000 4.062
4260.000 3.855
4265.000 3.478
4270.000 3.148
4275.000 3.000
4280.000 2.716
4285.000 2.583
4290.000 2.330
4295.000 2.111
4300.000 2.024
4305.000 1.854
4310.000 1.778
4315.000 1.669
4320.000 1.507
4325.000 1.433
4330.000 1.301
4335.000 1.190
4340.000 1.139
4345.000 1.056
4350.000 1.023
4355.000 0.948
4360.000 0.916
4365.000 0.854
4370.000 0.799
4375.000 0.775
4380.000 0.731
4385.000 0.694
4390.000 0.675
4395.000 0.640
4400.000 0.624
4405.000 0.592
4410.000 0.578
4415.000 0.551
4420.000 0.527
4425.000 0.523
4430.000 0.499
4435.000 0.485
4440.000 0.461
4445.000 0.451
4450.000 0.433
4455.000 0.415
4460.000 0.398
4465.000 0.390
4470.000 0.384
4475.000 0.369
4480.000 0.357
4485.000 0.350
4490.000 0.339
4495.000 0.328
4500.000 0.322
4505.000 0.311
4510.000 0.305
4515.000 0.297
4520.000 0.294
4525.000 0.282
4530.000 0.276
4535.000 0.268
4540.000 0.264
4545.000 0.258
4550.000 0.251
4555.000 0.245
4560.000 0.238
4565.000 0.236
4570.000 0.232
4575.000 0.228
4580.000 0.222
4585.000 0.218
4590.000 0.216
4595.000 0.213
4600.000 0.209
4605.000 0.207
4610.000 0.203
4615.000 0.202
4620.000 0.201
4625.000 0.197
4630.000 0.195
4635.000 0.194
4640.000 0.193
4645.000 0.193
4650.000 0.192
4655.000 0.191
4660.000 0.190
4665.000 0.190
4670.000 0.190
4675.000 0.194
4680.000 0.195
4685.000 0.193
4690.000 0.192
4695.000 0.191
4700.000 0.190
4705.000 0.189
4710.000 0.188
4715.000 0.187
4720.000 0.187
4725.000 0.184
4730.000 0.182
4735.000 0.183
4740.000 0.180
4745.000 0.177
4750.000 0.174
4755.000 0.169
4760.000 0.167
4765.000 0.162
4770.000 0.159
4775.000 0.155
4780.000 0.149
4785.000 0.148
4790.000 0.141
4795.000 0.137
4800.000 0.131
4805.000 0.128
4810.000 0.121
4815.000 0.115
4820.000 0.109
4825.000 0.106
4830.000 0.102
4835.000 0.097
4840.000 0.088
4845.000 0.085
4850.000 0.080
4855.000 0.074
4860.000 0.070
4865.000 0.062
4870.000 0.057
4875.000 0.051
4880.000 0.045
4885.000 0.044
4890.000 0.037
4895.000 0.032
4900.000 0.025
4905.000 0.018
4910.000 0.015
4915.000 0.010
4920.000 0.008
4925.000 0.007
4930.000 0.011
4935.000 0.019
4940.000 0.025
4945.000 0.026
4950.000 0.034
4955.000 0.038
4960.000 0.051
4965.000 0.059
4970.000 0.063
4975.000 0.068
4980.000 0.074
4985.000 0.080
4990.000 0.097
4995.000 0.109
5000.000 0.105
5005.000 0.111
5010.000 0.128
5015.000 0.137
5020.000 0.142
5025.000 0.153
5030.000 0.152
5035.000 0.169
5040.000 0.174
5045.000 0.179
5050.000 0.195
5055.000 0.202
5060.000 0.211
5065.000 0.219
5070.000 0.227
5075.000 0.239
5080.000 0.250
5085.000 0.254
5090.000 0.268
5095.000 0.273
5100.000 0.286
5105.000 0.290
5110.000 0.308
5115.000 0.317
5120.000 0.321
5125.000 0.332
5130.000 0.343
5135.000 0.349
5140.000 0.358
5145.000 0.363
5150.000 0.375
5155.000 0.385
5160.000 0.389
5165.000 0.401
5170.000 0.404
5175.000 0.413
5180.000 0.421
5185.000 0.428
5190.000 0.435
5195.000 0.439
5200.000 0.446
5205.000 0.450
5210.000 0.454
5215.000 0.461
5220.000 0.466
5225.000 0.469
5230.000 0.470
5235.000 0.474
5240.000 0.479
5245.000 0.481
5250.000 0.486
5255.000 0.487
5260.000 0.487
5265.000 0.492
5270.000 0.491
5275.000 0.496
5280.000 0.493
5285.000 0.497
5290.000 0.496
5295.000 0.497
5300.000 0.499
5305.000 0.497
5310.000 0.497
5315.000 0.499
5320.000 0.499
5325.000 0.499
5330.000 0.500
5335.000 0.499
5340.000 0.501
5345.000 0.500
5350.000 0.501
5355.000 0.503
5360.000 0.503
5365.000 0.503
5370.000 0.504
5375.000 0.506
5380.000 0.508
5385.000 0.506
5390.000 0.509
5395.000 0.511
5400.000 0.511
5405.000 0.514
5410.000 0.515
5415.000 0.517
5420.000 0.526
5425.000 0.523
5430.000 0.520
5435.000 0.518
5440.000 0.517
5445.000 0.522
5450.000 0.522
5455.000 0.524
5460.000 0.524
5465.000 0.525
5470.000 0.522
5475.000 0.521
5480.000 0.518
5485.000 0.519
5490.000 0.518
5495.000 0.518
5500.000 0.517
5505.000 0.514
5510.000 0.519
5515.000 0.527
5520.000 0.524
5525.000 0.532
5530.000 0.534
5535.000 0.527
5540.000 0.522
5545.000 0.518
5550.000 0.513
5555.000 0.514
5560.000 0.511
5565.000 0.512
5570.000 0.512
5575.000 0.519
5580.000 0.519
5585.000 0.520
5590.000 0.514
5595.000 0.516
5600.000 0.520
5605.000 0.521
5610.000 0.522
5615.000 0.520
5620.000 0.515
5625.000 0.513
5630.000 0.513
5635.000 0.515
5640.000 0.517
5645.000 0.515
5650.000 0.514
5655.000 0.513
5660.000 0.516
5665.000 0.514
5670.000 0.516
5675.000 0.514
5680.000 0.521
5685.000 0.522
5690.000 0.524
5695.000 0.523
5700.000 0.521
5705.000 0.524
5710.000 0.525
5715.000 0.524
5720.000 0.523
5725.000 0.523
5730.000 0.523
5735.000 0.525
5740.000 0.522
5745.000 0.521
5750.000 0.521
5755.000 0.525
5760.000 0.522
5765.000 0.521
5770.000 0.525
5775.000 0.526
5780.000 0.530
5785.000 0.533
5790.000 0.531
5795.000 0.532
5800.000 0.533
5805.000 0.533
5810.000 0.534
5815.000 0.538
5820.000 0.535
5825.000 0.532
5830.000 0.532
5835.000 0.533
5840.000 0.536
5845.000 0.533
5850.000 0.534
5855.000 0.536
5860.000 0.540
5865.000 0.539
5870.000 0.539
5875.000 0.539
5880.000 0.545
5885.000 0.549
5890.000 0.551
5895.000 0.553
5900.000 0.552
5905.000 0.550
5910.000 0.551
5915.000 0.552
5920.000 0.550
5925.000 0.551
5930.000 0.559
5935.000 0.561
5940.000 0.558
5945.000 0.560
5950.000 0.559
5955.000 0.562
5960.000 0.559
5965.000 0.566
5970.000 0.566
5975.000 0.567
5980.000 0.569
5985.000 0.573
5990.000 0.566
5995.000 0.574
6000.000 0.568
6005.000 0.579
6010.000 0.579
6015.000 0.583
6020.000 0.571
6025.000 0.585
6030.000 0.585
6035.000 0.591
6040.000 0.592
6045.000 0.596
6050.000 0.604
6055.000 0.599
6060.000 0.600
6065.000 0.605
6070.000 0.602
6075.000 0.597
6080.000 0.604
6085.000 0.605
6090.000 0.611
6095.000 0.606
6100.000 0.607
6105.000 0.613
6110.000 0.613
6115.000 0.615
6120.000 0.615
6125.000 0.622
6130.000 0.627
6135.000 0.627
6140.000 0.631
6145.000 0.637
6150.000 0.645
6155.000 0.645
6160.000 0.647
6165.000 0.649
6170.000 0.649
6175.000 0.652
6180.000 0.658
6185.000 0.660
6190.000 0.664
6195.000 0.665
6200.000 0.666
6205.000 0.671
6210.000 0.678
6215.000 0.676
6220.000 0.679
6225.000 0.684
6230.000 0.691
6235.000 0.695
6240.000 0.697
6245.000 0.702
6250.000 0.706
6255.000 0.710
6260.000 0.715
6265.000 0.718
6270.000 0.726
6275.000 0.730
6280.000 0.733
6285.000 0.741
6290.000 0.744
6295.000 0.752
6300.000 0.763
6305.000 0.775
6310.000 0.790
6315.000 0.819
6320.000 0.828
6325.000 0.817
6330.000 0.807
6335.000 0.804
6340.000 0.808
6345.000 0.813
6350.000 0.818
6355.000 0.828
6360.000 0.836
6365.000 0.843
6370.000 0.852
6375.000 0.857
6380.000 0.866
6385.000 0.879
6390.000 0.886
6395.000 0.894
6400.000 0.899
6405.000 0.913
6410.000 0.920
6415.000 0.930
6420.000 0.942
6425.000 0.951
6430.000 0.966
6435.000 0.978
6440.000 0.987
6445.000 1.002
6450.000 1.013
6455.000 1.028
6460.000 1.043
6465.000 1.051
6470.000 1.072
6475.000 1.084
6480.000 1.097
6485.000 1.115
6490.000 1.127
6495.000 1.141
6500.000 1.156
6505.000 1.175
6510.000 1.200
6515.000 1.211
6520.000 1.235
6525.000 1.260
6530.000 1.273
6535.000 1.299
6540.000 1.314
6545.000 1.338
6550.000 1.370
6555.000 1.381
6560.000 1.409
6565.000 1.437
6570.000 1.473
6575.000 1.503
6580.000 1.523
6585.000 1.558
6590.000 1.581
6595.000 1.625
6600.000 1.642
6605.000 1.689
6610.000 1.739
6615.000 1.762
6620.000 1.813
6625.000 1.845
6630.000 1.904
6635.000 1.934
6640.000 1.995
6645.000 2.061
6650.000 2.104
6655.000 2.185
6660.000 2.272
6665.000 2.324
6670.000 2.414
6675.000 2.513
6680.000 2.569
6685.000 2.626
6690.000 2.742
6695.000 2.870
6700.000 2.934
6705.000 3.090
6710.000 3.172
6715.000 3.339
6720.000 3.534
6725.000 3.638
6730.000 3.861
6735.000 4.122
6740.000 4.260
6745.000 4.587
6750.000 4.976
6755.000 5.202
6760.000 5.450
6765.000 6.043
6770.000 6.793
6775.000 7.239
6780.000 8.326
6785.000 8.991
6790.000 10.618
6795.000 12.691
6800.000 13.914
6805.000 16.789
6810.000 18.559
6815.000 21.802
6820.000 24.566
6825.000 25.469
6830.000 25.779
6835.000 24.904
6840.000 21.336
6845.000 17.460
6850.000 15.682
6855.000 12.719
6860.000 11.566
6865.000 9.706
6870.000 8.340
6875.000 7.814
6880.000 7.054
6885.000 6.554
6890.000 6.325
6895.000 5.908
6900.000 5.723
6905.000 5.413
6910.000 5.133
6915.000 4.993
6920.000 4.739
6925.000 4.627
6930.000 4.419
6935.000 4.315
6940.000 4.136
6945.000 3.975
6950.000 3.902
6955.000 3.769
6960.000 3.696
6965.000 3.579
6970.000 3.472
6975.000 3.428
6980.000 3.336
6985.000 3.286
6990.000 3.206
6995.000 3.132
7000.000 3.092
7005.000 3.035
7010.000 3.002
7015.000 2.952
7020.000 2.898
7025.000 2.874
7030.000 2.826
7035.000 2.803
7040.000 2.775
7045.000 2.727
7050.000 2.708
7055.000 2.660
7060.000 2.642
7065.000 2.609
7070.000 2.592
7075.000 2.580
7080.000 2.564
7085.000 2.550
7090.000 2.546
7095.000 2.537
7100.000 2.536
7105.000 2.535
7110.000 2.546
7115.000 2.550
7120.000 2.560
7125.000 2.573
7130.000 2.589
7135.000 2.590
7140.000 2.610
7145.000 2.620
7150.000 2.641
7155.000 2.669
7160.000 2.681
7165.000 2.710
7170.000 2.726
7175.000 2.760
7180.000 2.800
7185.000 2.822
7190.000 2.870
7195.000 2.890
7200.000 2.946
7205.000 3.005
7210.000 3.037
7215.000 3.110
7220.000 3.149
7225.000 3.234
7230.000 3.325
7235.000 3.437
7240.000 3.492
7245.000 3.554
7250.000 3.680
7255.000 3.834
7260.000 3.910
7265.000 4.089
7270.000 4.183
7275.000 4.398
7280.000 4.645
7285.000 4.925
7290.000 5.083
7295.000 5.248
7300.000 5.638
7305.000 6.129
7310.000 6.419
7315.000 7.124
7320.000 7.544
7325.000 8.558
7330.000 9.810
7335.000 10.529
7340.000 12.134
7345.000 12.976
7350.000 14.565
7355.000 15.514
7360.000 15.478
7365.000 14.546
7370.000 13.636
7375.000 11.615
7380.000 9.749
7385.000 8.948
7390.000 7.705
7395.000 6.834
7400.000 6.444
7405.000 6.058
7410.000 5.479
7415.000 4.957
7420.000 4.522
7425.000 4.331
7430.000 4.157
7435.000 3.839
7440.000 3.563
7445.000 3.439
7450.000 3.210
7455.000 3.106
7460.000 2.919
7465.000 2.752
7470.000 2.674
7475.000 2.530
7480.000 2.399
7485.000 2.339
7490.000 2.227
7495.000 2.101
7500.000 2.036
7505.000 1.909
7510.000 1.848
7515.000 1.742
7520.000 1.691
7525.000 1.599
7530.000 1.517
7535.000 1.482
7540.000 1.415
7545.000 1.379
7550.000 1.319
7555.000 1.268
7560.000 1.243
7565.000 1.197
7570.000 1.177
7575.000 1.131
7580.000 1.091
7585.000 1.072
7590.000 1.035
7595.000 1.018
7600.000 0.988
7605.000 0.957
7610.000 0.942
7615.000 0.917
7620.000 0.893
7625.000 0.882
7630.000 0.859
7635.000 0.848
7640.000 0.829
7645.000 0.821
7650.000 0.802
7655.000 0.786
7660.000 0.780
7665.000 0.763
7670.000 0.751
7675.000 0.746
7680.000 0.733
7685.000 0.723
7690.000 0.712
7695.000 0.704
7700.000 0.693
7705.000 0.681
7710.000 0.677
7715.000 0.664
7720.000 0.655
7725.000 0.650
7730.000 0.639
7735.000 0.636
7740.000 0.629
7745.000 0.622
7750.000 0.617
7755.000 0.613
7760.000 0.602
7765.000 0.600
7770.000 0.592
7775.000 0.590
7780.000 0.585
7785.000 0.578
7790.000 0.572
7795.000 0.570
7800.000 0.568
7805.000 0.566
7810.000 0.556
7815.000 0.550
7820.000 0.544
7825.000 0.541
7830.000 0.536
7835.000 0.533
7840.000 0.527
7845.000 0.526
7850.000 0.522
7855.000 0.517
7860.000 0.518
7865.000 0.511
7870.000 0.509
7875.000 0.506
7880.000 0.503
7885.000 0.500
7890.000 0.497
7895.000 0.494
7900.000 0.493
7905.000 0.490
7910.000 0.487
7915.000 0.485
7920.000 0.480
7925.000 0.480
7930.000 0.477
7935.000 0.475
7940.000 0.473
7945.000 0.472
7950.000 0.469
7955.000 0.469
7960.000 0.465
7965.000 0.461
7970.000 0.464
7975.000 0.458
7980.000 0.456
7985.000 0.457
7990.000 0.454
7995.000 0.456
8000.000 0.457
8005.000 0.448
8010.000 0.447
8015.000 0.446
8020.000 0.444
8025.000 0.434
8030.000 0.435
8035.000 0.433
8040.000 0.434
8045.000 0.436
8050.000 0.428
8055.000 0.429
8060.000 0.432
8065.000 0.434
8070.000 0.434
8075.000 0.439
8080.000 0.441
8085.000 0.445
8090.000 0.442
8095.000 0.443
8100.000 0.444
8105.000 0.444
8110.000 0.445
8115.000 0.442
8120.000 0.440
8125.000 0.441
8130.000 0.439
8135.000 0.442
8140.000 0.439
8145.000 0.441
8150.000 0.442
8155.000 0.442
8160.000 0.441
8165.000 0.439
8170.000 0.437
8175.000 0.440
8180.000 0.440
8185.000 0.439
8190.000 0.436
8195.000 0.435
8200.000 0.436
8205.000 0.437
8210.000 0.433
8215.000 0.433
8220.000 0.433
8225.000 0.435
8230.000 0.434
8235.000 0.434
8240.000 0.433
8245.000 0.432
8250.000 0.436
8255.000 0.433
8260.000 0.434
8265.000 0.433
8270.000 0.434
8275.000 0.432
8280.000 0.434
8285.000 0.434
8290.000 0.434
8295.000 0.430
8300.000 0.434
8305.000 0.433
8310.000 0.430
8315.000 0.429
8320.000 0.429
8325.000 0.429
8330.000 0.429
8335.000 0.430
8340.000 0.429
8345.000 0.428
8350.000 0.430
8355.000 0.436
8360.000 0.433
8365.000 0.430
8370.000 0.431
8375.000 0.429
8380.000 0.430
8385.000 0.429
8390.000 0.431
8395.000 0.430
8400.000 0.428
8405.000 0.430
8410.000 0.428
8415.000 0.428
8420.000 0.427
8425.000 0.426
8430.000 0.426
8435.000 0.428
8440.000 0.429
8445.000 0.429
8450.000 0.429
8455.000 0.429
8460.000 0.430
8465.000 0.428
8470.000 0.429
8475.000 0.429
8480.000 0.428
8485.000 0.429
8490.000 0.431
8495.000 0.430
8500.000 0.432
8505.000 0.432
8510.000 0.431
8515.000 0.431
8520.000 0.431
8525.000 0.431
8530.000 0.433
8535.000 0.432
8540.000 0.432
8545.000 0.431
8550.000 0.432
8555.000 0.432
8560.000 0.432
8565.000 0.432
8570.000 0.434
8575.000 0.433
8580.000 0.432
8585.000 0.433
8590.000 0.433
8595.000 0.434
8600.000 0.433
8605.000 0.433
8610.000 0.434
8615.000 0.435
8620.000 0.435
8625.000 0.435
8630.000 0.436
8635.000 0.438
8640.000 0.437
8645.000 0.440
8650.000 0.437
8655.000 0.441
8660.000 0.442
8665.000 0.439
8670.000 0.442
8675.000 0.441
8680.000 0.443
8685.000 0.442
8690.000 0.444
8695.000 0.443
8700.000 0.445
8705.000 0.447
8710.000 0.446
8715.000 0.446
8720.000 0.447
8725.000 0.449
8730.000 0.451
8735.000 0.451
8740.000 0.453
8745.000 0.452
8750.000 0.455
8755.000 0.457
8760.000 0.460
8765.000 0.460
8770.000 0.464
8775.000 0.464
8780.000 0.467
8785.000 0.464
8790.000 0.462
8795.000 0.457
8800.000 0.453
8805.000 0.450
8810.000 0.446
8815.000 0.442
8820.000 0.449
8825.000 0.448
8830.000 0.437
8835.000 0.455
8840.000 0.452
8845.000 0.435
8850.000 0.441
8855.000 0.439
8860.000 0.437
8865.000 0.436
8870.000 0.435
8875.000 0.435
8880.000 0.439
8885.000 0.441
8890.000 0.443
8895.000 0.443
8900.000 0.446
8905.000 0.449
8910.000 0.452
8915.000 0.451
8920.000 0.454
8925.000 0.455
8930.000 0.454
8935.000 0.457
8940.000 0.459
8945.000 0.459
8950.000 0.462
8955.000 0.456
8960.000 0.463
8965.000 0.457
8970.000 0.462
8975.000 0.459
8980.000 0.457
8985.000 0.464
8990.000 0.467
8995.000 0.466
9000.000 0.470
9005.000 0.469
9010.000 0.466
9015.000 0.468
9020.000 0.468
9025.000 0.464
9030.000 0.467
9035.000 0.474
9040.000 0.471
9045.000 0.470
9050.000 0.473
9055.000 0.469
9060.000 0.470
9065.000 0.478
9070.000 0.474
9075.000 0.476
9080.000 0.476
9085.000 0.478
9090.000 0.478
9095.000 0.481
9100.000 0.481
9105.000 0.481
9110.000 0.482
9115.000 0.483
9120.000 0.482
9125.000 0.485
9130.000 0.484
9135.000 0.487
9140.000 0.486
9145.000 0.488
9150.000 0.489
9155.000 0.487
9160.000 0.491
9165.000 0.492
9170.000 0.493
9175.000 0.494
9180.000 0.496
9185.000 0.496
9190.000 0.498
9195.000 0.498
9200.000 0.499
9205.000 0.498
9210.000 0.500
9215.000 0.505
9220.000 0.503
9225.000 0.505
9230.000 0.505
9235.000 0.506
9240.000 0.506
9245.000 0.509
9250.000 0.509
9255.000 0.511
9260.000 0.510
9265.000 0.511
9270.000 0.512
9275.000 0.513
9280.000 0.516
9285.000 0.515
9290.000 0.518
9295.000 0.519
9300.000 0.523
9305.000 0.523
9310.000 0.521
9315.000 0.527
9320.000 0.527
9325.000 0.529
9330.000 0.531
9335.000 0.532
9340.000 0.534
9345.000 0.535
9350.000 0.533
9355.000 0.535
9360.000 0.537
9365.000 0.539
9370.000 0.543
9375.000 0.544
9380.000 0.543
9385.000 0.547
9390.000 0.548
9395.000 0.549
9400.000 0.549
9405.000 0.546
9410.000 0.550
9415.000 0.548
9420.000 0.551
9425.000 0.551
9430.000 0.551
9435.000 0.553
9440.000 0.558
9445.000 0.557
9450.000 0.558
9455.000 0.562
9460.000 0.559
9465.000 0.563
9470.000 0.559
9475.000 0.561
9480.000 0.559
9485.000 0.560
9490.000 0.561
9495.000 0.561
9500.000 0.562
9505.000 0.565
9510.000 0.570
9515.000 0.571
9520.000 0.569
9525.000 0.569
9530.000 0.574
9535.000 0.575
9540.000 0.575
9545.000 0.579
9550.000 0.581
9555.000 0.581
9560.000 0.579
9565.000 0.579
9570.000 0.586
9575.000 0.584
9580.000 0.587
9585.000 0.592
9590.000 0.597
9595.000 0.597
9600.000 0.598
9605.000 0.608
9610.000 0.607
9615.000 0.605
9620.000 0.607
9625.000 0.607
9630.000 0.605
9635.000 0.608
9640.000 0.616
9645.000 0.615
9650.000 0.614
9655.000 0.616
9660.000 0.617
9665.000 0.620
9670.000 0.625
9675.000 0.628
9680.000 0.629
9685.000 0.629
9690.000 0.631
9695.000 0.630
9700.000 0.635
9705.000 0.648
9710.000 0.648
9715.000 0.647
9720.000 0.649
9725.000 0.650
9730.000 0.651
9735.000 0.653
9740.000 0.657
9745.000 0.662
9750.000 0.661
9755.000 0.670
9760.000 0.670
9765.000 0.675
9770.000 0.680
9775.000 0.683
9780.000 0.690
9785.000 0.696
9790.000 0.698
9795.000 0.701
9800.000 0.713
9805.000 0.718
9810.000 0.733
9815.000 0.741
9820.000 0.741
9825.000 0.736
9830.000 0.737
9835.000 0.740
9840.000 0.749
9845.000 0.752
9850.000 0.754
9855.000 0.760
9860.000 0.763
9865.000 0.773
9870.000 0.779
9875.000 0.787
9880.000 0.791
9885.000 0.801
9890.000 0.808
9895.000 0.813
9900.000 0.820
9905.000 0.831
9910.000 0.845
9915.000 0.851
9920.000 0.864
9925.000 0.870
9930.000 0.880
9935.000 0.884
9940.000 0.899
9945.000 0.906
9950.000 0.917
9955.000 0.939
9960.000 0.944
9965.000 0.962
9970.000 0.973
9975.000 0.987
9980.000 1.005
9985.000 1.015
9990.000 1.047
9995.000 1.051
10000.000 1.072
10005.000 1.111
10010.000 1.121
10015.000 1.149
10020.000 1.178
10025.000 1.203
10030.000 1.240
10035.000 1.252
10040.000 1.306
10045.000 1.326
10050.000 1.369
10055.000 1.430
10060.000 1.459
10065.000 1.508
10070.000 1.533
10075.000 1.608
10080.000 1.673
10085.000 1.709
10090.000 1.791
10095.000 1.841
10100.000 1.939
10105.000 2.055
10110.000 2.120
10115.000 2.257
10120.000 2.339
10125.000 2.521
10130.000 2.744
10135.000 2.875
10140.000 3.186
10145.000 3.374
10150.000 3.818
10155.000 4.369
10160.000 4.693
10165.000 5.445
10170.000 5.857
10175.000 6.696
10180.000 7.374
10185.000 7.564
10190.000 7.511
10195.000 6.841
10200.000 6.408
10205.000 5.487
10210.000 5.052
10215.000 4.294
10220.000 3.974
10225.000 3.482
10230.000 3.112
10235.000 2.954
10240.000 2.674
10245.000 2.437
10250.000 2.331
10255.000 2.146
10260.000 2.059
10265.000 1.906
10270.000 1.838
10275.000 1.723
10280.000 1.617
10285.000 1.565
10290.000 1.483
10295.000 1.441
10300.000 1.370
10305.000 1.300
10310.000 1.272
10315.000 1.218
10320.000 1.194
10325.000 1.142
10330.000 1.101
10335.000 1.081
10340.000 1.047
10345.000 1.030
10350.000 0.996
10355.000 0.971
10360.000 0.960
10365.000 0.937
10370.000 0.927
10375.000 0.904
10380.000 0.898
10385.000 0.875
10390.000 0.857
10395.000 0.848
10400.000 0.847
10405.000 0.835
10410.000 0.827
10415.000 0.817
10420.000 0.814
10425.000 0.813
10430.000 0.816
10435.000 0.816
10440.000 0.818
10445.000 0.823
10450.000 0.824
10455.000 0.830
10460.000 0.842
10465.000 0.852
10470.000 0.860
10475.000 0.881
10480.000 0.890
10485.000 0.916
10490.000 0.940
10495.000 0.948
10500.000 0.977
10505.000 0.991
10510.000 1.029
10515.000 1.067
10520.000 1.094
10525.000 1.141
10530.000 1.165
10535.000 1.218
10540.000 1.282
10545.000 1.315
10550.000 1.396
10555.000 1.434
10560.000 1.523
10565.000 1.620
10570.000 1.672
10575.000 1.790
10580.000 1.857
10585.000 2.009
10590.000 2.183
10595.000 2.277
10600.000 2.492
10605.000 2.610
10610.000 2.870
10615.000 3.147
10620.000 3.287
10625.000 3.573
10630.000 3.868
10635.000 4.029
10640.000 4.361
10645.000 4.530
10650.000 4.813
10655.000 4.895
10660.000 4.827
10665.000 4.523
10670.000 4.333
10675.000 3.904
10680.000 3.558
10685.000 3.373
10690.000 3.062
10695.000 2.921
10700.000 2.666
10705.000 2.547
10710.000 2.352
10715.000 2.171
10720.000 2.090
10725.000 1.938
10730.000 1.873
10735.000 1.754
10740.000 1.653
10745.000 1.608
10750.000 1.519
10755.000 1.481
10760.000 1.409
10765.000 1.347
10770.000 1.321
10775.000 1.267
10780.000 1.242
10785.000 1.198
10790.000 1.156
10795.000 1.140
10800.000 1.104
10805.000 1.069
10810.000 1.054
10815.000 1.019
10820.000 1.007
10825.000 0.978
10830.000 0.970
10835.000 0.941
10840.000 0.920
10845.000 0.911
10850.000 0.888
10855.000 0.877
10860.000 0.862
10865.000 0.842
10870.000 0.833
10875.000 0.819
10880.000 0.812
10885.000 0.795
10890.000 0.781
10895.000 0.772
10900.000 0.760
10905.000 0.754
10910.000 0.743
10915.000 0.727
10920.000 0.723
10925.000 0.717
10930.000 0.708
10935.000 0.706
10940.000 0.696
10945.000 0.692
10950.000 0.680
10955.000 0.673
10960.000 0.669
10965.000 0.659
10970.000 0.657
10975.000 0.649
10980.000 0.645
10985.000 0.637
10990.000 0.637
10995.000 0.629
11000.000 0.629
11005.000 0.622
11010.000 0.623
11015.000 0.620
11020.000 0.614
11025.000 0.614
11030.000 0.611
11035.000 0.624
11040.000 0.621
11045.000 0.625
11050.000 0.607
11055.000 0.598
11060.000 0.586
11065.000 0.587
11070.000 0.576
11075.000 0.569
11080.000 0.567
11085.000 0.564
11090.000 0.563
11095.000 0.559
11100.000 0.556
11105.000 0.556
11110.000 0.551
11115.000 0.550
11120.000 0.546
11125.000 0.541
11130.000 0.541
11135.000 0.539
11140.000 0.539
11145.000 0.537
11150.000 0.536
11155.000 0.533
11160.000 0.530
11165.000 0.529
11170.000 0.525
11175.000 0.525
11180.000 0.522
11185.000 0.517
11190.000 0.515
11195.000 0.515
11200.000 0.512
11205.000 0.512
11210.000 0.507
11215.000 0.509
11220.000 0.510
11225.000 0.507
11230.000 0.504
11235.000 0.504
11240.000 0.501
11245.000 0.500
11250.000 0.496
11255.000 0.496
11260.000 0.496
11265.000 0.498
11270.000 0.495
11275.000 0.493
11280.000 0.491
11285.000 0.489
11290.000 0.486
11295.000 0.486
11300.000 0.483
11305.000 0.482
11310.000 0.483
11315.000 0.481
11320.000 0.480
11325.000 0.482
11330.000 0.480
11335.000 0.477
11340.000 0.473
11345.000 0.473
11350.000 0.474
11355.000 0.473
11360.000 0.474
11365.000 0.470
11370.000 0.472
11375.000 0.471
11380.000 0.468
11385.000 0.466
11390.000 0.473
11395.000 0.466
11400.000 0.467
11405.000 0.466
11410.000 0.461
11415.000 0.464
11420.000 0.462
11425.000 0.460
11430.000 0.457
11435.000 0.459
11440.000 0.458
11445.000 0.456
11450.000 0.454
11455.000 0.456
11460.000 0.454
11465.000 0.454
11470.000 0.450
11475.000 0.449
11480.000 0.448
11485.000 0.447
11490.000 0.445
11495.000 0.445
11500.000 0.445
11505.000 0.452
11510.000 0.447
11515.000 0.452
11520.000 0.450
11525.000 0.449
11530.000 0.449
11535.000 0.446
11540.000 0.447
11545.000 0.445
11550.000 0.444
11555.000 0.446
11560.000 0.442
11565.000 0.441
11570.000 0.441
11575.000 0.441
11580.000 0.442
11585.000 0.445
11590.000 0.438
11595.000 0.440
11600.000 0.437
11605.000 0.438
11610.000 0.436
11615.000 0.438
11620.000 0.439
11625.000 0.439
11630.000 0.435
11635.000 0.434
11640.000 0.436
11645.000 0.434
11650.000 0.432
11655.000 0.433
11660.000 0.436
11665.000 0.431
11670.000 0.433
11675.000 0.434
11680.000 0.436
11685.000 0.433
11690.000 0.436
11695.000 0.433
11700.000 0.433
11705.000 0.431
11710.000 0.432
11715.000 0.432
11720.000 0.432
11725.000 0.431
11730.000 0.428
11735.000 0.430
11740.000 0.429
11745.000 0.428
11750.000 0.429
11755.000 0.431
11760.000 0.429
11765.000 0.428
11770.000 0.426
11775.000 0.424
11780.000 0.423
11785.000 0.425
11790.000 0.426
11795.000 0.423
11800.000 0.423
11805.000 0.421
11810.000 0.419
11815.000 0.420
11820.000 0.419
11825.000 0.419
11830.000 0.419
11835.000 0.420
11840.000 0.421
11845.000 0.420
11850.000 0.421
11855.000 0.420
11860.000 0.420
11865.000 0.420
11870.000 0.420
11875.000 0.419
11880.000 0.416
11885.000 0.419
11890.000 0.416
11895.000 0.417
11900.000 0.418
11905.000 0.415
11910.000 0.417
11915.000 0.417
11920.000 0.418
11925.000 0.416
11930.000 0.415
11935.000 0.414
11940.000 0.415
11945.000 0.413
11950.000 0.415
11955.000 0.410
11960.000 0.412
11965.000 0.412
11970.000 0.414
11975.000 0.413
11980.000 0.414
11985.000 0.416
11990.000 0.417
11995.000 0.420
12000.000 0.416
