105.000 0.140
110.000 2.183
115.000 6.688
120.000 9.132
125.000 10.774
130.000 11.121
135.000 11.684
140.000 12.507
145.000 13.463
150.000 14.751
155.000 15.039
160.000 12.213
165.000 15.266
170.000 14.306
175.000 7.576
180.000 12.345
185.000 10.454
190.000 11.991
195.000 11.759
200.000 11.432
205.000 13.048
210.000 12.595
215.000 12.230
220.000 11.373
225.000 11.709
230.000 11.412
235.000 11.093
240.000 10.791
245.000 10.652
250.000 10.429
255.000 10.629
260.000 9.853
265.000 9.569
270.000 9.136
275.000 9.222
280.000 9.460
285.000 9.978
290.000 10.245
295.000 10.839
300.000 11.445
305.000 11.745
310.000 12.450
315.000 12.784
320.000 13.518
325.000 14.373
330.000 14.785
335.000 15.681
340.000 16.143
345.000 17.116
350.000 18.092
355.000 18.606
360.000 19.628
365.000 20.191
370.000 21.293
375.000 22.487
380.000 23.124
385.000 24.486
390.000 25.259
395.000 26.920
400.000 28.844
405.000 29.910
410.000 32.148
415.000 33.276
420.000 35.534
425.000 37.601
430.000 38.469
435.000 39.886
440.000 40.589
445.000 41.282
450.000 41.634
455.000 41.678
460.000 41.407
465.000 41.121
470.000 40.249
475.000 39.227
480.000 38.688
485.000 37.595
490.000 37.048
495.000 36.077
500.000 34.892
505.000 34.452
510.000 33.606
515.000 33.172
520.000 32.434
525.000 31.806
530.000 31.534
535.000 31.002
540.000 30.736
545.000 30.387
550.000 30.325
555.000 30.020
560.000 29.881
565.000 29.970
570.000 29.639
575.000 30.306
580.000 29.928
585.000 30.153
590.000 30.041
595.000 29.901
600.000 29.764
605.000 29.662
610.000 29.724
615.000 29.850
620.000 29.429
625.000 33.472
630.000 32.881
635.000 33.707
640.000 32.614
645.000 36.108
650.000 36.770
655.000 40.148
660.000 42.514
665.000 48.277
670.000 51.308
675.000 51.594
680.000 49.021
685.000 41.488
690.000 36.930
695.000 29.272
700.000 25.857
705.000 20.226
710.000 15.982
715.000 14.207
720.000 11.371
725.000 10.272
730.000 8.559
735.000 7.217
740.000 6.676
745.000 5.715
750.000 5.311
755.000 4.607
760.000 4.027
765.000 3.779
770.000 3.356
775.000 3.163
780.000 2.796
785.000 2.533
790.000 2.521
795.000 2.199
800.000 2.090
805.000 1.944
810.000 1.839
815.000 1.783
820.000 1.671
825.000 1.615
830.000 1.504
835.000 1.403
840.000 1.357
845.000 1.267
850.000 1.225
855.000 1.151
860.000 1.215
865.000 1.635
870.000 1.028
875.000 1.025
880.000 2.538
885.000 1.834
890.000 1.648
895.000 1.365
900.000 1.259
905.000 1.128
910.000 0.941
915.000 0.883
920.000 1.140
925.000 0.670
930.000 0.707
935.000 0.631
940.000 0.604
945.000 0.559
950.000 0.538
955.000 0.509
960.000 0.477
965.000 0.464
970.000 0.437
975.000 0.426
980.000 0.409
985.000 0.390
990.000 0.359
995.000 0.372
1000.000 0.361
1005.000 0.562
1010.000 0.639
1015.000 0.601
1020.000 0.532
1025.000 0.506
1030.000 0.461
1035.000 0.425
1040.000 0.412
1045.000 0.394
1050.000 0.380
1055.000 0.381
1060.000 0.371
1065.000 0.374
1070.000 0.367
1075.000 0.366
1080.000 0.374
1085.000 0.379
1090.000 0.382
1095.000 0.394
1100.000 0.397
1105.000 0.412
1110.000 0.427
1115.000 0.437
1120.000 0.453
1125.000 0.463
1130.000 0.484
1135.000 0.511
1140.000 0.524
1145.000 0.550
1150.000 0.566
1155.000 0.597
1160.000 0.617
1165.000 0.655
1170.000 0.695
1175.000 0.718
1180.000 0.765
1185.000 0.791
1190.000 0.846
1195.000 0.911
1200.000 0.944
1205.000 1.022
1210.000 1.065
1215.000 1.164
1220.000 1.280
1225.000 1.348
1230.000 1.504
1235.000 1.600
1240.000 1.825
1245.000 2.122
1250.000 2.312
1255.000 2.795
1260.000 3.099
1265.000 3.739
1270.000 4.563
1275.000 5.081
1280.000 6.405
1285.000 7.254
1290.000 9.484
1295.000 12.502
1300.000 14.214
1305.000 17.241
1310.000 18.116
1315.000 17.865
1320.000 16.091
1325.000 14.306
1330.000 11.084
1335.000 9.762
1340.000 10.934
1345.000 9.270
1350.000 7.825
1355.000 6.217
1360.000 5.578
1365.000 4.640
1370.000 3.822
1375.000 5.223
1380.000 4.365
1385.000 3.974
1390.000 3.399
1395.000 2.975
1400.000 2.803
1405.000 2.557
1410.000 3.412
1415.000 3.302
1420.000 2.580
1425.000 2.475
1430.000 2.256
1435.000 2.162
1440.000 2.431
1445.000 2.967
1450.000 2.635
1455.000 2.289
1460.000 2.260
1465.000 2.421
1470.000 2.110
1475.000 2.235
1480.000 3.039
1485.000 2.787
1490.000 2.395
1495.000 2.121
1500.000 2.019
1505.000 1.841
1510.000 1.771
1515.000 1.894
1520.000 1.746
1525.000 1.695
1530.000 1.628
1535.000 1.608
1540.000 1.568
1545.000 1.539
1550.000 1.525
1555.000 1.540
1560.000 2.751
1565.000 2.429
1570.000 2.269
1575.000 2.130
1580.000 1.906
1585.000 1.814
1590.000 1.667
1595.000 1.550
1600.000 1.504
1605.000 1.440
1610.000 1.420
1615.000 1.381
1620.000 1.350
1625.000 1.336
1630.000 1.309
1635.000 1.299
1640.000 1.278
1645.000 1.267
1650.000 1.265
1655.000 1.270
1660.000 1.276
1665.000 1.310
1670.000 1.359
1675.000 1.392
1680.000 1.475
1685.000 1.525
1690.000 1.638
1695.000 1.771
1700.000 1.836
1705.000 1.983
1710.000 2.052
1715.000 2.175
1720.000 2.297
1725.000 2.361
1730.000 2.501
1735.000 2.568
1740.000 2.710
1745.000 2.868
1750.000 2.958
1755.000 4.568
1760.000 4.737
1765.000 4.705
1770.000 4.625
1775.000 4.535
1780.000 4.555
1785.000 4.601
1790.000 4.735
1795.000 4.826
1800.000 5.211
1805.000 5.677
1810.000 5.959
1815.000 6.629
1820.000 7.023
1825.000 7.987
1830.000 9.271
1835.000 10.068
1840.000 12.058
1845.000 13.292
1850.000 16.306
1855.000 19.707
1860.000 21.503
1865.000 24.994
1870.000 26.470
1875.000 28.145
1880.000 27.003
1885.000 25.068
1890.000 20.521
1895.000 18.294
1900.000 14.457
1905.000 11.646
1910.000 10.555
1915.000 8.819
1920.000 8.119
1925.000 7.006
1930.000 6.291
1935.000 5.989
1940.000 5.455
1945.000 5.217
1950.000 4.798
1955.000 4.428
1960.000 4.259
1965.000 3.962
1970.000 3.830
1975.000 3.586
1980.000 3.366
1985.000 3.261
1990.000 3.062
1995.000 2.983
2000.000 2.809
2005.000 2.607
2010.000 2.500
2015.000 2.310
2020.000 2.225
2025.000 2.058
2030.000 1.917
2035.000 1.847
2040.000 1.727
2045.000 1.672
2050.000 1.567
2055.000 1.475
2060.000 1.436
2065.000 1.356
2070.000 1.320
2075.000 1.252
2080.000 1.187
2085.000 1.154
2090.000 1.106
2095.000 1.078
2100.000 1.024
2105.000 0.975
2110.000 0.951
2115.000 0.906
2120.000 0.887
2125.000 0.848
2130.000 0.813
2135.000 0.796
2140.000 0.760
2145.000 0.744
2150.000 0.712
2155.000 0.682
2160.000 0.667
2165.000 0.638
2170.000 0.630
2175.000 0.607
2180.000 0.581
2185.000 0.570
2190.000 0.547
2195.000 0.537
2200.000 0.517
2205.000 0.499
2210.000 0.490
2215.000 0.473
2220.000 0.464
2225.000 0.448
2230.000 0.433
2235.000 0.425
2240.000 0.412
2245.000 0.404
2250.000 0.392
2255.000 0.381
2260.000 0.376
2265.000 0.364
2270.000 0.358
2275.000 0.347
2280.000 0.337
2285.000 0.333
2290.000 0.323
2295.000 0.319
2300.000 0.312
2305.000 0.303
2310.000 0.300
2315.000 0.291
2320.000 0.288
2325.000 0.282
2330.000 0.274
2335.000 0.273
2340.000 0.268
2345.000 0.264
2350.000 0.259
2355.000 0.257
2360.000 0.249
2365.000 0.246
2370.000 0.244
2375.000 0.239
2380.000 0.241
2385.000 0.237
2390.000 0.232
2395.000 0.232
2400.000 0.228
2405.000 0.227
2410.000 0.225
2415.000 0.223
2420.000 0.221
2425.000 0.221
2430.000 0.219
2435.000 0.217
2440.000 0.217
2445.000 0.215
2450.000 0.215
2455.000 0.214
2460.000 0.213
2465.000 0.214
2470.000 0.213
2475.000 0.210
2480.000 0.213
2485.000 0.209
2490.000 0.209
2495.000 0.208
2500.000 0.207
2505.000 0.206
2510.000 0.204
2515.000 0.207
2520.000 0.205
2525.000 0.205
2530.000 0.205
2535.000 0.205
2540.000 0.204
2545.000 0.204
2550.000 0.205
2555.000 0.204
2560.000 0.203
2565.000 0.202
2570.000 0.203
2575.000 0.203
2580.000 0.203
2585.000 0.202
2590.000 0.202
2595.000 0.203
2600.000 0.204
2605.000 0.204
2610.000 0.202
2615.000 0.204
2620.000 0.202
2625.000 0.204
2630.000 0.205
2635.000 0.205
2640.000 0.205
2645.000 0.205
2650.000 0.205
2655.000 0.207
2660.000 0.205
2665.000 0.206
2670.000 0.208
2675.000 0.208
2680.000 0.207
2685.000 0.208
2690.000 0.209
2695.000 0.208
2700.000 0.209
2705.000 0.209
2710.000 0.210
2715.000 0.211
2720.000 0.211
2725.000 0.212
2730.000 0.212
2735.000 0.212
2740.000 0.213
2745.000 0.213
2750.000 0.213
2755.000 0.215
2760.000 0.215
2765.000 0.219
2770.000 0.219
2775.000 0.219
2780.000 0.218
2785.000 0.217
2790.000 0.219
2795.000 0.221
2800.000 0.221
2805.000 0.219
2810.000 0.223
2815.000 0.223
2820.000 0.224
2825.000 0.225
2830.000 0.225
2835.000 0.226
2840.000 0.227
2845.000 0.229
2850.000 0.230
2855.000 0.231
2860.000 0.233
2865.000 0.233
2870.000 0.232
2875.000 0.236
2880.000 0.237
2885.000 0.238
2890.000 0.239
2895.000 0.239
2900.000 0.243
2905.000 0.243
2910.000 0.245
2915.000 0.246
2920.000 0.248
2925.000 0.249
2930.000 0.252
2935.000 0.252
2940.000 0.256
2945.000 0.254
2950.000 0.257
2955.000 0.261
2960.000 0.260
2965.000 0.267
2970.000 0.264
2975.000 0.272
2980.000 0.274
2985.000 0.271
2990.000 0.271
2995.000 0.272
3000.000 0.279
3005.000 0.276
3010.000 0.283
3015.000 0.283
3020.000 0.295
3025.000 0.295
3030.000 0.298
3035.000 0.300
3040.000 0.299
3045.000 0.305
3050.000 0.318
3055.000 0.318
3060.000 0.326
3065.000 0.328
3070.000 0.332
3075.000 0.340
3080.000 0.340
3085.000 0.352
3090.000 0.354
3095.000 0.361
3100.000 0.374
3105.000 0.375
3110.000 0.385
3115.000 0.388
3120.000 0.398
3125.000 0.407
3130.000 0.414
3135.000 0.424
3140.000 0.430
3145.000 0.443
3150.000 0.455
3155.000 0.461
3160.000 0.478
3165.000 0.489
3170.000 0.503
3175.000 0.519
3180.000 0.527
3185.000 0.544
3190.000 0.554
3195.000 0.576
3200.000 0.602
3205.000 0.615
3210.000 0.641
3215.000 0.656
3220.000 0.688
3225.000 0.724
3230.000 0.741
3235.000 0.780
3240.000 0.807
3245.000 0.855
3250.000 0.883
3255.000 0.943
3260.000 1.014
3265.000 1.053
3270.000 1.142
3275.000 1.195
3280.000 1.286
3285.000 1.367
3290.000 1.412
3295.000 1.505
3300.000 1.558
3305.000 1.676
3310.000 1.811
3315.000 1.885
3320.000 2.061
3325.000 2.162
3330.000 2.397
3335.000 2.696
3340.000 2.876
3345.000 3.319
3350.000 3.587
3355.000 4.244
3360.000 5.148
3365.000 5.704
3370.000 7.127
3375.000 8.019
3380.000 10.249
3385.000 13.147
3390.000 14.822
3395.000 18.567
3400.000 20.526
3405.000 24.157
3410.000 26.378
3415.000 26.535
3420.000 24.497
3425.000 22.447
3430.000 17.694
3435.000 13.693
3440.000 12.089
3445.000 9.559
3450.000 8.587
3455.000 7.123
3460.000 6.105
3465.000 5.712
3470.000 5.088
3475.000 4.838
3480.000 4.519
3485.000 4.333
3490.000 4.254
3495.000 4.115
3500.000 4.057
3505.000 3.953
3510.000 3.872
3515.000 3.839
3520.000 3.781
3525.000 3.741
3530.000 3.725
3535.000 3.703
3540.000 3.696
3545.000 3.702
3550.000 3.709
3555.000 3.726
3560.000 3.752
3565.000 3.769
3570.000 3.815
3575.000 3.845
3580.000 3.904
3585.000 3.987
3590.000 4.036
3595.000 4.152
3600.000 4.220
3605.000 4.368
3610.000 4.537
3615.000 4.635
3620.000 4.862
3625.000 4.983
3630.000 5.268
3635.000 5.618
3640.000 5.820
3645.000 6.316
3650.000 6.616
3655.000 7.363
3660.000 8.370
3665.000 9.006
3670.000 10.552
3675.000 11.508
3680.000 13.720
3685.000 16.142
3690.000 17.154
3695.000 18.342
3700.000 18.233
3705.000 16.456
3710.000 13.751
3715.000 12.400
3720.000 10.069
3725.000 9.105
3730.000 7.593
3735.000 6.614
3740.000 6.230
3745.000 5.580
3750.000 5.299
3755.000 4.809
3760.000 4.406
3765.000 4.226
3770.000 3.910
3775.000 3.765
3780.000 3.509
3785.000 3.290
3790.000 3.197
3795.000 3.014
3800.000 2.927
3805.000 2.773
3810.000 2.626
3815.000 2.565
3820.000 2.440
3825.000 2.372
3830.000 2.249
3835.000 2.182
3840.000 2.078
3845.000 1.989
3850.000 1.954
3855.000 1.867
3860.000 1.824
3865.000 1.744
3870.000 1.675
3875.000 1.646
3880.000 1.593
3885.000 1.564
3890.000 1.522
3895.000 1.485
3900.000 1.470
3905.000 1.439
3910.000 1.425
3915.000 1.402
3920.000 1.382
3925.000 1.371
3930.000 1.358
3935.000 1.356
3940.000 1.347
3945.000 1.343
3950.000 1.343
3955.000 1.337
3960.000 1.344
3965.000 1.350
3970.000 1.361
3975.000 1.369
3980.000 1.386
3985.000 1.395
3990.000 1.409
3995.000 1.434
4000.000 1.460
4005.000 1.489
4010.000 1.501
4015.000 1.549
4020.000 1.589
4025.000 1.596
4030.000 1.628
4035.000 1.644
4040.000 1.687
4045.000 1.740
4050.000 1.764
4055.000 1.837
4060.000 1.862
4065.000 1.947
4070.000 2.056
4075.000 2.114
4080.000 2.240
4085.000 2.313
4090.000 2.459
4095.000 2.605
4100.000 2.690
4105.000 2.884
4110.000 3.002
4115.000 3.275
4120.000 3.639
4125.000 3.865
4130.000 4.467
4135.000 4.827
4140.000 5.759
4145.000 7.074
4150.000 7.903
4155.000 9.932
4160.000 11.084
4165.000 13.266
4170.000 14.381
4175.000 14.210
4180.000 12.309
4185.000 11.021
4190.000 8.537
4195.000 6.614
4200.000 5.879
4205.000 4.755
4210.000 4.327
4215.000 3.661
4220.000 3.221
4225.000 3.062
4230.000 2.781
4235.000 2.658
4240.000 2.437
4245.000 2.257
4250.000 2.166
4255.000 1.997
4260.000 1.914
4265.000 1.766
4270.000 1.634
4275.000 1.578
4280.000 1.474
4285.000 1.427
4290.000 1.343
4295.000 1.261
4300.000 1.222
4305.000 1.144
4310.000 1.109
4315.000 1.055
4320.000 1.011
4325.000 0.991
4330.000 0.952
4335.000 0.935
4340.000 0.910
4345.000 0.882
4350.000 0.870
4355.000 0.852
4360.000 0.841
4365.000 0.826
4370.000 0.812
4375.000 0.806
4380.000 0.794
4385.000 0.791
4390.000 0.782
4395.000 0.775
4400.000 0.774
4405.000 0.768
4410.000 0.767
4415.000 0.764
4420.000 0.775
4425.000 0.771
4430.000 0.772
4435.000 0.769
4440.000 0.776
4445.000 0.777
4450.000 0.784
4455.000 0.793
4460.000 0.798
4465.000 0.811
4470.000 0.820
4475.000 0.835
4480.000 0.857
4485.000 0.869
4490.000 0.901
4495.000 0.914
4500.000 0.956
4505.000 1.001
4510.000 1.026
4515.000 1.071
4520.000 1.092
4525.000 1.144
4530.000 1.206
4535.000 1.243
4540.000 1.326
4545.000 1.374
4550.000 1.494
4555.000 1.665
4560.000 1.777
4565.000 2.061
4570.000 2.253
4575.000 2.728
4580.000 3.246
4585.000 3.477
4590.000 3.713
4595.000 3.618
4600.000 3.072
4605.000 2.358
4610.000 2.035
4615.000 1.516
4620.000 1.321
4625.000 1.032
4630.000 0.820
4635.000 0.728
4640.000 0.578
4645.000 0.520
4650.000 0.421
4655.000 0.344
4660.000 0.314
4665.000 0.262
4670.000 0.239
4675.000 0.206
4680.000 0.180
4685.000 0.170
4690.000 0.155
4695.000 0.149
4700.000 0.142
4705.000 0.139
4710.000 0.139
4715.000 0.139
4720.000 0.139
4725.000 0.143
4730.000 0.148
4735.000 0.150
4740.000 0.154
4745.000 0.157
4750.000 0.162
4755.000 0.167
4760.000 0.167
4765.000 0.173
4770.000 0.175
4775.000 0.178
4780.000 0.182
4785.000 0.183
4790.000 0.187
4795.000 0.189
4800.000 0.190
4805.000 0.190
4810.000 0.194
4815.000 0.196
4820.000 0.196
4825.000 0.197
4830.000 0.198
4835.000 0.198
4840.000 0.200
4845.000 0.200
4850.000 0.201
4855.000 0.202
4860.000 0.202
4865.000 0.205
4870.000 0.205
4875.000 0.203
4880.000 0.202
4885.000 0.201
4890.000 0.203
4895.000 0.204
4900.000 0.203
4905.000 0.202
4910.000 0.204
4915.000 0.203
4920.000 0.204
4925.000 0.200
4930.000 0.201
4935.000 0.208
4940.000 0.202
4945.000 0.202
4950.000 0.199
4955.000 0.203
4960.000 0.199
4965.000 0.201
4970.000 0.203
4975.000 0.195
4980.000 0.193
4985.000 0.197
4990.000 0.194
4995.000 0.198
5000.000 0.201
5005.000 0.188
5010.000 0.189
5015.000 0.192
5020.000 0.201
5025.000 0.193
5030.000 0.195
5035.000 0.191
5040.000 0.192
5045.000 0.194
5050.000 0.195
5055.000 0.199
5060.000 0.200
5065.000 0.197
5070.000 0.200
5075.000 0.201
5080.000 0.201
5085.000 0.201
5090.000 0.203
5095.000 0.206
5100.000 0.205
5105.000 0.206
5110.000 0.211
5115.000 0.215
5120.000 0.214
5125.000 0.218
5130.000 0.217
5135.000 0.221
5140.000 0.225
5145.000 0.228
5150.000 0.230
5155.000 0.230
5160.000 0.233
5165.000 0.239
5170.000 0.239
5175.000 0.243
5180.000 0.245
5185.000 0.250
5190.000 0.253
5195.000 0.255
5200.000 0.260
5205.000 0.260
5210.000 0.264
5215.000 0.268
5220.000 0.271
5225.000 0.272
5230.000 0.275
5235.000 0.278
5240.000 0.281
5245.000 0.282
5250.000 0.285
5255.000 0.289
5260.000 0.291
5265.000 0.293
5270.000 0.296
5275.000 0.299
5280.000 0.299
5285.000 0.305
5290.000 0.307
5295.000 0.309
5300.000 0.311
5305.000 0.312
5310.000 0.315
5315.000 0.316
5320.000 0.317
5325.000 0.322
5330.000 0.325
5335.000 0.324
5340.000 0.329
5345.000 0.328
5350.000 0.332
5355.000 0.331
5360.000 0.334
5365.000 0.336
5370.000 0.339
5375.000 0.339
5380.000 0.340
5385.000 0.343
5390.000 0.346
5395.000 0.350
5400.000 0.352
5405.000 0.352
5410.000 0.353
5415.000 0.354
5420.000 0.355
5425.000 0.357
5430.000 0.357
5435.000 0.359
5440.000 0.356
5445.000 0.357
5450.000 0.359
5455.000 0.361
5460.000 0.365
5465.000 0.362
5470.000 0.363
5475.000 0.361
5480.000 0.361
5485.000 0.364
5490.000 0.363
5495.000 0.361
5500.000 0.366
5505.000 0.365
5510.000 0.369
5515.000 0.370
5520.000 0.376
5525.000 0.380
5530.000 0.392
5535.000 0.381
5540.000 0.375
5545.000 0.372
5550.000 0.368
5555.000 0.366
5560.000 0.363
5565.000 0.365
5570.000 0.363
5575.000 0.366
5580.000 0.369
5585.000 0.370
5590.000 0.370
5595.000 0.371
5600.000 0.370
5605.000 0.370
5610.000 0.370
5615.000 0.371
5620.000 0.369
5625.000 0.369
5630.000 0.368
5635.000 0.372
5640.000 0.371
5645.000 0.371
5650.000 0.371
5655.000 0.374
5660.000 0.376
5665.000 0.374
5670.000 0.373
5675.000 0.374
5680.000 0.374
5685.000 0.375
5690.000 0.375
5695.000 0.378
5700.000 0.375
5705.000 0.375
5710.000 0.375
5715.000 0.374
5720.000 0.372
5725.000 0.374
5730.000 0.375
5735.000 0.374
5740.000 0.379
5745.000 0.380
5750.000 0.380
5755.000 0.379
5760.000 0.380
5765.000 0.383
5770.000 0.380
5775.000 0.382
5780.000 0.383
5785.000 0.381
5790.000 0.380
5795.000 0.381
5800.000 0.384
5805.000 0.385
5810.000 0.382
5815.000 0.378
5820.000 0.381
5825.000 0.382
5830.000 0.384
5835.000 0.381
5840.000 0.381
5845.000 0.381
5850.000 0.386
5855.000 0.387
5860.000 0.385
5865.000 0.390
5870.000 0.386
5875.000 0.388
5880.000 0.387
5885.000 0.388
5890.000 0.391
5895.000 0.389
5900.000 0.392
5905.000 0.389
5910.000 0.391
5915.000 0.390
5920.000 0.392
5925.000 0.390
5930.000 0.389
5935.000 0.393
5940.000 0.392
5945.000 0.390
5950.000 0.396
5955.000 0.397
5960.000 0.395
5965.000 0.392
5970.000 0.390
5975.000 0.393
5980.000 0.388
5985.000 0.395
5990.000 0.401
5995.000 0.400
6000.000 0.402
6005.000 0.403
6010.000 0.398
6015.000 0.403
6020.000 0.398
6025.000 0.403
6030.000 0.398
6035.000 0.404
6040.000 0.405
6045.000 0.407
6050.000 0.397
6055.000 0.398
6060.000 0.398
6065.000 0.397
6070.000 0.402
6075.000 0.401
6080.000 0.401
6085.000 0.399
6090.000 0.399
6095.000 0.399
6100.000 0.400
6105.000 0.399
6110.000 0.397
6115.000 0.396
6120.000 0.398
6125.000 0.404
6130.000 0.405
6135.000 0.403
6140.000 0.406
6145.000 0.402
6150.000 0.405
6155.000 0.405
6160.000 0.406
6165.000 0.405
6170.000 0.407
6175.000 0.406
6180.000 0.409
6185.000 0.405
6190.000 0.407
6195.000 0.410
6200.000 0.413
6205.000 0.410
6210.000 0.409
6215.000 0.411
6220.000 0.410
6225.000 0.410
6230.000 0.409
6235.000 0.411
6240.000 0.411
6245.000 0.417
6250.000 0.419
6255.000 0.415
6260.000 0.415
6265.000 0.416
6270.000 0.417
6275.000 0.418
6280.000 0.421
6285.000 0.417
6290.000 0.415
6295.000 0.421
6300.000 0.420
6305.000 0.424
6310.000 0.432
6315.000 0.418
6320.000 0.437
6325.000 0.431
6330.000 0.428
6335.000 0.425
6340.000 0.426
6345.000 0.426
6350.000 0.421
6355.000 0.429
6360.000 0.433
6365.000 0.430
6370.000 0.432
6375.000 0.432
6380.000 0.434
6385.000 0.433
6390.000 0.433
6395.000 0.437
6400.000 0.439
6405.000 0.441
6410.000 0.442
6415.000 0.442
6420.000 0.444
6425.000 0.447
6430.000 0.451
6435.000 0.455
6440.000 0.456
6445.000 0.457
6450.000 0.459
6455.000 0.462
6460.000 0.468
6465.000 0.470
6470.000 0.475
6475.000 0.478
6480.000 0.482
6485.000 0.488
6490.000 0.491
6495.000 0.494
6500.000 0.499
6505.000 0.505
6510.000 0.509
6515.000 0.513
6520.000 0.526
6525.000 0.529
6530.000 0.539
6535.000 0.541
6540.000 0.552
6545.000 0.561
6550.000 0.571
6555.000 0.576
6560.000 0.578
6565.000 0.597
6570.000 0.610
6575.000 0.612
6580.000 0.627
6585.000 0.644
6590.000 0.661
6595.000 0.676
6600.000 0.689
6605.000 0.710
6610.000 0.719
6615.000 0.745
6620.000 0.773
6625.000 0.784
6630.000 0.819
6635.000 0.839
6640.000 0.877
6645.000 0.915
6650.000 0.936
6655.000 0.991
6660.000 1.017
6665.000 1.079
6670.000 1.144
6675.000 1.182
6680.000 1.270
6685.000 1.314
6690.000 1.420
6695.000 1.560
6700.000 1.634
6705.000 1.820
6710.000 1.931
6715.000 2.197
6720.000 2.549
6725.000 2.767
6730.000 3.307
6735.000 4.077
6740.000 4.571
6745.000 5.819
6750.000 6.612
6755.000 8.595
6760.000 11.103
6765.000 12.542
6770.000 15.745
6775.000 17.295
6780.000 19.864
6785.000 20.783
6790.000 20.350
6795.000 17.657
6800.000 15.921
6805.000 12.425
6810.000 11.055
6815.000 8.863
6820.000 7.288
6825.000 6.669
6830.000 5.727
6835.000 5.368
6840.000 4.838
6845.000 4.469
6850.000 4.333
6855.000 4.160
6860.000 4.127
6865.000 4.106
6870.000 4.119
6875.000 4.135
6880.000 4.187
6885.000 4.224
6890.000 6.772
6895.000 7.070
6900.000 6.720
6905.000 6.211
6910.000 6.042
6915.000 5.839
6920.000 5.791
6925.000 5.826
6930.000 6.129
6935.000 6.420
6940.000 7.177
6945.000 8.250
6950.000 8.928
6955.000 10.594
6960.000 11.604
6965.000 13.867
6970.000 16.092
6975.000 16.983
6980.000 17.456
6985.000 16.974
6990.000 14.682
6995.000 12.021
7000.000 10.824
7005.000 8.841
7010.000 8.052
7015.000 6.840
7020.000 6.080
7025.000 5.773
7030.000 5.256
7035.000 5.051
7040.000 4.648
7045.000 4.318
7050.000 4.177
7055.000 3.917
7060.000 3.809
7065.000 3.602
7070.000 3.431
7075.000 3.359
7080.000 3.216
7085.000 3.152
7090.000 3.045
7095.000 2.942
7100.000 2.908
7105.000 2.823
7110.000 2.790
7115.000 2.728
7120.000 2.701
7125.000 2.658
7130.000 2.621
7135.000 2.610
7140.000 2.582
7145.000 2.572
7150.000 2.555
7155.000 2.551
7160.000 2.546
7165.000 2.549
7170.000 2.550
7175.000 2.569
7180.000 2.591
7185.000 2.606
7190.000 2.636
7195.000 2.663
7200.000 2.706
7205.000 2.768
7210.000 2.798
7215.000 2.870
7220.000 2.915
7225.000 3.009
7230.000 3.117
7235.000 3.181
7240.000 3.331
7245.000 3.418
7250.000 3.591
7255.000 3.821
7260.000 3.949
7265.000 4.245
7270.000 4.427
7275.000 4.877
7280.000 5.480
7285.000 5.856
7290.000 6.798
7295.000 7.372
7300.000 8.732
7305.000 10.254
7310.000 10.970
7315.000 11.915
7320.000 11.992
7325.000 10.993
7330.000 9.186
7335.000 8.261
7340.000 6.649
7345.000 6.001
7350.000 5.001
7355.000 4.351
7360.000 4.043
7365.000 3.630
7370.000 3.445
7375.000 3.065
7380.000 2.767
7385.000 2.637
7390.000 2.404
7395.000 2.308
7400.000 2.126
7405.000 1.976
7410.000 1.909
7415.000 1.790
7420.000 1.717
7425.000 1.579
7430.000 1.467
7435.000 1.413
7440.000 1.317
7445.000 1.273
7450.000 1.202
7455.000 1.135
7460.000 1.107
7465.000 1.056
7470.000 1.034
7475.000 0.996
7480.000 0.961
7485.000 0.947
7490.000 0.921
7495.000 0.911
7500.000 0.895
7505.000 0.884
7510.000 0.878
7515.000 0.871
7520.000 0.868
7525.000 0.868
7530.000 0.871
7535.000 0.876
7540.000 0.886
7545.000 0.894
7550.000 0.916
7555.000 0.945
7560.000 0.963
7565.000 1.009
7570.000 1.037
7575.000 1.105
7580.000 1.200
7585.000 1.261
7590.000 1.410
7595.000 1.506
7600.000 1.739
7605.000 1.995
7610.000 2.157
7615.000 2.533
7620.000 2.743
7625.000 3.148
7630.000 3.456
7635.000 3.467
7640.000 3.111
7645.000 2.840
7650.000 2.299
7655.000 1.881
7660.000 1.716
7665.000 1.454
7670.000 1.346
7675.000 1.161
7680.000 1.014
7685.000 0.955
7690.000 0.852
7695.000 0.809
7700.000 0.737
7705.000 0.704
7710.000 0.666
7715.000 0.622
7720.000 0.607
7725.000 0.575
7730.000 0.558
7735.000 0.531
7740.000 0.509
7745.000 0.500
7750.000 0.478
7755.000 0.469
7760.000 0.456
7765.000 0.442
7770.000 0.434
7775.000 0.423
7780.000 0.417
7785.000 0.408
7790.000 0.400
7795.000 0.397
7800.000 0.389
7805.000 0.387
7810.000 0.381
7815.000 0.377
7820.000 0.373
7825.000 0.370
7830.000 0.366
7835.000 0.364
7840.000 0.359
7845.000 0.359
7850.000 0.354
7855.000 0.355
7860.000 0.351
7865.000 0.349
7870.000 0.348
7875.000 0.348
7880.000 0.346
7885.000 0.344
7890.000 0.344
7895.000 0.341
7900.000 0.340
7905.000 0.339
7910.000 0.338
7915.000 0.338
7920.000 0.337
7925.000 0.337
7930.000 0.336
7935.000 0.336
7940.000 0.336
7945.000 0.335
7950.000 0.335
7955.000 0.332
7960.000 0.337
7965.000 0.336
7970.000 0.333
7975.000 0.330
7980.000 0.333
7985.000 0.330
7990.000 0.336
7995.000 0.328
8000.000 0.334
8005.000 0.329
8010.000 0.329
8015.000 0.329
8020.000 0.338
8025.000 0.333
8030.000 0.338
8035.000 0.331
8040.000 0.331
8045.000 0.333
8050.000 0.330
8055.000 0.336
8060.000 0.334
8065.000 0.333
8070.000 0.334
8075.000 0.333
8080.000 0.334
8085.000 0.332
8090.000 0.331
8095.000 0.331
8100.000 0.330
8105.000 0.327
8110.000 0.328
8115.000 0.328
8120.000 0.327
8125.000 0.328
8130.000 0.330
8135.000 0.330
8140.000 0.330
8145.000 0.330
8150.000 0.331
8155.000 0.330
8160.000 0.331
8165.000 0.332
8170.000 0.331
8175.000 0.331
8180.000 0.330
8185.000 0.331
8190.000 0.331
8195.000 0.331
8200.000 0.330
8205.000 0.332
8210.000 0.332
8215.000 0.331
8220.000 0.332
8225.000 0.332
8230.000 0.332
8235.000 0.331
8240.000 0.330
8245.000 0.332
8250.000 0.333
8255.000 0.333
8260.000 0.333
8265.000 0.333
8270.000 0.333
8275.000 0.335
8280.000 0.337
8285.000 0.336
8290.000 0.335
8295.000 0.332
8300.000 0.333
8305.000 0.333
8310.000 0.335
8315.000 0.334
8320.000 0.334
8325.000 0.335
8330.000 0.334
8335.000 0.335
8340.000 0.336
8345.000 0.335
8350.000 0.335
8355.000 0.336
8360.000 0.337
8365.000 0.334
8370.000 0.337
8375.000 0.335
8380.000 0.338
8385.000 0.339
8390.000 0.338
8395.000 0.339
8400.000 0.339
8405.000 0.338
8410.000 0.341
8415.000 0.341
8420.000 0.341
8425.000 0.340
8430.000 0.341
8435.000 0.339
8440.000 0.339
8445.000 0.341
8450.000 0.340
8455.000 0.342
8460.000 0.342
8465.000 0.341
8470.000 0.342
8475.000 0.343
8480.000 0.343
8485.000 0.343
8490.000 0.344
8495.000 0.343
8500.000 0.344
8505.000 0.344
8510.000 0.343
8515.000 0.345
8520.000 0.345
8525.000 0.344
8530.000 0.346
8535.000 0.347
8540.000 0.347
8545.000 0.348
8550.000 0.348
8555.000 0.347
8560.000 0.348
8565.000 0.348
8570.000 0.348
8575.000 0.348
8580.000 0.348
8585.000 0.349
8590.000 0.350
8595.000 0.351
8600.000 0.351
8605.000 0.349
8610.000 0.352
8615.000 0.351
8620.000 0.351
8625.000 0.351
8630.000 0.352
8635.000 0.352
8640.000 0.353
8645.000 0.353
8650.000 0.355
8655.000 0.355
8660.000 0.355
8665.000 0.355
8670.000 0.359
8675.000 0.355
8680.000 0.355
8685.000 0.357
8690.000 0.356
8695.000 0.357
8700.000 0.358
8705.000 0.360
8710.000 0.359
8715.000 0.359
8720.000 0.357
8725.000 0.359
8730.000 0.359
8735.000 0.362
8740.000 0.362
8745.000 0.360
8750.000 0.360
8755.000 0.360
8760.000 0.360
8765.000 0.362
8770.000 0.363
8775.000 0.364
8780.000 0.363
8785.000 0.365
8790.000 0.364
8795.000 0.366
8800.000 0.366
8805.000 0.365
8810.000 0.368
8815.000 0.365
8820.000 0.369
8825.000 0.384
8830.000 0.371
8835.000 0.353
8840.000 0.366
8845.000 0.369
8850.000 0.373
8855.000 0.373
8860.000 0.370
8865.000 0.370
8870.000 0.370
8875.000 0.370
8880.000 0.370
8885.000 0.372
8890.000 0.372
8895.000 0.371
8900.000 0.371
8905.000 0.373
8910.000 0.372
8915.000 0.371
8920.000 0.372
8925.000 0.374
8930.000 0.371
8935.000 0.373
8940.000 0.372
8945.000 0.372
8950.000 0.372
8955.000 0.377
8960.000 0.374
8965.000 0.376
8970.000 0.372
8975.000 0.373
8980.000 0.374
8985.000 0.371
8990.000 0.375
8995.000 0.379
9000.000 0.373
9005.000 0.383
9010.000 0.376
9015.000 0.382
9020.000 0.381
9025.000 0.377
9030.000 0.376
9035.000 0.382
9040.000 0.384
9045.000 0.384
9050.000 0.382
9055.000 0.383
9060.000 0.383
9065.000 0.382
9070.000 0.388
9075.000 0.383
9080.000 0.387
9085.000 0.386
9090.000 0.387
9095.000 0.387
9100.000 0.389
9105.000 0.390
9110.000 0.389
9115.000 0.389
9120.000 0.392
9125.000 0.392
9130.000 0.390
9135.000 0.394
9140.000 0.395
9145.000 0.395
9150.000 0.395
9155.000 0.395
9160.000 0.398
9165.000 0.398
9170.000 0.397
9175.000 0.398
9180.000 0.400
9185.000 0.401
9190.000 0.400
9195.000 0.401
9200.000 0.401
9205.000 0.400
9210.000 0.401
9215.000 0.402
9220.000 0.404
9225.000 0.403
9230.000 0.405
9235.000 0.404
9240.000 0.405
9245.000 0.407
9250.000 0.408
9255.000 0.411
9260.000 0.408
9265.000 0.409
9270.000 0.414
9275.000 0.413
9280.000 0.414
9285.000 0.413
9290.000 0.414
9295.000 0.415
9300.000 0.417
9305.000 0.412
9310.000 0.414
9315.000 0.413
9320.000 0.416
9325.000 0.419
9330.000 0.415
9335.000 0.418
9340.000 0.418
9345.000 0.416
9350.000 0.417
9355.000 0.416
9360.000 0.421
9365.000 0.418
9370.000 0.419
9375.000 0.419
9380.000 0.420
9385.000 0.420
9390.000 0.419
9395.000 0.420
9400.000 0.420
9405.000 0.420
9410.000 0.422
9415.000 0.419
9420.000 0.424
9425.000 0.422
9430.000 0.422
9435.000 0.424
9440.000 0.422
9445.000 0.422
9450.000 0.421
9455.000 0.421
9460.000 0.421
9465.000 0.418
9470.000 0.423
9475.000 0.421
9480.000 0.420
9485.000 0.420
9490.000 0.422
9495.000 0.424
9500.000 0.424
9505.000 0.423
9510.000 0.423
9515.000 0.424
9520.000 0.428
9525.000 0.427
9530.000 0.427
9535.000 0.428
9540.000 0.424
9545.000 0.426
9550.000 0.426
9555.000 0.427
9560.000 0.426
9565.000 0.425
9570.000 0.427
9575.000 0.427
9580.000 0.426
9585.000 0.426
9590.000 0.428
9595.000 0.429
9600.000 0.428
9605.000 0.432
9610.000 0.432
9615.000 0.437
9620.000 0.432
9625.000 0.430
9630.000 0.434
9635.000 0.433
9640.000 0.430
9645.000 0.432
9650.000 0.430
9655.000 0.435
9660.000 0.432
9665.000 0.435
9670.000 0.435
9675.000 0.435
9680.000 0.433
9685.000 0.434
9690.000 0.431
9695.000 0.432
9700.000 0.432
9705.000 0.436
9710.000 0.432
9715.000 0.433
9720.000 0.435
9725.000 0.437
9730.000 0.436
9735.000 0.438
9740.000 0.442
9745.000 0.440
9750.000 0.440
9755.000 0.439
9760.000 0.445
9765.000 0.442
9770.000 0.448
9775.000 0.447
9780.000 0.450
9785.000 0.449
9790.000 0.456
9795.000 0.456
9800.000 0.458
9805.000 0.460
9810.000 0.463
9815.000 0.467
9820.000 0.464
9825.000 0.461
9830.000 0.463
9835.000 0.465
9840.000 0.466
9845.000 0.465
9850.000 0.468
9855.000 0.468
9860.000 0.471
9865.000 0.472
9870.000 0.472
9875.000 0.478
9880.000 0.481
9885.000 0.484
9890.000 0.489
9895.000 0.492
9900.000 0.494
9905.000 0.496
9910.000 0.501
9915.000 0.510
9920.000 0.512
9925.000 0.513
9930.000 0.522
9935.000 0.528
9940.000 0.537
9945.000 0.542
9950.000 0.545
9955.000 0.553
9960.000 0.562
9965.000 0.571
9970.000 0.580
9975.000 0.592
9980.000 0.605
9985.000 0.609
9990.000 0.629
9995.000 0.647
10000.000 0.652
10005.000 0.690
10010.000 0.697
10015.000 0.727
10020.000 0.746
10025.000 0.773
10030.000 0.807
10035.000 0.830
10040.000 0.872
10045.000 0.929
10050.000 0.963
10055.000 1.043
10060.000 1.086
10065.000 1.196
10070.000 1.351
10075.000 1.459
10080.000 1.720
10085.000 1.881
10090.000 2.318
10095.000 2.589
10100.000 3.240
10105.000 3.970
10110.000 4.250
10115.000 4.520
10120.000 4.406
10125.000 3.797
10130.000 3.068
10135.000 2.741
10140.000 2.207
10145.000 2.007
10150.000 1.692
10155.000 1.467
10160.000 1.390
10165.000 1.284
10170.000 1.246
10175.000 1.189
10180.000 1.159
10185.000 1.150
10190.000 1.140
10195.000 1.140
10200.000 1.146
10205.000 1.177
10210.000 1.193
10215.000 1.227
10220.000 1.248
10225.000 1.320
10230.000 1.404
10235.000 1.451
10240.000 1.572
10245.000 1.644
10250.000 1.821
10255.000 2.064
10260.000 2.224
10265.000 2.614
10270.000 2.858
10275.000 3.469
10280.000 4.253
10285.000 4.699
10290.000 5.658
10295.000 6.111
10300.000 6.790
10305.000 6.944
10310.000 6.771
10315.000 6.017
10320.000 5.570
10325.000 4.694
10330.000 3.949
10335.000 3.647
10340.000 3.144
10345.000 2.940
10350.000 2.614
10355.000 2.408
10360.000 2.327
10365.000 2.196
10370.000 2.138
10375.000 2.027
10380.000 1.986
10385.000 1.905
10390.000 1.826
10395.000 1.808
10400.000 1.748
10405.000 1.724
10410.000 1.683
10415.000 1.651
10420.000 1.632
10425.000 1.608
10430.000 1.597
10435.000 1.577
10440.000 1.564
10445.000 1.562
10450.000 1.553
10455.000 1.548
10460.000 1.552
10465.000 1.563
10470.000 1.570
10475.000 1.587
10480.000 1.598
10485.000 1.618
10490.000 1.652
10495.000 1.670
10500.000 1.711
10505.000 1.737
10510.000 1.795
10515.000 1.863
10520.000 1.902
10525.000 1.992
10530.000 2.045
10535.000 2.164
10540.000 2.301
10545.000 2.382
10550.000 2.559
10555.000 2.665
10560.000 2.899
10565.000 3.167
10570.000 3.290
10575.000 3.500
10580.000 3.567
10585.000 3.547
10590.000 3.392
10595.000 3.275
10600.000 2.948
10605.000 2.755
10610.000 2.367
10615.000 2.025
10620.000 1.871
10625.000 1.612
10630.000 1.497
10635.000 1.310
10640.000 1.160
10645.000 1.094
10650.000 0.979
10655.000 0.923
10660.000 0.827
10665.000 0.737
10670.000 0.696
10675.000 0.616
10680.000 0.585
10685.000 0.523
10690.000 0.462
10695.000 0.434
10700.000 0.392
10705.000 0.371
10710.000 0.332
10715.000 0.299
10720.000 0.286
10725.000 0.261
10730.000 0.251
10735.000 0.234
10740.000 0.222
10745.000 0.218
10750.000 0.209
10755.000 0.206
10760.000 0.206
10765.000 0.209
10770.000 0.212
10775.000 0.223
10780.000 0.230
10785.000 0.251
10790.000 0.280
10795.000 0.298
10800.000 0.346
10805.000 0.379
10810.000 0.465
10815.000 0.598
10820.000 0.685
10825.000 0.920
10830.000 1.067
10835.000 1.372
10840.000 1.706
10845.000 1.866
10850.000 2.113
10855.000 2.174
10860.000 2.156
10865.000 1.952
10870.000 1.816
10875.000 1.537
10880.000 1.409
10885.000 1.190
10890.000 1.016
10895.000 0.946
10900.000 0.839
10905.000 0.794
10910.000 0.725
10915.000 0.679
10920.000 0.662
10925.000 0.632
10930.000 0.620
10935.000 0.599
10940.000 0.582
10945.000 0.576
10950.000 0.566
10955.000 0.556
10960.000 0.544
10965.000 0.532
10970.000 0.521
10975.000 0.515
10980.000 0.513
10985.000 0.500
10990.000 0.494
10995.000 0.489
11000.000 0.484
11005.000 0.478
11010.000 0.476
11015.000 0.473
11020.000 0.477
11025.000 0.468
11030.000 0.475
11035.000 0.463
11040.000 0.468
11045.000 0.485
11050.000 0.468
11055.000 0.465
11060.000 0.459
11065.000 0.454
11070.000 0.451
11075.000 0.446
11080.000 0.445
11085.000 0.440
11090.000 0.440
11095.000 0.435
11100.000 0.436
11105.000 0.433
11110.000 0.430
11115.000 0.431
11120.000 0.430
11125.000 0.427
11130.000 0.429
11135.000 0.424
11140.000 0.425
11145.000 0.423
11150.000 0.424
11155.000 0.423
11160.000 0.421
11165.000 0.420
11170.000 0.420
11175.000 0.422
11180.000 0.421
11185.000 0.421
11190.000 0.420
11195.000 0.421
11200.000 0.417
11205.000 0.417
11210.000 0.417
11215.000 0.415
11220.000 0.414
11225.000 0.412
11230.000 0.410
11235.000 0.411
11240.000 0.411
11245.000 0.411
11250.000 0.406
11255.000 0.403
11260.000 0.403
11265.000 0.403
11270.000 0.402
11275.000 0.402
11280.000 0.405
11285.000 0.406
11290.000 0.405
11295.000 0.407
11300.000 0.405
11305.000 0.408
11310.000 0.406
11315.000 0.406
11320.000 0.407
11325.000 0.404
11330.000 0.406
11335.000 0.404
11340.000 0.405
11345.000 0.405
11350.000 0.401
11355.000 0.402
11360.000 0.402
11365.000 0.405
11370.000 0.403
11375.000 0.402
11380.000 0.402
11385.000 0.400
11390.000 0.401
11395.000 0.402
11400.000 0.402
11405.000 0.403
11410.000 0.401
11415.000 0.398
11420.000 0.397
11425.000 0.400
11430.000 0.399
11435.000 0.399
11440.000 0.399
11445.000 0.399
11450.000 0.396
11455.000 0.398
11460.000 0.395
11465.000 0.394
11470.000 0.395
11475.000 0.395
11480.000 0.396
11485.000 0.398
11490.000 0.398
11495.000 0.395
11500.000 0.395
11505.000 0.395
11510.000 0.396
11515.000 0.396
11520.000 0.395
11525.000 0.397
11530.000 0.395
11535.000 0.395
11540.000 0.394
11545.000 0.394
11550.000 0.394
11555.000 0.397
11560.000 0.396
11565.000 0.394
11570.000 0.392
11575.000 0.393
11580.000 0.392
11585.000 0.394
11590.000 0.392
11595.000 0.389
11600.000 0.392
11605.000 0.392
11610.000 0.392
11615.000 0.390
11620.000 0.393
11625.000 0.394
11630.000 0.394
11635.000 0.395
11640.000 0.391
11645.000 0.391
11650.000 0.392
11655.000 0.394
11660.000 0.390
11665.000 0.391
11670.000 0.392
11675.000 0.394
11680.000 0.392
11685.000 0.393
11690.000 0.394
11695.000 0.392
11700.000 0.395
11705.000 0.392
11710.000 0.392
11715.000 0.393
11720.000 0.394
11725.000 0.393
11730.000 0.392
11735.000 0.390
11740.000 0.388
11745.000 0.389
11750.000 0.388
11755.000 0.387
11760.000 0.389
11765.000 0.388
11770.000 0.390
11775.000 0.392
11780.000 0.391
11785.000 0.389
11790.000 0.387
11795.000 0.387
11800.000 0.387
11805.000 0.387
11810.000 0.385
11815.000 0.384
11820.000 0.383
11825.000 0.382
11830.000 0.386
11835.000 0.386
11840.000 0.387
11845.000 0.387
11850.000 0.388
11855.000 0.385
11860.000 0.385
11865.000 0.385
11870.000 0.381
11875.000 0.383
11880.000 0.382
11885.000 0.381
11890.000 0.384
11895.000 0.381
11900.000 0.384
11905.000 0.381
11910.000 0.383
11915.000 0.385
11920.000 0.384
11925.000 0.385
11930.000 0.384
11935.000 0.384
11940.000 0.381
11945.000 0.382
11950.000 0.381
11955.000 0.382
11960.000 0.382
11965.000 0.382
11970.000 0.380
11975.000 0.384
11980.000 0.384
11985.000 0.379
11990.000 0.386
11995.000 0.383
12000.000 0.382
