105.000 0.056
110.000 0.056
115.000 6.776
120.000 8.232
125.000 9.259
130.000 9.760
135.000 10.254
140.000 11.024
145.000 11.983
150.000 12.594
155.000 13.747
160.000 14.651
165.000 15.098
170.000 15.499
175.000 15.801
180.000 16.519
185.000 17.480
190.000 18.000
195.000 19.875
200.000 20.936
205.000 23.116
210.000 25.658
215.000 26.749
220.000 28.982
225.000 30.528
230.000 31.487
235.000 32.071
240.000 32.130
245.000 32.362
250.000 34.128
255.000 37.656
260.000 44.866
265.000 48.283
270.000 57.910
275.000 60.167
280.000 64.056
285.000 59.686
290.000 54.004
295.000 44.289
300.000 40.834
305.000 35.589
310.000 33.999
315.000 31.355
320.000 29.314
325.000 28.601
330.000 27.501
335.000 26.860
340.000 26.047
345.000 23.859
350.000 23.433
355.000 23.053
360.000 23.564
365.000 24.087
370.000 25.560
375.000 26.428
380.000 28.585
385.000 29.645
390.000 31.699
395.000 33.821
400.000 34.884
405.000 36.978
410.000 39.106
415.000 40.097
420.000 42.012
425.000 42.910
430.000 44.452
435.000 45.798
440.000 46.448
445.000 47.452
450.000 47.844
455.000 48.468
460.000 48.945
465.000 49.196
470.000 49.644
475.000 49.899
480.000 50.545
485.000 51.443
490.000 52.009
495.000 53.504
500.000 54.487
505.000 56.912
510.000 60.291
515.000 62.353
520.000 67.224
525.000 70.005
530.000 74.990
535.000 74.350
540.000 73.742
545.000 72.851
550.000 71.285
555.000 57.515
560.000 42.306
565.000 37.467
570.000 30.377
575.000 27.576
580.000 22.789
585.000 18.961
590.000 17.332
595.000 14.493
600.000 13.300
605.000 11.271
610.000 9.651
615.000 8.972
620.000 8.357
625.000 7.303
630.000 6.468
635.000 5.788
640.000 5.497
645.000 4.996
650.000 4.784
655.000 4.415
660.000 4.119
665.000 3.995
670.000 3.772
675.000 3.682
680.000 3.523
685.000 3.407
690.000 3.379
695.000 3.299
700.000 3.265
705.000 3.224
710.000 3.206
715.000 3.209
720.000 3.237
725.000 3.267
730.000 3.354
735.000 3.480
740.000 3.566
745.000 3.771
750.000 3.907
755.000 4.243
760.000 4.459
765.000 5.044
770.000 5.998
775.000 6.688
780.000 8.828
785.000 10.518
790.000 15.414
795.000 20.748
800.000 22.247
805.000 20.365
810.000 17.179
815.000 11.471
820.000 7.938
825.000 6.725
830.000 4.998
835.000 4.377
840.000 3.446
845.000 2.800
850.000 2.549
855.000 2.150
860.000 1.985
865.000 1.717
870.000 1.504
875.000 1.421
880.000 1.267
885.000 1.204
890.000 1.098
895.000 1.008
900.000 0.971
905.000 0.902
910.000 0.870
915.000 0.818
920.000 0.775
925.000 0.755
930.000 0.724
935.000 0.708
940.000 0.685
945.000 0.673
950.000 0.663
955.000 0.651
960.000 0.654
965.000 0.651
970.000 0.649
975.000 0.663
980.000 0.676
985.000 0.687
990.000 0.719
995.000 0.759
1000.000 0.782
1005.000 0.856
1010.000 0.902
1015.000 1.008
1020.000 1.146
1025.000 1.252
1030.000 1.503
1035.000 1.698
1040.000 2.206
1045.000 3.051
1050.000 3.603
1055.000 4.563
1060.000 4.699
1065.000 3.984
1070.000 2.942
1075.000 2.561
1080.000 2.021
1085.000 1.823
1090.000 1.531
1095.000 1.324
1100.000 1.244
1105.000 1.118
1110.000 1.065
1115.000 0.978
1120.000 0.911
1125.000 0.887
1130.000 0.835
1135.000 0.816
1140.000 0.781
1145.000 0.756
1150.000 0.743
1155.000 0.725
1160.000 0.717
1165.000 0.713
1170.000 0.712
1175.000 0.717
1180.000 0.726
1185.000 0.733
1190.000 0.752
1195.000 0.771
1200.000 0.787
1205.000 0.819
1210.000 0.838
1215.000 0.881
1220.000 0.933
1225.000 0.966
1230.000 1.041
1235.000 1.078
1240.000 1.200
1245.000 1.346
1250.000 1.420
1255.000 1.592
1260.000 1.701
1265.000 1.969
1270.000 2.138
1275.000 2.607
1280.000 3.308
1285.000 3.775
1290.000 5.049
1295.000 6.756
1300.000 7.741
1305.000 9.543
1310.000 9.895
1315.000 8.606
1320.000 6.216
1325.000 5.282
1330.000 3.876
1335.000 3.407
1340.000 2.724
1345.000 2.472
1350.000 2.086
1355.000 1.811
1360.000 1.703
1365.000 1.537
1370.000 1.481
1375.000 1.386
1380.000 1.315
1385.000 1.283
1390.000 1.238
1395.000 1.213
1400.000 1.185
1405.000 1.162
1410.000 1.155
1415.000 1.147
1420.000 1.146
1425.000 1.149
1430.000 1.160
1435.000 1.172
1440.000 1.198
1445.000 1.213
1450.000 1.250
1455.000 1.294
1460.000 1.322
1465.000 1.350
1470.000 1.421
1475.000 1.509
1480.000 1.626
1485.000 1.693
1490.000 1.855
1495.000 1.957
1500.000 2.215
1505.000 2.575
1510.000 2.818
1515.000 3.479
1520.000 3.920
1525.000 5.185
1530.000 6.864
1535.000 7.870
1540.000 10.109
1545.000 11.196
1550.000 12.371
1555.000 10.898
1560.000 9.512
1565.000 7.064
1570.000 6.096
1575.000 4.659
1580.000 3.703
1585.000 3.349
1590.000 2.804
1595.000 2.597
1600.000 2.251
1605.000 2.010
1610.000 1.921
1615.000 1.779
1620.000 1.717
1625.000 1.611
1630.000 1.561
1635.000 1.482
1640.000 1.419
1645.000 1.394
1650.000 1.363
1655.000 1.355
1660.000 1.349
1665.000 1.368
1670.000 1.393
1675.000 1.455
1680.000 1.497
1685.000 1.616
1690.000 1.775
1695.000 1.870
1700.000 2.089
1705.000 2.216
1710.000 2.510
1715.000 2.899
1720.000 3.142
1725.000 3.741
1730.000 4.117
1735.000 5.107
1740.000 6.463
1745.000 7.324
1750.000 9.509
1755.000 10.871
1760.000 14.005
1765.000 17.771
1770.000 19.707
1775.000 22.295
1780.000 22.142
1785.000 18.457
1790.000 13.539
1795.000 11.574
1800.000 8.611
1805.000 7.519
1810.000 5.914
1815.000 4.868
1820.000 4.459
1825.000 3.828
1830.000 3.377
1835.000 3.204
1840.000 2.964
1845.000 2.890
1850.000 2.770
1855.000 2.686
1860.000 2.651
1865.000 2.586
1870.000 2.566
1875.000 2.542
1880.000 2.546
1885.000 2.554
1890.000 2.590
1895.000 2.619
1900.000 2.701
1905.000 2.809
1910.000 2.877
1915.000 2.955
1920.000 3.152
1925.000 3.427
1930.000 3.627
1935.000 4.121
1940.000 4.866
1945.000 5.372
1950.000 6.758
1955.000 7.701
1960.000 10.183
1965.000 13.068
1970.000 14.275
1975.000 15.046
1980.000 14.210
1985.000 11.109
1990.000 8.220
1995.000 7.104
2000.000 5.489
2005.000 4.902
2010.000 4.029
2015.000 3.431
2020.000 3.209
2025.000 2.895
2030.000 2.789
2035.000 2.601
2040.000 2.466
2045.000 2.412
2050.000 2.326
2055.000 2.302
2060.000 2.261
2065.000 2.248
2070.000 2.255
2075.000 2.291
2080.000 2.322
2085.000 2.420
2090.000 2.578
2095.000 2.692
2100.000 3.014
2105.000 3.235
2110.000 3.809
2115.000 4.233
2120.000 4.188
2125.000 3.467
2130.000 2.917
2135.000 1.909
2140.000 1.266
2145.000 1.041
2150.000 0.718
2155.000 0.599
2160.000 0.418
2165.000 0.294
2170.000 0.243
2175.000 0.167
2180.000 0.138
2185.000 0.087
2190.000 0.052
2195.000 0.040
2200.000 0.029
2205.000 0.032
2210.000 0.046
2215.000 0.060
2220.000 0.068
2225.000 0.080
2230.000 0.086
2235.000 0.095
2240.000 0.101
2245.000 0.107
2250.000 0.114
2255.000 0.116
2260.000 0.122
2265.000 0.126
2270.000 0.130
2275.000 0.133
2280.000 0.138
2285.000 0.140
2290.000 0.143
2295.000 0.145
2300.000 0.149
2305.000 0.150
2310.000 0.153
2315.000 0.154
2320.000 0.156
2325.000 0.160
2330.000 0.161
2335.000 0.163
2340.000 0.163
2345.000 0.165
2350.000 0.168
2355.000 0.167
2360.000 0.170
2365.000 0.171
2370.000 0.173
2375.000 0.173
2380.000 0.174
2385.000 0.177
2390.000 0.178
2395.000 0.178
2400.000 0.179
2405.000 0.180
2410.000 0.183
2415.000 0.182
2420.000 0.184
2425.000 0.185
2430.000 0.185
2435.000 0.187
2440.000 0.187
2445.000 0.188
2450.000 0.189
2455.000 0.189
2460.000 0.191
2465.000 0.191
2470.000 0.191
2475.000 0.191
2480.000 0.191
2485.000 0.190
2490.000 0.192
2495.000 0.192
2500.000 0.193
2505.000 0.193
2510.000 0.193
2515.000 0.194
2520.000 0.194
2525.000 0.195
2530.000 0.196
2535.000 0.196
2540.000 0.197
2545.000 0.195
2550.000 0.196
2555.000 0.198
2560.000 0.198
2565.000 0.196
2570.000 0.197
2575.000 0.196
2580.000 0.197
2585.000 0.198
2590.000 0.198
2595.000 0.198
2600.000 0.198
2605.000 0.197
2610.000 0.199
2615.000 0.198
2620.000 0.197
2625.000 0.198
2630.000 0.199
2635.000 0.198
2640.000 0.199
2645.000 0.200
2650.000 0.201
2655.000 0.201
2660.000 0.200
2665.000 0.199
2670.000 0.201
2675.000 0.201
2680.000 0.200
2685.000 0.200
2690.000 0.201
2695.000 0.201
2700.000 0.201
2705.000 0.201
2710.000 0.200
2715.000 0.203
2720.000 0.202
2725.000 0.203
2730.000 0.204
2735.000 0.201
2740.000 0.204
2745.000 0.206
2750.000 0.205
2755.000 0.205
2760.000 0.205
2765.000 0.204
2770.000 0.205
2775.000 0.205
2780.000 0.205
2785.000 0.205
2790.000 0.206
2795.000 0.205
2800.000 0.205
2805.000 0.206
2810.000 0.206
2815.000 0.207
2820.000 0.207
2825.000 0.208
2830.000 0.206
2835.000 0.207
2840.000 0.208
2845.000 0.209
2850.000 0.208
2855.000 0.209
2860.000 0.208
2865.000 0.208
2870.000 0.208
2875.000 0.210
2880.000 0.209
2885.000 0.212
2890.000 0.208
2895.000 0.211
2900.000 0.210
2905.000 0.210
2910.000 0.212
2915.000 0.210
2920.000 0.212
2925.000 0.212
2930.000 0.212
2935.000 0.214
2940.000 0.214
2945.000 0.213
2950.000 0.214
2955.000 0.216
2960.000 0.218
2965.000 0.211
2970.000 0.217
2975.000 0.213
2980.000 0.212
2985.000 0.219
2990.000 0.214
2995.000 0.218
3000.000 0.217
3005.000 0.214
3010.000 0.217
3015.000 0.214
3020.000 0.216
3025.000 0.219
3030.000 0.219
3035.000 0.217
3040.000 0.216
3045.000 0.215
3050.000 0.220
3055.000 0.216
3060.000 0.216
3065.000 0.219
3070.000 0.219
3075.000 0.218
3080.000 0.218
3085.000 0.218
3090.000 0.218
3095.000 0.220
3100.000 0.222
3105.000 0.220
3110.000 0.220
3115.000 0.220
3120.000 0.219
3125.000 0.219
3130.000 0.218
3135.000 0.216
3140.000 0.218
3145.000 0.219
3150.000 0.220
3155.000 0.219
3160.000 0.219
3165.000 0.219
3170.000 0.220
3175.000 0.218
3180.000 0.217
3185.000 0.217
3190.000 0.217
3195.000 0.217
3200.000 0.218
3205.000 0.219
3210.000 0.220
3215.000 0.221
3220.000 0.222
3225.000 0.222
3230.000 0.221
3235.000 0.222
3240.000 0.222
3245.000 0.223
3250.000 0.223
3255.000 0.227
3260.000 0.226
3265.000 0.228
3270.000 0.231
3275.000 0.232
3280.000 0.235
3285.000 0.241
3290.000 0.249
3295.000 0.253
3300.000 0.262
3305.000 0.278
3310.000 0.298
3315.000 0.311
3320.000 0.344
3325.000 0.365
3330.000 0.425
3335.000 0.512
3340.000 0.574
3345.000 0.766
3350.000 0.913
3355.000 1.392
3360.000 2.220
3365.000 2.760
3370.000 4.123
3375.000 4.970
3380.000 7.133
3385.000 9.942
3390.000 11.447
3395.000 13.774
3400.000 14.164
3405.000 13.445
3410.000 12.325
3415.000 11.974
3420.000 11.823
3425.000 11.967
3430.000 12.652
3435.000 13.152
3440.000 14.539
3445.000 16.456
3450.000 17.455
3455.000 18.760
3460.000 18.744
3465.000 16.989
3470.000 14.012
3475.000 12.593
3480.000 10.138
3485.000 9.112
3490.000 7.419
3495.000 6.124
3500.000 5.617
3505.000 4.830
3510.000 4.534
3515.000 4.090
3520.000 3.796
3525.000 3.694
3530.000 3.617
3535.000 3.629
3540.000 3.734
3545.000 3.978
3550.000 4.178
3555.000 4.753
3560.000 5.154
3565.000 6.270
3570.000 8.079
3575.000 9.241
3580.000 11.852
3585.000 13.059
3590.000 14.139
3595.000 12.495
3600.000 11.077
3605.000 8.328
3610.000 7.233
3615.000 5.616
3620.000 5.023
3625.000 4.135
3630.000 3.554
3635.000 3.372
3640.000 3.095
3645.000 2.888
3650.000 2.803
3655.000 2.671
3660.000 2.617
3665.000 2.537
3670.000 2.488
3675.000 2.476
3680.000 2.479
3685.000 2.486
3690.000 2.510
3695.000 2.558
3700.000 2.588
3705.000 2.671
3710.000 2.737
3715.000 2.896
3720.000 3.126
3725.000 3.284
3730.000 3.720
3735.000 4.020
3740.000 4.834
3745.000 6.053
3750.000 6.850
3755.000 8.655
3760.000 9.497
3765.000 10.268
3770.000 9.912
3775.000 8.097
3780.000 7.053
3785.000 5.284
3790.000 4.079
3795.000 3.271
3800.000 2.971
3805.000 2.736
3810.000 2.409
3815.000 2.195
3820.000 2.028
3825.000 1.955
3830.000 1.894
3835.000 1.792
3840.000 1.713
3845.000 1.657
3850.000 1.639
3855.000 1.612
3860.000 1.599
3865.000 1.594
3870.000 1.610
3875.000 1.618
3880.000 1.634
3885.000 1.682
3890.000 1.745
3895.000 1.838
3900.000 1.893
3905.000 2.031
3910.000 2.120
3915.000 2.350
3920.000 2.696
3925.000 2.934
3930.000 3.578
3935.000 4.026
3940.000 5.240
3945.000 6.048
3950.000 7.931
3955.000 9.674
3960.000 10.086
3965.000 9.377
3970.000 7.283
3975.000 6.258
3980.000 4.633
3985.000 4.040
3990.000 3.195
3995.000 2.622
4000.000 2.398
4005.000 2.069
4010.000 1.971
4015.000 1.816
4020.000 1.754
4025.000 1.660
4030.000 1.564
4035.000 1.533
4040.000 1.471
4045.000 1.445
4050.000 1.384
4055.000 1.358
4060.000 1.338
4065.000 1.330
4070.000 1.323
4075.000 1.328
4080.000 1.352
4085.000 1.370
4090.000 1.416
4095.000 1.445
4100.000 1.525
4105.000 1.606
4110.000 1.662
4115.000 1.802
4120.000 1.896
4125.000 2.156
4130.000 2.546
4135.000 2.805
4140.000 3.477
4145.000 3.883
4150.000 4.674
4155.000 4.964
4160.000 4.772
4165.000 3.889
4170.000 3.384
4175.000 2.552
4180.000 1.980
4185.000 1.766
4190.000 1.470
4195.000 1.369
4200.000 1.193
4205.000 1.122
4210.000 1.009
4215.000 0.926
4220.000 0.890
4225.000 0.838
4230.000 0.797
4235.000 0.778
4240.000 0.755
4245.000 0.747
4250.000 0.735
4255.000 0.730
4260.000 0.732
4265.000 0.739
4270.000 0.742
4275.000 0.761
4280.000 0.787
4285.000 0.804
4290.000 0.851
4295.000 0.882
4300.000 0.966
4305.000 1.100
4310.000 1.188
4315.000 1.445
4320.000 1.626
4325.000 2.142
4330.000 2.864
4335.000 3.266
4340.000 3.995
4345.000 4.172
4350.000 3.922
4355.000 3.118
4360.000 2.726
4365.000 2.092
4370.000 1.857
4375.000 1.512
4380.000 1.271
4385.000 1.183
4390.000 1.062
4395.000 1.014
4400.000 0.939
4405.000 0.884
4410.000 0.858
4415.000 0.825
4420.000 0.809
4425.000 0.798
4430.000 0.776
4435.000 0.767
4440.000 0.756
4445.000 0.753
4450.000 0.752
4455.000 0.767
4460.000 0.775
4465.000 0.803
4470.000 0.821
4475.000 0.863
4480.000 0.928
4485.000 0.972
4490.000 1.081
4495.000 1.153
4500.000 1.317
4505.000 1.391
4510.000 1.463
4515.000 1.331
4520.000 1.209
4525.000 0.927
4530.000 0.687
4535.000 0.595
4540.000 0.458
4545.000 0.406
4550.000 0.322
4555.000 0.272
4560.000 0.252
4565.000 0.226
4570.000 0.219
4575.000 0.210
4580.000 0.208
4585.000 0.211
4590.000 0.221
4595.000 0.229
4600.000 0.254
4605.000 0.270
4610.000 0.314
4615.000 0.384
4620.000 0.432
4625.000 0.555
4630.000 0.634
4635.000 0.856
4640.000 1.161
4645.000 1.320
4650.000 1.581
4655.000 1.635
4660.000 1.509
4665.000 1.228
4670.000 1.103
4675.000 0.901
4680.000 0.827
4685.000 0.706
4690.000 0.622
4695.000 0.591
4700.000 0.547
4705.000 0.530
4710.000 0.507
4715.000 0.485
4720.000 0.472
4725.000 0.449
4730.000 0.434
4735.000 0.387
4740.000 0.320
4745.000 0.277
4750.000 0.209
4755.000 0.194
4760.000 0.195
4765.000 0.208
4770.000 0.219
4775.000 0.237
4780.000 0.247
4785.000 0.260
4790.000 0.270
4795.000 0.276
4800.000 0.284
4805.000 0.285
4810.000 0.289
4815.000 0.297
4820.000 0.297
4825.000 0.296
4830.000 0.297
4835.000 0.299
4840.000 0.300
4845.000 0.301
4850.000 0.305
4855.000 0.304
4860.000 0.303
4865.000 0.304
4870.000 0.305
4875.000 0.303
4880.000 0.307
4885.000 0.308
4890.000 0.307
4895.000 0.308
4900.000 0.310
4905.000 0.308
4910.000 0.312
4915.000 0.316
4920.000 0.313
4925.000 0.312
4930.000 0.312
4935.000 0.312
4940.000 0.310
4945.000 0.308
4950.000 0.310
4955.000 0.313
4960.000 0.310
4965.000 0.315
4970.000 0.306
4975.000 0.319
4980.000 0.317
4985.000 0.311
4990.000 0.313
4995.000 0.309
5000.000 0.320
5005.000 0.307
5010.000 0.305
5015.000 0.308
5020.000 0.323
5025.000 0.321
5030.000 0.313
5035.000 0.320
5040.000 0.313
5045.000 0.314
5050.000 0.321
5055.000 0.313
5060.000 0.315
5065.000 0.318
5070.000 0.313
5075.000 0.314
5080.000 0.317
5085.000 0.320
5090.000 0.319
5095.000 0.318
5100.000 0.319
5105.000 0.317
5110.000 0.320
5115.000 0.318
5120.000 0.319
5125.000 0.318
5130.000 0.317
5135.000 0.320
5140.000 0.319
5145.000 0.319
5150.000 0.323
5155.000 0.321
5160.000 0.319
5165.000 0.319
5170.000 0.319
5175.000 0.322
5180.000 0.319
5185.000 0.320
5190.000 0.321
5195.000 0.322
5200.000 0.324
5205.000 0.324
5210.000 0.321
5215.000 0.323
5220.000 0.323
5225.000 0.322
5230.000 0.322
5235.000 0.322
5240.000 0.322
5245.000 0.322
5250.000 0.323
5255.000 0.322
5260.000 0.321
5265.000 0.322
5270.000 0.326
5275.000 0.322
5280.000 0.325
5285.000 0.325
5290.000 0.325
5295.000 0.323
5300.000 0.324
5305.000 0.323
5310.000 0.327
5315.000 0.324
5320.000 0.327
5325.000 0.325
5330.000 0.327
5335.000 0.326
5340.000 0.328
5345.000 0.325
5350.000 0.329
5355.000 0.327
5360.000 0.331
5365.000 0.328
5370.000 0.329
5375.000 0.326
5380.000 0.327
5385.000 0.328
5390.000 0.326
5395.000 0.331
5400.000 0.333
5405.000 0.333
5410.000 0.333
5415.000 0.330
5420.000 0.328
5425.000 0.329
5430.000 0.329
5435.000 0.330
5440.000 0.328
5445.000 0.330
5450.000 0.333
5455.000 0.336
5460.000 0.334
5465.000 0.333
5470.000 0.333
5475.000 0.335
5480.000 0.331
5485.000 0.332
5490.000 0.332
5495.000 0.334
5500.000 0.337
5505.000 0.336
5510.000 0.339
5515.000 0.337
5520.000 0.344
5525.000 0.338
5530.000 0.344
5535.000 0.343
5540.000 0.339
5545.000 0.339
5550.000 0.335
5555.000 0.337
5560.000 0.336
5565.000 0.338
5570.000 0.335
5575.000 0.336
5580.000 0.339
5585.000 0.337
5590.000 0.338
5595.000 0.338
5600.000 0.341
5605.000 0.340
5610.000 0.339
5615.000 0.339
5620.000 0.338
5625.000 0.336
5630.000 0.340
5635.000 0.341
5640.000 0.339
5645.000 0.341
5650.000 0.337
5655.000 0.342
5660.000 0.342
5665.000 0.341
5670.000 0.343
5675.000 0.340
5680.000 0.343
5685.000 0.342
5690.000 0.345
5695.000 0.345
5700.000 0.343
5705.000 0.343
5710.000 0.343
5715.000 0.343
5720.000 0.342
5725.000 0.341
5730.000 0.342
5735.000 0.346
5740.000 0.345
5745.000 0.346
5750.000 0.344
5755.000 0.343
5760.000 0.345
5765.000 0.346
5770.000 0.346
5775.000 0.347
5780.000 0.348
5785.000 0.346
5790.000 0.347
5795.000 0.345
5800.000 0.345
5805.000 0.346
5810.000 0.347
5815.000 0.347
5820.000 0.346
5825.000 0.347
5830.000 0.351
5835.000 0.348
5840.000 0.350
5845.000 0.351
5850.000 0.349
5855.000 0.350
5860.000 0.350
5865.000 0.350
5870.000 0.353
5875.000 0.352
5880.000 0.355
5885.000 0.350
5890.000 0.353
5895.000 0.354
5900.000 0.356
5905.000 0.351
5910.000 0.353
5915.000 0.354
5920.000 0.355
5925.000 0.354
5930.000 0.353
5935.000 0.355
5940.000 0.355
5945.000 0.360
5950.000 0.356
5955.000 0.354
5960.000 0.361
5965.000 0.358
5970.000 0.357
5975.000 0.362
5980.000 0.361
5985.000 0.357
5990.000 0.357
5995.000 0.357
6000.000 0.360
6005.000 0.362
6010.000 0.359
6015.000 0.365
6020.000 0.357
6025.000 0.359
6030.000 0.362
6035.000 0.361
6040.000 0.364
6045.000 0.361
6050.000 0.357
6055.000 0.365
6060.000 0.363
6065.000 0.361
6070.000 0.358
6075.000 0.358
6080.000 0.356
6085.000 0.361
6090.000 0.361
6095.000 0.361
6100.000 0.362
6105.000 0.360
6110.000 0.363
6115.000 0.363
6120.000 0.364
6125.000 0.360
6130.000 0.360
6135.000 0.361
6140.000 0.359
6145.000 0.362
6150.000 0.364
6155.000 0.365
6160.000 0.363
6165.000 0.363
6170.000 0.366
6175.000 0.364
6180.000 0.366
6185.000 0.365
6190.000 0.364
6195.000 0.366
6200.000 0.366
6205.000 0.367
6210.000 0.365
6215.000 0.367
6220.000 0.364
6225.000 0.366
6230.000 0.367
6235.000 0.364
6240.000 0.367
6245.000 0.366
6250.000 0.368
6255.000 0.366
6260.000 0.366
6265.000 0.368
6270.000 0.371
6275.000 0.367
6280.000 0.369
6285.000 0.370
6290.000 0.371
6295.000 0.369
6300.000 0.371
6305.000 0.372
6310.000 0.384
6315.000 0.385
6320.000 0.378
6325.000 0.374
6330.000 0.372
6335.000 0.370
6340.000 0.369
6345.000 0.369
6350.000 0.370
6355.000 0.372
6360.000 0.372
6365.000 0.370
6370.000 0.373
6375.000 0.373
6380.000 0.370
6385.000 0.372
6390.000 0.373
6395.000 0.372
6400.000 0.371
6405.000 0.372
6410.000 0.372
6415.000 0.374
6420.000 0.374
6425.000 0.373
6430.000 0.372
6435.000 0.370
6440.000 0.376
6445.000 0.375
6450.000 0.373
6455.000 0.377
6460.000 0.373
6465.000 0.375
6470.000 0.375
6475.000 0.377
6480.000 0.376
6485.000 0.375
6490.000 0.378
6495.000 0.378
6500.000 0.379
6505.000 0.376
6510.000 0.378
6515.000 0.379
6520.000 0.380
6525.000 0.383
6530.000 0.380
6535.000 0.379
6540.000 0.379
6545.000 0.380
6550.000 0.380
6555.000 0.378
6560.000 0.380
6565.000 0.379
6570.000 0.380
6575.000 0.380
6580.000 0.385
6585.000 0.381
6590.000 0.382
6595.000 0.384
6600.000 0.390
6605.000 0.390
6610.000 0.385
6615.000 0.387
6620.000 0.388
6625.000 0.392
6630.000 0.392
6635.000 0.394
6640.000 0.396
6645.000 0.396
6650.000 0.399
6655.000 0.403
6660.000 0.406
6665.000 0.413
6670.000 0.418
6675.000 0.421
6680.000 0.433
6685.000 0.444
6690.000 0.463
6695.000 0.476
6700.000 0.504
6705.000 0.543
6710.000 0.574
6715.000 0.662
6720.000 0.724
6725.000 0.910
6730.000 1.250
6735.000 1.507
6740.000 2.264
6745.000 2.799
6750.000 4.197
6755.000 5.702
6760.000 6.262
6765.000 6.748
6770.000 6.748
6775.000 6.934
6780.000 7.544
6785.000 8.017
6790.000 9.277
6795.000 10.005
6800.000 11.418
6805.000 12.065
6810.000 11.841
6815.000 10.561
6820.000 9.790
6825.000 8.497
6830.000 7.590
6835.000 7.270
6840.000 6.858
6845.000 6.754
6850.000 6.783
6855.000 7.147
6860.000 7.500
6865.000 8.516
6870.000 9.141
6875.000 10.571
6880.000 11.837
6885.000 12.205
6890.000 12.019
6895.000 11.227
6900.000 8.957
6905.000 6.954
6910.000 6.170
6915.000 4.982
6920.000 4.544
6925.000 3.885
6930.000 3.459
6935.000 3.303
6940.000 3.078
6945.000 3.006
6950.000 2.979
6955.000 3.046
6960.000 3.102
6965.000 3.277
6970.000 3.410
6975.000 3.776
6980.000 4.387
6985.000 4.785
6990.000 5.774
6995.000 6.336
7000.000 7.296
7005.000 7.623
7010.000 7.378
7015.000 6.275
7020.000 5.670
7025.000 4.618
7030.000 3.881
7035.000 3.619
7040.000 3.275
7045.000 3.136
7050.000 2.916
7055.000 2.773
7060.000 2.717
7065.000 2.659
7070.000 2.637
7075.000 2.622
7080.000 2.653
7085.000 2.686
7090.000 2.776
7095.000 2.830
7100.000 3.000
7105.000 3.233
7110.000 3.389
7115.000 3.819
7120.000 4.107
7125.000 4.858
7130.000 5.837
7135.000 6.373
7140.000 6.855
7145.000 7.415
7150.000 7.001
7155.000 5.801
7160.000 5.167
7165.000 4.109
7170.000 3.703
7175.000 3.097
7180.000 2.697
7185.000 2.543
7190.000 2.305
7195.000 2.201
7200.000 2.043
7205.000 1.930
7210.000 1.874
7215.000 1.805
7220.000 1.783
7225.000 1.759
7230.000 1.764
7235.000 1.774
7240.000 1.820
7245.000 1.862
7250.000 1.966
7255.000 2.128
7260.000 2.236
7265.000 2.531
7270.000 2.747
7275.000 3.324
7280.000 3.668
7285.000 4.406
7290.000 5.040
7295.000 5.213
7300.000 4.911
7305.000 4.525
7310.000 3.692
7315.000 3.022
7320.000 2.773
7325.000 2.391
7330.000 2.250
7335.000 2.062
7340.000 1.933
7345.000 1.881
7350.000 1.829
7355.000 1.807
7360.000 1.831
7365.000 1.870
7370.000 1.851
7375.000 1.808
7380.000 1.808
7385.000 1.841
7390.000 1.873
7395.000 1.963
7400.000 2.104
7405.000 2.189
7410.000 2.415
7415.000 2.725
7420.000 2.912
7425.000 3.322
7430.000 3.503
7435.000 3.745
7440.000 3.598
7445.000 3.368
7450.000 2.815
7455.000 2.545
7460.000 2.094
7465.000 1.924
7470.000 1.633
7475.000 1.420
7480.000 1.338
7485.000 1.197
7490.000 1.090
7495.000 1.045
7500.000 0.984
7505.000 0.956
7510.000 0.916
7515.000 0.893
7520.000 0.889
7525.000 0.893
7530.000 0.904
7535.000 0.943
7540.000 1.010
7545.000 1.059
7550.000 1.196
7555.000 1.285
7560.000 1.502
7565.000 1.765
7570.000 1.852
7575.000 1.801
7580.000 1.693
7585.000 1.453
7590.000 1.262
7595.000 1.196
7600.000 1.100
7605.000 1.067
7610.000 1.022
7615.000 0.990
7620.000 0.980
7625.000 0.981
7630.000 0.985
7635.000 1.008
7640.000 1.041
7645.000 1.064
7650.000 1.120
7655.000 1.150
7660.000 1.210
7665.000 1.241
7670.000 1.237
7675.000 1.164
7680.000 1.089
7685.000 0.906
7690.000 0.732
7695.000 0.654
7700.000 0.519
7705.000 0.465
7710.000 0.374
7715.000 0.300
7720.000 0.266
7725.000 0.197
7730.000 0.164
7735.000 0.108
7740.000 0.100
7745.000 0.146
7750.000 0.216
7755.000 0.240
7760.000 0.272
7765.000 0.288
7770.000 0.293
7775.000 0.301
7780.000 0.304
7785.000 0.308
7790.000 0.310
7795.000 0.311
7800.000 0.312
7805.000 0.310
7810.000 0.314
7815.000 0.315
7820.000 0.314
7825.000 0.313
7830.000 0.313
7835.000 0.314
7840.000 0.315
7845.000 0.315
7850.000 0.314
7855.000 0.315
7860.000 0.317
7865.000 0.315
7870.000 0.316
7875.000 0.314
7880.000 0.314
7885.000 0.313
7890.000 0.312
7895.000 0.314
7900.000 0.316
7905.000 0.314
7910.000 0.314
7915.000 0.314
7920.000 0.313
7925.000 0.313
7930.000 0.314
7935.000 0.313
7940.000 0.313
7945.000 0.317
7950.000 0.313
7955.000 0.312
7960.000 0.313
7965.000 0.317
7970.000 0.317
7975.000 0.316
7980.000 0.320
7985.000 0.318
7990.000 0.311
7995.000 0.316
8000.000 0.316
8005.000 0.316
8010.000 0.317
8015.000 0.313
8020.000 0.322
8025.000 0.321
8030.000 0.326
8035.000 0.322
8040.000 0.319
8045.000 0.320
8050.000 0.325
8055.000 0.322
8060.000 0.323
8065.000 0.326
8070.000 0.322
8075.000 0.323
8080.000 0.326
8085.000 0.326
8090.000 0.324
8095.000 0.325
8100.000 0.324
8105.000 0.327
8110.000 0.327
8115.000 0.327
8120.000 0.328
8125.000 0.328
8130.000 0.331
8135.000 0.329
8140.000 0.333
8145.000 0.331
8150.000 0.332
8155.000 0.331
8160.000 0.333
8165.000 0.334
8170.000 0.334
8175.000 0.335
8180.000 0.336
8185.000 0.334
8190.000 0.337
8195.000 0.337
8200.000 0.337
8205.000 0.338
8210.000 0.340
8215.000 0.340
8220.000 0.340
8225.000 0.341
8230.000 0.342
8235.000 0.344
8240.000 0.343
8245.000 0.344
8250.000 0.343
8255.000 0.344
8260.000 0.347
8265.000 0.346
8270.000 0.345
8275.000 0.345
8280.000 0.348
8285.000 0.349
8290.000 0.347
8295.000 0.350
8300.000 0.350
8305.000 0.351
8310.000 0.353
8315.000 0.354
8320.000 0.356
8325.000 0.355
8330.000 0.356
8335.000 0.356
8340.000 0.357
8345.000 0.359
8350.000 0.358
8355.000 0.359
8360.000 0.359
8365.000 0.359
8370.000 0.360
8375.000 0.361
8380.000 0.362
8385.000 0.362
8390.000 0.362
8395.000 0.363
8400.000 0.364
8405.000 0.365
8410.000 0.365
8415.000 0.366
8420.000 0.367
8425.000 0.369
8430.000 0.369
8435.000 0.371
8440.000 0.370
8445.000 0.371
8450.000 0.373
8455.000 0.371
8460.000 0.374
8465.000 0.375
8470.000 0.373
8475.000 0.373
8480.000 0.378
8485.000 0.377
8490.000 0.378
8495.000 0.377
8500.000 0.380
8505.000 0.380
8510.000 0.381
8515.000 0.378
8520.000 0.381
8525.000 0.381
8530.000 0.383
8535.000 0.382
8540.000 0.380
8545.000 0.384
8550.000 0.384
8555.000 0.387
8560.000 0.386
8565.000 0.389
8570.000 0.386
8575.000 0.384
8580.000 0.384
8585.000 0.387
8590.000 0.384
8595.000 0.384
8600.000 0.381
8605.000 0.380
8610.000 0.381
8615.000 0.384
8620.000 0.384
8625.000 0.389
8630.000 0.391
8635.000 0.389
8640.000 0.387
8645.000 0.387
8650.000 0.388
8655.000 0.391
8660.000 0.385
8665.000 0.388
8670.000 0.389
8675.000 0.388
8680.000 0.388
8685.000 0.387
8690.000 0.385
8695.000 0.389
8700.000 0.387
8705.000 0.387
8710.000 0.387
8715.000 0.386
8720.000 0.385
8725.000 0.387
8730.000 0.389
8735.000 0.391
8740.000 0.392
8745.000 0.388
8750.000 0.392
8755.000 0.390
8760.000 0.390
8765.000 0.387
8770.000 0.388
8775.000 0.389
8780.000 0.388
8785.000 0.391
8790.000 0.392
8795.000 0.394
8800.000 0.393
8805.000 0.390
8810.000 0.392
8815.000 0.387
8820.000 0.404
8825.000 0.404
8830.000 0.426
8835.000 0.392
8840.000 0.392
8845.000 0.394
8850.000 0.391
8855.000 0.397
8860.000 0.393
8865.000 0.394
8870.000 0.391
8875.000 0.390
8880.000 0.392
8885.000 0.394
8890.000 0.395
8895.000 0.395
8900.000 0.393
8905.000 0.395
8910.000 0.396
8915.000 0.393
8920.000 0.394
8925.000 0.392
8930.000 0.391
8935.000 0.391
8940.000 0.398
8945.000 0.400
8950.000 0.400
8955.000 0.395
8960.000 0.396
8965.000 0.393
8970.000 0.394
8975.000 0.396
8980.000 0.397
8985.000 0.401
8990.000 0.393
8995.000 0.393
9000.000 0.399
9005.000 0.397
9010.000 0.393
9015.000 0.400
9020.000 0.396
9025.000 0.396
9030.000 0.399
9035.000 0.395
9040.000 0.401
9045.000 0.397
9050.000 0.395
9055.000 0.400
9060.000 0.395
9065.000 0.400
9070.000 0.394
9075.000 0.394
9080.000 0.394
9085.000 0.393
9090.000 0.397
9095.000 0.395
9100.000 0.395
9105.000 0.396
9110.000 0.393
9115.000 0.394
9120.000 0.393
9125.000 0.394
9130.000 0.393
9135.000 0.396
9140.000 0.393
9145.000 0.398
9150.000 0.395
9155.000 0.396
9160.000 0.395
9165.000 0.397
9170.000 0.394
9175.000 0.396
9180.000 0.398
9185.000 0.398
9190.000 0.398
9195.000 0.397
9200.000 0.395
9205.000 0.398
9210.000 0.398
9215.000 0.398
9220.000 0.397
9225.000 0.396
9230.000 0.399
9235.000 0.399
9240.000 0.397
9245.000 0.400
9250.000 0.402
9255.000 0.398
9260.000 0.397
9265.000 0.400
9270.000 0.403
9275.000 0.401
9280.000 0.400
9285.000 0.400
9290.000 0.401
9295.000 0.399
9300.000 0.397
9305.000 0.398
9310.000 0.398
9315.000 0.397
9320.000 0.400
9325.000 0.400
9330.000 0.399
9335.000 0.400
9340.000 0.401
9345.000 0.401
9350.000 0.403
9355.000 0.401
9360.000 0.400
9365.000 0.399
9370.000 0.401
9375.000 0.401
9380.000 0.398
9385.000 0.403
9390.000 0.403
9395.000 0.402
9400.000 0.399
9405.000 0.400
9410.000 0.402
9415.000 0.400
9420.000 0.402
9425.000 0.401
9430.000 0.403
9435.000 0.401
9440.000 0.408
9445.000 0.402
9450.000 0.403
9455.000 0.404
9460.000 0.403
9465.000 0.404
9470.000 0.402
9475.000 0.402
9480.000 0.403
9485.000 0.402
9490.000 0.405
9495.000 0.405
9500.000 0.402
9505.000 0.401
9510.000 0.404
9515.000 0.404
9520.000 0.404
9525.000 0.402
9530.000 0.402
9535.000 0.405
9540.000 0.400
9545.000 0.403
9550.000 0.403
9555.000 0.401
9560.000 0.401
9565.000 0.401
9570.000 0.401
9575.000 0.399
9580.000 0.399
9585.000 0.397
9590.000 0.401
9595.000 0.401
9600.000 0.402
9605.000 0.402
9610.000 0.398
9615.000 0.406
9620.000 0.404
9625.000 0.405
9630.000 0.405
9635.000 0.403
9640.000 0.400
9645.000 0.402
9650.000 0.402
9655.000 0.401
9660.000 0.400
9665.000 0.403
9670.000 0.401
9675.000 0.401
9680.000 0.399
9685.000 0.398
9690.000 0.399
9695.000 0.401
9700.000 0.402
9705.000 0.402
9710.000 0.406
9715.000 0.400
9720.000 0.401
9725.000 0.403
9730.000 0.404
9735.000 0.405
9740.000 0.404
9745.000 0.403
9750.000 0.402
9755.000 0.405
9760.000 0.403
9765.000 0.404
9770.000 0.406
9775.000 0.406
9780.000 0.410
9785.000 0.407
9790.000 0.412
9795.000 0.412
9800.000 0.408
9805.000 0.411
9810.000 0.411
9815.000 0.416
9820.000 0.413
9825.000 0.410
9830.000 0.407
9835.000 0.406
9840.000 0.405
9845.000 0.405
9850.000 0.404
9855.000 0.404
9860.000 0.400
9865.000 0.398
9870.000 0.399
9875.000 0.400
9880.000 0.401
9885.000 0.403
9890.000 0.404
9895.000 0.403
9900.000 0.403
9905.000 0.404
9910.000 0.407
9915.000 0.406
9920.000 0.403
9925.000 0.401
9930.000 0.404
9935.000 0.405
9940.000 0.401
9945.000 0.403
9950.000 0.402
9955.000 0.402
9960.000 0.404
9965.000 0.404
9970.000 0.406
9975.000 0.411
9980.000 0.410
9985.000 0.413
9990.000 0.410
9995.000 0.412
10000.000 0.410
10005.000 0.417
10010.000 0.428
10015.000 0.427
10020.000 0.422
10025.000 0.433
10030.000 0.438
10035.000 0.447
10040.000 0.458
10045.000 0.464
10050.000 0.468
10055.000 0.470
10060.000 0.472
10065.000 0.455
10070.000 0.426
10075.000 0.342
10080.000 0.294
10085.000 0.266
10090.000 0.349
10095.000 0.459
10100.000 0.895
10105.000 1.199
10110.000 1.887
10115.000 2.581
10120.000 2.884
10125.000 3.316
10130.000 3.392
10135.000 3.383
10140.000 3.270
10145.000 3.208
10150.000 3.129
10155.000 3.109
10160.000 3.125
10165.000 3.207
10170.000 3.280
10175.000 3.482
10180.000 3.605
10185.000 3.831
10190.000 3.946
10195.000 3.892
10200.000 3.460
10205.000 3.113
10210.000 2.405
10215.000 1.818
10220.000 1.597
10225.000 1.275
10230.000 1.161
10235.000 0.998
10240.000 0.948
10245.000 0.896
10250.000 0.904
10255.000 0.932
10260.000 1.023
10265.000 1.177
10270.000 1.300
10275.000 1.653
10280.000 1.899
10285.000 2.488
10290.000 3.097
10295.000 3.331
10300.000 3.511
10305.000 3.432
10310.000 3.052
10315.000 2.626
10320.000 2.432
10325.000 2.106
10330.000 1.973
10335.000 1.775
10340.000 1.636
10345.000 1.593
10350.000 1.556
10355.000 1.553
10360.000 1.555
10365.000 1.578
10370.000 1.601
10375.000 1.656
10380.000 1.696
10385.000 1.797
10390.000 1.843
10395.000 1.977
10400.000 2.110
10405.000 2.165
10410.000 2.234
10415.000 2.179
10420.000 2.094
10425.000 1.840
10430.000 1.690
10435.000 1.402
10440.000 1.153
10445.000 1.051
10450.000 0.888
10455.000 0.821
10460.000 0.717
10465.000 0.644
10470.000 0.615
10475.000 0.579
10480.000 0.570
10485.000 0.565
10490.000 0.584
10495.000 0.601
10500.000 0.662
10505.000 0.707
10510.000 0.832
10515.000 1.033
10520.000 1.177
10525.000 1.554
10530.000 1.788
10535.000 2.297
10540.000 2.732
10545.000 2.885
10550.000 2.908
10555.000 2.813
10560.000 2.497
10565.000 2.325
10570.000 2.012
10575.000 1.753
10580.000 1.647
10585.000 1.478
10590.000 1.412
10595.000 1.310
10600.000 1.252
10605.000 1.244
10610.000 1.230
10615.000 1.235
10620.000 1.242
10625.000 1.267
10630.000 1.278
10635.000 1.316
10640.000 1.332
10645.000 1.378
10650.000 1.408
10655.000 1.418
10660.000 1.402
10665.000 1.377
10670.000 1.277
10675.000 1.089
10680.000 1.041
10685.000 0.822
10690.000 0.734
10695.000 0.573
10700.000 0.448
10705.000 0.395
10710.000 0.307
10715.000 0.270
10720.000 0.211
10725.000 0.186
10730.000 0.154
10735.000 0.147
10740.000 0.151
10745.000 0.175
10750.000 0.229
10755.000 0.274
10760.000 0.413
10765.000 0.517
10770.000 0.782
10775.000 1.082
10780.000 1.230
10785.000 1.467
10790.000 1.560
10795.000 1.635
10800.000 1.621
10805.000 1.598
10810.000 1.512
10815.000 1.463
10820.000 1.365
10825.000 1.309
10830.000 1.215
10835.000 1.128
10840.000 1.086
10845.000 1.012
10850.000 0.946
10855.000 0.917
10860.000 0.857
10865.000 0.824
10870.000 0.740
10875.000 0.638
10880.000 0.581
10885.000 0.460
10890.000 0.400
10895.000 0.308
10900.000 0.254
10905.000 0.238
10910.000 0.228
10915.000 0.230
10920.000 0.249
10925.000 0.263
10930.000 0.302
10935.000 0.350
10940.000 0.383
10945.000 0.424
10950.000 0.442
10955.000 0.438
10960.000 0.437
10965.000 0.426
10970.000 0.418
10975.000 0.408
10980.000 0.408
10985.000 0.409
10990.000 0.406
10995.000 0.403
11000.000 0.397
11005.000 0.401
11010.000 0.403
11015.000 0.403
11020.000 0.406
11025.000 0.406
11030.000 0.410
11035.000 0.411
11040.000 0.410
11045.000 0.413
11050.000 0.414
11055.000 0.408
11060.000 0.401
11065.000 0.402
11070.000 0.395
11075.000 0.395
11080.000 0.396
11085.000 0.394
11090.000 0.396
11095.000 0.400
11100.000 0.399
11105.000 0.397
11110.000 0.397
11115.000 0.403
11120.000 0.400
11125.000 0.396
11130.000 0.396
11135.000 0.396
11140.000 0.393
11145.000 0.391
11150.000 0.394
11155.000 0.392
11160.000 0.392
11165.000 0.393
11170.000 0.393
11175.000 0.394
11180.000 0.395
11185.000 0.394
11190.000 0.396
11195.000 0.397
11200.000 0.395
11205.000 0.394
11210.000 0.394
11215.000 0.393
11220.000 0.394
11225.000 0.392
11230.000 0.393
11235.000 0.396
11240.000 0.392
11245.000 0.393
11250.000 0.394
11255.000 0.391
11260.000 0.393
11265.000 0.394
11270.000 0.392
11275.000 0.391
11280.000 0.392
11285.000 0.389
11290.000 0.390
11295.000 0.388
11300.000 0.387
11305.000 0.383
11310.000 0.385
11315.000 0.390
11320.000 0.386
11325.000 0.385
11330.000 0.386
11335.000 0.390
11340.000 0.389
11345.000 0.389
11350.000 0.389
11355.000 0.388
11360.000 0.386
11365.000 0.389
11370.000 0.387
11375.000 0.385
11380.000 0.389
11385.000 0.388
11390.000 0.391
11395.000 0.390
11400.000 0.388
11405.000 0.389
11410.000 0.388
11415.000 0.390
11420.000 0.387
11425.000 0.390
11430.000 0.386
11435.000 0.387
11440.000 0.388
11445.000 0.387
11450.000 0.385
11455.000 0.390
11460.000 0.387
11465.000 0.386
11470.000 0.388
11475.000 0.387
11480.000 0.387
11485.000 0.388
11490.000 0.387
11495.000 0.385
11500.000 0.385
11505.000 0.386
11510.000 0.387
11515.000 0.389
11520.000 0.388
11525.000 0.388
11530.000 0.389
11535.000 0.386
11540.000 0.388
11545.000 0.385
11550.000 0.385
11555.000 0.387
11560.000 0.387
11565.000 0.385
11570.000 0.383
11575.000 0.384
11580.000 0.382
11585.000 0.386
11590.000 0.385
11595.000 0.384
11600.000 0.384
11605.000 0.382
11610.000 0.383
11615.000 0.382
11620.000 0.382
11625.000 0.383
11630.000 0.385
11635.000 0.383
11640.000 0.383
11645.000 0.384
11650.000 0.384
11655.000 0.383
11660.000 0.388
11665.000 0.388
11670.000 0.386
11675.000 0.381
11680.000 0.387
11685.000 0.385
11690.000 0.385
11695.000 0.384
11700.000 0.388
11705.000 0.384
11710.000 0.384
11715.000 0.382
11720.000 0.390
11725.000 0.388
11730.000 0.388
11735.000 0.388
11740.000 0.387
11745.000 0.387
11750.000 0.386
11755.000 0.386
11760.000 0.383
11765.000 0.381
11770.000 0.382
11775.000 0.379
11780.000 0.379
11785.000 0.376
11790.000 0.375
11795.000 0.377
11800.000 0.377
11805.000 0.377
11810.000 0.379
11815.000 0.378
11820.000 0.375
11825.000 0.376
11830.000 0.378
11835.000 0.377
11840.000 0.376
11845.000 0.376
11850.000 0.377
11855.000 0.379
11860.000 0.376
11865.000 0.376
11870.000 0.376
11875.000 0.376
11880.000 0.377
11885.000 0.375
11890.000 0.375
11895.000 0.372
11900.000 0.376
11905.000 0.372
11910.000 0.370
11915.000 0.370
11920.000 0.373
11925.000 0.375
11930.000 0.377
11935.000 0.375
11940.000 0.376
11945.000 0.376
11950.000 0.376
11955.000 0.377
11960.000 0.377
11965.000 0.375
11970.000 0.379
11975.000 0.378
11980.000 0.377
11985.000 0.379
11990.000 0.373
11995.000 0.377
12000.000 0.380
