105.000 0.008
110.000 1.381
115.000 4.139
120.000 4.625
125.000 5.237
130.000 5.594
135.000 6.184
140.000 6.394
145.000 6.764
150.000 6.947
155.000 6.946
160.000 6.855
165.000 6.951
170.000 7.109
175.000 7.383
180.000 7.572
185.000 8.082
190.000 8.278
195.000 8.787
200.000 9.237
205.000 9.425
210.000 10.285
215.000 10.463
220.000 11.205
225.000 12.091
230.000 12.752
235.000 14.510
240.000 15.535
245.000 17.811
250.000 20.743
255.000 22.288
260.000 25.577
265.000 27.273
270.000 31.032
275.000 34.943
280.000 36.870
285.000 40.041
290.000 41.165
295.000 41.730
300.000 39.982
305.000 38.292
310.000 34.660
315.000 33.028
320.000 30.156
325.000 27.875
330.000 26.973
335.000 25.509
340.000 24.946
345.000 24.105
350.000 22.882
355.000 22.314
360.000 21.574
365.000 21.362
370.000 21.250
375.000 21.770
380.000 22.501
385.000 23.446
390.000 24.106
395.000 25.468
400.000 26.801
405.000 27.593
410.000 28.876
415.000 29.535
420.000 30.783
425.000 31.847
430.000 32.284
435.000 32.734
440.000 33.464
445.000 33.825
450.000 33.912
455.000 33.971
460.000 33.844
465.000 33.728
470.000 33.371
475.000 33.182
480.000 32.840
485.000 32.618
490.000 32.574
495.000 32.582
500.000 32.685
505.000 33.073
510.000 33.593
515.000 33.956
520.000 34.925
525.000 35.560
530.000 37.129
535.000 39.184
540.000 40.416
545.000 43.231
550.000 44.825
555.000 48.138
560.000 51.052
565.000 51.904
570.000 51.296
575.000 48.901
580.000 41.135
585.000 33.327
590.000 29.950
595.000 24.108
600.000 21.693
605.000 17.538
610.000 14.212
615.000 12.835
620.000 10.499
625.000 9.543
630.000 7.935
635.000 6.676
640.000 6.164
645.000 5.304
650.000 4.952
655.000 4.336
660.000 3.842
665.000 3.634
670.000 3.280
675.000 3.133
680.000 2.880
685.000 2.676
690.000 2.606
695.000 2.440
700.000 2.370
705.000 2.250
710.000 2.147
715.000 2.108
720.000 2.036
725.000 2.006
730.000 1.970
735.000 1.935
740.000 1.926
745.000 1.913
750.000 1.916
755.000 1.921
760.000 1.948
765.000 1.965
770.000 2.017
775.000 2.053
780.000 2.132
785.000 2.236
790.000 2.298
795.000 2.487
800.000 2.613
805.000 2.980
810.000 3.581
815.000 4.017
820.000 5.147
825.000 5.905
830.000 7.733
835.000 9.344
840.000 9.924
845.000 9.899
850.000 9.125
855.000 6.962
860.000 5.047
865.000 4.339
870.000 3.273
875.000 2.874
880.000 2.262
885.000 1.833
890.000 1.666
895.000 1.398
900.000 1.295
905.000 1.111
910.000 0.967
915.000 0.898
920.000 0.797
925.000 0.765
930.000 0.685
935.000 0.627
940.000 0.608
945.000 0.558
950.000 0.538
955.000 0.504
960.000 0.476
965.000 0.468
970.000 0.441
975.000 0.435
980.000 0.428
985.000 0.408
990.000 0.412
995.000 0.403
1000.000 0.396
1005.000 0.400
1010.000 0.408
1015.000 0.410
1020.000 0.412
1025.000 0.436
1030.000 0.454
1035.000 0.464
1040.000 0.489
1045.000 0.527
1050.000 0.553
1055.000 0.608
1060.000 0.643
1065.000 0.725
1070.000 0.835
1075.000 0.899
1080.000 1.060
1085.000 1.160
1090.000 1.433
1095.000 1.851
1100.000 2.146
1105.000 3.062
1110.000 3.699
1115.000 4.877
1120.000 4.750
1125.000 4.261
1130.000 3.284
1135.000 2.894
1140.000 2.304
1145.000 1.908
1150.000 1.762
1155.000 1.526
1160.000 1.432
1165.000 1.287
1170.000 1.176
1175.000 1.130
1180.000 1.054
1185.000 1.025
1190.000 0.979
1195.000 0.941
1200.000 0.922
1205.000 0.900
1210.000 0.890
1215.000 0.879
1220.000 0.876
1225.000 0.870
1230.000 0.877
1235.000 0.881
1240.000 0.890
1245.000 0.905
1250.000 0.916
1255.000 0.941
1260.000 0.954
1265.000 0.991
1270.000 1.035
1275.000 1.068
1280.000 1.131
1285.000 1.168
1290.000 1.257
1295.000 1.369
1300.000 1.438
1305.000 1.577
1310.000 1.649
1315.000 1.825
1320.000 2.057
1325.000 2.200
1330.000 2.597
1335.000 2.849
1340.000 3.548
1345.000 4.698
1350.000 5.546
1355.000 7.982
1360.000 9.596
1365.000 13.007
1370.000 15.403
1375.000 15.713
1380.000 13.783
1385.000 11.868
1390.000 8.497
1395.000 6.176
1400.000 5.368
1405.000 4.161
1410.000 3.717
1415.000 3.050
1420.000 2.579
1425.000 2.393
1430.000 2.118
1435.000 2.019
1440.000 1.867
1445.000 1.748
1450.000 1.693
1455.000 1.606
1460.000 1.570
1465.000 1.512
1470.000 1.464
1475.000 1.445
1480.000 1.415
1485.000 1.410
1490.000 1.393
1495.000 1.389
1500.000 1.386
1505.000 1.394
1510.000 1.399
1515.000 1.421
1520.000 1.448
1525.000 1.474
1530.000 1.518
1535.000 1.545
1540.000 1.607
1545.000 1.689
1550.000 1.734
1555.000 1.845
1560.000 1.910
1565.000 2.065
1570.000 2.268
1575.000 2.399
1580.000 2.732
1585.000 2.953
1590.000 3.537
1595.000 4.382
1600.000 4.952
1605.000 6.509
1610.000 7.565
1615.000 10.068
1620.000 12.623
1625.000 13.632
1630.000 13.570
1635.000 12.370
1640.000 9.274
1645.000 7.895
1650.000 5.831
1655.000 4.494
1660.000 4.022
1665.000 3.342
1670.000 3.094
1675.000 2.731
1680.000 2.528
1685.000 2.469
1690.000 2.394
1695.000 2.375
1700.000 2.340
1705.000 2.320
1710.000 2.314
1715.000 2.304
1720.000 2.299
1725.000 2.308
1730.000 2.314
1735.000 2.327
1740.000 2.346
1745.000 2.357
1750.000 2.385
1755.000 2.428
1760.000 2.447
1765.000 2.502
1770.000 2.534
1775.000 2.608
1780.000 2.707
1785.000 2.756
1790.000 2.867
1795.000 2.930
1800.000 3.070
1805.000 3.238
1810.000 3.334
1815.000 3.564
1820.000 3.710
1825.000 4.055
1830.000 4.506
1835.000 4.777
1840.000 5.463
1845.000 5.914
1850.000 7.099
1855.000 8.778
1860.000 9.899
1865.000 12.752
1870.000 14.589
1875.000 19.023
1880.000 23.916
1885.000 26.063
1890.000 28.296
1895.000 27.804
1900.000 22.006
1905.000 15.942
1910.000 13.544
1915.000 10.071
1920.000 8.845
1925.000 6.952
1930.000 5.740
1935.000 5.273
1940.000 4.548
1945.000 4.269
1950.000 3.861
1955.000 3.561
1960.000 3.435
1965.000 3.319
1970.000 3.120
1975.000 2.945
1980.000 2.804
1985.000 2.756
1990.000 2.638
1995.000 2.605
2000.000 2.521
2005.000 2.434
2010.000 2.386
2015.000 2.328
2020.000 2.308
2025.000 2.268
2030.000 2.255
2035.000 2.249
2040.000 2.254
2045.000 2.266
2050.000 2.314
2055.000 2.373
2060.000 2.416
2065.000 2.490
2070.000 2.532
2075.000 2.625
2080.000 2.744
2085.000 2.816
2090.000 2.977
2095.000 3.076
2100.000 3.313
2105.000 3.647
2110.000 3.869
2115.000 4.448
2120.000 4.822
2125.000 5.863
2130.000 7.484
2135.000 8.609
2140.000 11.705
2145.000 13.681
2150.000 18.017
2155.000 21.271
2160.000 21.771
2165.000 19.024
2170.000 16.290
2175.000 11.360
2180.000 8.081
2185.000 6.952
2190.000 5.342
2195.000 4.768
2200.000 3.887
2205.000 3.267
2210.000 3.036
2215.000 2.713
2220.000 2.573
2225.000 2.366
2230.000 2.276
2235.000 2.120
2240.000 1.960
2245.000 1.879
2250.000 1.733
2255.000 1.670
2260.000 1.560
2265.000 1.476
2270.000 1.439
2275.000 1.383
2280.000 1.358
2285.000 1.320
2290.000 1.292
2295.000 1.281
2300.000 1.271
2305.000 1.269
2310.000 1.274
2315.000 1.289
2320.000 1.302
2325.000 1.339
2330.000 1.361
2335.000 1.432
2340.000 1.523
2345.000 1.582
2350.000 1.739
2355.000 1.847
2360.000 2.067
2365.000 2.363
2370.000 2.571
2375.000 3.181
2380.000 3.633
2385.000 4.892
2390.000 6.458
2395.000 7.114
2400.000 6.728
2405.000 5.655
2410.000 3.499
2415.000 2.272
2420.000 1.880
2425.000 1.336
2430.000 1.146
2435.000 0.873
2440.000 0.687
2445.000 0.617
2450.000 0.506
2455.000 0.459
2460.000 0.384
2465.000 0.327
2470.000 0.304
2475.000 0.268
2480.000 0.254
2485.000 0.234
2490.000 0.215
2495.000 0.208
2500.000 0.197
2505.000 0.192
2510.000 0.183
2515.000 0.182
2520.000 0.179
2525.000 0.177
2530.000 0.176
2535.000 0.177
2540.000 0.175
2545.000 0.175
2550.000 0.177
2555.000 0.178
2560.000 0.177
2565.000 0.180
2570.000 0.181
2575.000 0.182
2580.000 0.184
2585.000 0.185
2590.000 0.187
2595.000 0.188
2600.000 0.190
2605.000 0.191
2610.000 0.192
2615.000 0.194
2620.000 0.194
2625.000 0.197
2630.000 0.197
2635.000 0.199
2640.000 0.198
2645.000 0.200
2650.000 0.201
2655.000 0.203
2660.000 0.204
2665.000 0.203
2670.000 0.206
2675.000 0.208
2680.000 0.207
2685.000 0.207
2690.000 0.211
2695.000 0.209
2700.000 0.211
2705.000 0.211
2710.000 0.211
2715.000 0.213
2720.000 0.213
2725.000 0.215
2730.000 0.215
2735.000 0.216
2740.000 0.218
2745.000 0.219
2750.000 0.218
2755.000 0.221
2760.000 0.222
2765.000 0.222
2770.000 0.224
2775.000 0.226
2780.000 0.226
2785.000 0.229
2790.000 0.230
2795.000 0.234
2800.000 0.236
2805.000 0.238
2810.000 0.241
2815.000 0.244
2820.000 0.247
2825.000 0.255
2830.000 0.259
2835.000 0.267
2840.000 0.271
2845.000 0.284
2850.000 0.300
2855.000 0.310
2860.000 0.332
2865.000 0.347
2870.000 0.380
2875.000 0.404
2880.000 0.458
2885.000 0.525
2890.000 0.566
2895.000 0.658
2900.000 0.747
2905.000 0.773
2910.000 0.793
2915.000 0.782
2920.000 0.714
2925.000 0.637
2930.000 0.603
2935.000 0.540
2940.000 0.519
2945.000 0.479
2950.000 0.444
2955.000 0.427
2960.000 0.411
2965.000 0.392
2970.000 0.381
2975.000 0.361
2980.000 0.356
2985.000 0.355
2990.000 0.342
2995.000 0.337
3000.000 0.322
3005.000 0.325
3010.000 0.325
3015.000 0.319
3020.000 0.310
3025.000 0.304
3030.000 0.315
3035.000 0.299
3040.000 0.298
3045.000 0.297
3050.000 0.300
3055.000 0.299
3060.000 0.298
3065.000 0.299
3070.000 0.293
3075.000 0.293
3080.000 0.292
3085.000 0.291
3090.000 0.291
3095.000 0.289
3100.000 0.290
3105.000 0.291
3110.000 0.290
3115.000 0.289
3120.000 0.290
3125.000 0.290
3130.000 0.290
3135.000 0.290
3140.000 0.288
3145.000 0.290
3150.000 0.289
3155.000 0.290
3160.000 0.292
3165.000 0.291
3170.000 0.294
3175.000 0.295
3180.000 0.295
3185.000 0.297
3190.000 0.296
3195.000 0.299
3200.000 0.298
3205.000 0.299
3210.000 0.303
3215.000 0.304
3220.000 0.306
3225.000 0.310
3230.000 0.311
3235.000 0.313
3240.000 0.313
3245.000 0.319
3250.000 0.325
3255.000 0.327
3260.000 0.333
3265.000 0.334
3270.000 0.344
3275.000 0.350
3280.000 0.355
3285.000 0.362
3290.000 0.368
3295.000 0.380
3300.000 0.395
3305.000 0.401
3310.000 0.422
3315.000 0.436
3320.000 0.462
3325.000 0.497
3330.000 0.517
3335.000 0.571
3340.000 0.606
3345.000 0.687
3350.000 0.817
3355.000 0.915
3360.000 1.225
3365.000 1.477
3370.000 2.276
3375.000 3.505
3380.000 4.206
3385.000 5.469
3390.000 5.868
3395.000 5.737
3400.000 4.352
3405.000 3.672
3410.000 2.629
3415.000 2.281
3420.000 1.793
3425.000 1.624
3430.000 1.372
3435.000 1.201
3440.000 1.140
3445.000 1.057
3450.000 1.029
3455.000 1.007
3460.000 1.000
3465.000 0.998
3470.000 1.008
3475.000 1.015
3480.000 1.038
3485.000 1.068
3490.000 1.092
3495.000 1.137
3500.000 1.171
3505.000 1.238
3510.000 1.322
3515.000 1.377
3520.000 1.516
3525.000 1.601
3530.000 1.827
3535.000 2.161
3540.000 2.389
3545.000 3.019
3550.000 3.456
3555.000 4.660
3560.000 6.444
3565.000 7.555
3570.000 9.957
3575.000 11.042
3580.000 12.117
3585.000 10.839
3590.000 9.435
3595.000 6.817
3600.000 5.791
3605.000 4.295
3610.000 3.349
3615.000 3.012
3620.000 2.506
3625.000 2.315
3630.000 2.017
3635.000 1.829
3640.000 1.765
3645.000 1.675
3650.000 1.638
3655.000 1.575
3660.000 1.528
3665.000 1.514
3670.000 1.487
3675.000 1.474
3680.000 1.462
3685.000 1.468
3690.000 1.470
3695.000 1.481
3700.000 1.485
3705.000 1.503
3710.000 1.518
3715.000 1.547
3720.000 1.594
3725.000 1.626
3730.000 1.699
3735.000 1.741
3740.000 1.841
3745.000 1.965
3750.000 2.044
3755.000 2.249
3760.000 2.374
3765.000 2.716
3770.000 3.202
3775.000 3.527
3780.000 4.395
3785.000 4.976
3790.000 6.517
3795.000 8.521
3800.000 9.612
3805.000 11.442
3810.000 11.871
3815.000 11.226
3820.000 9.014
3825.000 7.867
3830.000 5.959
3835.000 5.238
3840.000 4.180
3845.000 3.467
3850.000 3.204
3855.000 2.795
3860.000 2.648
3865.000 2.461
3870.000 2.345
3875.000 2.296
3880.000 2.231
3885.000 2.208
3890.000 2.171
3895.000 2.160
3900.000 2.164
3905.000 2.186
3910.000 2.200
3915.000 2.254
3920.000 2.291
3925.000 2.385
3930.000 2.514
3935.000 2.578
3940.000 2.760
3945.000 2.997
3950.000 3.151
3955.000 3.577
3960.000 3.850
3965.000 4.533
3970.000 5.458
3975.000 5.990
3980.000 7.166
3985.000 7.707
3990.000 8.283
3995.000 7.869
4000.000 7.325
4005.000 5.972
4010.000 5.379
4015.000 4.387
4020.000 3.693
4025.000 3.439
4030.000 3.045
4035.000 2.891
4040.000 2.625
4045.000 2.421
4050.000 2.331
4055.000 2.187
4060.000 2.119
4065.000 2.008
4070.000 1.933
4075.000 1.898
4080.000 1.839
4085.000 1.820
4090.000 1.785
4095.000 1.766
4100.000 1.761
4105.000 1.755
4110.000 1.757
4115.000 1.771
4120.000 1.800
4125.000 1.823
4130.000 1.885
4135.000 1.922
4140.000 2.017
4145.000 2.144
4150.000 2.227
4155.000 2.452
4160.000 2.597
4165.000 3.000
4170.000 3.591
4175.000 3.977
4180.000 4.878
4185.000 5.326
4190.000 5.788
4195.000 5.240
4200.000 4.690
4205.000 3.534
4210.000 3.051
4215.000 2.316
4220.000 1.828
4225.000 1.671
4230.000 1.414
4235.000 1.320
4240.000 1.149
4245.000 1.015
4250.000 0.962
4255.000 0.857
4260.000 0.813
4265.000 0.736
4270.000 0.672
4275.000 0.648
4280.000 0.595
4285.000 0.568
4290.000 0.524
4295.000 0.490
4300.000 0.473
4305.000 0.451
4310.000 0.441
4315.000 0.431
4320.000 0.423
4325.000 0.419
4330.000 0.417
4335.000 0.415
4340.000 0.421
4345.000 0.424
4350.000 0.436
4355.000 0.451
4360.000 0.464
4365.000 0.487
4370.000 0.504
4375.000 0.545
4380.000 0.583
4385.000 0.604
4390.000 0.659
4395.000 0.695
4400.000 0.784
4405.000 0.918
4410.000 1.005
4415.000 1.265
4420.000 1.457
4425.000 2.012
4430.000 2.780
4435.000 3.264
4440.000 4.276
4445.000 4.705
4450.000 4.899
4455.000 4.092
4460.000 3.543
4465.000 2.609
4470.000 2.255
4475.000 1.745
4480.000 1.413
4485.000 1.288
4490.000 1.099
4495.000 1.026
4500.000 0.929
4505.000 0.858
4510.000 0.831
4515.000 0.784
4520.000 0.760
4525.000 0.730
4530.000 0.700
4535.000 0.688
4540.000 0.668
4545.000 0.661
4550.000 0.651
4555.000 0.638
4560.000 0.635
4565.000 0.625
4570.000 0.626
4575.000 0.624
4580.000 0.624
4585.000 0.624
4590.000 0.627
4595.000 0.631
4600.000 0.634
4605.000 0.647
4610.000 0.648
4615.000 0.662
4620.000 0.670
4625.000 0.684
4630.000 0.711
4635.000 0.723
4640.000 0.756
4645.000 0.774
4650.000 0.816
4655.000 0.875
4660.000 0.906
4665.000 0.974
4670.000 1.019
4675.000 1.134
4680.000 1.317
4685.000 1.435
4690.000 1.714
4695.000 1.862
4700.000 2.052
4705.000 1.902
4710.000 1.702
4715.000 1.226
4720.000 1.014
4725.000 0.697
4730.000 0.495
4735.000 0.428
4740.000 0.330
4745.000 0.292
4750.000 0.229
4755.000 0.188
4760.000 0.174
4765.000 0.156
4770.000 0.149
4775.000 0.138
4780.000 0.133
4785.000 0.131
4790.000 0.129
4795.000 0.127
4800.000 0.122
4805.000 0.121
4810.000 0.121
4815.000 0.120
4820.000 0.120
4825.000 0.115
4830.000 0.110
4835.000 0.106
4840.000 0.099
4845.000 0.097
4850.000 0.090
4855.000 0.081
4860.000 0.078
4865.000 0.071
4870.000 0.070
4875.000 0.067
4880.000 0.076
4885.000 0.085
4890.000 0.114
4895.000 0.137
4900.000 0.196
4905.000 0.240
4910.000 0.385
4915.000 0.690
4920.000 0.922
4925.000 1.520
4930.000 1.891
4935.000 2.788
4940.000 3.653
4945.000 3.923
4950.000 4.021
4955.000 3.859
4960.000 3.657
4965.000 3.479
4970.000 3.041
4975.000 2.604
4980.000 2.424
4985.000 2.120
4990.000 1.892
4995.000 1.772
5000.000 1.643
5005.000 1.535
5010.000 1.401
5015.000 1.851
5020.000 1.825
5025.000 1.660
5030.000 1.596
5035.000 1.529
5040.000 1.554
5045.000 1.501
5050.000 1.471
5055.000 1.396
5060.000 1.257
5065.000 1.130
5070.000 1.120
5075.000 1.063
5080.000 1.048
5085.000 1.048
5090.000 1.087
5095.000 1.119
5100.000 1.199
5105.000 1.244
5110.000 1.373
5115.000 1.562
5120.000 1.682
5125.000 1.920
5130.000 2.003
5135.000 1.938
5140.000 1.597
5145.000 1.370
5150.000 0.952
5155.000 0.794
5160.000 0.573
5165.000 0.426
5170.000 0.370
5175.000 0.303
5180.000 0.274
5185.000 0.243
5190.000 0.234
5195.000 0.222
5200.000 0.221
5205.000 0.221
5210.000 0.222
5215.000 0.232
5220.000 0.238
5225.000 0.254
5230.000 0.260
5235.000 0.271
5240.000 0.278
5245.000 0.283
5250.000 0.288
5255.000 0.295
5260.000 0.302
5265.000 0.312
5270.000 0.316
5275.000 0.326
5280.000 0.334
5285.000 0.347
5290.000 0.362
5295.000 0.374
5300.000 0.399
5305.000 0.416
5310.000 0.457
5315.000 0.513
5320.000 0.551
5325.000 0.630
5330.000 0.666
5335.000 0.697
5340.000 0.649
5345.000 0.605
5350.000 0.531
5355.000 0.498
5360.000 0.459
5365.000 0.428
5370.000 0.413
5375.000 0.395
5380.000 0.385
5385.000 0.378
5390.000 0.370
5395.000 0.365
5400.000 0.361
5405.000 0.359
5410.000 0.354
5415.000 0.352
5420.000 0.353
5425.000 0.349
5430.000 0.350
5435.000 0.346
5440.000 0.346
5445.000 0.345
5450.000 0.346
5455.000 0.347
5460.000 0.347
5465.000 0.346
5470.000 0.343
5475.000 0.342
5480.000 0.346
5485.000 0.344
5490.000 0.340
5495.000 0.346
5500.000 0.344
5505.000 0.345
5510.000 0.344
5515.000 0.345
5520.000 0.352
5525.000 0.367
5530.000 0.361
5535.000 0.351
5540.000 0.349
5545.000 0.346
5550.000 0.346
5555.000 0.344
5560.000 0.344
5565.000 0.347
5570.000 0.345
5575.000 0.344
5580.000 0.340
5585.000 0.347
5590.000 0.349
5595.000 0.347
5600.000 0.346
5605.000 0.349
5610.000 0.346
5615.000 0.346
5620.000 0.344
5625.000 0.347
5630.000 0.346
5635.000 0.345
5640.000 0.348
5645.000 0.348
5650.000 0.346
5655.000 0.349
5660.000 0.347
5665.000 0.348
5670.000 0.348
5675.000 0.351
5680.000 0.348
5685.000 0.350
5690.000 0.352
5695.000 0.352
5700.000 0.350
5705.000 0.351
5710.000 0.352
5715.000 0.351
5720.000 0.351
5725.000 0.353
5730.000 0.352
5735.000 0.350
5740.000 0.354
5745.000 0.354
5750.000 0.356
5755.000 0.355
5760.000 0.355
5765.000 0.355
5770.000 0.353
5775.000 0.354
5780.000 0.357
5785.000 0.356
5790.000 0.356
5795.000 0.358
5800.000 0.360
5805.000 0.355
5810.000 0.357
5815.000 0.358
5820.000 0.356
5825.000 0.356
5830.000 0.358
5835.000 0.360
5840.000 0.358
5845.000 0.359
5850.000 0.358
5855.000 0.358
5860.000 0.359
5865.000 0.357
5870.000 0.359
5875.000 0.361
5880.000 0.361
5885.000 0.359
5890.000 0.361
5895.000 0.364
5900.000 0.364
5905.000 0.363
5910.000 0.365
5915.000 0.364
5920.000 0.360
5925.000 0.366
5930.000 0.365
5935.000 0.365
5940.000 0.362
5945.000 0.364
5950.000 0.362
5955.000 0.365
5960.000 0.363
5965.000 0.368
5970.000 0.367
5975.000 0.371
5980.000 0.374
5985.000 0.364
5990.000 0.372
5995.000 0.371
6000.000 0.374
6005.000 0.370
6010.000 0.369
6015.000 0.371
6020.000 0.371
6025.000 0.375
6030.000 0.371
6035.000 0.375
6040.000 0.376
6045.000 0.376
6050.000 0.368
6055.000 0.375
6060.000 0.375
6065.000 0.367
6070.000 0.373
6075.000 0.375
6080.000 0.371
6085.000 0.372
6090.000 0.372
6095.000 0.369
6100.000 0.368
6105.000 0.370
6110.000 0.370
6115.000 0.372
6120.000 0.372
6125.000 0.371
6130.000 0.373
6135.000 0.373
6140.000 0.373
6145.000 0.370
6150.000 0.376
6155.000 0.375
6160.000 0.374
6165.000 0.374
6170.000 0.380
6175.000 0.379
6180.000 0.374
6185.000 0.376
6190.000 0.376
6195.000 0.377
6200.000 0.377
6205.000 0.377
6210.000 0.378
6215.000 0.379
6220.000 0.380
6225.000 0.379
6230.000 0.375
6235.000 0.375
6240.000 0.377
6245.000 0.376
6250.000 0.378
6255.000 0.377
6260.000 0.381
6265.000 0.379
6270.000 0.379
6275.000 0.382
6280.000 0.380
6285.000 0.381
6290.000 0.378
6295.000 0.382
6300.000 0.380
6305.000 0.383
6310.000 0.394
6315.000 0.385
6320.000 0.387
6325.000 0.388
6330.000 0.380
6335.000 0.379
6340.000 0.379
6345.000 0.380
6350.000 0.381
6355.000 0.380
6360.000 0.382
6365.000 0.378
6370.000 0.379
6375.000 0.380
6380.000 0.381
6385.000 0.381
6390.000 0.381
6395.000 0.378
6400.000 0.376
6405.000 0.378
6410.000 0.380
6415.000 0.380
6420.000 0.382
6425.000 0.380
6430.000 0.379
6435.000 0.378
6440.000 0.379
6445.000 0.380
6450.000 0.380
6455.000 0.379
6460.000 0.380
6465.000 0.380
6470.000 0.378
6475.000 0.380
6480.000 0.375
6485.000 0.380
6490.000 0.377
6495.000 0.378
6500.000 0.377
6505.000 0.379
6510.000 0.378
6515.000 0.376
6520.000 0.373
6525.000 0.375
6530.000 0.371
6535.000 0.372
6540.000 0.370
6545.000 0.369
6550.000 0.365
6555.000 0.362
6560.000 0.359
6565.000 0.355
6570.000 0.352
6575.000 0.350
6580.000 0.344
6585.000 0.337
6590.000 0.337
6595.000 0.329
6600.000 0.325
6605.000 0.313
6610.000 0.298
6615.000 0.291
6620.000 0.271
6625.000 0.266
6630.000 0.247
6635.000 0.227
6640.000 0.221
6645.000 0.230
6650.000 0.258
6655.000 0.424
6660.000 0.841
6665.000 1.152
6670.000 1.989
6675.000 2.608
6680.000 4.370
6685.000 5.194
6690.000 6.181
6695.000 6.205
6700.000 6.050
6705.000 5.843
6710.000 5.814
6715.000 5.900
6720.000 6.178
6725.000 6.386
6730.000 6.994
6735.000 7.401
6740.000 8.457
6745.000 9.838
6750.000 10.623
6755.000 12.208
6760.000 12.709
6765.000 13.912
6770.000 12.919
6775.000 11.784
6780.000 9.589
6785.000 8.667
6790.000 7.208
6795.000 6.174
6800.000 5.764
6805.000 5.148
6810.000 4.885
6815.000 4.479
6820.000 4.224
6825.000 4.139
6830.000 4.217
6835.000 5.250
6840.000 5.519
6845.000 5.829
6850.000 6.060
6855.000 6.353
6860.000 6.337
6865.000 6.825
6870.000 7.862
6875.000 8.543
6880.000 9.859
6885.000 10.335
6890.000 10.660
6895.000 9.448
6900.000 8.467
6905.000 6.619
6910.000 5.848
6915.000 4.653
6920.000 3.867
6925.000 3.575
6930.000 3.120
6935.000 2.941
6940.000 2.668
6945.000 2.479
6950.000 2.422
6955.000 2.340
6960.000 2.319
6965.000 2.283
6970.000 2.268
6975.000 2.280
6980.000 2.310
6985.000 2.326
6990.000 2.397
6995.000 2.428
7000.000 2.543
7005.000 2.701
7010.000 2.789
7015.000 3.001
7020.000 3.126
7025.000 3.513
7030.000 4.048
7035.000 4.412
7040.000 5.333
7045.000 5.912
7050.000 7.228
7055.000 8.359
7060.000 8.691
7065.000 8.387
7070.000 7.755
7075.000 6.184
7080.000 5.450
7085.000 4.274
7090.000 3.471
7095.000 3.174
7100.000 2.724
7105.000 2.428
7110.000 2.300
7115.000 2.091
7120.000 2.801
7125.000 2.962
7130.000 2.806
7135.000 2.600
7140.000 2.201
7145.000 2.051
7150.000 1.818
7155.000 1.655
7160.000 1.594
7165.000 1.516
7170.000 1.502
7175.000 1.503
7180.000 1.523
7185.000 1.538
7190.000 1.582
7195.000 1.614
7200.000 1.699
7205.000 1.809
7210.000 1.874
7215.000 2.054
7220.000 2.179
7225.000 2.505
7230.000 2.990
7235.000 3.301
7240.000 4.107
7245.000 4.609
7250.000 5.745
7255.000 6.826
7260.000 7.251
7265.000 7.309
7270.000 6.871
7275.000 5.565
7280.000 4.429
7285.000 3.973
7290.000 3.269
7295.000 3.006
7300.000 2.613
7305.000 2.345
7310.000 2.252
7315.000 2.116
7320.000 2.060
7325.000 1.968
7330.000 1.903
7335.000 1.874
7340.000 1.838
7345.000 1.827
7350.000 1.829
7355.000 1.847
7360.000 1.897
7365.000 1.910
7370.000 1.942
7375.000 1.925
7380.000 1.953
7385.000 1.979
7390.000 2.059
7395.000 2.115
7400.000 2.240
7405.000 2.397
7410.000 2.493
7415.000 2.746
7420.000 2.907
7425.000 3.338
7430.000 3.924
7435.000 4.278
7440.000 5.090
7445.000 5.503
7450.000 6.172
7455.000 6.235
7460.000 5.910
7465.000 4.921
7470.000 4.402
7475.000 3.515
7480.000 2.879
7485.000 2.623
7490.000 2.264
7495.000 2.128
7500.000 1.897
7505.000 1.727
7510.000 1.657
7515.000 1.526
7520.000 1.475
7525.000 1.382
7530.000 1.314
7535.000 1.283
7540.000 1.242
7545.000 1.227
7550.000 1.210
7555.000 1.201
7560.000 1.202
7565.000 1.802
7570.000 1.844
7575.000 1.927
7580.000 1.957
7585.000 2.063
7590.000 2.087
7595.000 2.056
7600.000 2.322
7605.000 2.799
7610.000 3.308
7615.000 3.914
7620.000 4.240
7625.000 4.587
7630.000 4.524
7635.000 3.989
7640.000 2.873
7645.000 3.403
7650.000 2.999
7655.000 2.839
7660.000 2.505
7665.000 2.265
7670.000 2.042
7675.000 1.698
7680.000 1.567
7685.000 1.360
7690.000 1.212
7695.000 1.160
7700.000 1.086
7705.000 1.065
7710.000 1.040
7715.000 1.019
7720.000 1.014
7725.000 1.012
7730.000 1.012
7735.000 1.020
7740.000 1.033
7745.000 1.040
7750.000 1.062
7755.000 1.077
7760.000 1.120
7765.000 1.169
7770.000 1.202
7775.000 1.279
7780.000 1.324
7785.000 1.432
7790.000 1.577
7795.000 1.655
7800.000 1.811
7805.000 1.881
7810.000 1.937
7815.000 1.807
7820.000 1.687
7825.000 1.414
7830.000 1.283
7835.000 1.038
7840.000 0.856
7845.000 0.779
7850.000 0.662
7855.000 0.611
7860.000 0.520
7865.000 0.446
7870.000 0.418
7875.000 0.370
7880.000 0.353
7885.000 0.322
7890.000 0.296
7895.000 0.284
7900.000 0.267
7905.000 0.257
7910.000 0.244
7915.000 0.229
7920.000 0.223
7925.000 0.209
7930.000 0.200
7935.000 0.187
7940.000 0.172
7945.000 0.162
7950.000 0.143
7955.000 0.128
7960.000 0.111
7965.000 0.097
7970.000 0.100
7975.000 0.143
7980.000 0.184
7985.000 0.286
7990.000 0.393
7995.000 0.427
8000.000 0.486
8005.000 0.487
8010.000 0.482
8015.000 0.461
8020.000 0.461
8025.000 0.441
8030.000 0.444
8035.000 0.430
8040.000 0.424
8045.000 0.423
8050.000 0.428
8055.000 0.431
8060.000 0.437
8065.000 0.439
8070.000 0.443
8075.000 0.453
8080.000 0.453
8085.000 0.448
8090.000 0.430
8095.000 0.423
8100.000 0.421
8105.000 0.426
8110.000 0.441
8115.000 0.448
8120.000 0.443
8125.000 0.422
8130.000 0.404
8135.000 0.374
8140.000 0.353
8145.000 0.351
8150.000 0.344
8155.000 0.342
8160.000 0.346
8165.000 0.346
8170.000 0.345
8175.000 0.338
8180.000 0.334
8185.000 0.328
8190.000 0.325
8195.000 0.324
8200.000 0.323
8205.000 0.323
8210.000 0.326
8215.000 0.327
8220.000 0.329
8225.000 0.330
8230.000 0.329
8235.000 0.330
8240.000 0.333
8245.000 0.332
8250.000 0.334
8255.000 0.335
8260.000 0.335
8265.000 0.337
8270.000 0.337
8275.000 0.338
8280.000 0.339
8285.000 0.339
8290.000 0.340
8295.000 0.340
8300.000 0.339
8305.000 0.342
8310.000 0.342
8315.000 0.342
8320.000 0.346
8325.000 0.344
8330.000 0.344
8335.000 0.346
8340.000 0.345
8345.000 0.347
8350.000 0.348
8355.000 0.350
8360.000 0.348
8365.000 0.347
8370.000 0.352
8375.000 0.351
8380.000 0.351
8385.000 0.355
8390.000 0.352
8395.000 0.353
8400.000 0.352
8405.000 0.353
8410.000 0.354
8415.000 0.356
8420.000 0.357
8425.000 0.358
8430.000 0.358
8435.000 0.360
8440.000 0.361
8445.000 0.363
8450.000 0.363
8455.000 0.361
8460.000 0.363
8465.000 0.363
8470.000 0.364
8475.000 0.366
8480.000 0.367
8485.000 0.368
8490.000 0.368
8495.000 0.368
8500.000 0.368
8505.000 0.368
8510.000 0.371
8515.000 0.372
8520.000 0.374
8525.000 0.374
8530.000 0.374
8535.000 0.376
8540.000 0.377
8545.000 0.376
8550.000 0.380
8555.000 0.379
8560.000 0.379
8565.000 0.381
8570.000 0.381
8575.000 0.380
8580.000 0.378
8585.000 0.378
8590.000 0.380
8595.000 0.379
8600.000 0.378
8605.000 0.380
8610.000 0.381
8615.000 0.379
8620.000 0.382
8625.000 0.380
8630.000 0.381
8635.000 0.380
8640.000 0.381
8645.000 0.384
8650.000 0.384
8655.000 0.383
8660.000 0.382
8665.000 0.383
8670.000 0.385
8675.000 0.384
8680.000 0.381
8685.000 0.381
8690.000 0.382
8695.000 0.384
8700.000 0.386
8705.000 0.385
8710.000 0.388
8715.000 0.384
8720.000 0.384
8725.000 0.385
8730.000 0.386
8735.000 0.388
8740.000 0.390
8745.000 0.384
8750.000 0.385
8755.000 0.383
8760.000 0.387
8765.000 0.386
8770.000 0.385
8775.000 0.387
8780.000 0.384
8785.000 0.385
8790.000 0.387
8795.000 0.387
8800.000 0.388
8805.000 0.387
8810.000 0.386
8815.000 0.391
8820.000 0.404
8825.000 0.403
8830.000 0.423
8835.000 0.415
8840.000 0.405
8845.000 0.398
8850.000 0.397
8855.000 0.393
8860.000 0.392
8865.000 0.391
8870.000 0.392
8875.000 0.388
8880.000 0.389
8885.000 0.389
8890.000 0.389
8895.000 0.389
8900.000 0.386
8905.000 0.386
8910.000 0.386
8915.000 0.386
8920.000 0.389
8925.000 0.387
8930.000 0.388
8935.000 0.390
8940.000 0.394
8945.000 0.400
8950.000 0.398
8955.000 0.396
8960.000 0.393
8965.000 0.395
8970.000 0.392
8975.000 0.394
8980.000 0.394
8985.000 0.390
8990.000 0.389
8995.000 0.384
9000.000 0.392
9005.000 0.385
9010.000 0.388
9015.000 0.391
9020.000 0.395
9025.000 0.389
9030.000 0.390
9035.000 0.395
9040.000 0.397
9045.000 0.397
9050.000 0.394
9055.000 0.395
9060.000 0.398
9065.000 0.395
9070.000 0.395
9075.000 0.394
9080.000 0.398
9085.000 0.394
9090.000 0.394
9095.000 0.397
9100.000 0.395
9105.000 0.395
9110.000 0.391
9115.000 0.392
9120.000 0.391
9125.000 0.393
9130.000 0.393
9135.000 0.392
9140.000 0.390
9145.000 0.393
9150.000 0.395
9155.000 0.394
9160.000 0.393
9165.000 0.392
9170.000 0.392
9175.000 0.391
9180.000 0.393
9185.000 0.395
9190.000 0.395
9195.000 0.399
9200.000 0.400
9205.000 0.397
9210.000 0.395
9215.000 0.395
9220.000 0.398
9225.000 0.397
9230.000 0.394
9235.000 0.397
9240.000 0.395
9245.000 0.396
9250.000 0.395
9255.000 0.396
9260.000 0.396
9265.000 0.396
9270.000 0.395
9275.000 0.395
9280.000 0.397
9285.000 0.398
9290.000 0.399
9295.000 0.400
9300.000 0.399
9305.000 0.393
9310.000 0.398
9315.000 0.398
9320.000 0.395
9325.000 0.399
9330.000 0.395
9335.000 0.393
9340.000 0.395
9345.000 0.395
9350.000 0.398
9355.000 0.396
9360.000 0.396
9365.000 0.394
9370.000 0.400
9375.000 0.404
9380.000 0.400
9385.000 0.401
9390.000 0.404
9395.000 0.402
9400.000 0.399
9405.000 0.401
9410.000 0.401
9415.000 0.398
9420.000 0.402
9425.000 0.400
9430.000 0.402
9435.000 0.400
9440.000 0.401
9445.000 0.400
9450.000 0.402
9455.000 0.402
9460.000 0.401
9465.000 0.399
9470.000 0.401
9475.000 0.402
9480.000 0.400
9485.000 0.401
9490.000 0.400
9495.000 0.401
9500.000 0.402
9505.000 0.400
9510.000 0.401
9515.000 0.408
9520.000 0.403
9525.000 0.404
9530.000 0.403
9535.000 0.404
9540.000 0.401
9545.000 0.402
9550.000 0.401
9555.000 0.398
9560.000 0.401
9565.000 0.400
9570.000 0.404
9575.000 0.402
9580.000 0.401
9585.000 0.403
9590.000 0.403
9595.000 0.405
9600.000 0.404
9605.000 0.402
9610.000 0.400
9615.000 0.406
9620.000 0.407
9625.000 0.406
9630.000 0.403
9635.000 0.403
9640.000 0.407
9645.000 0.405
9650.000 0.405
9655.000 0.400
9660.000 0.401
9665.000 0.403
9670.000 0.404
9675.000 0.405
9680.000 0.407
9685.000 0.406
9690.000 0.403
9695.000 0.403
9700.000 0.406
9705.000 0.406
9710.000 0.404
9715.000 0.400
9720.000 0.403
9725.000 0.403
9730.000 0.404
9735.000 0.405
9740.000 0.405
9745.000 0.405
9750.000 0.404
9755.000 0.405
9760.000 0.405
9765.000 0.405
9770.000 0.403
9775.000 0.406
9780.000 0.406
9785.000 0.407
9790.000 0.411
9795.000 0.413
9800.000 0.410
9805.000 0.413
9810.000 0.413
9815.000 0.417
9820.000 0.418
9825.000 0.416
9830.000 0.416
9835.000 0.413
9840.000 0.411
9845.000 0.410
9850.000 0.411
9855.000 0.414
9860.000 0.414
9865.000 0.417
9870.000 0.415
9875.000 0.417
9880.000 0.417
9885.000 0.417
9890.000 0.421
9895.000 0.424
9900.000 0.425
9905.000 0.428
9910.000 0.429
9915.000 0.435
9920.000 0.442
9925.000 0.447
9930.000 0.453
9935.000 0.457
9940.000 0.468
9945.000 0.484
9950.000 0.486
9955.000 0.501
9960.000 0.496
9965.000 0.465
9970.000 0.437
9975.000 0.345
9980.000 0.266
9985.000 0.245
9990.000 0.220
9995.000 0.221
10000.000 0.215
10005.000 0.224
10010.000 0.221
10015.000 0.216
10020.000 0.207
10025.000 0.204
10030.000 0.191
10035.000 0.194
10040.000 0.183
10045.000 0.178
10050.000 0.172
10055.000 0.195
10060.000 0.215
10065.000 0.305
10070.000 0.387
10075.000 0.682
10080.000 1.141
10085.000 1.378
10090.000 1.726
10095.000 1.815
10100.000 1.831
10105.000 1.707
10110.000 1.632
10115.000 1.477
10120.000 1.398
10125.000 1.256
10130.000 1.124
10135.000 1.073
10140.000 0.975
10145.000 0.933
10150.000 0.865
10155.000 0.812
10160.000 0.791
10165.000 0.766
10170.000 0.761
10175.000 0.767
10180.000 0.783
10185.000 0.794
10190.000 0.822
10195.000 0.837
10200.000 0.865
10205.000 0.908
10210.000 0.932
10215.000 0.959
10220.000 1.027
10225.000 1.108
10230.000 1.215
10235.000 1.283
10240.000 1.445
10245.000 1.531
10250.000 1.647
10255.000 1.640
10260.000 1.495
10265.000 1.253
10270.000 1.122
10275.000 0.901
10280.000 0.809
10285.000 0.653
10290.000 0.548
10295.000 0.507
10300.000 0.441
10305.000 0.415
10310.000 0.377
10315.000 0.359
10320.000 0.355
10325.000 0.354
10330.000 0.356
10335.000 0.376
10340.000 0.407
10345.000 0.428
10350.000 0.486
10355.000 0.525
10360.000 0.627
10365.000 0.781
10370.000 0.878
10375.000 1.153
10380.000 1.333
10385.000 1.780
10390.000 2.338
10395.000 2.642
10400.000 3.287
10405.000 3.589
10410.000 4.097
10415.000 4.421
10420.000 4.486
10425.000 4.437
10430.000 4.334
10435.000 4.029
10440.000 3.688
10445.000 3.524
10450.000 3.196
10455.000 3.051
10460.000 2.811
10465.000 2.627
10470.000 2.557
10475.000 2.459
10480.000 2.424
10485.000 2.394
10490.000 2.381
10495.000 2.380
10500.000 2.351
10505.000 2.319
10510.000 2.204
10515.000 1.979
10520.000 1.836
10525.000 1.524
10530.000 1.375
10535.000 1.113
10540.000 0.892
10545.000 0.805
10550.000 0.653
10555.000 0.590
10560.000 0.475
10565.000 0.389
10570.000 0.352
10575.000 0.283
10580.000 0.254
10585.000 0.204
10590.000 0.163
10595.000 0.146
10600.000 0.119
10605.000 0.105
10610.000 0.082
10615.000 0.066
10620.000 0.060
10625.000 0.051
10630.000 0.049
10635.000 0.055
10640.000 0.067
10645.000 0.077
10650.000 0.103
10655.000 0.120
10660.000 0.168
10665.000 0.238
10670.000 0.300
10675.000 0.483
10680.000 0.562
10685.000 0.862
10690.000 1.218
10695.000 1.382
10700.000 1.645
10705.000 1.732
10710.000 1.809
10715.000 1.758
10720.000 1.695
10725.000 1.557
10730.000 1.483
10735.000 1.350
10740.000 1.239
10745.000 1.188
10750.000 1.093
10755.000 1.051
10760.000 0.970
10765.000 0.897
10770.000 0.860
10775.000 0.805
10780.000 0.779
10785.000 0.736
10790.000 0.690
10795.000 0.670
10800.000 0.635
10805.000 0.622
10810.000 0.597
10815.000 0.588
10820.000 0.585
10825.000 0.583
10830.000 0.583
10835.000 0.585
10840.000 0.588
10845.000 0.590
10850.000 0.594
10855.000 0.595
10860.000 0.607
10865.000 0.616
10870.000 0.627
10875.000 0.645
10880.000 0.655
10885.000 0.668
10890.000 0.671
10895.000 0.668
10900.000 0.647
10905.000 0.625
10910.000 0.553
10915.000 0.509
10920.000 0.410
10925.000 0.326
10930.000 0.296
10935.000 0.257
10940.000 0.248
10945.000 0.238
10950.000 0.240
10955.000 0.243
10960.000 0.252
10965.000 0.259
10970.000 0.266
10975.000 0.271
10980.000 0.273
10985.000 0.273
10990.000 0.276
10995.000 0.279
11000.000 0.285
11005.000 0.283
11010.000 0.286
11015.000 0.288
11020.000 0.299
11025.000 0.295
11030.000 0.297
11035.000 0.295
11040.000 0.302
11045.000 0.300
11050.000 0.298
11055.000 0.292
11060.000 0.292
11065.000 0.292
11070.000 0.298
11075.000 0.310
11080.000 0.326
11085.000 0.360
11090.000 0.382
11095.000 0.442
11100.000 0.491
11105.000 0.508
11110.000 0.511
11115.000 0.507
11120.000 0.491
11125.000 0.479
11130.000 0.469
11135.000 0.464
11140.000 0.459
11145.000 0.454
11150.000 0.451
11155.000 0.450
11160.000 0.448
11165.000 0.447
11170.000 0.446
11175.000 0.440
11180.000 0.438
11185.000 0.436
11190.000 0.441
11195.000 0.436
11200.000 0.435
11205.000 0.437
11210.000 0.431
11215.000 0.427
11220.000 0.420
11225.000 0.406
11230.000 0.400
11235.000 0.387
11240.000 0.385
11245.000 0.378
11250.000 0.375
11255.000 0.372
11260.000 0.373
11265.000 0.378
11270.000 0.377
11275.000 0.375
11280.000 0.376
11285.000 0.374
11290.000 0.379
11295.000 0.379
11300.000 0.380
11305.000 0.375
11310.000 0.379
11315.000 0.378
11320.000 0.380
11325.000 0.382
11330.000 0.382
11335.000 0.383
11340.000 0.381
11345.000 0.383
11350.000 0.383
11355.000 0.383
11360.000 0.380
11365.000 0.383
11370.000 0.377
11375.000 0.381
11380.000 0.377
11385.000 0.378
11390.000 0.382
11395.000 0.382
11400.000 0.381
11405.000 0.379
11410.000 0.378
11415.000 0.378
11420.000 0.382
11425.000 0.378
11430.000 0.381
11435.000 0.378
11440.000 0.379
11445.000 0.379
11450.000 0.381
11455.000 0.379
11460.000 0.382
11465.000 0.380
11470.000 0.377
11475.000 0.376
11480.000 0.379
11485.000 0.379
11490.000 0.380
11495.000 0.376
11500.000 0.378
11505.000 0.377
11510.000 0.378
11515.000 0.378
11520.000 0.378
11525.000 0.383
11530.000 0.383
11535.000 0.378
11540.000 0.381
11545.000 0.380
11550.000 0.380
11555.000 0.377
11560.000 0.377
11565.000 0.377
11570.000 0.377
11575.000 0.378
11580.000 0.378
11585.000 0.377
11590.000 0.377
11595.000 0.375
11600.000 0.379
11605.000 0.377
11610.000 0.379
11615.000 0.380
11620.000 0.383
11625.000 0.381
11630.000 0.379
11635.000 0.377
11640.000 0.377
11645.000 0.375
11650.000 0.375
11655.000 0.377
11660.000 0.373
11665.000 0.376
11670.000 0.373
11675.000 0.372
11680.000 0.373
11685.000 0.375
11690.000 0.376
11695.000 0.378
11700.000 0.383
11705.000 0.379
11710.000 0.376
11715.000 0.375
11720.000 0.381
11725.000 0.382
11730.000 0.378
11735.000 0.381
11740.000 0.378
11745.000 0.376
11750.000 0.379
11755.000 0.377
11760.000 0.375
11765.000 0.378
11770.000 0.374
11775.000 0.374
11780.000 0.375
11785.000 0.373
11790.000 0.373
11795.000 0.373
11800.000 0.376
11805.000 0.374
11810.000 0.373
11815.000 0.374
11820.000 0.375
11825.000 0.375
11830.000 0.372
11835.000 0.372
11840.000 0.372
11845.000 0.374
11850.000 0.373
11855.000 0.369
11860.000 0.369
11865.000 0.368
11870.000 0.371
11875.000 0.369
11880.000 0.370
11885.000 0.369
11890.000 0.371
11895.000 0.369
11900.000 0.366
11905.000 0.367
11910.000 0.366
11915.000 0.365
11920.000 0.368
11925.000 0.367
11930.000 0.367
11935.000 0.370
11940.000 0.369
11945.000 0.370
11950.000 0.369
11955.000 0.369
11960.000 0.373
11965.000 0.370
11970.000 0.368
11975.000 0.369
11980.000 0.371
11985.000 0.370
11990.000 0.372
11995.000 0.370
12000.000 0.375
