105.000 0.038
110.000 0.019
115.000 3.213
120.000 3.772
125.000 4.188
130.000 4.617
135.000 4.691
140.000 5.141
145.000 5.664
150.000 6.142
155.000 7.212
160.000 7.823
165.000 9.036
170.000 9.951
175.000 10.144
180.000 10.728
185.000 11.169
190.000 11.752
195.000 12.593
200.000 12.971
205.000 13.830
210.000 14.688
215.000 15.488
220.000 16.926
225.000 17.649
230.000 18.284
235.000 22.534
240.000 17.877
245.000 18.825
250.000 17.264
255.000 20.638
260.000 22.069
265.000 23.257
270.000 26.715
275.000 27.964
280.000 31.558
285.000 33.272
290.000 35.982
295.000 37.901
300.000 38.537
305.000 38.973
310.000 38.845
315.000 37.807
320.000 36.131
325.000 35.315
330.000 33.705
335.000 32.972
340.000 31.810
345.000 30.967
350.000 30.682
355.000 30.082
360.000 29.973
365.000 29.976
370.000 30.251
375.000 30.474
380.000 31.206
385.000 31.671
390.000 32.601
395.000 33.550
400.000 34.028
405.000 35.127
410.000 35.672
415.000 36.769
420.000 37.730
425.000 38.159
430.000 38.875
435.000 39.133
440.000 39.431
445.000 39.403
450.000 39.269
455.000 38.637
460.000 38.264
465.000 37.440
470.000 36.522
475.000 36.102
480.000 35.395
485.000 35.052
490.000 34.401
495.000 34.056
500.000 33.970
505.000 33.932
510.000 34.013
515.000 34.359
520.000 34.859
525.000 35.134
530.000 35.846
535.000 36.243
540.000 37.313
545.000 38.723
550.000 39.541
555.000 41.434
560.000 42.511
565.000 44.673
570.000 46.443
575.000 47.068
580.000 47.448
585.000 46.857
590.000 42.989
595.000 36.973
600.000 33.557
605.000 27.458
610.000 24.831
615.000 20.381
620.000 16.935
625.000 15.534
630.000 13.016
635.000 11.922
640.000 9.960
645.000 8.435
650.000 7.719
655.000 6.459
660.000 5.922
665.000 5.082
670.000 4.415
675.000 4.118
680.000 3.663
685.000 3.468
690.000 3.195
695.000 3.054
700.000 2.802
705.000 2.597
710.000 2.510
715.000 2.366
720.000 2.299
725.000 2.196
730.000 2.131
735.000 2.092
740.000 2.032
745.000 2.002
750.000 1.955
755.000 1.931
760.000 1.925
765.000 1.920
770.000 1.928
775.000 1.968
780.000 2.003
785.000 2.025
790.000 2.088
795.000 2.126
800.000 2.242
805.000 2.425
810.000 2.549
815.000 2.908
820.000 3.107
825.000 3.576
830.000 4.239
835.000 4.617
840.000 5.358
845.000 5.797
850.000 6.754
855.000 7.651
860.000 7.821
865.000 7.360
870.000 6.775
875.000 5.386
880.000 4.161
885.000 3.660
890.000 2.872
895.000 2.560
900.000 2.100
905.000 1.735
910.000 1.594
915.000 1.352
920.000 1.253
925.000 1.082
930.000 0.945
935.000 0.887
940.000 0.794
945.000 0.752
950.000 0.677
955.000 0.616
960.000 0.595
965.000 0.550
970.000 0.519
975.000 0.496
980.000 0.469
985.000 0.456
990.000 0.435
995.000 0.425
1000.000 0.409
1005.000 0.409
1010.000 0.404
1015.000 0.399
1020.000 0.397
1025.000 0.408
1030.000 0.414
1035.000 0.422
1040.000 0.433
1045.000 0.444
1050.000 0.473
1055.000 0.501
1060.000 0.524
1065.000 0.576
1070.000 0.609
1075.000 0.682
1080.000 0.768
1085.000 0.815
1090.000 0.938
1095.000 1.018
1100.000 1.216
1105.000 1.522
1110.000 1.713
1115.000 2.244
1120.000 2.600
1125.000 3.558
1130.000 4.863
1135.000 5.555
1140.000 6.463
1145.000 6.447
1150.000 5.608
1155.000 4.465
1160.000 3.961
1165.000 3.150
1170.000 2.832
1175.000 2.339
1180.000 1.986
1185.000 1.845
1190.000 1.632
1195.000 1.542
1200.000 1.409
1205.000 1.323
1210.000 1.291
1215.000 1.233
1220.000 1.211
1225.000 1.176
1230.000 1.152
1235.000 1.142
1240.000 1.125
1245.000 1.120
1250.000 1.113
1255.000 1.111
1260.000 1.113
1265.000 1.121
1270.000 1.130
1275.000 1.153
1280.000 1.161
1285.000 1.185
1290.000 1.219
1295.000 1.237
1300.000 1.281
1305.000 1.307
1310.000 1.365
1315.000 1.439
1320.000 1.478
1325.000 1.568
1330.000 1.622
1335.000 1.747
1340.000 1.905
1345.000 2.001
1350.000 2.242
1355.000 2.394
1360.000 2.809
1365.000 3.397
1370.000 3.796
1375.000 4.981
1380.000 5.824
1385.000 8.148
1390.000 11.165
1395.000 12.729
1400.000 15.782
1405.000 16.907
1410.000 17.498
1415.000 14.782
1420.000 12.790
1425.000 9.303
1430.000 7.955
1435.000 5.988
1440.000 4.727
1445.000 4.261
1450.000 3.535
1455.000 3.255
1460.000 2.811
1465.000 2.506
1470.000 2.399
1475.000 2.221
1480.000 2.149
1485.000 2.029
1490.000 1.929
1495.000 1.890
1500.000 1.816
1505.000 1.793
1510.000 1.745
1515.000 1.711
1520.000 1.701
1525.000 1.687
1530.000 1.687
1535.000 1.682
1540.000 1.686
1545.000 1.690
1550.000 1.711
1555.000 1.725
1560.000 1.761
1565.000 1.816
1570.000 1.843
1575.000 1.910
1580.000 1.945
1585.000 2.031
1590.000 2.130
1595.000 2.190
1600.000 2.320
1605.000 2.394
1610.000 2.586
1615.000 2.826
1620.000 2.973
1625.000 3.359
1630.000 3.612
1635.000 4.292
1640.000 5.353
1645.000 6.101
1650.000 8.220
1655.000 9.510
1660.000 12.479
1665.000 15.260
1670.000 16.143
1675.000 15.967
1680.000 14.752
1685.000 11.786
1690.000 9.334
1695.000 8.374
1700.000 6.887
1705.000 6.330
1710.000 5.476
1715.000 4.869
1720.000 4.648
1725.000 4.326
1730.000 4.207
1735.000 4.016
1740.000 3.866
1745.000 3.802
1750.000 3.697
1755.000 3.654
1760.000 3.582
1765.000 3.530
1770.000 3.516
1775.000 3.500
1780.000 3.504
1785.000 3.512
1790.000 3.536
1795.000 3.557
1800.000 3.606
1805.000 3.639
1810.000 3.712
1815.000 3.808
1820.000 3.858
1825.000 3.982
1830.000 4.054
1835.000 4.227
1840.000 4.435
1845.000 4.556
1850.000 4.850
1855.000 5.003
1860.000 5.353
1865.000 5.541
1870.000 6.007
1875.000 6.625
1880.000 7.013
1885.000 8.016
1890.000 8.654
1895.000 10.306
1900.000 12.668
1905.000 14.167
1910.000 17.900
1915.000 20.059
1920.000 24.464
1925.000 27.511
1930.000 27.873
1935.000 25.230
1940.000 22.650
1945.000 17.435
1950.000 13.283
1955.000 11.725
1960.000 9.391
1965.000 8.498
1970.000 7.135
1975.000 6.172
1980.000 5.836
1985.000 5.348
1990.000 5.150
1995.000 4.781
2000.000 4.480
2005.000 4.350
2010.000 6.372
2015.000 6.681
2020.000 6.384
2025.000 5.610
2030.000 5.351
2035.000 5.666
2040.000 5.512
2045.000 4.920
2050.000 4.277
2055.000 4.017
2060.000 3.634
2065.000 3.491
2070.000 3.262
2075.000 3.144
2080.000 3.127
2085.000 3.135
2090.000 3.150
2095.000 3.206
2100.000 3.281
2105.000 3.327
2110.000 3.444
2115.000 3.520
2120.000 3.690
2125.000 3.906
2130.000 4.036
2135.000 4.383
2140.000 4.603
2145.000 5.194
2150.000 5.921
2155.000 6.480
2160.000 8.135
2165.000 9.187
2170.000 11.984
2175.000 13.736
2180.000 17.586
2185.000 20.595
2190.000 21.132
2195.000 18.951
2200.000 16.594
2205.000 11.977
2210.000 8.729
2215.000 7.568
2220.000 5.888
2225.000 4.767
2230.000 4.335
2235.000 3.686
2240.000 3.459
2245.000 3.117
2250.000 2.837
2255.000 2.740
2260.000 4.162
2265.000 4.061
2270.000 3.489
2275.000 2.922
2280.000 2.695
2285.000 2.340
2290.000 2.201
2295.000 2.204
2300.000 3.359
2305.000 3.636
2310.000 3.556
2315.000 3.100
2320.000 2.830
2325.000 3.016
2330.000 2.782
2335.000 2.541
2340.000 2.386
2345.000 2.312
2350.000 2.461
2355.000 2.333
2360.000 2.270
2365.000 2.217
2370.000 2.181
2375.000 2.415
2380.000 2.684
2385.000 3.015
2390.000 3.666
2395.000 5.074
2400.000 6.065
2405.000 6.502
2410.000 6.182
2415.000 5.646
2420.000 3.921
2425.000 2.466
2430.000 1.778
2435.000 1.448
2440.000 1.218
2445.000 0.887
2450.000 0.671
2455.000 0.582
2460.000 0.529
2465.000 0.466
2470.000 0.372
2475.000 0.335
2480.000 0.281
2485.000 0.240
2490.000 0.225
2495.000 0.200
2500.000 0.189
2505.000 0.175
2510.000 0.164
2515.000 0.161
2520.000 0.156
2525.000 0.155
2530.000 0.151
2535.000 0.151
2540.000 0.150
2545.000 0.151
2550.000 0.152
2555.000 0.152
2560.000 0.154
2565.000 0.154
2570.000 0.156
2575.000 0.157
2580.000 0.158
2585.000 0.160
2590.000 0.161
2595.000 0.164
2600.000 0.164
2605.000 0.163
2610.000 0.165
2615.000 0.167
2620.000 0.168
2625.000 0.168
2630.000 0.170
2635.000 0.171
2640.000 0.171
2645.000 0.174
2650.000 0.174
2655.000 0.173
2660.000 0.175
2665.000 0.177
2670.000 0.177
2675.000 0.178
2680.000 0.177
2685.000 0.180
2690.000 0.179
2695.000 0.180
2700.000 0.181
2705.000 0.182
2710.000 0.183
2715.000 0.184
2720.000 0.199
2725.000 0.199
2730.000 0.199
2735.000 0.195
2740.000 0.196
2745.000 0.196
2750.000 0.197
2755.000 0.196
2760.000 0.195
2765.000 0.194
2770.000 0.192
2775.000 0.192
2780.000 0.191
2785.000 0.191
2790.000 0.191
2795.000 0.191
2800.000 0.191
2805.000 0.189
2810.000 0.191
2815.000 0.191
2820.000 0.191
2825.000 0.191
2830.000 0.192
2835.000 0.192
2840.000 0.191
2845.000 0.193
2850.000 0.192
2855.000 0.193
2860.000 0.192
2865.000 0.194
2870.000 0.194
2875.000 0.192
2880.000 0.193
2885.000 0.195
2890.000 0.194
2895.000 0.195
2900.000 0.195
2905.000 0.196
2910.000 0.196
2915.000 0.195
2920.000 0.197
2925.000 0.197
2930.000 0.198
2935.000 0.196
2940.000 0.199
2945.000 0.197
2950.000 0.200
2955.000 0.199
2960.000 0.197
2965.000 0.197
2970.000 0.203
2975.000 0.199
2980.000 0.199
2985.000 0.202
2990.000 0.198
2995.000 0.201
3000.000 0.205
3005.000 0.201
3010.000 0.203
3015.000 0.203
3020.000 0.212
3025.000 0.210
3030.000 0.210
3035.000 0.217
3040.000 0.212
3045.000 0.219
3050.000 0.225
3055.000 0.223
3060.000 0.230
3065.000 0.232
3070.000 0.248
3075.000 0.249
3080.000 0.259
3085.000 0.264
3090.000 0.280
3095.000 0.300
3100.000 0.311
3105.000 0.341
3110.000 0.360
3115.000 0.403
3120.000 0.453
3125.000 0.483
3130.000 0.559
3135.000 0.603
3140.000 0.717
3145.000 0.872
3150.000 0.961
3155.000 1.152
3160.000 1.243
3165.000 1.347
3170.000 1.347
3175.000 1.302
3180.000 1.154
3185.000 1.079
3190.000 0.959
3195.000 0.868
3200.000 0.830
3205.000 0.769
3210.000 0.743
3215.000 0.700
3220.000 0.665
3225.000 0.655
3230.000 0.632
3235.000 0.621
3240.000 0.606
3245.000 0.596
3250.000 0.593
3255.000 0.586
3260.000 0.580
3265.000 0.583
3270.000 0.583
3275.000 0.586
3280.000 0.592
3285.000 0.594
3290.000 0.607
3295.000 0.620
3300.000 0.626
3305.000 0.645
3310.000 0.658
3315.000 0.685
3320.000 0.718
3325.000 0.741
3330.000 0.784
3335.000 0.812
3340.000 0.874
3345.000 0.955
3350.000 1.011
3355.000 1.145
3360.000 1.237
3365.000 1.491
3370.000 1.677
3375.000 2.231
3380.000 3.194
3385.000 3.898
3390.000 5.704
3395.000 6.694
3400.000 8.317
3405.000 8.525
3410.000 7.930
3415.000 5.892
3420.000 4.974
3425.000 3.597
3430.000 2.728
3435.000 2.428
3440.000 1.983
3445.000 1.820
3450.000 1.563
3455.000 1.392
3460.000 1.330
3465.000 1.240
3470.000 1.203
3475.000 1.149
3480.000 1.110
3485.000 1.098
3490.000 1.077
3495.000 1.070
3500.000 1.072
3505.000 1.082
3510.000 1.092
3515.000 1.129
3520.000 1.148
3525.000 1.205
3530.000 1.278
3535.000 1.318
3540.000 1.431
3545.000 1.495
3550.000 1.668
3555.000 1.915
3560.000 2.066
3565.000 2.415
3570.000 2.643
3575.000 3.269
3580.000 4.253
3585.000 4.910
3590.000 6.666
3595.000 7.732
3600.000 9.988
3605.000 11.536
3610.000 11.617
3615.000 10.030
3620.000 8.719
3625.000 6.351
3630.000 4.676
3635.000 4.080
3640.000 3.220
3645.000 2.871
3650.000 2.405
3655.000 2.078
3660.000 1.959
3665.000 1.798
3670.000 1.741
3675.000 1.636
3680.000 1.531
3685.000 1.496
3690.000 1.419
3695.000 1.384
3700.000 1.323
3705.000 1.279
3710.000 1.260
3715.000 1.239
3720.000 1.231
3725.000 1.218
3730.000 1.216
3735.000 1.219
3740.000 1.233
3745.000 1.241
3750.000 1.266
3755.000 1.297
3760.000 1.318
3765.000 1.364
3770.000 1.394
3775.000 1.468
3780.000 1.565
3785.000 1.625
3790.000 1.750
3795.000 1.820
3800.000 1.986
3805.000 2.215
3810.000 2.364
3815.000 2.763
3820.000 3.027
3825.000 3.730
3830.000 4.792
3835.000 5.487
3840.000 7.204
3845.000 8.146
3850.000 9.733
3855.000 9.940
3860.000 9.327
3865.000 7.291
3870.000 6.283
3875.000 4.673
3880.000 3.606
3885.000 3.220
3890.000 2.646
3895.000 2.430
3900.000 2.093
3905.000 1.891
3910.000 1.819
3915.000 1.705
3920.000 1.658
3925.000 1.581
3930.000 1.508
3935.000 1.476
3940.000 1.420
3945.000 1.396
3950.000 1.364
3955.000 1.356
3960.000 1.351
3965.000 1.353
3970.000 1.369
3975.000 1.384
3980.000 1.397
3985.000 1.448
3990.000 1.501
3995.000 1.555
4000.000 1.644
4005.000 1.679
4010.000 1.772
4015.000 1.915
4020.000 2.026
4025.000 2.195
4030.000 2.314
4035.000 2.600
4040.000 3.045
4045.000 3.325
4050.000 4.069
4055.000 4.574
4060.000 5.816
4065.000 7.414
4070.000 8.270
4075.000 9.624
4080.000 9.920
4085.000 9.399
4090.000 7.731
4095.000 6.845
4100.000 5.308
4105.000 4.708
4110.000 3.798
4115.000 3.168
4120.000 2.924
4125.000 2.553
4130.000 2.433
4135.000 2.257
4140.000 2.124
4145.000 2.068
4150.000 1.980
4155.000 1.940
4160.000 1.877
4165.000 1.823
4170.000 1.810
4175.000 1.780
4180.000 1.773
4185.000 1.768
4190.000 1.781
4195.000 1.789
4200.000 1.816
4205.000 1.837
4210.000 1.896
4215.000 1.974
4220.000 2.021
4225.000 2.138
4230.000 2.208
4235.000 2.399
4240.000 2.688
4245.000 2.858
4250.000 3.312
4255.000 3.588
4260.000 4.218
4265.000 4.718
4270.000 4.791
4275.000 4.431
4280.000 4.053
4285.000 3.208
4290.000 2.493
4295.000 2.236
4300.000 1.838
4305.000 1.681
4310.000 1.429
4315.000 1.242
4320.000 1.162
4325.000 1.019
4330.000 0.961
4335.000 0.866
4340.000 0.790
4345.000 0.758
4350.000 0.704
4355.000 0.684
4360.000 0.645
4365.000 0.618
4370.000 0.606
4375.000 0.580
4380.000 0.570
4385.000 0.558
4390.000 0.549
4395.000 0.550
4400.000 0.556
4405.000 0.563
4410.000 0.574
4415.000 0.597
4420.000 0.611
4425.000 0.648
4430.000 0.660
4435.000 0.690
4440.000 0.733
4445.000 0.760
4450.000 0.837
4455.000 0.889
4460.000 1.024
4465.000 1.231
4470.000 1.377
4475.000 1.796
4480.000 2.090
4485.000 2.896
4490.000 3.888
4495.000 4.344
4500.000 4.907
4505.000 4.832
4510.000 4.051
4515.000 3.075
4520.000 2.666
4525.000 2.053
4530.000 1.829
4535.000 1.477
4540.000 1.355
4545.000 1.163
4550.000 1.040
4555.000 0.994
4560.000 0.923
4565.000 0.890
4570.000 0.842
4575.000 0.801
4580.000 0.776
4585.000 0.752
4590.000 0.742
4595.000 0.716
4600.000 0.700
4605.000 0.694
4610.000 0.682
4615.000 0.681
4620.000 0.673
4625.000 0.669
4630.000 0.668
4635.000 0.666
4640.000 0.666
4645.000 0.670
4650.000 0.672
4655.000 0.679
4660.000 0.687
4665.000 0.694
4670.000 0.701
4675.000 0.714
4680.000 0.722
4685.000 0.742
4690.000 0.752
4695.000 0.783
4700.000 0.819
4705.000 0.839
4710.000 0.893
4715.000 0.925
4720.000 1.008
4725.000 1.128
4730.000 1.198
4735.000 1.349
4740.000 1.403
4745.000 1.395
4750.000 1.216
4755.000 1.078
4760.000 0.762
4765.000 0.622
4770.000 0.414
4775.000 0.273
4780.000 0.223
4785.000 0.148
4790.000 0.122
4795.000 0.088
4800.000 0.070
4805.000 0.069
4810.000 0.068
4815.000 0.070
4820.000 0.073
4825.000 0.079
4830.000 0.081
4835.000 0.083
4840.000 0.086
4845.000 0.088
4850.000 0.087
4855.000 0.087
4860.000 0.084
4865.000 0.083
4870.000 0.079
4875.000 0.076
4880.000 0.073
4885.000 0.065
4890.000 0.061
4895.000 0.054
4900.000 0.046
4905.000 0.042
4910.000 0.035
4915.000 0.041
4920.000 0.052
4925.000 0.076
4930.000 0.093
4935.000 0.138
4940.000 0.168
4945.000 0.257
4950.000 0.427
4955.000 0.568
4960.000 1.013
4965.000 1.274
4970.000 1.881
4975.000 2.531
4980.000 2.790
4985.000 2.986
4990.000 2.906
4995.000 2.545
5000.000 2.236
5005.000 2.087
5010.000 1.853
5015.000 1.762
5020.000 1.634
5025.000 1.489
5030.000 1.410
5035.000 1.301
5040.000 1.232
5045.000 1.124
5050.000 1.039
5055.000 0.981
5060.000 0.906
5065.000 0.881
5070.000 0.821
5075.000 0.769
5080.000 0.749
5085.000 0.718
5090.000 0.705
5095.000 0.706
5100.000 0.713
5105.000 0.715
5110.000 0.731
5115.000 0.746
5120.000 0.772
5125.000 0.796
5130.000 0.816
5135.000 0.841
5140.000 0.851
5145.000 0.842
5150.000 0.816
5155.000 0.679
5160.000 0.447
5165.000 0.330
5170.000 0.141
5175.000 0.077
5180.000 0.039
5185.000 0.090
5190.000 0.109
5195.000 0.146
5200.000 0.164
5205.000 0.198
5210.000 0.226
5215.000 0.239
5220.000 0.266
5225.000 0.280
5230.000 0.300
5235.000 0.317
5240.000 0.324
5245.000 0.337
5250.000 0.343
5255.000 0.358
5260.000 0.368
5265.000 0.366
5270.000 0.358
5275.000 0.354
5280.000 0.338
5285.000 0.329
5290.000 0.322
5295.000 0.319
5300.000 0.317
5305.000 0.318
5310.000 0.322
5315.000 0.324
5320.000 0.321
5325.000 0.322
5330.000 0.323
5335.000 0.323
5340.000 0.325
5345.000 0.323
5350.000 0.326
5355.000 0.328
5360.000 0.327
5365.000 0.331
5370.000 0.330
5375.000 0.325
5380.000 0.328
5385.000 0.331
5390.000 0.329
5395.000 0.332
5400.000 0.332
5405.000 0.332
5410.000 0.331
5415.000 0.330
5420.000 0.333
5425.000 0.332
5430.000 0.335
5435.000 0.333
5440.000 0.335
5445.000 0.336
5450.000 0.335
5455.000 0.335
5460.000 0.339
5465.000 0.338
5470.000 0.338
5475.000 0.338
5480.000 0.338
5485.000 0.337
5490.000 0.340
5495.000 0.339
5500.000 0.340
5505.000 0.342
5510.000 0.341
5515.000 0.342
5520.000 0.346
5525.000 0.342
5530.000 0.360
5535.000 0.353
5540.000 0.350
5545.000 0.344
5550.000 0.342
5555.000 0.341
5560.000 0.339
5565.000 0.340
5570.000 0.340
5575.000 0.340
5580.000 0.341
5585.000 0.343
5590.000 0.342
5595.000 0.345
5600.000 0.343
5605.000 0.344
5610.000 0.345
5615.000 0.342
5620.000 0.344
5625.000 0.345
5630.000 0.346
5635.000 0.341
5640.000 0.343
5645.000 0.341
5650.000 0.344
5655.000 0.347
5660.000 0.346
5665.000 0.344
5670.000 0.346
5675.000 0.344
5680.000 0.348
5685.000 0.351
5690.000 0.352
5695.000 0.350
5700.000 0.349
5705.000 0.349
5710.000 0.349
5715.000 0.348
5720.000 0.349
5725.000 0.350
5730.000 0.350
5735.000 0.351
5740.000 0.351
5745.000 0.354
5750.000 0.350
5755.000 0.349
5760.000 0.350
5765.000 0.352
5770.000 0.358
5775.000 0.355
5780.000 0.354
5785.000 0.356
5790.000 0.352
5795.000 0.352
5800.000 0.357
5805.000 0.354
5810.000 0.353
5815.000 0.355
5820.000 0.354
5825.000 0.358
5830.000 0.356
5835.000 0.354
5840.000 0.357
5845.000 0.356
5850.000 0.357
5855.000 0.361
5860.000 0.361
5865.000 0.361
5870.000 0.359
5875.000 0.361
5880.000 0.360
5885.000 0.361
5890.000 0.360
5895.000 0.363
5900.000 0.364
5905.000 0.361
5910.000 0.359
5915.000 0.364
5920.000 0.359
5925.000 0.364
5930.000 0.361
5935.000 0.364
5940.000 0.363
5945.000 0.366
5950.000 0.365
5955.000 0.363
5960.000 0.375
5965.000 0.376
5970.000 0.374
5975.000 0.384
5980.000 0.393
5985.000 0.389
5990.000 0.388
5995.000 0.382
6000.000 0.378
6005.000 0.376
6010.000 0.370
6015.000 0.374
6020.000 0.362
6025.000 0.368
6030.000 0.370
6035.000 0.363
6040.000 0.367
6045.000 0.364
6050.000 0.360
6055.000 0.368
6060.000 0.366
6065.000 0.370
6070.000 0.366
6075.000 0.363
6080.000 0.368
6085.000 0.371
6090.000 0.369
6095.000 0.370
6100.000 0.371
6105.000 0.369
6110.000 0.366
6115.000 0.366
6120.000 0.364
6125.000 0.364
6130.000 0.367
6135.000 0.366
6140.000 0.363
6145.000 0.365
6150.000 0.366
6155.000 0.370
6160.000 0.368
6165.000 0.365
6170.000 0.366
6175.000 0.370
6180.000 0.369
6185.000 0.371
6190.000 0.371
6195.000 0.372
6200.000 0.423
6205.000 0.412
6210.000 0.405
6215.000 0.393
6220.000 0.392
6225.000 0.382
6230.000 0.380
6235.000 0.375
6240.000 0.371
6245.000 0.374
6250.000 0.377
6255.000 0.374
6260.000 0.372
6265.000 0.374
6270.000 0.373
6275.000 0.373
6280.000 0.371
6285.000 0.369
6290.000 0.367
6295.000 0.372
6300.000 0.377
6305.000 0.380
6310.000 0.393
6315.000 0.386
6320.000 0.382
6325.000 0.378
6330.000 0.373
6335.000 0.372
6340.000 0.370
6345.000 0.370
6350.000 0.369
6355.000 0.368
6360.000 0.370
6365.000 0.369
6370.000 0.373
6375.000 0.370
6380.000 0.371
6385.000 0.370
6390.000 0.369
6395.000 0.368
6400.000 0.371
6405.000 0.371
6410.000 0.371
6415.000 0.369
6420.000 0.371
6425.000 0.371
6430.000 0.371
6435.000 0.369
6440.000 0.370
6445.000 0.372
6450.000 0.371
6455.000 0.369
6460.000 0.370
6465.000 0.370
6470.000 0.369
6475.000 0.371
6480.000 0.368
6485.000 0.367
6490.000 0.374
6495.000 0.372
6500.000 0.372
6505.000 0.373
6510.000 0.372
6515.000 0.370
6520.000 0.367
6525.000 0.369
6530.000 0.371
6535.000 0.366
6540.000 0.368
6545.000 0.363
6550.000 0.365
6555.000 0.366
6560.000 0.361
6565.000 0.359
6570.000 0.359
6575.000 0.356
6580.000 0.358
6585.000 0.356
6590.000 0.353
6595.000 0.351
6600.000 0.350
6605.000 0.345
6610.000 0.342
6615.000 0.337
6620.000 0.334
6625.000 0.328
6630.000 0.323
6635.000 0.313
6640.000 0.300
6645.000 0.294
6650.000 0.273
6655.000 0.266
6660.000 0.240
6665.000 0.211
6670.000 0.192
6675.000 0.163
6680.000 0.160
6685.000 0.229
6690.000 0.567
6695.000 0.846
6700.000 1.461
6705.000 1.715
6710.000 1.898
6715.000 1.804
6720.000 1.741
6725.000 1.630
6730.000 1.586
6735.000 1.511
6740.000 1.475
6745.000 1.468
6750.000 1.472
6755.000 1.473
6760.000 1.502
6765.000 1.548
6770.000 1.583
6775.000 1.671
6780.000 1.728
6785.000 1.882
6790.000 2.092
6795.000 2.229
6800.000 2.561
6805.000 2.773
6810.000 3.303
6815.000 3.986
6820.000 4.372
6825.000 5.080
6830.000 5.336
6835.000 5.471
6840.000 4.712
6845.000 4.188
6850.000 3.205
6855.000 2.807
6860.000 2.198
6865.000 1.778
6870.000 1.617
6875.000 1.376
6880.000 1.284
6885.000 1.140
6890.000 1.035
6895.000 0.996
6900.000 0.939
6905.000 0.924
6910.000 0.907
6915.000 0.903
6920.000 0.900
6925.000 0.907
6930.000 0.919
6935.000 0.942
6940.000 0.975
6945.000 1.004
6950.000 1.059
6955.000 1.095
6960.000 1.190
6965.000 1.325
6970.000 1.413
6975.000 1.645
6980.000 1.805
6985.000 2.249
6990.000 2.903
6995.000 3.361
7000.000 4.545
7005.000 5.251
7010.000 6.821
7015.000 8.446
7020.000 9.144
7025.000 9.596
7030.000 9.293
7035.000 7.782
7040.000 6.208
7045.000 5.544
7050.000 4.486
7055.000 4.083
7060.000 3.456
7065.000 3.034
7070.000 2.874
7075.000 2.661
7080.000 2.588
7085.000 2.494
7090.000 2.495
7095.000 2.501
7100.000 2.546
7105.000 2.581
7110.000 2.689
7115.000 2.809
7120.000 2.879
7125.000 3.054
7130.000 3.157
7135.000 3.426
7140.000 3.811
7145.000 4.051
7150.000 4.656
7155.000 5.035
7160.000 5.928
7165.000 6.890
7170.000 7.312
7175.000 7.868
7180.000 7.874
7185.000 7.213
7190.000 6.149
7195.000 5.629
7200.000 4.755
7205.000 4.407
7210.000 3.872
7215.000 3.686
7220.000 3.381
7225.000 3.158
7230.000 3.069
7235.000 2.918
7240.000 2.862
7245.000 2.791
7250.000 2.767
7255.000 2.770
7260.000 2.799
7265.000 2.832
7270.000 2.935
7275.000 3.113
7280.000 3.220
7285.000 3.502
7290.000 3.685
7295.000 4.164
7300.000 4.698
7305.000 4.923
7310.000 5.149
7315.000 5.101
7320.000 4.617
7325.000 3.943
7330.000 3.628
7335.000 3.072
7340.000 2.837
7345.000 2.452
7350.000 2.169
7355.000 2.047
7360.000 1.864
7365.000 1.744
7370.000 1.654
7375.000 1.505
7380.000 1.451
7385.000 1.358
7390.000 1.320
7395.000 1.270
7400.000 1.215
7405.000 1.194
7410.000 1.163
7415.000 1.153
7420.000 1.129
7425.000 1.122
7430.000 1.118
7435.000 1.117
7440.000 1.116
7445.000 1.124
7450.000 1.141
7455.000 1.149
7460.000 1.176
7465.000 1.196
7470.000 1.234
7475.000 1.289
7480.000 1.323
7485.000 1.402
7490.000 1.454
7495.000 1.568
7500.000 1.725
7505.000 1.824
7510.000 2.087
7515.000 2.235
7520.000 2.564
7525.000 2.833
7530.000 2.913
7535.000 2.799
7540.000 2.608
7545.000 2.146
7550.000 1.717
7555.000 1.537
7560.000 1.266
7565.000 1.162
7570.000 0.983
7575.000 0.851
7580.000 0.788
7585.000 0.680
7590.000 0.635
7595.000 0.559
7600.000 0.500
7605.000 0.481
7610.000 0.437
7615.000 0.422
7620.000 0.387
7625.000 0.362
7630.000 0.352
7635.000 0.334
7640.000 0.323
7645.000 0.309
7650.000 0.295
7655.000 0.291
7660.000 0.279
7665.000 0.276
7670.000 0.267
7675.000 0.259
7680.000 0.256
7685.000 0.250
7690.000 0.248
7695.000 0.241
7700.000 0.239
7705.000 0.236
7710.000 0.236
7715.000 0.236
7720.000 0.245
7725.000 0.263
7730.000 0.276
7735.000 0.318
7740.000 0.350
7745.000 0.434
7750.000 0.588
7755.000 0.693
7760.000 0.927
7765.000 1.004
7770.000 1.034
7775.000 0.939
7780.000 0.883
7785.000 0.776
7790.000 0.734
7795.000 0.666
7800.000 0.620
7805.000 0.597
7810.000 0.564
7815.000 0.553
7820.000 0.531
7825.000 0.521
7830.000 0.508
7835.000 0.497
7840.000 0.493
7845.000 0.487
7850.000 0.486
7855.000 0.484
7860.000 0.481
7865.000 0.479
7870.000 0.483
7875.000 0.483
7880.000 0.483
7885.000 0.493
7890.000 0.495
7895.000 0.505
7900.000 0.510
7905.000 0.527
7910.000 0.543
7915.000 0.557
7920.000 0.589
7925.000 0.606
7930.000 0.654
7935.000 0.706
7940.000 0.730
7945.000 0.782
7950.000 0.808
7955.000 0.833
7960.000 0.815
7965.000 0.775
7970.000 0.666
7975.000 0.601
7980.000 0.487
7985.000 0.411
7990.000 0.377
7995.000 0.340
8000.000 0.330
8005.000 0.304
8010.000 0.293
8015.000 0.287
8020.000 0.285
8025.000 0.283
8030.000 0.274
8035.000 0.264
8040.000 0.261
8045.000 0.256
8050.000 0.255
8055.000 0.252
8060.000 0.247
8065.000 0.248
8070.000 0.239
8075.000 0.237
8080.000 0.236
8085.000 0.235
8090.000 0.232
8095.000 0.226
8100.000 0.221
8105.000 0.220
8110.000 0.231
8115.000 0.245
8120.000 0.280
8125.000 0.295
8130.000 0.305
8135.000 0.309
8140.000 0.310
8145.000 0.313
8150.000 0.321
8155.000 0.330
8160.000 0.338
8165.000 0.339
8170.000 0.339
8175.000 0.339
8180.000 0.335
8185.000 0.334
8190.000 0.334
8195.000 0.331
8200.000 0.334
8205.000 0.336
8210.000 0.337
8215.000 0.335
8220.000 0.337
8225.000 0.337
8230.000 0.338
8235.000 0.340
8240.000 0.336
8245.000 0.338
8250.000 0.337
8255.000 0.339
8260.000 0.339
8265.000 0.340
8270.000 0.341
8275.000 0.341
8280.000 0.342
8285.000 0.345
8290.000 0.343
8295.000 0.344
8300.000 0.343
8305.000 0.344
8310.000 0.346
8315.000 0.344
8320.000 0.346
8325.000 0.347
8330.000 0.347
8335.000 0.348
8340.000 0.348
8345.000 0.349
8350.000 0.348
8355.000 0.348
8360.000 0.350
8365.000 0.351
8370.000 0.353
8375.000 0.351
8380.000 0.353
8385.000 0.354
8390.000 0.359
8395.000 0.372
8400.000 0.378
8405.000 0.376
8410.000 0.372
8415.000 0.367
8420.000 0.363
8425.000 0.362
8430.000 0.363
8435.000 0.360
8440.000 0.357
8445.000 0.361
8450.000 0.359
8455.000 0.358
8460.000 0.357
8465.000 0.360
8470.000 0.360
8475.000 0.360
8480.000 0.359
8485.000 0.358
8490.000 0.358
8495.000 0.362
8500.000 0.362
8505.000 0.363
8510.000 0.360
8515.000 0.364
8520.000 0.364
8525.000 0.364
8530.000 0.365
8535.000 0.366
8540.000 0.369
8545.000 0.368
8550.000 0.370
8555.000 0.372
8560.000 0.371
8565.000 0.371
8570.000 0.372
8575.000 0.375
8580.000 0.377
8585.000 0.378
8590.000 0.376
8595.000 0.379
8600.000 0.377
8605.000 0.377
8610.000 0.379
8615.000 0.378
8620.000 0.379
8625.000 0.380
8630.000 0.377
8635.000 0.375
8640.000 0.380
8645.000 0.381
8650.000 0.380
8655.000 0.385
8660.000 0.387
8665.000 0.385
8670.000 0.390
8675.000 0.387
8680.000 0.385
8685.000 0.384
8690.000 0.382
8695.000 0.387
8700.000 0.387
8705.000 0.387
8710.000 0.385
8715.000 0.387
8720.000 0.383
8725.000 0.383
8730.000 0.384
8735.000 0.384
8740.000 0.386
8745.000 0.387
8750.000 0.385
8755.000 0.382
8760.000 0.381
8765.000 0.383
8770.000 0.384
8775.000 0.385
8780.000 0.385
8785.000 0.385
8790.000 0.387
8795.000 0.386
8800.000 0.385
8805.000 0.395
8810.000 0.393
8815.000 0.394
8820.000 0.399
8825.000 0.385
8830.000 0.412
8835.000 0.409
8840.000 0.398
8845.000 0.393
8850.000 0.394
8855.000 0.394
8860.000 0.393
8865.000 0.394
8870.000 0.390
8875.000 0.391
8880.000 0.393
8885.000 0.391
8890.000 0.394
8895.000 0.392
8900.000 0.390
8905.000 0.387
8910.000 0.388
8915.000 0.398
8920.000 0.397
8925.000 0.393
8930.000 0.394
8935.000 0.392
8940.000 0.394
8945.000 0.398
8950.000 0.397
8955.000 0.397
8960.000 0.399
8965.000 0.403
8970.000 0.404
8975.000 0.406
8980.000 0.400
8985.000 0.398
8990.000 0.391
8995.000 0.399
9000.000 0.393
9005.000 0.391
9010.000 0.391
9015.000 0.393
9020.000 0.401
9025.000 0.392
9030.000 0.398
9035.000 0.393
9040.000 0.397
9045.000 0.397
9050.000 0.392
9055.000 0.395
9060.000 0.393
9065.000 0.398
9070.000 0.397
9075.000 0.397
9080.000 0.399
9085.000 0.397
9090.000 0.397
9095.000 0.393
9100.000 0.393
9105.000 0.396
9110.000 0.396
9115.000 0.393
9120.000 0.392
9125.000 0.397
9130.000 0.393
9135.000 0.395
9140.000 0.398
9145.000 0.396
9150.000 0.397
9155.000 0.400
9160.000 0.406
9165.000 0.405
9170.000 0.403
9175.000 0.399
9180.000 0.398
9185.000 0.400
9190.000 0.400
9195.000 0.398
9200.000 0.396
9205.000 0.401
9210.000 0.406
9215.000 0.408
9220.000 0.406
9225.000 0.404
9230.000 0.399
9235.000 0.406
9240.000 0.407
9245.000 0.408
9250.000 0.403
9255.000 0.399
9260.000 0.398
9265.000 0.399
9270.000 0.398
9275.000 0.396
9280.000 0.396
9285.000 0.396
9290.000 0.398
9295.000 0.398
9300.000 0.396
9305.000 0.397
9310.000 0.397
9315.000 0.395
9320.000 0.397
9325.000 0.400
9330.000 0.399
9335.000 0.397
9340.000 0.397
9345.000 0.397
9350.000 0.396
9355.000 0.394
9360.000 0.395
9365.000 0.397
9370.000 0.403
9375.000 0.402
9380.000 0.400
9385.000 0.398
9390.000 0.404
9395.000 0.399
9400.000 0.398
9405.000 0.397
9410.000 0.399
9415.000 0.399
9420.000 0.400
9425.000 0.400
9430.000 0.400
9435.000 0.402
9440.000 0.402
9445.000 0.404
9450.000 0.405
9455.000 0.404
9460.000 0.403
9465.000 0.399
9470.000 0.400
9475.000 0.398
9480.000 0.399
9485.000 0.400
9490.000 0.397
9495.000 0.397
9500.000 0.416
9505.000 0.414
9510.000 0.413
9515.000 0.409
9520.000 0.408
9525.000 0.403
9530.000 0.403
9535.000 0.405
9540.000 0.400
9545.000 0.399
9550.000 0.398
9555.000 0.395
9560.000 0.396
9565.000 0.395
9570.000 0.396
9575.000 0.396
9580.000 0.396
9585.000 0.397
9590.000 0.410
9595.000 0.408
9600.000 0.410
9605.000 0.410
9610.000 0.406
9615.000 0.409
9620.000 0.408
9625.000 0.401
9630.000 0.401
9635.000 0.400
9640.000 0.404
9645.000 0.403
9650.000 0.400
9655.000 0.401
9660.000 0.400
9665.000 0.398
9670.000 0.398
9675.000 0.399
9680.000 0.395
9685.000 0.394
9690.000 0.394
9695.000 0.395
9700.000 0.394
9705.000 0.395
9710.000 0.395
9715.000 0.403
9720.000 0.405
9725.000 0.406
9730.000 0.403
9735.000 0.401
9740.000 0.404
9745.000 0.401
9750.000 0.399
9755.000 0.399
9760.000 0.396
9765.000 0.393
9770.000 0.393
9775.000 0.396
9780.000 0.396
9785.000 0.398
9790.000 0.399
9795.000 0.397
9800.000 0.399
9805.000 0.398
9810.000 0.404
9815.000 0.407
9820.000 0.406
9825.000 0.400
9830.000 0.399
9835.000 0.397
9840.000 0.391
9845.000 0.391
9850.000 0.391
9855.000 0.391
9860.000 0.388
9865.000 0.390
9870.000 0.386
9875.000 0.384
9880.000 0.383
9885.000 0.377
9890.000 0.379
9895.000 0.375
9900.000 0.372
9905.000 0.368
9910.000 0.380
9915.000 0.377
9920.000 0.369
9925.000 0.360
9930.000 0.360
9935.000 0.351
9940.000 0.345
9945.000 0.339
9950.000 0.355
9955.000 0.375
9960.000 0.446
9965.000 0.514
9970.000 0.647
9975.000 0.717
9980.000 0.714
9985.000 0.689
9990.000 0.656
9995.000 0.629
10000.000 0.616
10005.000 0.621
10010.000 0.631
10015.000 0.636
10020.000 0.644
10025.000 0.673
10030.000 0.683
10035.000 0.714
10040.000 0.738
10045.000 0.784
10050.000 0.833
10055.000 0.866
10060.000 0.942
10065.000 0.992
10070.000 1.020
10075.000 0.945
10080.000 0.870
10085.000 0.680
10090.000 0.579
10095.000 0.419
10100.000 0.308
10105.000 0.260
10110.000 0.193
10115.000 0.168
10120.000 0.122
10125.000 0.091
10130.000 0.082
10135.000 0.070
10140.000 0.070
10145.000 0.077
10150.000 0.096
10155.000 0.113
10160.000 0.152
10165.000 0.174
10170.000 0.245
10175.000 0.344
10180.000 0.414
10185.000 0.619
10190.000 0.751
10195.000 1.076
10200.000 1.484
10205.000 1.717
10210.000 2.258
10215.000 2.560
10220.000 3.219
10225.000 3.843
10230.000 4.091
10235.000 4.358
10240.000 4.364
10245.000 4.188
10250.000 3.933
10255.000 3.806
10260.000 3.572
10265.000 3.471
10270.000 3.298
10275.000 3.167
10280.000 3.105
10285.000 3.009
10290.000 2.970
10295.000 2.919
10300.000 2.899
10305.000 2.902
10310.000 2.940
10315.000 2.969
10320.000 3.073
10325.000 3.219
10330.000 3.304
10335.000 3.468
10340.000 3.528
10345.000 3.553
10350.000 3.355
10355.000 3.168
10360.000 2.700
10365.000 2.451
10370.000 1.992
10375.000 1.620
10380.000 1.468
10385.000 1.227
10390.000 1.149
10395.000 1.002
10400.000 0.916
10405.000 0.875
10410.000 0.821
10415.000 0.804
10420.000 0.777
10425.000 0.775
10430.000 0.778
10435.000 0.808
10440.000 0.832
10445.000 0.899
10450.000 1.000
10455.000 1.071
10460.000 1.256
10465.000 1.376
10470.000 1.682
10475.000 2.024
10480.000 2.203
10485.000 2.382
10490.000 2.379
10495.000 2.228
10500.000 2.104
10505.000 1.823
10510.000 1.576
10515.000 1.475
10520.000 1.315
10525.000 1.259
10530.000 1.172
10535.000 1.106
10540.000 1.086
10545.000 1.040
10550.000 1.017
10555.000 0.984
10560.000 0.952
10565.000 0.938
10570.000 0.916
10575.000 0.904
10580.000 0.899
10585.000 0.886
10590.000 0.887
10595.000 0.891
10600.000 0.892
10605.000 0.894
10610.000 0.897
10615.000 0.902
10620.000 0.917
10625.000 0.922
10630.000 0.941
10635.000 0.971
10640.000 0.985
10645.000 1.024
10650.000 1.047
10655.000 1.094
10660.000 1.145
10665.000 1.168
10670.000 1.202
10675.000 1.236
10680.000 1.211
10685.000 1.095
10690.000 1.019
10695.000 0.841
10700.000 0.748
10705.000 0.581
10710.000 0.441
10715.000 0.383
10720.000 0.287
10725.000 0.251
10730.000 0.187
10735.000 0.143
10740.000 0.130
10745.000 0.107
10750.000 0.100
10755.000 0.096
10760.000 0.094
10765.000 0.096
10770.000 0.101
10775.000 0.100
10780.000 0.106
10785.000 0.110
10790.000 0.110
10795.000 0.114
10800.000 0.116
10805.000 0.118
10810.000 0.115
10815.000 0.118
10820.000 0.120
10825.000 0.119
10830.000 0.121
10835.000 0.127
10840.000 0.128
10845.000 0.139
10850.000 0.145
10855.000 0.178
10860.000 0.236
10865.000 0.278
10870.000 0.433
10875.000 0.542
10880.000 0.808
10885.000 1.063
10890.000 1.163
10895.000 1.308
10900.000 1.337
10905.000 1.321
10910.000 1.248
10915.000 1.206
10920.000 1.116
10925.000 1.072
10930.000 0.980
10935.000 0.894
10940.000 0.850
10945.000 0.779
10950.000 0.745
10955.000 0.685
10960.000 0.643
10965.000 0.626
10970.000 0.598
10975.000 0.587
10980.000 0.573
10985.000 0.563
10990.000 0.558
10995.000 0.553
11000.000 0.560
11005.000 0.550
11010.000 0.552
11015.000 0.554
11020.000 0.570
11025.000 0.569
11030.000 0.588
11035.000 0.586
11040.000 0.600
11045.000 0.643
11050.000 0.644
11055.000 0.629
11060.000 0.610
11065.000 0.601
11070.000 0.569
11075.000 0.543
11080.000 0.488
11085.000 0.449
11090.000 0.377
11095.000 0.310
11100.000 0.285
11105.000 0.259
11110.000 0.256
11115.000 0.253
11120.000 0.252
11125.000 0.253
11130.000 0.261
11135.000 0.262
11140.000 0.270
11145.000 0.273
11150.000 0.276
11155.000 0.281
11160.000 0.282
11165.000 0.289
11170.000 0.286
11175.000 0.290
11180.000 0.291
11185.000 0.293
11190.000 0.293
11195.000 0.299
11200.000 0.304
11205.000 0.320
11210.000 0.329
11215.000 0.365
11220.000 0.402
11225.000 0.421
11230.000 0.441
11235.000 0.449
11240.000 0.445
11245.000 0.443
11250.000 0.442
11255.000 0.435
11260.000 0.434
11265.000 0.427
11270.000 0.422
11275.000 0.418
11280.000 0.413
11285.000 0.411
11290.000 0.413
11295.000 0.412
11300.000 0.411
11305.000 0.408
11310.000 0.407
11315.000 0.408
11320.000 0.406
11325.000 0.404
11330.000 0.404
11335.000 0.403
11340.000 0.403
11345.000 0.403
11350.000 0.400
11355.000 0.399
11360.000 0.402
11365.000 0.401
11370.000 0.402
11375.000 0.401
11380.000 0.401
11385.000 0.399
11390.000 0.403
11395.000 0.398
11400.000 0.394
11405.000 0.392
11410.000 0.391
11415.000 0.382
11420.000 0.384
11425.000 0.382
11430.000 0.382
11435.000 0.379
11440.000 0.380
11445.000 0.377
11450.000 0.379
11455.000 0.380
11460.000 0.383
11465.000 0.382
11470.000 0.379
11475.000 0.381
11480.000 0.380
11485.000 0.379
11490.000 0.381
11495.000 0.378
11500.000 0.379
11505.000 0.379
11510.000 0.379
11515.000 0.380
11520.000 0.383
11525.000 0.386
11530.000 0.384
11535.000 0.384
11540.000 0.382
11545.000 0.382
11550.000 0.380
11555.000 0.381
11560.000 0.384
11565.000 0.381
11570.000 0.381
11575.000 0.379
11580.000 0.379
11585.000 0.381
11590.000 0.381
11595.000 0.379
11600.000 0.377
11605.000 0.379
11610.000 0.379
11615.000 0.380
11620.000 0.381
11625.000 0.378
11630.000 0.380
11635.000 0.376
11640.000 0.379
11645.000 0.379
11650.000 0.381
11655.000 0.380
11660.000 0.384
11665.000 0.383
11670.000 0.383
11675.000 0.378
11680.000 0.384
11685.000 0.385
11690.000 0.384
11695.000 0.384
11700.000 0.382
11705.000 0.378
11710.000 0.379
11715.000 0.377
11720.000 0.381
11725.000 0.383
11730.000 0.380
11735.000 0.380
11740.000 0.379
11745.000 0.378
11750.000 0.377
11755.000 0.377
11760.000 0.377
11765.000 0.375
11770.000 0.377
11775.000 0.374
11780.000 0.378
11785.000 0.377
11790.000 0.375
11795.000 0.376
11800.000 0.375
11805.000 0.378
11810.000 0.376
11815.000 0.378
11820.000 0.375
11825.000 0.374
11830.000 0.375
11835.000 0.376
11840.000 0.374
11845.000 0.373
11850.000 0.373
11855.000 0.373
11860.000 0.375
11865.000 0.374
11870.000 0.371
11875.000 0.372
11880.000 0.371
11885.000 0.370
11890.000 0.368
11895.000 0.370
11900.000 0.369
11905.000 0.368
11910.000 0.371
11915.000 0.371
11920.000 0.371
11925.000 0.374
11930.000 0.373
11935.000 0.371
11940.000 0.370
11945.000 0.371
11950.000 0.370
11955.000 0.371
11960.000 0.368
11965.000 0.366
11970.000 0.369
11975.000 0.370
11980.000 0.372
11985.000 0.373
11990.000 0.371
11995.000 0.376
12000.000 0.379
