105.000 0.030
110.000 0.181
115.000 4.301
120.000 4.665
125.000 5.637
130.000 6.003
135.000 6.596
140.000 7.318
145.000 7.600
150.000 8.014
155.000 8.145
160.000 8.495
165.000 8.668
170.000 8.753
175.000 8.989
180.000 9.174
185.000 9.547
190.000 10.122
195.000 10.376
200.000 11.019
205.000 11.445
210.000 12.356
215.000 13.300
220.000 13.912
225.000 15.095
230.000 15.727
235.000 17.162
240.000 17.810
245.000 19.695
250.000 21.700
255.000 22.594
260.000 26.636
265.000 26.926
270.000 30.083
275.000 34.966
280.000 36.975
285.000 41.926
290.000 44.562
295.000 50.061
300.000 55.030
305.000 57.027
310.000 58.954
315.000 57.996
320.000 54.516
325.000 48.007
330.000 48.189
335.000 41.032
340.000 40.678
345.000 37.908
350.000 37.433
355.000 35.555
360.000 34.568
365.000 34.137
370.000 33.914
375.000 34.261
380.000 34.051
385.000 34.663
390.000 35.291
395.000 36.259
400.000 37.242
405.000 37.751
410.000 38.829
415.000 39.170
420.000 39.910
425.000 40.427
430.000 40.662
435.000 40.892
440.000 40.938
445.000 40.740
450.000 40.275
455.000 39.866
460.000 38.845
465.000 38.410
470.000 37.171
475.000 35.828
480.000 35.304
485.000 33.842
490.000 33.317
495.000 32.271
500.000 31.349
505.000 30.979
510.000 30.290
515.000 29.995
520.000 29.717
525.000 29.807
530.000 29.926
535.000 30.397
540.000 30.887
545.000 32.062
550.000 33.362
555.000 33.966
560.000 35.571
565.000 36.608
570.000 39.285
575.000 42.833
580.000 44.945
585.000 49.575
590.000 51.894
595.000 55.498
600.000 55.646
605.000 52.954
610.000 42.141
615.000 36.521
620.000 27.726
625.000 21.740
630.000 19.386
635.000 15.251
640.000 13.593
645.000 10.846
650.000 8.748
655.000 7.935
660.000 6.640
665.000 6.125
670.000 5.258
675.000 4.578
680.000 4.291
685.000 3.819
690.000 3.604
695.000 3.257
700.000 2.969
705.000 2.840
710.000 2.627
715.000 2.523
720.000 2.370
725.000 2.231
730.000 2.183
735.000 2.066
740.000 2.028
745.000 1.946
750.000 1.886
755.000 1.858
760.000 1.810
765.000 1.793
770.000 1.770
775.000 1.745
780.000 1.736
785.000 1.722
790.000 1.716
795.000 1.727
800.000 1.758
805.000 1.787
810.000 1.873
815.000 1.926
820.000 2.021
825.000 2.070
830.000 2.185
835.000 2.326
840.000 2.446
845.000 2.670
850.000 2.814
855.000 3.236
860.000 3.843
865.000 4.276
870.000 5.513
875.000 6.359
880.000 8.424
885.000 9.957
890.000 9.975
895.000 8.136
900.000 6.895
905.000 4.842
910.000 3.493
915.000 3.014
920.000 2.309
925.000 2.047
930.000 1.649
935.000 1.368
940.000 1.266
945.000 1.086
950.000 1.009
955.000 0.881
960.000 0.778
965.000 0.725
970.000 0.653
975.000 0.612
980.000 0.559
985.000 0.519
990.000 0.495
995.000 0.464
1000.000 0.439
1005.000 0.419
1010.000 0.405
1015.000 0.399
1020.000 0.374
1025.000 0.379
1030.000 0.371
1035.000 0.366
1040.000 0.370
1045.000 0.375
1050.000 0.374
1055.000 0.391
1060.000 0.408
1065.000 0.412
1070.000 0.439
1075.000 0.459
1080.000 0.484
1085.000 0.520
1090.000 0.542
1095.000 0.589
1100.000 0.617
1105.000 0.682
1110.000 0.761
1115.000 0.815
1120.000 0.941
1125.000 1.006
1130.000 1.192
1135.000 1.438
1140.000 1.588
1145.000 2.042
1150.000 2.360
1155.000 3.144
1160.000 4.307
1165.000 5.061
1170.000 6.805
1175.000 7.540
1180.000 7.702
1185.000 6.363
1190.000 5.564
1195.000 4.233
1200.000 3.725
1205.000 2.970
1210.000 2.440
1215.000 2.242
1220.000 1.929
1225.000 1.810
1230.000 1.615
1235.000 1.477
1240.000 1.425
1245.000 1.349
1250.000 1.320
1255.000 1.269
1260.000 1.228
1265.000 1.208
1270.000 1.172
1275.000 1.172
1280.000 1.155
1285.000 1.143
1290.000 1.138
1295.000 1.137
1300.000 1.135
1305.000 1.137
1310.000 1.145
1315.000 1.153
1320.000 1.167
1325.000 1.178
1330.000 1.203
1335.000 1.232
1340.000 1.246
1345.000 1.287
1350.000 1.309
1355.000 1.360
1360.000 1.419
1365.000 1.449
1370.000 1.524
1375.000 1.567
1380.000 1.659
1385.000 1.767
1390.000 1.827
1395.000 1.976
1400.000 2.072
1405.000 2.292
1410.000 2.583
1415.000 2.789
1420.000 3.270
1425.000 3.596
1430.000 4.494
1435.000 5.120
1440.000 6.936
1445.000 9.730
1450.000 11.540
1455.000 15.565
1460.000 17.326
1465.000 18.951
1470.000 16.514
1475.000 14.179
1480.000 10.116
1485.000 8.569
1490.000 6.310
1495.000 4.845
1500.000 4.320
1505.000 3.522
1510.000 3.219
1515.000 2.748
1520.000 2.423
1525.000 2.309
1530.000 2.119
1535.000 2.039
1540.000 1.896
1545.000 1.779
1550.000 1.731
1555.000 1.646
1560.000 1.607
1565.000 1.543
1570.000 1.483
1575.000 1.460
1580.000 1.416
1585.000 1.393
1590.000 1.361
1595.000 1.329
1600.000 1.318
1605.000 1.299
1610.000 1.289
1615.000 1.279
1620.000 1.267
1625.000 1.266
1630.000 1.267
1635.000 1.269
1640.000 1.283
1645.000 1.319
1650.000 1.346
1655.000 1.413
1660.000 1.451
1665.000 1.573
1670.000 1.753
1675.000 1.874
1680.000 2.189
1685.000 2.404
1690.000 2.942
1695.000 3.713
1700.000 4.183
1705.000 5.405
1710.000 6.175
1715.000 8.209
1720.000 9.430
1725.000 12.516
1730.000 16.888
1735.000 19.482
1740.000 24.818
1745.000 27.230
1750.000 30.533
1755.000 30.299
1760.000 28.377
1765.000 22.957
1770.000 20.357
1775.000 15.969
1780.000 12.555
1785.000 11.208
1790.000 9.051
1795.000 8.205
1800.000 6.862
1805.000 5.902
1810.000 5.526
1815.000 4.943
1820.000 4.711
1825.000 4.348
1830.000 4.156
1835.000 4.087
1840.000 3.955
1845.000 3.898
1850.000 3.790
1855.000 3.736
1860.000 3.709
1865.000 3.661
1870.000 3.643
1875.000 3.630
1880.000 3.625
1885.000 3.632
1890.000 3.655
1895.000 3.673
1900.000 3.726
1905.000 3.787
1910.000 3.831
1915.000 3.918
1920.000 3.973
1925.000 4.091
1930.000 4.224
1935.000 4.306
1940.000 4.488
1945.000 4.588
1950.000 4.814
1955.000 5.090
1960.000 5.241
1965.000 5.601
1970.000 5.817
1975.000 6.314
1980.000 6.994
1985.000 7.436
1990.000 8.498
1995.000 9.122
2000.000 10.734
2005.000 12.888
2010.000 14.381
2015.000 17.463
2020.000 19.138
2025.000 22.239
2030.000 23.725
2035.000 23.467
2040.000 20.674
2045.000 18.784
2050.000 14.994
2055.000 11.939
2060.000 10.740
2065.000 8.852
2070.000 8.121
2075.000 7.023
2080.000 6.267
2085.000 5.954
2090.000 5.423
2095.000 5.193
2100.000 4.793
2105.000 4.466
2110.000 4.330
2115.000 4.071
2120.000 3.960
2125.000 3.760
2130.000 3.595
2135.000 3.521
2140.000 3.395
2145.000 3.342
2150.000 3.246
2155.000 3.179
2160.000 3.146
2165.000 3.096
2170.000 3.076
2175.000 3.049
2180.000 3.044
2185.000 3.043
2190.000 3.062
2195.000 3.080
2200.000 3.130
2205.000 3.205
2210.000 3.250
2215.000 3.371
2220.000 3.436
2225.000 3.593
2230.000 3.786
2235.000 3.907
2240.000 4.200
2245.000 4.388
2250.000 4.872
2255.000 5.563
2260.000 6.024
2265.000 7.242
2270.000 8.046
2275.000 10.179
2280.000 13.024
2285.000 14.622
2290.000 17.465
2295.000 18.239
2300.000 17.252
2305.000 13.682
2310.000 11.683
2315.000 8.829
2320.000 7.763
2325.000 6.173
2330.000 5.570
2335.000 4.653
2340.000 4.046
2345.000 3.828
2350.000 3.487
2355.000 3.344
2360.000 3.108
2365.000 2.915
2370.000 2.840
2375.000 2.706
2380.000 2.647
2385.000 2.554
2390.000 2.488
2395.000 2.458
2400.000 2.426
2405.000 2.416
2410.000 2.415
2415.000 2.442
2420.000 2.462
2425.000 2.534
2430.000 2.577
2435.000 2.701
2440.000 2.872
2445.000 2.992
2450.000 3.312
2455.000 3.521
2460.000 4.051
2465.000 4.655
2470.000 4.926
2475.000 4.939
2480.000 4.576
2485.000 3.515
2490.000 2.519
2495.000 2.159
2500.000 1.597
2505.000 1.381
2510.000 1.047
2515.000 0.817
2520.000 0.725
2525.000 0.578
2530.000 0.517
2535.000 0.421
2540.000 0.350
2545.000 0.319
2550.000 0.274
2555.000 0.254
2560.000 0.222
2565.000 0.200
2570.000 0.191
2575.000 0.178
2580.000 0.175
2585.000 0.166
2590.000 0.162
2595.000 0.163
2600.000 0.162
2605.000 0.159
2610.000 0.161
2615.000 0.162
2620.000 0.162
2625.000 0.163
2630.000 0.165
2635.000 0.167
2640.000 0.169
2645.000 0.171
2650.000 0.175
2655.000 0.174
2660.000 0.177
2665.000 0.178
2670.000 0.180
2675.000 0.183
2680.000 0.183
2685.000 0.184
2690.000 0.187
2695.000 0.188
2700.000 0.190
2705.000 0.190
2710.000 0.192
2715.000 0.192
2720.000 0.192
2725.000 0.193
2730.000 0.198
2735.000 0.197
2740.000 0.199
2745.000 0.199
2750.000 0.200
2755.000 0.201
2760.000 0.203
2765.000 0.205
2770.000 0.204
2775.000 0.206
2780.000 0.206
2785.000 0.208
2790.000 0.208
2795.000 0.210
2800.000 0.211
2805.000 0.212
2810.000 0.213
2815.000 0.215
2820.000 0.214
2825.000 0.213
2830.000 0.216
2835.000 0.217
2840.000 0.218
2845.000 0.219
2850.000 0.220
2855.000 0.221
2860.000 0.221
2865.000 0.220
2870.000 0.220
2875.000 0.406
2880.000 0.383
2885.000 0.373
2890.000 0.357
2895.000 0.347
2900.000 0.337
2905.000 0.326
2910.000 0.319
2915.000 0.318
2920.000 0.313
2925.000 0.326
2930.000 0.320
2935.000 0.312
2940.000 0.446
2945.000 0.403
2950.000 0.386
2955.000 0.376
2960.000 0.328
2965.000 0.320
2970.000 0.288
2975.000 0.279
2980.000 0.277
2985.000 0.402
2990.000 0.400
2995.000 0.382
3000.000 0.347
3005.000 0.327
3010.000 0.305
3015.000 0.292
3020.000 0.270
3025.000 0.256
3030.000 0.266
3035.000 0.251
3040.000 0.250
3045.000 0.251
3050.000 0.241
3055.000 0.245
3060.000 0.242
3065.000 0.238
3070.000 0.239
3075.000 0.240
3080.000 0.240
3085.000 0.234
3090.000 0.235
3095.000 0.237
3100.000 0.235
3105.000 0.234
3110.000 0.235
3115.000 0.232
3120.000 0.233
3125.000 0.233
3130.000 0.235
3135.000 0.235
3140.000 0.234
3145.000 0.235
3150.000 0.234
3155.000 0.234
3160.000 0.236
3165.000 0.238
3170.000 0.236
3175.000 0.238
3180.000 0.236
3185.000 0.239
3190.000 0.240
3195.000 0.238
3200.000 0.239
3205.000 0.240
3210.000 0.244
3215.000 0.243
3220.000 0.244
3225.000 0.246
3230.000 0.249
3235.000 0.250
3240.000 0.252
3245.000 0.258
3250.000 0.261
3255.000 0.262
3260.000 0.269
3265.000 0.272
3270.000 0.283
3275.000 0.291
3280.000 0.297
3285.000 0.309
3290.000 0.379
3295.000 0.430
3300.000 0.662
3305.000 0.727
3310.000 0.731
3315.000 0.698
3320.000 0.820
3325.000 0.889
3330.000 0.933
3335.000 1.059
3340.000 1.142
3345.000 1.230
3350.000 1.419
3355.000 1.695
3360.000 2.735
3365.000 3.520
3370.000 5.441
3375.000 7.438
3380.000 8.293
3385.000 8.840
3390.000 8.331
3395.000 6.472
3400.000 4.905
3405.000 4.296
3410.000 3.370
3415.000 3.021
3420.000 2.505
3425.000 2.130
3430.000 1.990
3435.000 1.786
3440.000 1.708
3445.000 1.614
3450.000 1.567
3455.000 1.567
3460.000 1.579
3465.000 1.599
3470.000 1.654
3475.000 1.759
3480.000 1.780
3485.000 1.886
3490.000 1.953
3495.000 2.149
3500.000 2.272
3505.000 2.609
3510.000 3.117
3515.000 3.468
3520.000 4.446
3525.000 5.117
3530.000 6.962
3535.000 9.437
3540.000 10.787
3545.000 13.011
3550.000 13.452
3555.000 12.300
3560.000 9.295
3565.000 7.895
3570.000 5.755
3575.000 4.989
3580.000 3.909
3585.000 3.201
3590.000 2.941
3595.000 2.543
3600.000 2.394
3605.000 2.186
3610.000 2.074
3615.000 2.032
3620.000 1.966
3625.000 1.940
3630.000 1.902
3635.000 1.881
3640.000 1.877
3645.000 1.883
3650.000 1.885
3655.000 1.911
3660.000 1.956
3665.000 1.991
3670.000 2.060
3675.000 2.104
3680.000 2.215
3685.000 2.359
3690.000 2.443
3695.000 2.639
3700.000 2.743
3705.000 3.026
3710.000 3.419
3715.000 3.677
3720.000 4.353
3725.000 4.787
3730.000 5.929
3735.000 7.486
3740.000 8.416
3745.000 10.461
3750.000 11.407
3755.000 12.596
3760.000 12.205
3765.000 11.347
3770.000 9.234
3775.000 8.202
3780.000 6.466
3785.000 5.232
3790.000 4.764
3795.000 4.009
3800.000 3.733
3805.000 3.353
3810.000 3.126
3815.000 3.036
3820.000 2.891
3825.000 2.832
3830.000 2.734
3835.000 2.665
3840.000 2.635
3845.000 2.600
3850.000 2.578
3855.000 2.562
3860.000 2.576
3865.000 2.590
3870.000 2.636
3875.000 2.664
3880.000 2.746
3885.000 2.858
3890.000 2.924
3895.000 3.086
3900.000 3.191
3905.000 3.456
3910.000 3.832
3915.000 4.065
3920.000 4.679
3925.000 5.056
3930.000 5.942
3935.000 6.794
3940.000 7.080
3945.000 7.046
3950.000 6.720
3955.000 5.730
3960.000 4.665
3965.000 4.217
3970.000 3.542
3975.000 3.282
3980.000 2.850
3985.000 2.502
3990.000 2.377
3995.000 2.137
4000.000 2.039
4005.000 1.880
4010.000 1.738
4015.000 1.685
4020.000 1.586
4025.000 1.547
4030.000 1.468
4035.000 1.411
4040.000 1.382
4045.000 1.343
4050.000 1.322
4055.000 1.289
4060.000 1.278
4065.000 1.275
4070.000 1.277
4075.000 1.281
4080.000 1.295
4085.000 1.318
4090.000 1.333
4095.000 1.382
4100.000 1.404
4105.000 1.470
4110.000 1.511
4115.000 1.603
4120.000 1.727
4125.000 1.803
4130.000 2.007
4135.000 2.144
4140.000 2.523
4145.000 4.584
4150.000 5.443
4155.000 6.624
4160.000 7.123
4165.000 5.619
4170.000 8.541
4175.000 8.959
4180.000 7.906
4185.000 6.664
4190.000 5.413
4195.000 4.144
4200.000 3.687
4205.000 3.145
4210.000 2.938
4215.000 2.306
4220.000 1.869
4225.000 1.701
4230.000 1.437
4235.000 1.334
4240.000 1.175
4245.000 1.072
4250.000 1.031
4255.000 0.960
4260.000 0.927
4265.000 0.874
4270.000 0.825
4275.000 0.805
4280.000 0.772
4285.000 0.758
4290.000 0.734
4295.000 0.712
4300.000 0.703
4305.000 0.694
4310.000 0.688
4315.000 0.682
4320.000 0.679
4325.000 0.679
4330.000 0.677
4335.000 0.677
4340.000 0.682
4345.000 0.692
4350.000 0.698
4355.000 0.712
4360.000 0.719
4365.000 0.739
4370.000 0.762
4375.000 0.777
4380.000 1.017
4385.000 1.316
4390.000 1.411
4395.000 1.473
4400.000 1.527
4405.000 1.679
4410.000 1.781
4415.000 2.036
4420.000 2.024
4425.000 2.499
4430.000 2.912
4435.000 3.092
4440.000 2.102
4445.000 2.357
4450.000 2.119
4455.000 1.493
4460.000 1.157
4465.000 0.989
4470.000 0.809
4475.000 0.738
4480.000 0.587
4485.000 0.537
4490.000 0.436
4495.000 0.366
4500.000 0.358
4505.000 0.308
4510.000 0.288
4515.000 0.259
4520.000 0.221
4525.000 0.209
4530.000 0.201
4535.000 0.198
4540.000 0.184
4545.000 0.180
4550.000 0.173
4555.000 0.174
4560.000 0.174
4565.000 0.167
4570.000 0.168
4575.000 0.171
4580.000 0.170
4585.000 0.158
4590.000 0.140
4595.000 0.178
4600.000 0.213
4605.000 0.206
4610.000 0.201
4615.000 0.208
4620.000 0.211
4625.000 0.212
4630.000 0.224
4635.000 0.235
4640.000 0.257
4645.000 0.288
4650.000 0.312
4655.000 0.370
4660.000 0.404
4665.000 0.511
4670.000 0.679
4675.000 0.785
4680.000 1.060
4685.000 1.263
4690.000 1.731
4695.000 2.014
4700.000 2.618
4705.000 3.071
4710.000 3.113
4715.000 2.749
4720.000 2.434
4725.000 1.852
4730.000 1.432
4735.000 1.273
4740.000 1.033
4745.000 0.943
4750.000 0.802
4755.000 0.702
4760.000 0.664
4765.000 0.607
4770.000 0.589
4775.000 0.559
4780.000 0.536
4785.000 0.529
4790.000 0.511
4795.000 0.506
4800.000 0.499
4805.000 0.494
4810.000 0.491
4815.000 0.487
4820.000 0.486
4825.000 0.485
4830.000 0.486
4835.000 0.486
4840.000 0.492
4845.000 0.493
4850.000 0.503
4855.000 0.512
4860.000 0.519
4865.000 0.529
4870.000 0.538
4875.000 0.555
4880.000 0.575
4885.000 0.589
4890.000 0.621
4895.000 0.638
4900.000 0.678
4905.000 0.730
4910.000 0.773
4915.000 0.860
4920.000 0.906
4925.000 1.024
4930.000 1.195
4935.000 1.308
4940.000 1.592
4945.000 1.742
4950.000 1.941
4955.000 1.773
4960.000 1.568
4965.000 1.134
4970.000 0.956
4975.000 0.687
4980.000 0.511
4985.000 0.440
4990.000 0.358
4995.000 0.310
5000.000 0.245
5005.000 0.222
5010.000 0.187
5015.000 0.152
5020.000 0.133
5025.000 0.123
5030.000 0.113
5035.000 0.109
5040.000 0.099
5045.000 0.098
5050.000 0.108
5055.000 0.107
5060.000 0.119
5065.000 0.130
5070.000 0.141
5075.000 0.163
5080.000 0.177
5085.000 0.206
5090.000 0.255
5095.000 0.288
5100.000 0.370
5105.000 0.432
5110.000 0.597
5115.000 0.830
5120.000 0.963
5125.000 1.266
5130.000 1.439
5135.000 1.840
5140.000 2.222
5145.000 2.347
5150.000 2.316
5155.000 2.156
5160.000 1.751
5165.000 1.376
5170.000 1.224
5175.000 0.984
5180.000 0.887
5185.000 0.739
5190.000 0.634
5195.000 0.593
5200.000 0.530
5205.000 0.502
5210.000 0.463
5215.000 0.439
5220.000 0.428
5225.000 0.413
5230.000 0.404
5235.000 0.395
5240.000 0.385
5245.000 0.381
5250.000 0.374
5255.000 0.370
5260.000 0.365
5265.000 0.360
5270.000 0.357
5275.000 0.354
5280.000 0.352
5285.000 0.346
5290.000 0.345
5295.000 0.343
5300.000 0.342
5305.000 0.337
5310.000 0.340
5315.000 0.337
5320.000 0.335
5325.000 0.333
5330.000 0.333
5335.000 0.331
5340.000 0.330
5345.000 0.331
5350.000 0.331
5355.000 0.332
5360.000 0.331
5365.000 0.328
5370.000 0.327
5375.000 0.326
5380.000 0.326
5385.000 0.326
5390.000 0.329
5395.000 0.329
5400.000 0.324
5405.000 0.327
5410.000 0.327
5415.000 0.326
5420.000 0.326
5425.000 0.325
5430.000 0.327
5435.000 0.325
5440.000 0.326
5445.000 0.327
5450.000 0.328
5455.000 0.329
5460.000 0.330
5465.000 0.328
5470.000 0.330
5475.000 0.331
5480.000 0.331
5485.000 0.329
5490.000 0.328
5495.000 0.330
5500.000 0.328
5505.000 0.328
5510.000 0.333
5515.000 0.337
5520.000 0.336
5525.000 0.334
5530.000 0.341
5535.000 0.338
5540.000 0.333
5545.000 0.331
5550.000 0.330
5555.000 0.329
5560.000 0.330
5565.000 0.327
5570.000 0.324
5575.000 0.323
5580.000 0.325
5585.000 0.323
5590.000 0.321
5595.000 0.323
5600.000 0.322
5605.000 0.320
5610.000 0.313
5615.000 0.310
5620.000 0.306
5625.000 0.295
5630.000 0.293
5635.000 0.288
5640.000 0.289
5645.000 0.294
5650.000 0.304
5655.000 0.309
5660.000 0.314
5665.000 0.316
5670.000 0.321
5675.000 0.327
5680.000 0.327
5685.000 0.329
5690.000 0.331
5695.000 0.331
5700.000 0.335
5705.000 0.334
5710.000 0.335
5715.000 0.335
5720.000 0.337
5725.000 0.335
5730.000 0.337
5735.000 0.339
5740.000 0.339
5745.000 0.339
5750.000 0.339
5755.000 0.339
5760.000 0.335
5765.000 0.337
5770.000 0.338
5775.000 0.339
5780.000 0.339
5785.000 0.342
5790.000 0.343
5795.000 0.341
5800.000 0.341
5805.000 0.341
5810.000 0.341
5815.000 0.343
5820.000 0.344
5825.000 0.340
5830.000 0.344
5835.000 0.345
5840.000 0.346
5845.000 0.340
5850.000 0.344
5855.000 0.343
5860.000 0.347
5865.000 0.346
5870.000 0.347
5875.000 0.347
5880.000 0.341
5885.000 0.350
5890.000 0.350
5895.000 0.350
5900.000 0.352
5905.000 0.352
5910.000 0.350
5915.000 0.350
5920.000 0.349
5925.000 0.349
5930.000 0.349
5935.000 0.347
5940.000 0.349
5945.000 0.408
5950.000 0.516
5955.000 0.516
5960.000 0.597
5965.000 0.592
5970.000 0.579
5975.000 0.554
5980.000 0.549
5985.000 0.501
5990.000 0.477
5995.000 0.434
6000.000 0.402
6005.000 0.394
6010.000 0.372
6015.000 0.370
6020.000 0.360
6025.000 0.372
6030.000 0.357
6035.000 0.369
6040.000 0.365
6045.000 0.364
6050.000 0.363
6055.000 0.356
6060.000 0.353
6065.000 0.362
6070.000 0.357
6075.000 0.355
6080.000 0.359
6085.000 0.361
6090.000 0.357
6095.000 0.359
6100.000 0.362
6105.000 0.361
6110.000 0.357
6115.000 0.356
6120.000 0.356
6125.000 0.358
6130.000 0.357
6135.000 0.357
6140.000 0.357
6145.000 0.361
6150.000 0.361
6155.000 0.361
6160.000 0.361
6165.000 0.365
6170.000 0.363
6175.000 0.363
6180.000 0.366
6185.000 0.364
6190.000 0.363
6195.000 0.362
6200.000 0.361
6205.000 0.362
6210.000 0.361
6215.000 0.362
6220.000 0.361
6225.000 0.364
6230.000 0.366
6235.000 0.363
6240.000 0.366
6245.000 0.366
6250.000 0.363
6255.000 0.366
6260.000 0.366
6265.000 0.367
6270.000 0.367
6275.000 0.366
6280.000 0.370
6285.000 0.368
6290.000 0.371
6295.000 0.365
6300.000 0.366
6305.000 0.372
6310.000 0.371
6315.000 0.385
6320.000 0.379
6325.000 0.375
6330.000 0.372
6335.000 0.372
6340.000 0.371
6345.000 0.371
6350.000 0.370
6355.000 0.371
6360.000 0.371
6365.000 0.375
6370.000 0.376
6375.000 0.375
6380.000 0.370
6385.000 0.370
6390.000 0.372
6395.000 0.376
6400.000 0.375
6405.000 0.372
6410.000 0.372
6415.000 0.374
6420.000 0.372
6425.000 0.372
6430.000 0.375
6435.000 0.375
6440.000 0.375
6445.000 0.373
6450.000 0.373
6455.000 0.376
6460.000 0.375
6465.000 0.377
6470.000 0.375
6475.000 0.378
6480.000 0.377
6485.000 0.376
6490.000 0.379
6495.000 0.378
6500.000 0.380
6505.000 0.382
6510.000 0.377
6515.000 0.378
6520.000 0.384
6525.000 0.383
6530.000 0.384
6535.000 0.386
6540.000 0.382
6545.000 0.387
6550.000 0.389
6555.000 0.390
6560.000 0.387
6565.000 0.390
6570.000 0.391
6575.000 0.395
6580.000 0.394
6585.000 0.398
6590.000 0.400
6595.000 0.406
6600.000 0.404
6605.000 0.408
6610.000 0.414
6615.000 0.418
6620.000 0.425
6625.000 0.433
6630.000 0.443
6635.000 0.453
6640.000 0.466
6645.000 0.487
6650.000 0.499
6655.000 0.533
6660.000 0.584
6665.000 0.620
6670.000 0.713
6675.000 0.784
6680.000 0.983
6685.000 1.291
6690.000 1.479
6695.000 1.848
6700.000 1.959
6705.000 1.826
6710.000 1.409
6715.000 1.226
6720.000 0.965
6725.000 0.877
6730.000 0.748
6735.000 0.663
6740.000 0.635
6745.000 0.594
6750.000 0.584
6755.000 0.578
6760.000 0.584
6765.000 0.588
6770.000 0.608
6775.000 0.625
6780.000 0.674
6785.000 0.709
6790.000 0.816
6795.000 0.980
6800.000 1.108
6805.000 1.475
6810.000 1.736
6815.000 2.443
6820.000 3.287
6825.000 3.694
6830.000 4.449
6835.000 4.564
6840.000 4.071
6845.000 3.232
6850.000 2.872
6855.000 2.310
6860.000 2.091
6865.000 1.763
6870.000 1.540
6875.000 1.461
6880.000 1.341
6885.000 1.297
6890.000 1.228
6895.000 1.203
6900.000 1.198
6905.000 1.196
6910.000 1.202
6915.000 1.214
6920.000 1.240
6925.000 1.251
6930.000 1.295
6935.000 1.315
6940.000 1.368
6945.000 1.441
6950.000 1.483
6955.000 1.577
6960.000 1.633
6965.000 1.779
6970.000 1.990
6975.000 2.115
6980.000 2.451
6985.000 2.682
6990.000 3.291
6995.000 4.209
7000.000 4.814
7005.000 6.285
7010.000 7.135
7015.000 8.747
7020.000 9.743
7025.000 9.724
7030.000 8.274
7035.000 7.295
7040.000 5.580
7045.000 4.325
7050.000 3.860
7055.000 3.183
7060.000 2.922
7065.000 2.548
7070.000 2.300
7075.000 2.217
7080.000 2.108
7085.000 2.071
7090.000 2.016
7095.000 1.988
7100.000 1.988
7105.000 2.003
7110.000 2.017
7115.000 2.072
7120.000 2.163
7125.000 2.214
7130.000 2.356
7135.000 2.446
7140.000 2.675
7145.000 2.991
7150.000 3.199
7155.000 3.730
7160.000 4.070
7165.000 4.918
7170.000 5.952
7175.000 6.488
7180.000 7.514
7185.000 7.905
7190.000 8.031
7195.000 7.235
7200.000 6.704
7205.000 5.667
7210.000 5.215
7215.000 4.490
7220.000 4.002
7225.000 3.818
7230.000 3.584
7235.000 3.504
7240.000 3.386
7245.000 3.316
7250.000 3.301
7255.000 3.301
7260.000 3.321
7265.000 3.382
7270.000 3.502
7275.000 3.583
7280.000 3.778
7285.000 3.900
7290.000 4.224
7295.000 4.649
7300.000 4.911
7305.000 5.475
7310.000 5.728
7315.000 5.991
7320.000 5.768
7325.000 5.485
7330.000 4.762
7335.000 4.377
7340.000 3.657
7345.000 3.062
7350.000 2.819
7355.000 2.406
7360.000 2.214
7365.000 2.003
7370.000 1.860
7375.000 1.622
7380.000 1.445
7385.000 1.372
7390.000 1.255
7395.000 1.195
7400.000 1.108
7405.000 1.032
7410.000 1.000
7415.000 0.928
7420.000 0.896
7425.000 0.834
7430.000 0.795
7435.000 0.776
7440.000 0.743
7445.000 0.730
7450.000 0.715
7455.000 0.709
7460.000 0.710
7465.000 0.715
7470.000 0.719
7475.000 0.739
7480.000 0.773
7485.000 0.796
7490.000 0.861
7495.000 0.907
7500.000 1.008
7505.000 1.122
7510.000 1.206
7515.000 1.421
7520.000 1.565
7525.000 1.915
7530.000 2.307
7535.000 2.511
7540.000 2.775
7545.000 2.722
7550.000 2.334
7555.000 1.885
7560.000 1.701
7565.000 1.416
7570.000 1.304
7575.000 1.134
7580.000 1.021
7585.000 0.978
7590.000 0.910
7595.000 0.879
7600.000 0.834
7605.000 0.783
7610.000 0.760
7615.000 0.724
7620.000 0.708
7625.000 0.682
7630.000 0.664
7635.000 0.658
7640.000 0.643
7645.000 0.639
7650.000 0.636
7655.000 0.631
7660.000 0.632
7665.000 0.632
7670.000 0.636
7675.000 0.642
7680.000 0.653
7685.000 0.662
7690.000 0.679
7695.000 0.691
7700.000 0.720
7705.000 0.757
7710.000 0.777
7715.000 0.823
7720.000 0.842
7725.000 0.900
7730.000 0.960
7735.000 1.003
7740.000 1.098
7745.000 1.156
7750.000 1.284
7755.000 1.421
7760.000 1.473
7765.000 1.489
7770.000 1.431
7775.000 1.224
7780.000 1.005
7785.000 0.903
7790.000 0.736
7795.000 0.672
7800.000 0.556
7805.000 0.474
7810.000 0.441
7815.000 0.391
7820.000 0.371
7825.000 0.338
7830.000 0.314
7835.000 0.304
7840.000 0.290
7845.000 0.282
7850.000 0.271
7855.000 0.261
7860.000 0.258
7865.000 0.251
7870.000 0.247
7875.000 0.241
7880.000 0.234
7885.000 0.230
7890.000 0.224
7895.000 0.221
7900.000 0.216
7905.000 0.206
7910.000 0.203
7915.000 0.189
7920.000 0.180
7925.000 0.163
7930.000 0.143
7935.000 0.129
7940.000 0.094
7945.000 0.071
7950.000 0.017
7955.000 0.029
7960.000 0.117
7965.000 0.230
7970.000 0.289
7975.000 0.382
7980.000 0.415
7985.000 0.451
7990.000 0.448
7995.000 0.447
8000.000 0.436
8005.000 0.421
8010.000 0.410
8015.000 0.400
8020.000 0.407
8025.000 0.396
8030.000 0.402
8035.000 0.397
8040.000 0.400
8045.000 0.399
8050.000 0.395
8055.000 0.405
8060.000 0.403
8065.000 0.414
8070.000 0.412
8075.000 0.413
8080.000 0.417
8085.000 0.412
8090.000 0.408
8095.000 0.399
8100.000 0.400
8105.000 0.399
8110.000 0.403
8115.000 0.398
8120.000 0.390
8125.000 0.378
8130.000 0.372
8135.000 0.363
8140.000 0.350
8145.000 0.346
8150.000 0.340
8155.000 0.335
8160.000 0.333
8165.000 0.331
8170.000 0.330
8175.000 0.331
8180.000 0.333
8185.000 0.337
8190.000 0.338
8195.000 0.337
8200.000 0.337
8205.000 0.335
8210.000 0.332
8215.000 0.332
8220.000 0.331
8225.000 0.333
8230.000 0.334
8235.000 0.337
8240.000 0.339
8245.000 0.338
8250.000 0.341
8255.000 0.343
8260.000 0.343
8265.000 0.339
8270.000 0.340
8275.000 0.341
8280.000 0.343
8285.000 0.343
8290.000 0.342
8295.000 0.345
8300.000 0.345
8305.000 0.344
8310.000 0.345
8315.000 0.344
8320.000 0.346
8325.000 0.344
8330.000 0.345
8335.000 0.346
8340.000 0.348
8345.000 0.349
8350.000 0.349
8355.000 0.351
8360.000 0.353
8365.000 0.350
8370.000 0.352
8375.000 0.353
8380.000 0.352
8385.000 0.357
8390.000 0.357
8395.000 0.357
8400.000 0.358
8405.000 0.358
8410.000 0.360
8415.000 0.359
8420.000 0.362
8425.000 0.358
8430.000 0.360
8435.000 0.361
8440.000 0.360
8445.000 0.363
8450.000 0.361
8455.000 0.363
8460.000 0.364
8465.000 0.363
8470.000 0.365
8475.000 0.367
8480.000 0.368
8485.000 0.369
8490.000 0.367
8495.000 0.370
8500.000 0.371
8505.000 0.371
8510.000 0.371
8515.000 0.373
8520.000 0.374
8525.000 0.375
8530.000 0.376
8535.000 0.375
8540.000 0.377
8545.000 0.379
8550.000 0.380
8555.000 0.380
8560.000 0.382
8565.000 0.380
8570.000 0.381
8575.000 0.383
8580.000 0.384
8585.000 0.387
8590.000 0.385
8595.000 0.386
8600.000 0.389
8605.000 0.390
8610.000 0.390
8615.000 0.393
8620.000 0.390
8625.000 0.389
8630.000 0.384
8635.000 0.389
8640.000 0.390
8645.000 0.389
8650.000 0.393
8655.000 0.392
8660.000 0.393
8665.000 0.393
8670.000 0.395
8675.000 0.394
8680.000 0.394
8685.000 0.393
8690.000 0.393
8695.000 0.398
8700.000 0.394
8705.000 0.394
8710.000 0.393
8715.000 0.397
8720.000 0.395
8725.000 0.396
8730.000 0.394
8735.000 0.395
8740.000 0.394
8745.000 0.393
8750.000 0.395
8755.000 0.394
8760.000 0.392
8765.000 0.396
8770.000 0.396
8775.000 0.395
8780.000 0.398
8785.000 0.397
8790.000 0.395
8795.000 0.400
8800.000 0.410
8805.000 0.406
8810.000 0.407
8815.000 0.406
8820.000 0.399
8825.000 0.417
8830.000 0.397
8835.000 0.409
8840.000 0.407
8845.000 0.410
8850.000 0.410
8855.000 0.401
8860.000 0.400
8865.000 0.397
8870.000 0.398
8875.000 0.397
8880.000 0.400
8885.000 0.397
8890.000 0.397
8895.000 0.402
8900.000 0.402
8905.000 0.405
8910.000 0.405
8915.000 0.404
8920.000 0.405
8925.000 0.404
8930.000 0.403
8935.000 0.398
8940.000 0.403
8945.000 0.398
8950.000 0.396
8955.000 0.399
8960.000 0.403
8965.000 0.400
8970.000 0.399
8975.000 0.396
8980.000 0.400
8985.000 0.399
8990.000 0.404
8995.000 0.404
9000.000 0.403
9005.000 0.400
9010.000 0.400
9015.000 0.402
9020.000 0.411
9025.000 0.403
9030.000 0.402
9035.000 0.410
9040.000 0.408
9045.000 0.407
9050.000 0.410
9055.000 0.405
9060.000 0.401
9065.000 0.405
9070.000 0.408
9075.000 0.406
9080.000 0.410
9085.000 0.407
9090.000 0.406
9095.000 0.406
9100.000 0.404
9105.000 0.406
9110.000 0.403
9115.000 0.405
9120.000 0.403
9125.000 0.406
9130.000 0.405
9135.000 0.404
9140.000 0.402
9145.000 0.406
9150.000 0.407
9155.000 0.404
9160.000 0.406
9165.000 0.404
9170.000 0.402
9175.000 0.403
9180.000 0.404
9185.000 0.401
9190.000 0.405
9195.000 0.405
9200.000 0.405
9205.000 0.405
9210.000 0.405
9215.000 0.404
9220.000 0.408
9225.000 0.410
9230.000 0.409
9235.000 0.408
9240.000 0.409
9245.000 0.407
9250.000 0.409
9255.000 0.409
9260.000 0.406
9265.000 0.408
9270.000 0.408
9275.000 0.409
9280.000 0.405
9285.000 0.405
9290.000 0.405
9295.000 0.409
9300.000 0.406
9305.000 0.406
9310.000 0.405
9315.000 0.404
9320.000 0.405
9325.000 0.405
9330.000 0.408
9335.000 0.407
9340.000 0.408
9345.000 0.408
9350.000 0.414
9355.000 0.415
9360.000 0.411
9365.000 0.408
9370.000 0.408
9375.000 0.409
9380.000 0.407
9385.000 0.409
9390.000 0.407
9395.000 0.404
9400.000 0.407
9405.000 0.405
9410.000 0.410
9415.000 0.413
9420.000 0.415
9425.000 0.413
9430.000 0.413
9435.000 0.414
9440.000 0.413
9445.000 0.411
9450.000 0.411
9455.000 0.411
9460.000 0.409
9465.000 0.410
9470.000 0.412
9475.000 0.410
9480.000 0.412
9485.000 0.413
9490.000 0.410
9495.000 0.411
9500.000 0.414
9505.000 0.409
9510.000 0.408
9515.000 0.412
9520.000 0.408
9525.000 0.413
9530.000 0.410
9535.000 0.411
9540.000 0.411
9545.000 0.412
9550.000 0.416
9555.000 0.412
9560.000 0.414
9565.000 0.415
9570.000 0.413
9575.000 0.411
9580.000 0.410
9585.000 0.412
9590.000 0.411
9595.000 0.409
9600.000 0.411
9605.000 0.416
9610.000 0.412
9615.000 0.415
9620.000 0.414
9625.000 0.413
9630.000 0.415
9635.000 0.416
9640.000 0.413
9645.000 0.414
9650.000 0.415
9655.000 0.414
9660.000 0.412
9665.000 0.415
9670.000 0.414
9675.000 0.411
9680.000 0.412
9685.000 0.413
9690.000 0.412
9695.000 0.415
9700.000 0.413
9705.000 0.415
9710.000 0.415
9715.000 0.415
9720.000 0.413
9725.000 0.413
9730.000 0.413
9735.000 0.414
9740.000 0.415
9745.000 0.413
9750.000 0.415
9755.000 0.413
9760.000 0.413
9765.000 0.416
9770.000 0.419
9775.000 0.418
9780.000 0.420
9785.000 0.420
9790.000 0.420
9795.000 0.423
9800.000 0.423
9805.000 0.427
9810.000 0.426
9815.000 0.423
9820.000 0.428
9825.000 0.426
9830.000 0.424
9835.000 0.423
9840.000 0.427
9845.000 0.427
9850.000 0.425
9855.000 0.426
9860.000 0.427
9865.000 0.425
9870.000 0.425
9875.000 0.427
9880.000 0.430
9885.000 0.431
9890.000 0.435
9895.000 0.442
9900.000 0.444
9905.000 0.444
9910.000 0.446
9915.000 0.451
9920.000 0.463
9925.000 0.467
9930.000 0.476
9935.000 0.486
9940.000 0.496
9945.000 0.516
9950.000 0.527
9955.000 0.550
9960.000 0.560
9965.000 0.553
9970.000 0.496
9975.000 0.452
9980.000 0.338
9985.000 0.283
9990.000 0.220
9995.000 0.190
10000.000 0.179
10005.000 0.179
10010.000 0.179
10015.000 0.179
10020.000 0.168
10025.000 0.176
10030.000 0.166
10035.000 0.157
10040.000 0.142
10045.000 0.137
10050.000 0.130
10055.000 0.131
10060.000 0.147
10065.000 0.192
10070.000 0.244
10075.000 0.439
10080.000 0.798
10085.000 1.029
10090.000 1.535
10095.000 1.772
10100.000 2.106
10105.000 2.197
10110.000 2.157
10115.000 2.027
10120.000 1.937
10125.000 1.777
10130.000 1.618
10135.000 1.542
10140.000 1.394
10145.000 1.331
10150.000 1.207
10155.000 1.101
10160.000 1.055
10165.000 0.979
10170.000 0.943
10175.000 0.889
10180.000 0.850
10185.000 0.840
10190.000 0.837
10195.000 0.841
10200.000 0.853
10205.000 0.877
10210.000 0.893
10215.000 0.932
10220.000 0.955
10225.000 1.000
10230.000 1.066
10235.000 1.104
10240.000 1.201
10245.000 1.256
10250.000 1.390
10255.000 1.548
10260.000 1.630
10265.000 1.725
10270.000 1.716
10275.000 1.550
10280.000 1.292
10285.000 1.157
10290.000 0.920
10295.000 0.818
10300.000 0.652
10305.000 0.529
10310.000 0.480
10315.000 0.396
10320.000 0.370
10325.000 0.316
10330.000 0.280
10335.000 0.264
10340.000 0.245
10345.000 0.240
10350.000 0.236
10355.000 0.238
10360.000 0.245
10365.000 0.263
10370.000 0.274
10375.000 0.310
10380.000 0.354
10385.000 0.389
10390.000 0.459
10395.000 0.513
10400.000 0.657
10405.000 0.862
10410.000 0.989
10415.000 1.320
10420.000 1.528
10425.000 2.016
10430.000 2.592
10435.000 2.896
10440.000 3.526
10445.000 3.841
10450.000 4.370
10455.000 4.678
10460.000 4.718
10465.000 4.609
10470.000 4.475
10475.000 4.147
10480.000 3.775
10485.000 3.595
10490.000 3.228
10495.000 3.058
10500.000 2.759
10505.000 2.513
10510.000 2.411
10515.000 2.245
10520.000 2.180
10525.000 2.077
10530.000 2.015
10535.000 1.999
10540.000 1.999
10545.000 2.013
10550.000 2.067
10555.000 2.154
10560.000 2.198
10565.000 2.262
10570.000 2.279
10575.000 2.254
10580.000 2.127
10585.000 2.034
10590.000 1.786
10595.000 1.654
10600.000 1.397
10605.000 1.166
10610.000 1.070
10615.000 0.902
10620.000 0.828
10625.000 0.702
10630.000 0.648
10635.000 0.565
10640.000 0.498
10645.000 0.471
10650.000 0.427
10655.000 0.413
10660.000 0.388
10665.000 0.372
10670.000 0.366
10675.000 0.358
10680.000 0.364
10685.000 0.393
10690.000 0.429
10695.000 0.459
10700.000 0.539
10705.000 0.593
10710.000 0.743
10715.000 0.957
10720.000 1.085
10725.000 1.402
10730.000 1.567
10735.000 1.878
10740.000 2.056
10745.000 2.076
10750.000 1.983
10755.000 1.886
10760.000 1.660
10765.000 1.441
10770.000 1.342
10775.000 1.177
10780.000 1.106
10785.000 0.992
10790.000 0.906
10795.000 0.873
10800.000 0.817
10805.000 0.796
10810.000 0.767
10815.000 0.752
10820.000 0.741
10825.000 0.723
10830.000 0.716
10835.000 0.708
10840.000 0.701
10845.000 0.694
10850.000 0.691
10855.000 0.692
10860.000 0.691
10865.000 0.694
10870.000 0.693
10875.000 0.700
10880.000 0.701
10885.000 0.706
10890.000 0.712
10895.000 0.715
10900.000 0.717
10905.000 0.715
10910.000 0.711
10915.000 0.699
10920.000 0.691
10925.000 0.679
10930.000 0.675
10935.000 0.654
10940.000 0.612
10945.000 0.581
10950.000 0.493
10955.000 0.442
10960.000 0.355
10965.000 0.302
10970.000 0.281
10975.000 0.268
10980.000 0.267
10985.000 0.267
10990.000 0.275
10995.000 0.273
11000.000 0.276
11005.000 0.268
11010.000 0.265
11015.000 0.258
11020.000 0.262
11025.000 0.259
11030.000 0.265
11035.000 0.261
11040.000 0.283
11045.000 0.284
11050.000 0.278
11055.000 0.278
11060.000 0.274
11065.000 0.270
11070.000 0.270
11075.000 0.269
11080.000 0.272
11085.000 0.279
11090.000 0.290
11095.000 0.304
11100.000 0.340
11105.000 0.360
11110.000 0.417
11115.000 0.480
11120.000 0.504
11125.000 0.540
11130.000 0.551
11135.000 0.551
11140.000 0.542
11145.000 0.530
11150.000 0.508
11155.000 0.500
11160.000 0.492
11165.000 0.490
11170.000 0.487
11175.000 0.483
11180.000 0.479
11185.000 0.475
11190.000 0.473
11195.000 0.472
11200.000 0.468
11205.000 0.466
11210.000 0.465
11215.000 0.462
11220.000 0.454
11225.000 0.444
11230.000 0.436
11235.000 0.418
11240.000 0.410
11245.000 0.397
11250.000 0.388
11255.000 0.387
11260.000 0.389
11265.000 0.389
11270.000 0.390
11275.000 0.393
11280.000 0.393
11285.000 0.395
11290.000 0.396
11295.000 0.395
11300.000 0.397
11305.000 0.396
11310.000 0.396
11315.000 0.397
11320.000 0.398
11325.000 0.399
11330.000 0.399
11335.000 0.401
11340.000 0.400
11345.000 0.401
11350.000 0.400
11355.000 0.399
11360.000 0.401
11365.000 0.399
11370.000 0.402
11375.000 0.400
11380.000 0.398
11385.000 0.400
11390.000 0.401
11395.000 0.401
11400.000 0.403
11405.000 0.400
11410.000 0.399
11415.000 0.396
11420.000 0.401
11425.000 0.401
11430.000 0.401
11435.000 0.402
11440.000 0.398
11445.000 0.398
11450.000 0.400
11455.000 0.398
11460.000 0.399
11465.000 0.399
11470.000 0.397
11475.000 0.402
11480.000 0.400
11485.000 0.399
11490.000 0.401
11495.000 0.402
11500.000 0.397
11505.000 0.400
11510.000 0.400
11515.000 0.399
11520.000 0.402
11525.000 0.406
11530.000 0.407
11535.000 0.405
11540.000 0.404
11545.000 0.404
11550.000 0.401
11555.000 0.400
11560.000 0.400
11565.000 0.399
11570.000 0.398
11575.000 0.398
11580.000 0.396
11585.000 0.397
11590.000 0.397
11595.000 0.397
11600.000 0.396
11605.000 0.396
11610.000 0.395
11615.000 0.398
11620.000 0.395
11625.000 0.393
11630.000 0.395
11635.000 0.396
11640.000 0.395
11645.000 0.393
11650.000 0.394
11655.000 0.391
11660.000 0.397
11665.000 0.398
11670.000 0.397
11675.000 0.399
11680.000 0.395
11685.000 0.399
11690.000 0.397
11695.000 0.394
11700.000 0.397
11705.000 0.396
11710.000 0.399
11715.000 0.398
11720.000 0.396
11725.000 0.392
11730.000 0.396
11735.000 0.401
11740.000 0.399
11745.000 0.395
11750.000 0.400
11755.000 0.399
11760.000 0.396
11765.000 0.396
11770.000 0.398
11775.000 0.394
11780.000 0.393
11785.000 0.394
11790.000 0.390
11795.000 0.392
11800.000 0.392
11805.000 0.392
11810.000 0.393
11815.000 0.393
11820.000 0.390
11825.000 0.391
11830.000 0.390
11835.000 0.390
11840.000 0.389
11845.000 0.389
11850.000 0.390
11855.000 0.387
11860.000 0.386
11865.000 0.387
11870.000 0.387
11875.000 0.386
11880.000 0.384
11885.000 0.389
11890.000 0.389
11895.000 0.391
11900.000 0.392
11905.000 0.391
11910.000 0.389
11915.000 0.388
11920.000 0.388
11925.000 0.387
11930.000 0.386
11935.000 0.390
11940.000 0.390
11945.000 0.387
11950.000 0.387
11955.000 0.388
11960.000 0.389
11965.000 0.385
11970.000 0.385
11975.000 0.384
11980.000 0.389
11985.000 0.386
11990.000 0.386
11995.000 0.392
12000.000 0.390
