105.000 0.020
110.000 0.029
115.000 3.877
120.000 4.583
125.000 4.953
130.000 5.835
135.000 6.347
140.000 6.738
145.000 7.350
150.000 8.341
155.000 8.758
160.000 9.301
165.000 9.523
170.000 9.760
175.000 9.811
180.000 9.831
185.000 9.961
190.000 10.301
195.000 10.992
200.000 11.206
205.000 11.822
210.000 12.700
215.000 13.164
220.000 13.915
225.000 14.460
230.000 14.693
235.000 14.905
240.000 14.852
245.000 15.196
250.000 15.352
255.000 16.095
260.000 17.434
265.000 17.919
270.000 19.458
275.000 20.021
280.000 21.749
285.000 23.562
290.000 24.589
295.000 26.786
300.000 28.062
305.000 30.778
310.000 34.032
315.000 35.815
320.000 39.898
325.000 42.187
330.000 47.128
335.000 52.347
340.000 54.993
345.000 60.095
350.000 62.344
355.000 65.801
360.000 66.608
365.000 66.632
370.000 65.738
375.000 64.380
380.000 60.055
385.000 56.440
390.000 55.065
395.000 52.994
400.000 52.255
405.000 51.179
410.000 50.441
415.000 50.169
420.000 49.606
425.000 49.308
430.000 47.670
435.000 47.081
440.000 45.712
445.000 44.111
450.000 43.135
455.000 40.988
460.000 38.613
465.000 37.337
470.000 34.699
475.000 33.313
480.000 30.417
485.000 27.274
490.000 25.851
495.000 23.294
500.000 22.177
505.000 20.152
510.000 19.268
515.000 17.715
520.000 16.398
525.000 15.830
530.000 14.822
535.000 13.996
540.000 13.632
545.000 12.967
550.000 12.695
555.000 12.214
560.000 11.818
565.000 11.665
570.000 11.431
575.000 11.336
580.000 11.125
585.000 10.947
590.000 10.912
595.000 10.871
600.000 10.872
605.000 10.862
610.000 10.903
615.000 10.990
620.000 11.105
625.000 11.206
630.000 11.483
635.000 11.835
640.000 12.044
645.000 12.797
650.000 13.176
655.000 14.092
660.000 15.288
665.000 16.079
670.000 18.008
675.000 19.255
680.000 21.921
685.000 25.632
690.000 27.505
695.000 30.480
700.000 31.174
705.000 29.608
710.000 27.301
715.000 21.150
720.000 15.675
725.000 13.511
730.000 10.324
735.000 8.105
740.000 7.253
745.000 6.561
750.000 5.449
755.000 4.642
760.000 4.058
765.000 3.834
770.000 3.506
775.000 3.334
780.000 2.950
785.000 2.743
790.000 2.446
795.000 2.235
800.000 2.133
805.000 1.983
810.000 1.922
815.000 1.835
820.000 1.741
825.000 1.678
830.000 1.579
835.000 1.534
840.000 1.449
845.000 1.380
850.000 1.347
855.000 1.305
860.000 1.278
865.000 1.227
870.000 1.192
875.000 1.175
880.000 1.135
885.000 1.123
890.000 1.102
895.000 1.093
900.000 1.081
905.000 1.072
910.000 1.068
915.000 1.066
920.000 1.059
925.000 1.066
930.000 1.063
935.000 1.076
940.000 1.100
945.000 1.115
950.000 1.133
955.000 1.174
960.000 1.185
965.000 1.236
970.000 1.273
975.000 1.336
980.000 1.382
985.000 1.508
990.000 1.659
995.000 1.878
1000.000 2.015
1005.000 2.413
1010.000 2.702
1015.000 3.491
1020.000 4.761
1025.000 5.535
1030.000 6.912
1035.000 7.173
1040.000 6.265
1045.000 4.712
1050.000 4.003
1055.000 2.897
1060.000 2.517
1065.000 1.859
1070.000 1.655
1075.000 1.350
1080.000 1.120
1085.000 1.042
1090.000 0.908
1095.000 0.857
1100.000 0.770
1105.000 0.676
1110.000 0.650
1115.000 0.600
1120.000 0.584
1125.000 0.548
1130.000 0.533
1135.000 0.510
1140.000 0.489
1145.000 0.482
1150.000 0.467
1155.000 0.458
1160.000 0.454
1165.000 0.446
1170.000 0.444
1175.000 0.442
1180.000 0.439
1185.000 0.439
1190.000 0.443
1195.000 0.444
1200.000 0.449
1205.000 0.456
1210.000 0.459
1215.000 0.467
1220.000 0.475
1225.000 0.481
1230.000 0.489
1235.000 0.494
1240.000 0.509
1245.000 0.524
1250.000 0.530
1255.000 0.551
1260.000 0.560
1265.000 0.580
1270.000 0.608
1275.000 0.620
1280.000 0.644
1285.000 0.655
1290.000 0.686
1295.000 0.719
1300.000 0.740
1305.000 0.775
1310.000 0.796
1315.000 0.845
1320.000 0.896
1325.000 0.926
1330.000 0.989
1335.000 1.022
1340.000 1.104
1345.000 1.187
1350.000 1.241
1355.000 1.361
1360.000 1.428
1365.000 1.582
1370.000 1.774
1375.000 1.910
1380.000 2.199
1385.000 2.385
1390.000 2.867
1395.000 3.175
1400.000 4.053
1405.000 5.395
1410.000 6.318
1415.000 8.749
1420.000 10.228
1425.000 13.467
1430.000 15.104
1435.000 18.273
1440.000 20.840
1445.000 21.471
1450.000 20.822
1455.000 17.592
1460.000 15.673
1465.000 12.205
1470.000 10.785
1475.000 8.533
1480.000 6.930
1485.000 6.308
1490.000 5.786
1495.000 4.990
1500.000 4.417
1505.000 4.008
1510.000 3.869
1515.000 3.709
1520.000 3.643
1525.000 3.554
1530.000 3.441
1535.000 3.395
1540.000 3.323
1545.000 3.291
1550.000 3.250
1555.000 3.217
1560.000 3.207
1565.000 3.204
1570.000 3.207
1575.000 3.273
1580.000 3.261
1585.000 3.264
1590.000 3.306
1595.000 3.340
1600.000 3.435
1605.000 3.531
1610.000 3.562
1615.000 3.635
1620.000 3.691
1625.000 3.841
1630.000 3.977
1635.000 4.060
1640.000 4.246
1645.000 4.744
1650.000 7.446
1655.000 8.680
1660.000 8.905
1665.000 9.571
1670.000 9.525
1675.000 9.907
1680.000 10.644
1685.000 14.162
1690.000 19.209
1695.000 21.800
1700.000 26.035
1705.000 27.321
1710.000 27.413
1715.000 23.467
1720.000 20.917
1725.000 16.424
1730.000 14.573
1735.000 11.658
1740.000 9.628
1745.000 8.864
1750.000 11.197
1755.000 10.466
1760.000 9.531
1765.000 8.449
1770.000 7.676
1775.000 7.820
1780.000 7.811
1785.000 7.469
1790.000 6.932
1795.000 6.705
1800.000 5.764
1805.000 5.395
1810.000 6.933
1815.000 6.109
1820.000 6.057
1825.000 5.473
1830.000 5.132
1835.000 4.608
1840.000 4.396
1845.000 4.063
1850.000 3.846
1855.000 3.774
1860.000 3.741
1865.000 3.747
1870.000 3.829
1875.000 3.846
1880.000 3.876
1885.000 3.961
1890.000 4.074
1895.000 4.136
1900.000 4.288
1905.000 4.373
1910.000 4.571
1915.000 4.801
1920.000 4.932
1925.000 5.185
1930.000 5.382
1935.000 5.751
1940.000 6.267
1945.000 6.560
1950.000 12.842
1955.000 13.115
1960.000 14.132
1965.000 14.998
1970.000 14.732
1975.000 14.642
1980.000 14.882
1985.000 16.729
1990.000 18.151
1995.000 18.339
2000.000 17.257
2005.000 16.161
2010.000 13.664
2015.000 11.314
2020.000 10.319
2025.000 8.664
2030.000 8.019
2035.000 7.058
2040.000 6.343
2045.000 6.040
2050.000 5.537
2055.000 5.320
2060.000 4.925
2065.000 4.597
2070.000 4.450
2075.000 4.180
2080.000 4.070
2085.000 3.861
2090.000 3.681
2095.000 3.607
2100.000 3.466
2105.000 3.403
2110.000 3.280
2115.000 3.199
2120.000 3.158
2125.000 3.087
2130.000 3.055
2135.000 3.011
2140.000 2.989
2145.000 2.961
2150.000 2.962
2155.000 2.967
2160.000 2.987
2165.000 3.022
2170.000 3.045
2175.000 3.110
2180.000 3.152
2185.000 3.263
2190.000 3.412
2195.000 3.505
2200.000 3.742
2205.000 3.899
2210.000 4.332
2215.000 4.982
2220.000 5.410
2225.000 6.459
2230.000 7.041
2235.000 7.939
2240.000 7.767
2245.000 7.189
2250.000 5.498
2255.000 4.680
2260.000 3.417
2265.000 2.588
2270.000 2.266
2275.000 1.801
2280.000 1.602
2285.000 1.281
2290.000 1.148
2295.000 0.939
2300.000 0.778
2305.000 0.712
2310.000 0.600
2315.000 0.553
2320.000 0.474
2325.000 0.408
2330.000 0.379
2335.000 0.329
2340.000 0.308
2345.000 0.269
2350.000 0.238
2355.000 0.224
2360.000 0.200
2365.000 0.191
2370.000 0.174
2375.000 0.162
2380.000 0.156
2385.000 0.148
2390.000 0.145
2395.000 0.139
2400.000 0.137
2405.000 0.136
2410.000 0.137
2415.000 0.135
2420.000 0.135
2425.000 0.137
2430.000 0.141
2435.000 0.143
2440.000 0.145
2445.000 0.145
2450.000 0.148
2455.000 0.153
2460.000 0.154
2465.000 0.156
2470.000 0.162
2475.000 0.165
2480.000 0.165
2485.000 0.171
2490.000 0.169
2495.000 0.174
2500.000 0.176
2505.000 0.180
2510.000 0.182
2515.000 0.183
2520.000 0.185
2525.000 0.189
2530.000 0.193
2535.000 0.191
2540.000 0.195
2545.000 0.198
2550.000 0.200
2555.000 0.201
2560.000 0.203
2565.000 0.206
2570.000 0.207
2575.000 0.209
2580.000 0.210
2585.000 0.212
2590.000 0.214
2595.000 0.215
2600.000 0.216
2605.000 0.217
2610.000 0.218
2615.000 0.217
2620.000 0.218
2625.000 0.221
2630.000 0.221
2635.000 0.223
2640.000 0.224
2645.000 0.227
2650.000 0.225
2655.000 0.225
2660.000 0.227
2665.000 0.226
2670.000 0.229
2675.000 0.228
2680.000 0.230
2685.000 0.230
2690.000 0.231
2695.000 0.230
2700.000 0.231
2705.000 0.234
2710.000 0.232
2715.000 0.234
2720.000 0.235
2725.000 0.234
2730.000 0.235
2735.000 0.234
2740.000 0.236
2745.000 0.237
2750.000 0.237
2755.000 0.236
2760.000 0.238
2765.000 0.237
2770.000 0.240
2775.000 0.239
2780.000 0.238
2785.000 0.239
2790.000 0.240
2795.000 0.238
2800.000 0.240
2805.000 0.241
2810.000 0.239
2815.000 0.240
2820.000 0.240
2825.000 0.242
2830.000 0.242
2835.000 0.242
2840.000 0.244
2845.000 0.244
2850.000 0.244
2855.000 0.242
2860.000 0.245
2865.000 0.243
2870.000 0.242
2875.000 0.244
2880.000 0.245
2885.000 0.243
2890.000 0.245
2895.000 0.245
2900.000 0.243
2905.000 0.245
2910.000 0.244
2915.000 0.245
2920.000 0.248
2925.000 0.247
2930.000 0.248
2935.000 0.248
2940.000 0.248
2945.000 0.247
2950.000 0.251
2955.000 0.248
2960.000 0.245
2965.000 0.243
2970.000 0.250
2975.000 0.248
2980.000 0.243
2985.000 0.252
2990.000 0.244
2995.000 0.249
3000.000 0.247
3005.000 0.244
3010.000 0.245
3015.000 0.243
3020.000 0.247
3025.000 0.250
3030.000 0.245
3035.000 0.243
3040.000 0.241
3045.000 0.242
3050.000 0.249
3055.000 0.243
3060.000 0.244
3065.000 0.250
3070.000 0.245
3075.000 0.245
3080.000 0.248
3085.000 0.248
3090.000 0.249
3095.000 0.249
3100.000 0.248
3105.000 0.247
3110.000 0.248
3115.000 0.248
3120.000 0.251
3125.000 0.249
3130.000 0.250
3135.000 0.252
3140.000 0.251
3145.000 0.254
3150.000 0.252
3155.000 0.255
3160.000 0.258
3165.000 0.263
3170.000 0.261
3175.000 0.263
3180.000 0.268
3185.000 0.272
3190.000 0.272
3195.000 0.275
3200.000 0.278
3205.000 0.284
3210.000 0.290
3215.000 0.293
3220.000 0.302
3225.000 0.305
3230.000 0.318
3235.000 0.331
3240.000 0.339
3245.000 0.351
3250.000 0.364
3255.000 0.382
3260.000 0.408
3265.000 0.423
3270.000 0.457
3275.000 0.474
3280.000 0.519
3285.000 0.571
3290.000 0.604
3295.000 0.682
3300.000 0.731
3305.000 0.854
3310.000 1.032
3315.000 1.152
3320.000 1.489
3325.000 1.721
3330.000 2.353
3335.000 3.249
3340.000 3.790
3345.000 5.085
3350.000 5.865
3355.000 7.759
3360.000 10.210
3365.000 11.660
3370.000 14.793
3375.000 16.254
3380.000 18.193
3385.000 17.987
3390.000 17.097
3395.000 14.919
3400.000 13.945
3405.000 12.342
3410.000 11.100
3415.000 10.575
3420.000 9.714
3425.000 9.374
3430.000 8.885
3435.000 8.704
3440.000 8.718
3445.000 8.823
3450.000 9.306
3455.000 10.240
3460.000 10.831
3465.000 12.341
3470.000 14.322
3475.000 15.458
3480.000 17.682
3485.000 18.554
3490.000 19.082
3495.000 17.128
3500.000 15.406
3505.000 11.920
3510.000 10.382
3515.000 7.962
3520.000 6.318
3525.000 5.703
3530.000 4.770
3535.000 4.408
3540.000 3.887
3545.000 3.531
3550.000 3.405
3555.000 3.199
3560.000 3.112
3565.000 2.966
3570.000 2.858
3575.000 2.811
3580.000 2.727
3585.000 2.696
3590.000 2.647
3595.000 2.624
3600.000 2.616
3605.000 2.616
3610.000 2.626
3615.000 2.657
3620.000 2.716
3625.000 2.750
3630.000 2.840
3635.000 2.896
3640.000 3.028
3645.000 3.198
3650.000 3.296
3655.000 3.556
3660.000 3.720
3665.000 4.147
3670.000 4.765
3675.000 5.175
3680.000 6.262
3685.000 6.991
3690.000 8.842
3695.000 11.169
3700.000 12.364
3705.000 14.048
3710.000 14.157
3715.000 12.541
3720.000 9.853
3725.000 8.573
3730.000 6.543
3735.000 5.783
3740.000 4.633
3745.000 3.835
3750.000 3.542
3755.000 3.127
3760.000 2.977
3765.000 2.720
3770.000 2.607
3775.000 2.416
3780.000 2.336
3785.000 2.194
3790.000 2.075
3795.000 1.974
3800.000 1.929
3805.000 1.851
3810.000 1.812
3815.000 1.731
3820.000 1.667
3825.000 1.638
3830.000 1.597
3835.000 1.580
3840.000 1.553
3845.000 1.542
3850.000 1.536
3855.000 1.531
3860.000 1.537
3865.000 1.550
3870.000 1.569
3875.000 1.585
3880.000 1.631
3885.000 1.659
3890.000 1.727
3895.000 1.821
3900.000 1.872
3905.000 1.976
3910.000 2.039
3915.000 2.196
3920.000 2.428
3925.000 2.575
3930.000 2.974
3935.000 3.232
3940.000 3.907
3945.000 4.800
3950.000 5.284
3955.000 5.966
3960.000 6.001
3965.000 5.296
3970.000 4.124
3975.000 3.563
3980.000 2.679
3985.000 2.350
3990.000 1.853
3995.000 1.535
4000.000 1.420
4005.000 1.210
4010.000 1.118
4015.000 0.980
4020.000 0.837
4025.000 0.780
4030.000 0.688
4035.000 0.639
4040.000 0.575
4045.000 0.518
4050.000 0.491
4055.000 0.454
4060.000 0.440
4065.000 0.421
4070.000 0.400
4075.000 0.377
4080.000 0.360
4085.000 0.350
4090.000 0.339
4095.000 0.333
4100.000 0.323
4105.000 0.314
4110.000 0.310
4115.000 0.301
4120.000 0.298
4125.000 0.294
4130.000 0.290
4135.000 0.290
4140.000 0.286
4145.000 0.284
4150.000 0.283
4155.000 0.281
4160.000 0.279
4165.000 0.279
4170.000 0.278
4175.000 0.279
4180.000 0.279
4185.000 0.278
4190.000 0.282
4195.000 0.282
4200.000 0.284
4205.000 0.287
4210.000 0.289
4215.000 0.292
4220.000 0.294
4225.000 0.298
4230.000 0.301
4235.000 0.306
4240.000 0.312
4245.000 0.315
4250.000 0.324
4255.000 0.330
4260.000 0.334
4265.000 0.342
4270.000 0.345
4275.000 0.354
4280.000 0.366
4285.000 0.372
4290.000 0.385
4295.000 0.392
4300.000 0.409
4305.000 0.433
4310.000 0.448
4315.000 0.482
4320.000 0.506
4325.000 0.557
4330.000 0.624
4335.000 0.656
4340.000 0.722
4345.000 0.764
4350.000 0.877
4355.000 0.944
4360.000 1.111
4365.000 1.364
4370.000 1.529
4375.000 2.012
4380.000 2.344
4385.000 3.287
4390.000 4.636
4395.000 5.425
4400.000 7.007
4405.000 7.672
4410.000 8.365
4415.000 7.851
4420.000 7.217
4425.000 5.700
4430.000 5.030
4435.000 3.944
4440.000 3.163
4445.000 2.867
4450.000 2.425
4455.000 2.120
4460.000 2.000
4465.000 1.902
4470.000 1.758
4475.000 1.687
4480.000 1.660
4485.000 1.649
4490.000 1.647
4495.000 1.658
4500.000 1.679
4505.000 1.718
4510.000 1.746
4515.000 1.807
4520.000 1.851
4525.000 1.947
4530.000 2.080
4535.000 2.169
4540.000 2.406
4545.000 2.570
4550.000 2.968
4555.000 3.510
4560.000 3.832
4565.000 4.474
4570.000 4.730
4575.000 4.825
4580.000 4.239
4585.000 3.813
4590.000 2.986
4595.000 2.639
4600.000 2.103
4605.000 1.754
4610.000 1.619
4615.000 1.405
4620.000 1.313
4625.000 1.154
4630.000 1.031
4635.000 0.978
4640.000 0.891
4645.000 0.856
4650.000 0.794
4655.000 0.773
4660.000 0.740
4665.000 0.707
4670.000 0.697
4675.000 0.677
4680.000 0.672
4685.000 0.669
4690.000 0.665
4695.000 0.666
4700.000 0.675
4705.000 0.680
4710.000 0.693
4715.000 0.718
4720.000 0.731
4725.000 0.768
4730.000 0.788
4735.000 0.839
4740.000 0.906
4745.000 0.950
4750.000 1.002
4755.000 1.146
4760.000 1.354
4765.000 1.670
4770.000 1.878
4775.000 2.371
4780.000 2.606
4785.000 2.897
4790.000 2.886
4795.000 2.565
4800.000 2.318
4805.000 1.857
4810.000 1.513
4815.000 1.274
4820.000 1.195
4825.000 1.076
4830.000 1.029
4835.000 0.957
4840.000 0.902
4845.000 0.881
4850.000 0.848
4855.000 0.835
4860.000 0.816
4865.000 0.807
4870.000 0.805
4875.000 0.801
4880.000 0.806
4885.000 0.818
4890.000 0.837
4895.000 0.849
4900.000 0.885
4905.000 0.909
4910.000 0.972
4915.000 1.068
4920.000 1.105
4925.000 1.195
4930.000 1.244
4935.000 1.326
4940.000 1.340
4945.000 1.297
4950.000 1.107
4955.000 0.974
4960.000 0.696
4965.000 0.588
4970.000 0.407
4975.000 0.282
4980.000 0.235
4985.000 0.168
4990.000 0.141
4995.000 0.118
5000.000 0.113
5005.000 0.110
5010.000 0.118
5015.000 0.119
5020.000 0.138
5025.000 0.143
5030.000 0.146
5035.000 0.158
5040.000 0.158
5045.000 0.170
5050.000 0.176
5055.000 0.185
5060.000 0.193
5065.000 0.200
5070.000 0.204
5075.000 0.212
5080.000 0.216
5085.000 0.225
5090.000 0.226
5095.000 0.234
5100.000 0.241
5105.000 0.242
5110.000 0.248
5115.000 0.254
5120.000 0.262
5125.000 0.267
5130.000 0.270
5135.000 0.275
5140.000 0.279
5145.000 0.282
5150.000 0.289
5155.000 0.290
5160.000 0.295
5165.000 0.298
5170.000 0.299
5175.000 0.302
5180.000 0.304
5185.000 0.306
5190.000 0.305
5195.000 0.307
5200.000 0.312
5205.000 0.311
5210.000 0.311
5215.000 0.313
5220.000 0.314
5225.000 0.314
5230.000 0.315
5235.000 0.314
5240.000 0.315
5245.000 0.320
5250.000 0.322
5255.000 0.319
5260.000 0.320
5265.000 0.319
5270.000 0.323
5275.000 0.320
5280.000 0.322
5285.000 0.324
5290.000 0.325
5295.000 0.329
5300.000 0.331
5305.000 0.330
5310.000 0.333
5315.000 0.334
5320.000 0.335
5325.000 0.337
5330.000 0.335
5335.000 0.330
5340.000 0.334
5345.000 0.332
5350.000 0.333
5355.000 0.333
5360.000 0.333
5365.000 0.334
5370.000 0.332
5375.000 0.332
5380.000 0.328
5385.000 0.331
5390.000 0.328
5395.000 0.333
5400.000 0.334
5405.000 0.332
5410.000 0.338
5415.000 0.339
5420.000 0.338
5425.000 0.334
5430.000 0.331
5435.000 0.335
5440.000 0.335
5445.000 0.333
5450.000 0.333
5455.000 0.334
5460.000 0.338
5465.000 0.337
5470.000 0.335
5475.000 0.336
5480.000 0.336
5485.000 0.336
5490.000 0.338
5495.000 0.338
5500.000 0.342
5505.000 0.340
5510.000 0.342
5515.000 0.340
5520.000 0.346
5525.000 0.349
5530.000 0.344
5535.000 0.347
5540.000 0.342
5545.000 0.339
5550.000 0.339
5555.000 0.340
5560.000 0.349
5565.000 0.350
5570.000 0.345
5575.000 0.347
5580.000 0.348
5585.000 0.345
5590.000 0.344
5595.000 0.348
5600.000 0.344
5605.000 0.345
5610.000 0.344
5615.000 0.345
5620.000 0.340
5625.000 0.344
5630.000 0.344
5635.000 0.344
5640.000 0.343
5645.000 0.347
5650.000 0.346
5655.000 0.344
5660.000 0.348
5665.000 0.345
5670.000 0.346
5675.000 0.353
5680.000 0.350
5685.000 0.353
5690.000 0.351
5695.000 0.349
5700.000 0.349
5705.000 0.351
5710.000 0.347
5715.000 0.347
5720.000 0.349
5725.000 0.349
5730.000 0.348
5735.000 0.347
5740.000 0.352
5745.000 0.358
5750.000 0.354
5755.000 0.350
5760.000 0.350
5765.000 0.349
5770.000 0.350
5775.000 0.353
5780.000 0.349
5785.000 0.350
5790.000 0.349
5795.000 0.349
5800.000 0.352
5805.000 0.351
5810.000 0.349
5815.000 0.350
5820.000 0.349
5825.000 0.353
5830.000 0.357
5835.000 0.358
5840.000 0.356
5845.000 0.353
5850.000 0.354
5855.000 0.356
5860.000 0.353
5865.000 0.352
5870.000 0.353
5875.000 0.357
5880.000 0.352
5885.000 0.354
5890.000 0.358
5895.000 0.363
5900.000 0.361
5905.000 0.355
5910.000 0.357
5915.000 0.359
5920.000 0.357
5925.000 0.357
5930.000 0.359
5935.000 0.362
5940.000 0.361
5945.000 0.362
5950.000 0.363
5955.000 0.360
5960.000 0.359
5965.000 0.365
5970.000 0.359
5975.000 0.366
5980.000 0.378
5985.000 0.363
5990.000 0.367
5995.000 0.365
6000.000 0.363
6005.000 0.365
6010.000 0.364
6015.000 0.367
6020.000 0.362
6025.000 0.359
6030.000 0.361
6035.000 0.364
6040.000 0.367
6045.000 0.363
6050.000 0.358
6055.000 0.365
6060.000 0.357
6065.000 0.358
6070.000 0.362
6075.000 0.361
6080.000 0.354
6085.000 0.359
6090.000 0.357
6095.000 0.389
6100.000 0.406
6105.000 0.400
6110.000 0.388
6115.000 0.385
6120.000 0.382
6125.000 0.378
6130.000 0.374
6135.000 0.369
6140.000 0.369
6145.000 0.372
6150.000 0.375
6155.000 0.392
6160.000 0.386
6165.000 0.383
6170.000 0.384
6175.000 0.380
6180.000 0.375
6185.000 0.374
6190.000 0.373
6195.000 0.374
6200.000 0.373
6205.000 0.370
6210.000 0.368
6215.000 0.366
6220.000 0.364
6225.000 0.365
6230.000 0.365
6235.000 0.364
6240.000 0.365
6245.000 0.365
6250.000 0.361
6255.000 0.366
6260.000 0.371
6265.000 0.371
6270.000 0.370
6275.000 0.369
6280.000 0.367
6285.000 0.369
6290.000 0.367
6295.000 0.364
6300.000 0.371
6305.000 0.373
6310.000 0.381
6315.000 0.378
6320.000 0.372
6325.000 0.376
6330.000 0.377
6335.000 0.377
6340.000 0.369
6345.000 0.368
6350.000 0.367
6355.000 0.370
6360.000 0.373
6365.000 0.367
6370.000 0.370
6375.000 0.375
6380.000 0.375
6385.000 0.371
6390.000 0.375
6395.000 0.379
6400.000 0.376
6405.000 0.377
6410.000 0.375
6415.000 0.376
6420.000 0.372
6425.000 0.372
6430.000 0.373
6435.000 0.371
6440.000 0.373
6445.000 0.374
6450.000 0.374
6455.000 0.373
6460.000 0.378
6465.000 0.380
6470.000 0.380
6475.000 0.381
6480.000 0.386
6485.000 0.381
6490.000 0.385
6495.000 0.383
6500.000 0.382
6505.000 0.385
6510.000 0.385
6515.000 0.386
6520.000 0.386
6525.000 0.389
6530.000 0.391
6535.000 0.392
6540.000 0.395
6545.000 0.402
6550.000 0.401
6555.000 0.407
6560.000 0.405
6565.000 0.408
6570.000 0.411
6575.000 0.415
6580.000 0.424
6585.000 0.424
6590.000 0.430
6595.000 0.442
6600.000 0.450
6605.000 0.459
6610.000 0.462
6615.000 0.474
6620.000 0.487
6625.000 0.503
6630.000 0.536
6635.000 0.550
6640.000 0.577
6645.000 0.594
6650.000 0.643
6655.000 0.707
6660.000 0.745
6665.000 0.857
6670.000 1.015
6675.000 1.121
6680.000 1.419
6685.000 1.633
6690.000 2.212
6695.000 3.103
6700.000 3.683
6705.000 5.131
6710.000 5.989
6715.000 8.034
6720.000 9.027
6725.000 10.347
6730.000 10.212
6735.000 9.801
6740.000 8.812
6745.000 8.411
6750.000 7.883
6755.000 7.811
6760.000 7.901
6765.000 8.435
6770.000 8.852
6775.000 9.958
6780.000 11.428
6785.000 12.236
6790.000 13.767
6795.000 14.307
6800.000 14.519
6805.000 12.933
6810.000 11.708
6815.000 9.301
6820.000 8.243
6825.000 6.576
6830.000 5.930
6835.000 4.925
6840.000 4.257
6845.000 4.053
6850.000 3.687
6855.000 3.447
6860.000 3.365
6865.000 3.292
6870.000 3.300
6875.000 3.352
6880.000 3.470
6885.000 3.534
6890.000 3.723
6895.000 3.834
6900.000 4.113
6905.000 4.530
6910.000 4.806
6915.000 5.553
6920.000 6.055
6925.000 7.342
6930.000 8.769
6935.000 9.394
6940.000 10.083
6945.000 9.888
6950.000 8.518
6955.000 6.781
6960.000 6.003
6965.000 4.796
6970.000 4.345
6975.000 3.676
6980.000 3.227
6985.000 3.047
6990.000 2.732
6995.000 2.618
7000.000 2.405
7005.000 2.239
7010.000 2.170
7015.000 2.062
7020.000 2.023
7025.000 1.961
7030.000 1.912
7035.000 1.886
7040.000 1.846
7045.000 1.869
7050.000 1.883
7055.000 1.903
7060.000 1.946
7065.000 1.965
7070.000 2.037
7075.000 2.136
7080.000 2.286
7085.000 2.394
7090.000 2.686
7095.000 2.910
7100.000 3.437
7105.000 3.760
7110.000 4.418
7115.000 4.937
7120.000 5.032
7125.000 4.691
7130.000 3.848
7135.000 3.424
7140.000 2.717
7145.000 2.442
7150.000 2.029
7155.000 1.754
7160.000 1.646
7165.000 1.460
7170.000 1.384
7175.000 1.260
7180.000 1.148
7185.000 1.093
7190.000 1.041
7195.000 0.980
7200.000 0.923
7205.000 0.871
7210.000 0.847
7215.000 0.799
7220.000 0.772
7225.000 0.721
7230.000 0.688
7235.000 0.674
7240.000 0.649
7245.000 0.639
7250.000 0.623
7255.000 0.613
7260.000 0.604
7265.000 0.598
7270.000 0.629
7275.000 0.611
7280.000 0.595
7285.000 0.592
7290.000 0.584
7295.000 0.579
7300.000 0.573
7305.000 0.568
7310.000 0.570
7315.000 0.570
7320.000 0.571
7325.000 0.570
7330.000 0.572
7335.000 0.577
7340.000 0.616
7345.000 0.640
7350.000 0.643
7355.000 0.649
7360.000 0.652
7365.000 0.680
7370.000 0.691
7375.000 0.689
7380.000 0.687
7385.000 0.698
7390.000 0.717
7395.000 0.732
7400.000 0.739
7405.000 0.769
7410.000 0.806
7415.000 0.852
7420.000 0.876
7425.000 0.909
7430.000 0.975
7435.000 1.054
7440.000 1.087
7445.000 1.156
7450.000 1.238
7455.000 1.294
7460.000 1.421
7465.000 1.589
7470.000 1.693
7475.000 1.959
7480.000 2.130
7485.000 2.583
7490.000 3.201
7495.000 3.593
7500.000 4.564
7505.000 5.144
7510.000 6.403
7515.000 7.442
7520.000 7.672
7525.000 7.250
7530.000 6.663
7535.000 5.384
7540.000 4.299
7545.000 3.862
7550.000 3.500
7555.000 3.015
7560.000 2.619
7565.000 2.368
7570.000 2.278
7575.000 2.189
7580.000 2.160
7585.000 2.143
7590.000 2.165
7595.000 2.190
7600.000 2.287
7605.000 2.339
7610.000 2.505
7615.000 2.738
7620.000 2.900
7625.000 3.286
7630.000 3.521
7635.000 4.049
7640.000 4.608
7645.000 4.822
7650.000 4.806
7655.000 4.574
7660.000 3.934
7665.000 3.318
7670.000 3.065
7675.000 2.701
7680.000 2.541
7685.000 2.278
7690.000 2.086
7695.000 1.992
7700.000 1.857
7705.000 1.797
7710.000 1.712
7715.000 1.640
7720.000 1.616
7725.000 1.575
7730.000 1.561
7735.000 1.549
7740.000 1.550
7745.000 1.555
7750.000 2.366
7755.000 2.447
7760.000 2.513
7765.000 2.542
7770.000 2.449
7775.000 2.336
7780.000 2.306
7785.000 2.293
7790.000 2.326
7795.000 2.355
7800.000 2.469
7805.000 2.494
7810.000 2.415
7815.000 2.302
7820.000 2.000
7825.000 1.671
7830.000 1.513
7835.000 1.248
7840.000 1.044
7845.000 0.960
7850.000 0.822
7855.000 0.762
7860.000 0.667
7865.000 0.577
7870.000 0.540
7875.000 0.473
7880.000 0.448
7885.000 0.397
7890.000 0.354
7895.000 0.336
7900.000 0.301
7905.000 0.284
7910.000 0.246
7915.000 0.227
7920.000 0.210
7925.000 0.217
7930.000 0.236
7935.000 0.272
7940.000 0.287
7945.000 0.311
7950.000 0.320
7955.000 0.327
7960.000 0.329
7965.000 0.335
7970.000 0.337
7975.000 0.338
7980.000 0.336
7985.000 0.334
7990.000 0.325
7995.000 0.322
8000.000 0.320
8005.000 0.317
8010.000 0.319
8015.000 0.317
8020.000 0.322
8025.000 0.317
8030.000 0.319
8035.000 0.312
8040.000 0.313
8045.000 0.310
8050.000 0.313
8055.000 0.314
8060.000 0.315
8065.000 0.316
8070.000 0.314
8075.000 0.317
8080.000 0.317
8085.000 0.317
8090.000 0.316
8095.000 0.315
8100.000 0.316
8105.000 0.316
8110.000 0.319
8115.000 0.321
8120.000 0.322
8125.000 0.322
8130.000 0.325
8135.000 0.323
8140.000 0.324
8145.000 0.327
8150.000 0.325
8155.000 0.322
8160.000 0.321
8165.000 0.320
8170.000 0.320
8175.000 0.320
8180.000 0.321
8185.000 0.322
8190.000 0.322
8195.000 0.322
8200.000 0.323
8205.000 0.325
8210.000 0.324
8215.000 0.324
8220.000 0.323
8225.000 0.325
8230.000 0.326
8235.000 0.324
8240.000 0.329
8245.000 0.328
8250.000 0.328
8255.000 0.328
8260.000 0.329
8265.000 0.330
8270.000 0.329
8275.000 0.331
8280.000 0.332
8285.000 0.332
8290.000 0.332
8295.000 0.332
8300.000 0.332
8305.000 0.334
8310.000 0.334
8315.000 0.336
8320.000 0.337
8325.000 0.338
8330.000 0.337
8335.000 0.339
8340.000 0.338
8345.000 0.337
8350.000 0.338
8355.000 0.337
8360.000 0.337
8365.000 0.338
8370.000 0.340
8375.000 0.340
8380.000 0.342
8385.000 0.343
8390.000 0.344
8395.000 0.343
8400.000 0.343
8405.000 0.343
8410.000 0.346
8415.000 0.344
8420.000 0.346
8425.000 0.346
8430.000 0.346
8435.000 0.348
8440.000 0.350
8445.000 0.351
8450.000 0.351
8455.000 0.352
8460.000 0.354
8465.000 0.355
8470.000 0.355
8475.000 0.357
8480.000 0.357
8485.000 0.353
8490.000 0.358
8495.000 0.355
8500.000 0.355
8505.000 0.355
8510.000 0.356
8515.000 0.357
8520.000 0.358
8525.000 0.360
8530.000 0.360
8535.000 0.360
8540.000 0.362
8545.000 0.362
8550.000 0.362
8555.000 0.363
8560.000 0.365
8565.000 0.364
8570.000 0.365
8575.000 0.368
8580.000 0.367
8585.000 0.370
8590.000 0.369
8595.000 0.370
8600.000 0.369
8605.000 0.372
8610.000 0.372
8615.000 0.372
8620.000 0.372
8625.000 0.375
8630.000 0.377
8635.000 0.375
8640.000 0.377
8645.000 0.377
8650.000 0.377
8655.000 0.380
8660.000 0.377
8665.000 0.380
8670.000 0.380
8675.000 0.380
8680.000 0.380
8685.000 0.377
8690.000 0.382
8695.000 0.381
8700.000 0.382
8705.000 0.383
8710.000 0.381
8715.000 0.379
8720.000 0.378
8725.000 0.381
8730.000 0.380
8735.000 0.380
8740.000 0.384
8745.000 0.383
8750.000 0.382
8755.000 0.383
8760.000 0.383
8765.000 0.380
8770.000 0.382
8775.000 0.384
8780.000 0.380
8785.000 0.382
8790.000 0.383
8795.000 0.382
8800.000 0.383
8805.000 0.384
8810.000 0.382
8815.000 0.380
8820.000 0.396
8825.000 0.392
8830.000 0.414
8835.000 0.390
8840.000 0.386
8845.000 0.385
8850.000 0.392
8855.000 0.388
8860.000 0.388
8865.000 0.387
8870.000 0.388
8875.000 0.388
8880.000 0.382
8885.000 0.388
8890.000 0.390
8895.000 0.388
8900.000 0.390
8905.000 0.389
8910.000 0.389
8915.000 0.389
8920.000 0.390
8925.000 0.383
8930.000 0.385
8935.000 0.386
8940.000 0.390
8945.000 0.390
8950.000 0.388
8955.000 0.384
8960.000 0.385
8965.000 0.388
8970.000 0.393
8975.000 0.392
8980.000 0.391
8985.000 0.392
8990.000 0.389
8995.000 0.386
9000.000 0.394
9005.000 0.388
9010.000 0.385
9015.000 0.387
9020.000 0.395
9025.000 0.387
9030.000 0.389
9035.000 0.389
9040.000 0.393
9045.000 0.391
9050.000 0.389
9055.000 0.391
9060.000 0.386
9065.000 0.386
9070.000 0.381
9075.000 0.384
9080.000 0.387
9085.000 0.387
9090.000 0.389
9095.000 0.392
9100.000 0.389
9105.000 0.389
9110.000 0.391
9115.000 0.392
9120.000 0.391
9125.000 0.392
9130.000 0.389
9135.000 0.387
9140.000 0.386
9145.000 0.389
9150.000 0.388
9155.000 0.385
9160.000 0.390
9165.000 0.389
9170.000 0.391
9175.000 0.397
9180.000 0.396
9185.000 0.393
9190.000 0.396
9195.000 0.394
9200.000 0.396
9205.000 0.392
9210.000 0.392
9215.000 0.391
9220.000 0.393
9225.000 0.396
9230.000 0.396
9235.000 0.395
9240.000 0.396
9245.000 0.393
9250.000 0.399
9255.000 0.397
9260.000 0.394
9265.000 0.394
9270.000 0.394
9275.000 0.394
9280.000 0.397
9285.000 0.395
9290.000 0.397
9295.000 0.396
9300.000 0.396
9305.000 0.396
9310.000 0.398
9315.000 0.400
9320.000 0.400
9325.000 0.398
9330.000 0.396
9335.000 0.393
9340.000 0.398
9345.000 0.395
9350.000 0.398
9355.000 0.397
9360.000 0.397
9365.000 0.398
9370.000 0.398
9375.000 0.400
9380.000 0.399
9385.000 0.398
9390.000 0.400
9395.000 0.399
9400.000 0.399
9405.000 0.395
9410.000 0.397
9415.000 0.400
9420.000 0.399
9425.000 0.399
9430.000 0.400
9435.000 0.399
9440.000 0.399
9445.000 0.398
9450.000 0.400
9455.000 0.398
9460.000 0.398
9465.000 0.400
9470.000 0.402
9475.000 0.397
9480.000 0.401
9485.000 0.400
9490.000 0.397
9495.000 0.402
9500.000 0.402
9505.000 0.405
9510.000 0.402
9515.000 0.402
9520.000 0.402
9525.000 0.399
9530.000 0.402
9535.000 0.404
9540.000 0.403
9545.000 0.402
9550.000 0.402
9555.000 0.403
9560.000 0.399
9565.000 0.400
9570.000 0.398
9575.000 0.400
9580.000 0.408
9585.000 0.410
9590.000 0.409
9595.000 0.408
9600.000 0.407
9605.000 0.402
9610.000 0.402
9615.000 0.403
9620.000 0.401
9625.000 0.401
9630.000 0.400
9635.000 0.402
9640.000 0.409
9645.000 0.410
9650.000 0.404
9655.000 0.404
9660.000 0.399
9665.000 0.400
9670.000 0.400
9675.000 0.402
9680.000 0.402
9685.000 0.404
9690.000 0.400
9695.000 0.400
9700.000 0.401
9705.000 0.404
9710.000 0.404
9715.000 0.403
9720.000 0.404
9725.000 0.405
9730.000 0.414
9735.000 0.412
9740.000 0.407
9745.000 0.407
9750.000 0.408
9755.000 0.403
9760.000 0.401
9765.000 0.411
9770.000 0.412
9775.000 0.410
9780.000 0.410
9785.000 0.408
9790.000 0.411
9795.000 0.410
9800.000 0.411
9805.000 0.413
9810.000 0.414
9815.000 0.419
9820.000 0.420
9825.000 0.415
9830.000 0.418
9835.000 0.417
9840.000 0.415
9845.000 0.417
9850.000 0.411
9855.000 0.409
9860.000 0.412
9865.000 0.412
9870.000 0.410
9875.000 0.411
9880.000 0.416
9885.000 0.426
9890.000 0.430
9895.000 0.431
9900.000 0.429
9905.000 0.430
9910.000 0.432
9915.000 0.433
9920.000 0.434
9925.000 0.438
9930.000 0.441
9935.000 0.446
9940.000 0.462
9945.000 0.467
9950.000 0.475
9955.000 0.490
9960.000 0.494
9965.000 0.510
9970.000 0.530
9975.000 0.563
9980.000 0.600
9985.000 0.621
9990.000 0.676
9995.000 0.724
10000.000 0.833
10005.000 0.910
10010.000 1.064
10015.000 1.191
10020.000 1.211
10025.000 1.143
10030.000 1.075
10035.000 0.949
10040.000 0.902
10045.000 0.892
10050.000 0.928
10055.000 0.975
10060.000 1.127
10065.000 1.428
10070.000 1.649
10075.000 2.258
10080.000 2.638
10085.000 3.466
10090.000 4.182
10095.000 4.394
10100.000 4.401
10105.000 4.214
10110.000 3.648
10115.000 3.097
10120.000 2.860
10125.000 2.464
10130.000 2.307
10135.000 2.073
10140.000 1.943
10145.000 1.874
10150.000 1.787
10155.000 1.809
10160.000 1.828
10165.000 1.841
10170.000 1.889
10175.000 1.976
10180.000 2.031
10185.000 2.170
10190.000 2.380
10195.000 2.486
10200.000 2.711
10205.000 2.821
10210.000 2.948
10215.000 2.851
10220.000 2.728
10225.000 2.389
10230.000 2.197
10235.000 1.866
10240.000 1.540
10245.000 1.401
10250.000 1.181
10255.000 1.087
10260.000 0.941
10265.000 0.835
10270.000 0.789
10275.000 0.716
10280.000 0.689
10285.000 0.649
10290.000 0.627
10295.000 0.622
10300.000 0.630
10305.000 0.643
10310.000 0.667
10315.000 0.717
10320.000 0.752
10325.000 0.847
10330.000 0.913
10335.000 1.094
10340.000 1.369
10345.000 1.570
10350.000 1.981
10355.000 2.167
10360.000 2.408
10365.000 2.342
10370.000 2.205
10375.000 1.881
10380.000 1.721
10385.000 1.444
10390.000 1.227
10395.000 1.156
10400.000 1.084
10405.000 0.973
10410.000 0.902
10415.000 0.854
10420.000 0.829
10425.000 0.788
10430.000 0.770
10435.000 0.739
10440.000 0.711
10445.000 0.701
10450.000 0.679
10455.000 0.668
10460.000 0.654
10465.000 0.642
10470.000 0.640
10475.000 0.633
10480.000 0.628
10485.000 0.625
10490.000 0.624
10495.000 0.615
10500.000 0.611
10505.000 0.606
10510.000 0.603
10515.000 0.601
10520.000 0.600
10525.000 0.599
10530.000 0.606
10535.000 0.608
10540.000 0.613
10545.000 0.615
10550.000 0.610
10555.000 0.609
10560.000 0.609
10565.000 0.610
10570.000 0.610
10575.000 0.619
10580.000 0.623
10585.000 0.623
10590.000 0.629
10595.000 0.639
10600.000 0.662
10605.000 0.670
10610.000 0.681
10615.000 0.688
10620.000 0.696
10625.000 0.712
10630.000 0.715
10635.000 0.737
10640.000 0.752
10645.000 0.771
10650.000 0.801
10655.000 0.815
10660.000 0.830
10665.000 0.863
10670.000 0.907
10675.000 0.957
10680.000 1.012
10685.000 1.084
10690.000 1.128
10695.000 1.217
10700.000 1.290
10705.000 1.317
10710.000 1.359
10715.000 1.342
10720.000 1.271
10725.000 1.146
10730.000 1.075
10735.000 0.947
10740.000 0.886
10745.000 0.792
10750.000 0.714
10755.000 0.681
10760.000 0.627
10765.000 0.609
10770.000 0.585
10775.000 0.581
10780.000 0.590
10785.000 0.611
10790.000 0.632
10795.000 0.683
10800.000 0.771
10805.000 0.831
10810.000 0.988
10815.000 1.089
10820.000 1.350
10825.000 1.678
10830.000 1.862
10835.000 2.203
10840.000 2.353
10845.000 2.519
10850.000 2.490
10855.000 2.293
10860.000 2.017
10865.000 1.882
10870.000 1.641
10875.000 1.443
10880.000 1.369
10885.000 1.240
10890.000 1.196
10895.000 1.136
10900.000 1.095
10905.000 1.076
10910.000 1.061
10915.000 1.036
10920.000 1.018
10925.000 1.008
10930.000 1.009
10935.000 1.010
10940.000 1.015
10945.000 1.028
10950.000 1.033
10955.000 1.046
10960.000 1.064
10965.000 1.068
10970.000 1.065
10975.000 1.024
10980.000 0.990
10985.000 0.897
10990.000 0.829
10995.000 0.691
11000.000 0.541
11005.000 0.481
11010.000 0.362
11015.000 0.309
11020.000 0.223
11025.000 0.156
11030.000 0.133
11035.000 0.089
11040.000 0.077
11045.000 0.066
11050.000 0.073
11055.000 0.078
11060.000 0.102
11065.000 0.120
11070.000 0.167
11075.000 0.199
11080.000 0.301
11085.000 0.444
11090.000 0.521
11095.000 0.636
11100.000 0.689
11105.000 0.703
11110.000 0.700
11115.000 0.696
11120.000 0.677
11125.000 0.656
11130.000 0.649
11135.000 0.621
11140.000 0.607
11145.000 0.580
11150.000 0.570
11155.000 0.544
11160.000 0.516
11165.000 0.505
11170.000 0.477
11175.000 0.452
11180.000 0.445
11185.000 0.424
11190.000 0.420
11195.000 0.408
11200.000 0.409
11205.000 0.407
11210.000 0.409
11215.000 0.402
11220.000 0.399
11225.000 0.399
11230.000 0.395
11235.000 0.397
11240.000 0.397
11245.000 0.397
11250.000 0.395
11255.000 0.393
11260.000 0.392
11265.000 0.393
11270.000 0.393
11275.000 0.395
11280.000 0.395
11285.000 0.391
11290.000 0.393
11295.000 0.394
11300.000 0.391
11305.000 0.388
11310.000 0.389
11315.000 0.388
11320.000 0.388
11325.000 0.390
11330.000 0.395
11335.000 0.394
11340.000 0.394
11345.000 0.395
11350.000 0.394
11355.000 0.391
11360.000 0.392
11365.000 0.387
11370.000 0.387
11375.000 0.389
11380.000 0.389
11385.000 0.389
11390.000 0.392
11395.000 0.390
11400.000 0.389
11405.000 0.387
11410.000 0.390
11415.000 0.389
11420.000 0.394
11425.000 0.390
11430.000 0.390
11435.000 0.388
11440.000 0.387
11445.000 0.387
11450.000 0.388
11455.000 0.390
11460.000 0.388
11465.000 0.388
11470.000 0.384
11475.000 0.386
11480.000 0.390
11485.000 0.385
11490.000 0.388
11495.000 0.386
11500.000 0.388
11505.000 0.385
11510.000 0.387
11515.000 0.383
11520.000 0.385
11525.000 0.384
11530.000 0.388
11535.000 0.385
11540.000 0.386
11545.000 0.384
11550.000 0.382
11555.000 0.383
11560.000 0.384
11565.000 0.382
11570.000 0.383
11575.000 0.383
11580.000 0.381
11585.000 0.381
11590.000 0.382
11595.000 0.380
11600.000 0.382
11605.000 0.382
11610.000 0.382
11615.000 0.383
11620.000 0.384
11625.000 0.383
11630.000 0.382
11635.000 0.381
11640.000 0.385
11645.000 0.382
11650.000 0.381
11655.000 0.379
11660.000 0.379
11665.000 0.379
11670.000 0.386
11675.000 0.383
11680.000 0.381
11685.000 0.381
11690.000 0.384
11695.000 0.382
11700.000 0.385
11705.000 0.382
11710.000 0.381
11715.000 0.380
11720.000 0.386
11725.000 0.380
11730.000 0.380
11735.000 0.379
11740.000 0.382
11745.000 0.379
11750.000 0.380
11755.000 0.385
11760.000 0.386
11765.000 0.381
11770.000 0.378
11775.000 0.378
11780.000 0.375
11785.000 0.376
11790.000 0.378
11795.000 0.378
11800.000 0.378
11805.000 0.380
11810.000 0.378
11815.000 0.379
11820.000 0.377
11825.000 0.376
11830.000 0.380
11835.000 0.380
11840.000 0.381
11845.000 0.378
11850.000 0.376
11855.000 0.377
11860.000 0.376
11865.000 0.373
11870.000 0.376
11875.000 0.379
11880.000 0.376
11885.000 0.372
11890.000 0.369
11895.000 0.370
11900.000 0.371
11905.000 0.366
11910.000 0.372
11915.000 0.371
11920.000 0.374
11925.000 0.377
11930.000 0.374
11935.000 0.375
11940.000 0.374
11945.000 0.375
11950.000 0.376
11955.000 0.372
11960.000 0.373
11965.000 0.373
11970.000 0.371
11975.000 0.371
11980.000 0.372
11985.000 0.372
11990.000 0.372
11995.000 0.372
12000.000 0.374
