2201.000 0.054
2202.000 0.804
2203.000 0.764
2204.000 0.759
2205.000 0.746
2206.000 0.738
2207.000 0.746
2208.000 0.759
2209.000 0.749
2210.000 0.748
2211.000 0.754
2212.000 0.764
2213.000 0.743
2214.000 0.768
2215.000 0.775
2216.000 0.774
2217.000 0.790
2218.000 0.783
2219.000 0.791
2220.000 0.787
2221.000 0.788
2222.000 0.806
2223.000 0.787
2224.000 0.767
2225.000 0.762
2226.000 0.769
2227.000 0.764
2228.000 0.739
2229.000 0.733
2230.000 0.706
2231.000 0.700
2232.000 0.693
2233.000 0.668
2234.000 0.652
2235.000 0.679
2236.000 0.652
2237.000 0.619
2238.000 0.586
2239.000 0.571
2240.000 0.552
2241.000 0.538
2242.000 0.546
2243.000 0.564
2244.000 0.571
2245.000 0.623
2246.000 0.637
2247.000 0.692
2248.000 0.685
2249.000 0.680
2250.000 0.685
2251.000 0.708
2252.000 0.746
2253.000 0.753
2254.000 0.752
2255.000 0.763
2256.000 0.777
2257.000 0.788
2258.000 0.810
2259.000 0.830
2260.000 0.864
2261.000 0.897
2262.000 0.912
2263.000 0.977
2264.000 0.994
2265.000 1.016
2266.000 1.058
2267.000 1.089
2268.000 1.128
2269.000 1.176
2270.000 1.217
2271.000 1.289
2272.000 1.341
2273.000 1.415
2274.000 1.462
2275.000 1.530
2276.000 1.632
2277.000 1.703
2278.000 1.779
2279.000 1.921
2280.000 2.004
2281.000 2.213
2282.000 2.321
2283.000 2.546
2284.000 2.694
2285.000 2.880
2286.000 3.182
2287.000 3.441
2288.000 3.830
2289.000 4.531
2290.000 5.015
2291.000 5.918
2292.000 6.848
2293.000 8.609
2294.000 10.060
2295.000 11.081
2296.000 11.973
2297.000 11.917
2298.000 10.603
2299.000 7.943
2300.000 6.269
2301.000 4.507
2302.000 3.813
2303.000 3.293
2304.000 2.812
2305.000 2.719
2306.000 2.999
2307.000 3.488
2308.000 4.099
2309.000 4.704
2310.000 4.728
2311.000 4.246
2312.000 3.729
2313.000 3.043
2314.000 1.665
2315.000 0.943
2316.000 1.011
2317.000 1.294
2318.000 1.509
2319.000 1.708
2320.000 1.763
2321.000 1.724
2322.000 1.644
2323.000 1.586
2324.000 1.550
2325.000 1.553
2326.000 1.516
2327.000 1.484
2328.000 1.454
2329.000 1.402
2330.000 1.378
2331.000 1.340
2332.000 1.315
2333.000 1.291
2334.000 1.259
2335.000 1.248
2336.000 1.224
2337.000 1.200
2338.000 1.267
2339.000 1.251
2340.000 1.241
2341.000 1.194
2342.000 1.157
2343.000 1.122
2344.000 1.085
2345.000 1.060
2346.000 1.039
2347.000 1.007
2348.000 0.998
2349.000 0.975
2350.000 0.963
2351.000 0.943
2352.000 0.932
2353.000 0.922
2354.000 0.910
2355.000 0.899
2356.000 0.892
2357.000 0.883
2358.000 0.873
2359.000 0.864
2360.000 0.858
2361.000 0.848
2362.000 0.842
2363.000 0.839
2364.000 0.829
2365.000 0.826
2366.000 0.822
2367.000 0.815
2368.000 0.810
2369.000 0.803
2370.000 0.800
2371.000 0.801
2372.000 0.804
2373.000 0.804
2374.000 0.793
2375.000 0.786
2376.000 0.786
2377.000 0.782
2378.000 0.781
2379.000 0.779
2380.000 0.779
2381.000 0.777
2382.000 0.783
2383.000 0.779
2384.000 0.779
2385.000 0.780
2386.000 0.777
2387.000 0.779
2388.000 0.780
2389.000 0.782
2390.000 0.782
2391.000 0.786
2392.000 0.884
2393.000 0.900
2394.000 0.919
2395.000 0.897
2396.000 0.868
2397.000 0.838
2398.000 0.826
2399.000 0.810
2400.000 0.802
2401.000 0.794
2402.000 0.788
2403.000 0.791
2404.000 0.886
2405.000 0.913
2406.000 0.900
2407.000 0.869
2408.000 0.848
2409.000 0.830
2410.000 0.815
2411.000 0.807
2412.000 0.802
2413.000 0.796
2414.000 0.795
2415.000 0.791
2416.000 0.796
2417.000 0.794
2418.000 0.818
2419.000 0.820
2420.000 0.817
2421.000 0.818
2422.000 0.818
2423.000 0.818
2424.000 0.818
2425.000 0.823
2426.000 0.826
2427.000 0.828
2428.000 0.834
2429.000 0.845
2430.000 0.843
2431.000 0.851
2432.000 0.855
2433.000 0.856
2434.000 0.867
2435.000 0.874
2436.000 0.877
2437.000 0.885
2438.000 0.895
2439.000 0.906
2440.000 0.906
2441.000 0.919
2442.000 0.926
2443.000 0.934
2444.000 0.938
2445.000 0.949
2446.000 0.955
2447.000 0.970
2448.000 0.982
2449.000 0.994
2450.000 1.002
2451.000 1.016
2452.000 1.039
2453.000 1.047
2454.000 1.053
2455.000 1.077
2456.000 1.093
2457.000 1.116
2458.000 1.127
2459.000 1.145
2460.000 1.170
2461.000 1.184
2462.000 1.208
2463.000 1.240
2464.000 1.255
2465.000 1.290
2466.000 1.318
2467.000 1.364
2468.000 1.390
2469.000 1.424
2470.000 1.475
2471.000 1.510
2472.000 1.547
2473.000 1.636
2474.000 1.674
2475.000 1.745
2476.000 1.807
2477.000 1.911
2478.000 1.981
2479.000 2.065
2480.000 2.214
2481.000 2.328
2482.000 2.446
2483.000 2.691
2484.000 2.926
2485.000 3.204
2486.000 3.404
2487.000 3.829
2488.000 4.204
2489.000 4.639
2490.000 5.456
2491.000 5.977
2492.000 6.417
2493.000 6.672
2494.000 6.508
2495.000 5.791
2496.000 5.217
2497.000 4.251
2498.000 3.699
2499.000 3.264
2500.000 2.744
2501.000 2.478
2502.000 2.245
2503.000 1.956
2504.000 1.797
2505.000 1.595
2506.000 1.475
2507.000 1.326
2508.000 1.243
2509.000 1.166
2510.000 1.059
2511.000 0.988
2512.000 0.918
2513.000 0.820
2514.000 0.813
2515.000 0.706
2516.000 0.649
2517.000 0.577
2518.000 0.539
2519.000 0.507
2520.000 0.462
2521.000 0.444
2522.000 0.423
2523.000 0.388
2524.000 0.365
2525.000 0.338
2526.000 0.322
2527.000 0.301
2528.000 0.292
2529.000 0.278
2530.000 0.260
2531.000 0.247
2532.000 0.238
2533.000 0.221
2534.000 0.211
2535.000 0.199
2536.000 0.192
2537.000 0.183
2538.000 0.172
2539.000 0.166
2540.000 0.159
2541.000 0.149
2542.000 0.140
2543.000 0.136
2544.000 0.146
2545.000 0.134
2546.000 0.127
2547.000 0.121
2548.000 0.113
2549.000 0.104
2550.000 0.100
2551.000 0.096
2552.000 0.089
2553.000 0.085
2554.000 0.082
2555.000 0.077
2556.000 0.084
2557.000 0.081
2558.000 0.079
2559.000 0.078
2560.000 0.073
2561.000 0.069
2562.000 0.066
2563.000 0.063
2564.000 0.062
2565.000 0.061
2566.000 0.060
2567.000 0.059
2568.000 0.058
2569.000 0.058
2570.000 0.057
2571.000 0.058
2572.000 0.058
2573.000 0.057
2574.000 0.059
2575.000 0.059
2576.000 0.060
2577.000 0.060
2578.000 0.061
2579.000 0.063
2580.000 0.062
2581.000 0.064
2582.000 0.064
2583.000 0.065
2584.000 0.066
2585.000 0.068
2586.000 0.066
2587.000 0.071
2588.000 0.071
2589.000 0.074
2590.000 0.073
2591.000 0.073
2592.000 0.073
2593.000 0.074
2594.000 0.078
2595.000 0.083
2596.000 0.083
2597.000 0.082
2598.000 0.083
2599.000 0.083
2600.000 0.084
