2201.000 0.012
2202.000 0.853
2203.000 0.745
2204.000 0.723
2205.000 0.706
2206.000 0.695
2207.000 0.695
2208.000 0.692
2209.000 0.768
2210.000 0.852
2211.000 0.829
2212.000 0.786
2213.000 0.767
2214.000 0.765
2215.000 0.745
2216.000 0.747
2217.000 0.763
2218.000 0.763
2219.000 0.761
2220.000 0.773
2221.000 0.779
2222.000 0.780
2223.000 0.768
2224.000 0.779
2225.000 0.776
2226.000 0.758
2227.000 0.752
2228.000 0.734
2229.000 0.720
2230.000 0.705
2231.000 0.695
2232.000 0.683
2233.000 0.667
2234.000 0.663
2235.000 0.640
2236.000 0.622
2237.000 0.606
2238.000 0.587
2239.000 0.569
2240.000 0.550
2241.000 0.543
2242.000 0.529
2243.000 0.534
2244.000 0.545
2245.000 0.557
2246.000 0.571
2247.000 0.580
2248.000 0.599
2249.000 0.614
2250.000 0.620
2251.000 0.632
2252.000 0.661
2253.000 0.682
2254.000 0.702
2255.000 0.715
2256.000 0.734
2257.000 0.739
2258.000 0.767
2259.000 0.788
2260.000 0.824
2261.000 0.840
2262.000 0.867
2263.000 0.894
2264.000 0.919
2265.000 0.950
2266.000 0.993
2267.000 1.037
2268.000 1.072
2269.000 1.123
2270.000 1.189
2271.000 1.294
2272.000 1.319
2273.000 1.361
2274.000 1.397
2275.000 1.455
2276.000 1.617
2277.000 1.683
2278.000 1.757
2279.000 1.828
2280.000 1.942
2281.000 2.045
2282.000 2.144
2283.000 2.346
2284.000 2.523
2285.000 2.690
2286.000 3.010
2287.000 3.314
2288.000 3.900
2289.000 4.435
2290.000 5.336
2291.000 6.159
2292.000 7.048
2293.000 8.769
2294.000 10.100
2295.000 11.479
2296.000 12.932
2297.000 12.795
2298.000 10.931
2299.000 9.245
2300.000 6.867
2301.000 5.874
2302.000 5.216
2303.000 4.778
2304.000 4.503
2305.000 4.295
2306.000 4.057
2307.000 3.923
2308.000 3.843
2309.000 4.009
2310.000 4.217
2311.000 4.191
2312.000 4.133
2313.000 4.051
2314.000 3.947
2315.000 3.760
2316.000 3.421
2317.000 3.207
2318.000 2.929
2319.000 2.781
2320.000 2.572
2321.000 2.466
2322.000 2.432
2323.000 2.279
2324.000 2.159
2325.000 2.072
2326.000 1.950
2327.000 1.888
2328.000 1.802
2329.000 1.744
2330.000 1.668
2331.000 1.639
2332.000 1.597
2333.000 1.618
2334.000 1.556
2335.000 1.504
2336.000 1.468
2337.000 1.419
2338.000 1.375
2339.000 1.346
2340.000 1.313
2341.000 1.327
2342.000 1.290
2343.000 1.260
2344.000 1.224
2345.000 1.203
2346.000 1.203
2347.000 1.174
2348.000 1.132
2349.000 1.119
2350.000 1.091
2351.000 1.060
2352.000 1.051
2353.000 1.180
2354.000 1.126
2355.000 1.083
2356.000 1.035
2357.000 1.003
2358.000 0.968
2359.000 0.956
2360.000 0.952
2361.000 0.929
2362.000 0.921
2363.000 0.915
2364.000 0.895
2365.000 0.885
2366.000 0.879
2367.000 0.875
2368.000 0.861
2369.000 0.855
2370.000 0.855
2371.000 0.848
2372.000 0.844
2373.000 0.840
2374.000 0.837
2375.000 0.832
2376.000 0.824
2377.000 0.824
2378.000 0.818
2379.000 0.821
2380.000 0.817
2381.000 0.843
2382.000 0.859
2383.000 0.844
2384.000 0.830
2385.000 0.829
2386.000 0.820
2387.000 0.812
2388.000 0.811
2389.000 0.816
2390.000 0.817
2391.000 0.816
2392.000 0.821
2393.000 0.823
2394.000 0.822
2395.000 0.825
2396.000 0.819
2397.000 0.816
2398.000 0.821
2399.000 0.822
2400.000 0.818
2401.000 0.824
2402.000 0.822
2403.000 0.814
2404.000 0.826
2405.000 0.819
2406.000 0.828
2407.000 0.821
2408.000 0.815
2409.000 0.821
2410.000 0.818
2411.000 0.817
2412.000 0.821
2413.000 0.824
2414.000 0.821
2415.000 0.823
2416.000 0.823
2417.000 0.828
2418.000 0.829
2419.000 0.829
2420.000 0.838
2421.000 0.832
2422.000 0.832
2423.000 0.844
2424.000 0.850
2425.000 0.846
2426.000 0.849
2427.000 0.863
2428.000 0.876
2429.000 0.869
2430.000 0.870
2431.000 0.866
2432.000 0.875
2433.000 0.878
2434.000 0.879
2435.000 0.888
2436.000 0.891
2437.000 0.902
2438.000 0.914
2439.000 0.913
2440.000 0.915
2441.000 0.932
2442.000 0.935
2443.000 0.938
2444.000 0.958
2445.000 0.972
2446.000 0.978
2447.000 0.981
2448.000 0.994
2449.000 1.011
2450.000 1.017
2451.000 1.140
2452.000 1.134
2453.000 1.122
2454.000 1.113
2455.000 1.113
2456.000 1.125
2457.000 1.122
2458.000 1.204
2459.000 1.213
2460.000 1.209
2461.000 1.291
2462.000 1.296
2463.000 1.297
2464.000 1.302
2465.000 1.314
2466.000 1.351
2467.000 1.379
2468.000 1.407
2469.000 1.464
2470.000 1.502
2471.000 1.525
2472.000 1.685
2473.000 1.705
2474.000 1.804
2475.000 1.875
2476.000 1.925
2477.000 1.974
2478.000 2.030
2479.000 2.155
2480.000 2.258
2481.000 2.367
2482.000 2.556
2483.000 2.714
2484.000 2.979
2485.000 3.203
2486.000 3.615
2487.000 3.969
2488.000 4.370
2489.000 5.092
2490.000 5.601
2491.000 6.135
2492.000 6.729
2493.000 6.665
2494.000 6.105
2495.000 5.555
2496.000 4.648
2497.000 4.023
2498.000 3.483
2499.000 3.077
2500.000 2.598
2501.000 2.362
2502.000 2.049
2503.000 1.882
2504.000 1.684
2505.000 1.542
2506.000 1.431
2507.000 1.286
2508.000 1.199
2509.000 1.127
2510.000 1.029
2511.000 0.943
2512.000 0.831
2513.000 0.770
2514.000 0.687
2515.000 0.640
2516.000 0.608
2517.000 0.549
2518.000 0.517
2519.000 0.494
2520.000 0.450
2521.000 0.421
2522.000 0.386
2523.000 0.367
2524.000 0.342
2525.000 0.325
2526.000 0.310
2527.000 0.291
2528.000 0.275
2529.000 0.264
2530.000 0.250
2531.000 0.239
2532.000 0.223
2533.000 0.214
2534.000 0.199
2535.000 0.192
2536.000 0.183
2537.000 0.171
2538.000 0.163
2539.000 0.155
2540.000 0.147
2541.000 0.142
2542.000 0.135
2543.000 0.128
2544.000 0.123
2545.000 0.115
2546.000 0.110
2547.000 0.105
2548.000 0.101
2549.000 0.098
2550.000 0.093
2551.000 0.089
2552.000 0.083
2553.000 0.080
2554.000 0.077
2555.000 0.073
2556.000 0.070
2557.000 0.068
2558.000 0.065
2559.000 0.064
2560.000 0.064
2561.000 0.061
2562.000 0.060
2563.000 0.059
2564.000 0.059
2565.000 0.058
2566.000 0.057
2567.000 0.057
2568.000 0.056
2569.000 0.056
2570.000 0.055
2571.000 0.056
2572.000 0.055
2573.000 0.057
2574.000 0.058
2575.000 0.058
2576.000 0.058
2577.000 0.061
2578.000 0.061
2579.000 0.061
2580.000 0.064
2581.000 0.070
2582.000 0.072
2583.000 0.073
2584.000 0.074
2585.000 0.072
2586.000 0.073
2587.000 0.072
2588.000 0.072
2589.000 0.071
2590.000 0.074
2591.000 0.074
2592.000 0.076
2593.000 0.074
2594.000 0.077
2595.000 0.079
2596.000 0.079
2597.000 0.080
2598.000 0.080
2599.000 0.085
2600.000 0.085
