2201.000 0.011
2202.000 0.861
2203.000 0.775
2204.000 0.741
2205.000 0.772
2206.000 0.772
2207.000 0.758
2208.000 0.751
2209.000 0.745
2210.000 0.748
2211.000 0.742
2212.000 0.749
2213.000 0.755
2214.000 0.749
2215.000 0.755
2216.000 0.759
2217.000 0.761
2218.000 0.764
2219.000 0.762
2220.000 0.773
2221.000 0.779
2222.000 0.763
2223.000 0.747
2224.000 0.755
2225.000 0.736
2226.000 0.717
2227.000 0.705
2228.000 0.682
2229.000 0.659
2230.000 0.641
2231.000 0.631
2232.000 0.610
2233.000 0.583
2234.000 0.570
2235.000 0.553
2236.000 0.538
2237.000 0.522
2238.000 0.507
2239.000 0.504
2240.000 0.513
2241.000 0.525
2242.000 0.532
2243.000 0.543
2244.000 0.553
2245.000 0.574
2246.000 0.581
2247.000 0.595
2248.000 0.614
2249.000 0.621
2250.000 0.637
2251.000 0.652
2252.000 0.667
2253.000 0.688
2254.000 0.699
2255.000 0.763
2256.000 0.790
2257.000 0.792
2258.000 0.804
2259.000 0.814
2260.000 0.835
2261.000 0.864
2262.000 0.890
2263.000 0.923
2264.000 0.949
2265.000 0.987
2266.000 1.021
2267.000 1.050
2268.000 1.098
2269.000 1.139
2270.000 1.180
2271.000 1.235
2272.000 1.282
2273.000 1.359
2274.000 1.415
2275.000 1.494
2276.000 1.559
2277.000 1.660
2278.000 1.740
2279.000 1.828
2280.000 1.973
2281.000 2.073
2282.000 2.249
2283.000 2.384
2284.000 2.547
2285.000 2.815
2286.000 3.011
2287.000 3.394
2288.000 3.724
2289.000 4.112
2290.000 4.863
2291.000 5.524
2292.000 6.751
2293.000 7.748
2294.000 8.953
2295.000 10.534
2296.000 11.134
2297.000 10.677
2298.000 9.510
2299.000 8.065
2300.000 5.998
2301.000 5.005
2302.000 4.335
2303.000 3.597
2304.000 3.164
2305.000 2.606
2306.000 2.253
2307.000 1.684
2308.000 1.275
2309.000 1.052
2310.000 2.279
2311.000 4.528
2312.000 5.750
2313.000 4.921
2314.000 3.665
2315.000 2.649
2316.000 2.211
2317.000 2.171
2318.000 2.075
2319.000 1.986
2320.000 1.927
2321.000 1.898
2322.000 1.854
2323.000 1.804
2324.000 1.773
2325.000 1.711
2326.000 1.672
2327.000 1.619
2328.000 1.590
2329.000 1.552
2330.000 1.505
2331.000 1.486
2332.000 1.451
2333.000 1.410
2334.000 1.394
2335.000 1.365
2336.000 1.331
2337.000 1.313
2338.000 1.280
2339.000 1.264
2340.000 1.243
2341.000 1.226
2342.000 1.211
2343.000 1.186
2344.000 1.171
2345.000 1.147
2346.000 1.142
2347.000 1.122
2348.000 1.103
2349.000 1.094
2350.000 1.074
2351.000 1.054
2352.000 1.048
2353.000 1.032
2354.000 1.014
2355.000 0.995
2356.000 0.992
2357.000 0.977
2358.000 0.965
2359.000 0.961
2360.000 0.947
2361.000 0.935
2362.000 0.930
2363.000 0.929
2364.000 0.917
2365.000 0.902
2366.000 0.901
2367.000 0.895
2368.000 0.886
2369.000 0.884
2370.000 0.878
2371.000 0.882
2372.000 0.871
2373.000 0.869
2374.000 0.874
2375.000 0.870
2376.000 0.859
2377.000 0.865
2378.000 0.856
2379.000 0.849
2380.000 0.854
2381.000 0.849
2382.000 0.844
2383.000 0.843
2384.000 0.842
2385.000 0.847
2386.000 0.839
2387.000 0.845
2388.000 0.838
2389.000 0.834
2390.000 0.836
2391.000 0.834
2392.000 0.827
2393.000 0.826
2394.000 0.829
2395.000 0.826
2396.000 0.822
2397.000 0.826
2398.000 0.824
2399.000 0.821
2400.000 0.826
2401.000 0.817
2402.000 0.821
2403.000 0.821
2404.000 0.818
2405.000 0.820
2406.000 0.825
2407.000 0.825
2408.000 0.826
2409.000 0.824
2410.000 0.821
2411.000 0.819
2412.000 0.827
2413.000 0.828
2414.000 0.831
2415.000 0.833
2416.000 0.834
2417.000 0.829
2418.000 0.832
2419.000 0.838
2420.000 0.844
2421.000 0.838
2422.000 0.846
2423.000 0.845
2424.000 0.849
2425.000 0.852
2426.000 0.854
2427.000 0.862
2428.000 0.861
2429.000 0.866
2430.000 0.873
2431.000 0.879
2432.000 0.877
2433.000 0.884
2434.000 0.896
2435.000 0.891
2436.000 0.900
2437.000 0.910
2438.000 0.906
2439.000 0.915
2440.000 0.927
2441.000 0.938
2442.000 0.939
2443.000 0.955
2444.000 0.967
2445.000 0.971
2446.000 0.980
2447.000 0.989
2448.000 0.995
2449.000 1.008
2450.000 1.022
2451.000 1.038
2452.000 1.046
2453.000 1.064
2454.000 1.081
2455.000 1.095
2456.000 1.107
2457.000 1.126
2458.000 1.148
2459.000 1.168
2460.000 1.181
2461.000 1.207
2462.000 1.235
2463.000 1.267
2464.000 1.278
2465.000 1.306
2466.000 1.359
2467.000 1.378
2468.000 1.409
2469.000 1.462
2470.000 1.486
2471.000 1.543
2472.000 1.592
2473.000 1.661
2474.000 1.705
2475.000 1.763
2476.000 1.860
2477.000 1.929
2478.000 2.002
2479.000 2.129
2480.000 2.236
2481.000 2.391
2482.000 2.512
2483.000 2.749
2484.000 2.921
2485.000 3.109
2486.000 3.492
2487.000 3.807
2488.000 4.170
2489.000 4.857
2490.000 5.382
2491.000 6.149
2492.000 6.520
2493.000 6.792
2494.000 6.537
2495.000 6.024
2496.000 5.457
2497.000 4.371
2498.000 3.764
2499.000 3.097
2500.000 2.757
2501.000 2.356
2502.000 2.145
2503.000 1.956
2504.000 1.725
2505.000 1.587
2506.000 1.466
2507.000 1.306
2508.000 1.212
2509.000 1.099
2510.000 1.025
2511.000 0.902
2512.000 0.831
2513.000 0.766
2514.000 0.684
2515.000 0.635
2516.000 0.597
2517.000 0.543
2518.000 0.508
2519.000 0.468
2520.000 0.443
2521.000 0.409
2522.000 0.387
2523.000 0.368
2524.000 0.345
2525.000 0.327
2526.000 0.313
2527.000 0.291
2528.000 0.276
2529.000 0.258
2530.000 0.248
2531.000 0.236
2532.000 0.224
2533.000 0.214
2534.000 0.202
2535.000 0.193
2536.000 0.184
2537.000 0.174
2538.000 0.165
2539.000 0.157
2540.000 0.151
2541.000 0.141
2542.000 0.136
2543.000 0.130
2544.000 0.122
2545.000 0.116
2546.000 0.111
2547.000 0.105
2548.000 0.100
2549.000 0.096
2550.000 0.091
2551.000 0.087
2552.000 0.083
2553.000 0.080
2554.000 0.076
2555.000 0.073
2556.000 0.071
2557.000 0.068
2558.000 0.066
2559.000 0.063
2560.000 0.062
2561.000 0.060
2562.000 0.061
2563.000 0.058
2564.000 0.057
2565.000 0.056
2566.000 0.056
2567.000 0.056
2568.000 0.055
2569.000 0.056
2570.000 0.057
2571.000 0.057
2572.000 0.056
2573.000 0.058
2574.000 0.056
2575.000 0.058
2576.000 0.059
2577.000 0.061
2578.000 0.060
2579.000 0.064
2580.000 0.064
2581.000 0.064
2582.000 0.066
2583.000 0.070
2584.000 0.070
2585.000 0.070
2586.000 0.071
2587.000 0.074
2588.000 0.075
2589.000 0.075
2590.000 0.074
2591.000 0.077
2592.000 0.076
2593.000 0.077
2594.000 0.076
2595.000 0.078
2596.000 0.079
2597.000 0.081
2598.000 0.082
2599.000 0.081
2600.000 0.082
