2201.000 0.002
2202.000 0.171
2203.000 0.179
2204.000 0.169
2205.000 0.167
2206.000 0.170
2207.000 0.173
2208.000 0.172
2209.000 0.173
2210.000 0.173
2211.000 0.177
2212.000 0.178
2213.000 0.179
2214.000 0.180
2215.000 0.184
2216.000 0.186
2217.000 0.187
2218.000 0.189
2219.000 0.191
2220.000 0.192
2221.000 0.194
2222.000 0.195
2223.000 0.198
2224.000 0.202
2225.000 0.204
2226.000 0.206
2227.000 0.211
2228.000 0.213
2229.000 0.213
2230.000 0.218
2231.000 0.221
2232.000 0.223
2233.000 0.227
2234.000 0.228
2235.000 0.233
2236.000 0.239
2237.000 0.242
2238.000 0.245
2239.000 0.249
2240.000 0.253
2241.000 0.258
2242.000 0.263
2243.000 0.268
2244.000 0.274
2245.000 0.280
2246.000 0.287
2247.000 0.291
2248.000 0.297
2249.000 0.305
2250.000 0.310
2251.000 0.317
2252.000 0.325
2253.000 0.330
2254.000 0.343
2255.000 0.348
2256.000 0.360
2257.000 0.368
2258.000 0.372
2259.000 0.387
2260.000 0.398
2261.000 0.412
2262.000 0.421
2263.000 0.432
2264.000 0.450
2265.000 0.463
2266.000 0.485
2267.000 0.498
2268.000 0.514
2269.000 0.539
2270.000 0.559
2271.000 0.577
2272.000 0.611
2273.000 0.632
2274.000 0.673
2275.000 0.703
2276.000 0.757
2277.000 0.794
2278.000 0.842
2279.000 0.922
2280.000 0.981
2281.000 1.052
2282.000 1.165
2283.000 1.225
2284.000 1.318
2285.000 1.388
2286.000 1.468
2287.000 1.598
2288.000 1.706
2289.000 1.867
2290.000 1.985
2291.000 2.115
2292.000 2.339
2293.000 2.521
2294.000 2.852
2295.000 3.126
2296.000 3.457
2297.000 4.064
2298.000 4.574
2299.000 5.519
2300.000 6.214
2301.000 7.070
2302.000 7.226
2303.000 6.801
2304.000 5.358
2305.000 4.035
2306.000 2.647
2307.000 2.352
2308.000 5.478
2309.000 11.537
2310.000 14.171
2311.000 15.409
2312.000 13.801
2313.000 10.763
2314.000 7.128
2315.000 5.782
2316.000 4.775
2317.000 3.768
2318.000 3.308
2319.000 2.837
2320.000 2.659
2321.000 2.516
2322.000 2.339
2323.000 2.236
2324.000 2.111
2325.000 2.034
2326.000 1.963
2327.000 1.865
2328.000 1.806
2329.000 1.753
2330.000 1.681
2331.000 1.633
2332.000 1.578
2333.000 1.538
2334.000 1.489
2335.000 1.459
2336.000 1.429
2337.000 1.383
2338.000 1.358
2339.000 1.334
2340.000 1.299
2341.000 1.269
2342.000 1.248
2343.000 1.231
2344.000 1.206
2345.000 1.188
2346.000 1.175
2347.000 1.153
2348.000 1.141
2349.000 1.122
2350.000 1.115
2351.000 1.100
2352.000 1.077
2353.000 1.067
2354.000 1.057
2355.000 1.043
2356.000 1.034
2357.000 1.018
2358.000 1.009
2359.000 1.000
2360.000 1.000
2361.000 0.988
2362.000 0.981
2363.000 0.974
2364.000 0.969
2365.000 0.960
2366.000 0.962
2367.000 0.954
2368.000 0.949
2369.000 0.945
2370.000 0.943
2371.000 0.945
2372.000 0.941
2373.000 0.939
2374.000 0.937
2375.000 0.928
2376.000 0.925
2377.000 0.927
2378.000 0.922
2379.000 0.920
2380.000 0.920
2381.000 0.916
2382.000 0.914
2383.000 0.918
2384.000 0.913
2385.000 0.910
2386.000 0.911
2387.000 0.908
2388.000 0.913
2389.000 0.910
2390.000 0.909
2391.000 0.910
2392.000 0.911
2393.000 0.913
2394.000 0.914
2395.000 0.912
2396.000 0.916
2397.000 0.917
2398.000 0.922
2399.000 0.920
2400.000 0.925
2401.000 0.923
2402.000 0.927
2403.000 0.930
2404.000 0.935
2405.000 0.941
2406.000 0.941
2407.000 0.947
2408.000 0.954
2409.000 0.953
2410.000 0.964
2411.000 0.969
2412.000 0.974
2413.000 0.983
2414.000 0.986
2415.000 0.997
2416.000 1.003
2417.000 1.012
2418.000 1.025
2419.000 1.030
2420.000 1.041
2421.000 1.054
2422.000 1.067
2423.000 1.080
2424.000 1.087
2425.000 1.106
2426.000 1.117
2427.000 1.129
2428.000 1.148
2429.000 1.173
2430.000 1.187
2431.000 1.205
2432.000 1.235
2433.000 1.256
2434.000 1.279
2435.000 1.312
2436.000 1.339
2437.000 1.367
2438.000 1.409
2439.000 1.444
2440.000 1.494
2441.000 1.536
2442.000 1.578
2443.000 1.653
2444.000 1.699
2445.000 1.753
2446.000 1.847
2447.000 1.918
2448.000 2.039
2449.000 2.132
2450.000 2.288
2451.000 2.410
2452.000 2.555
2453.000 2.804
2454.000 3.007
2455.000 3.239
2456.000 3.684
2457.000 4.223
2458.000 4.645
2459.000 5.115
2460.000 5.817
2461.000 6.179
2462.000 6.365
2463.000 6.163
2464.000 5.757
2465.000 4.984
2466.000 4.362
2467.000 3.521
2468.000 3.104
2469.000 2.745
2470.000 2.320
2471.000 2.092
2472.000 1.899
2473.000 1.653
2474.000 1.519
2475.000 1.347
2476.000 1.249
2477.000 1.156
2478.000 1.040
2479.000 0.972
2480.000 0.844
2481.000 0.770
2482.000 0.709
2483.000 0.629
2484.000 0.582
2485.000 0.543
2486.000 0.488
2487.000 0.443
2488.000 0.416
2489.000 0.392
2490.000 0.358
2491.000 0.337
2492.000 0.320
2493.000 0.292
2494.000 0.279
2495.000 0.263
2496.000 0.242
2497.000 0.223
2498.000 0.213
2499.000 0.202
2500.000 0.186
2501.000 0.176
2502.000 0.165
2503.000 0.152
2504.000 0.146
2505.000 0.138
2506.000 0.125
2507.000 0.118
2508.000 0.109
2509.000 0.102
2510.000 0.091
2511.000 0.088
2512.000 0.082
2513.000 0.073
2514.000 0.069
2515.000 0.065
2516.000 0.058
2517.000 0.053
2518.000 0.048
2519.000 0.045
2520.000 0.043
2521.000 0.036
2522.000 0.035
2523.000 0.030
2524.000 0.030
2525.000 0.027
2526.000 0.025
2527.000 0.025
2528.000 0.025
2529.000 0.026
2530.000 0.028
2531.000 0.028
2532.000 0.031
2533.000 0.031
2534.000 0.033
2535.000 0.036
2536.000 0.038
2537.000 0.042
2538.000 0.043
2539.000 0.046
2540.000 0.046
2541.000 0.050
2542.000 0.051
2543.000 0.054
2544.000 0.055
2545.000 0.058
2546.000 0.060
2547.000 0.062
2548.000 0.066
2549.000 0.066
2550.000 0.065
2551.000 0.070
2552.000 0.071
2553.000 0.075
2554.000 0.073
2555.000 0.077
2556.000 0.080
2557.000 0.081
2558.000 0.083
2559.000 0.083
2560.000 0.085
2561.000 0.087
2562.000 0.088
2563.000 0.091
2564.000 0.092
2565.000 0.092
2566.000 0.094
2567.000 0.093
2568.000 0.097
2569.000 0.097
2570.000 0.098
2571.000 0.111
2572.000 0.109
2573.000 0.108
2574.000 0.107
2575.000 0.108
2576.000 0.107
2577.000 0.109
2578.000 0.111
2579.000 0.107
2580.000 0.111
2581.000 0.110
2582.000 0.112
2583.000 0.111
2584.000 0.112
2585.000 0.115
2586.000 0.115
2587.000 0.115
2588.000 0.116
2589.000 0.117
2590.000 0.118
2591.000 0.118
2592.000 0.121
2593.000 0.122
2594.000 0.121
2595.000 0.122
2596.000 0.123
2597.000 0.125
2598.000 0.126
2599.000 0.127
2600.000 0.127
