2201.000 0.003
2202.000 0.758
2203.000 0.756
2204.000 0.738
2205.000 0.760
2206.000 0.744
2207.000 0.730
2208.000 0.720
2209.000 0.717
2210.000 0.727
2211.000 0.718
2212.000 0.723
2213.000 0.734
2214.000 0.765
2215.000 0.760
2216.000 0.750
2217.000 0.769
2218.000 0.762
2219.000 0.776
2220.000 0.778
2221.000 0.779
2222.000 0.779
2223.000 0.796
2224.000 0.789
2225.000 0.776
2226.000 0.777
2227.000 0.769
2228.000 0.747
2229.000 0.743
2230.000 0.726
2231.000 0.710
2232.000 0.691
2233.000 0.671
2234.000 0.658
2235.000 0.645
2236.000 0.629
2237.000 0.605
2238.000 0.594
2239.000 0.575
2240.000 0.558
2241.000 0.551
2242.000 0.605
2243.000 0.622
2244.000 0.614
2245.000 0.640
2246.000 0.629
2247.000 0.626
2248.000 0.629
2249.000 0.634
2250.000 0.644
2251.000 0.653
2252.000 0.675
2253.000 0.685
2254.000 0.715
2255.000 0.733
2256.000 0.743
2257.000 0.772
2258.000 0.795
2259.000 0.811
2260.000 0.845
2261.000 0.872
2262.000 0.906
2263.000 0.931
2264.000 0.962
2265.000 1.018
2266.000 1.093
2267.000 1.119
2268.000 1.140
2269.000 1.174
2270.000 1.361
2271.000 1.360
2272.000 1.435
2273.000 1.454
2274.000 1.506
2275.000 1.583
2276.000 1.664
2277.000 1.739
2278.000 1.803
2279.000 1.889
2280.000 2.051
2281.000 2.254
2282.000 2.419
2283.000 2.511
2284.000 2.693
2285.000 2.866
2286.000 3.065
2287.000 3.429
2288.000 3.731
2289.000 4.097
2290.000 4.794
2291.000 5.376
2292.000 6.452
2293.000 7.318
2294.000 8.856
2295.000 9.617
2296.000 10.002
2297.000 9.265
2298.000 8.060
2299.000 6.648
2300.000 4.587
2301.000 3.641
2302.000 2.996
2303.000 3.146
2304.000 4.027
2305.000 7.460
2306.000 10.971
2307.000 14.789
2308.000 19.478
2309.000 21.343
2310.000 21.337
2311.000 18.581
2312.000 12.697
2313.000 9.420
2314.000 6.960
2315.000 4.359
2316.000 3.200
2317.000 2.420
2318.000 1.739
2319.000 1.450
2320.000 1.195
2321.000 1.097
2322.000 1.028
2323.000 0.987
2324.000 0.959
2325.000 0.930
2326.000 0.918
2327.000 0.912
2328.000 0.908
2329.000 0.906
2330.000 0.897
2331.000 0.891
2332.000 0.883
2333.000 0.879
2334.000 0.874
2335.000 0.859
2336.000 0.862
2337.000 0.850
2338.000 0.841
2339.000 0.832
2340.000 0.825
2341.000 0.817
2342.000 0.807
2343.000 0.802
2344.000 0.795
2345.000 0.784
2346.000 0.779
2347.000 0.773
2348.000 0.764
2349.000 0.762
2350.000 0.753
2351.000 0.746
2352.000 0.740
2353.000 0.734
2354.000 0.730
2355.000 0.723
2356.000 0.721
2357.000 0.718
2358.000 0.711
2359.000 0.709
2360.000 0.715
2361.000 0.711
2362.000 0.701
2363.000 0.695
2364.000 0.692
2365.000 0.683
2366.000 0.681
2367.000 0.680
2368.000 0.675
2369.000 0.671
2370.000 0.671
2371.000 0.667
2372.000 0.664
2373.000 0.661
2374.000 0.660
2375.000 0.659
2376.000 0.655
2377.000 0.657
2378.000 0.656
2379.000 0.656
2380.000 0.657
2381.000 0.655
2382.000 0.655
2383.000 0.671
2384.000 0.675
2385.000 0.669
2386.000 0.658
2387.000 0.654
2388.000 0.650
2389.000 0.647
2390.000 0.644
2391.000 0.646
2392.000 0.649
2393.000 0.647
2394.000 0.647
2395.000 0.650
2396.000 0.648
2397.000 0.651
2398.000 0.652
2399.000 0.659
2400.000 0.657
2401.000 0.657
2402.000 0.664
2403.000 0.663
2404.000 0.665
2405.000 0.668
2406.000 0.676
2407.000 0.681
2408.000 0.683
2409.000 0.708
2410.000 0.738
2411.000 0.736
2412.000 0.723
2413.000 0.719
2414.000 0.713
2415.000 0.714
2416.000 0.717
2417.000 0.717
2418.000 0.731
2419.000 0.814
2420.000 0.812
2421.000 0.798
2422.000 0.788
2423.000 0.801
2424.000 0.794
2425.000 0.792
2426.000 0.795
2427.000 0.797
2428.000 0.814
2429.000 0.832
2430.000 0.854
2431.000 0.856
2432.000 0.861
2433.000 0.866
2434.000 0.866
2435.000 0.873
2436.000 0.882
2437.000 0.888
2438.000 0.890
2439.000 0.901
2440.000 0.914
2441.000 0.922
2442.000 0.987
2443.000 0.972
2444.000 0.974
2445.000 1.021
2446.000 1.002
2447.000 0.995
2448.000 1.000
2449.000 1.011
2450.000 1.012
2451.000 1.030
2452.000 1.029
2453.000 1.049
2454.000 1.065
2455.000 1.072
2456.000 1.098
2457.000 1.116
2458.000 1.124
2459.000 1.149
2460.000 1.195
2461.000 1.213
2462.000 1.216
2463.000 1.235
2464.000 1.268
2465.000 1.294
2466.000 1.312
2467.000 1.353
2468.000 1.397
2469.000 1.428
2470.000 1.469
2471.000 1.546
2472.000 1.579
2473.000 1.613
2474.000 1.691
2475.000 1.740
2476.000 1.837
2477.000 1.894
2478.000 2.007
2479.000 2.096
2480.000 2.184
2481.000 2.341
2482.000 2.480
2483.000 2.605
2484.000 2.846
2485.000 3.051
2486.000 3.411
2487.000 3.701
2488.000 4.061
2489.000 4.734
2490.000 5.226
2491.000 6.003
2492.000 6.443
2493.000 6.650
2494.000 6.444
2495.000 5.998
2496.000 5.197
2497.000 4.550
2498.000 3.682
2499.000 3.252
2500.000 2.898
2501.000 2.468
2502.000 2.233
2503.000 2.048
2504.000 1.804
2505.000 1.674
2506.000 1.492
2507.000 1.384
2508.000 1.285
2509.000 1.165
2510.000 1.105
2511.000 1.035
2512.000 0.911
2513.000 0.842
2514.000 0.746
2515.000 0.692
2516.000 0.621
2517.000 0.586
2518.000 0.551
2519.000 0.509
2520.000 0.478
2521.000 0.451
2522.000 0.413
2523.000 0.394
2524.000 0.365
2525.000 0.345
2526.000 0.322
2527.000 0.308
2528.000 0.294
2529.000 0.275
2530.000 0.263
2531.000 0.253
2532.000 0.238
2533.000 0.231
2534.000 0.217
2535.000 0.208
2536.000 0.196
2537.000 0.189
2538.000 0.181
2539.000 0.170
2540.000 0.167
2541.000 0.155
2542.000 0.147
2543.000 0.141
2544.000 0.133
2545.000 0.128
2546.000 0.123
2547.000 0.117
2548.000 0.114
2549.000 0.107
2550.000 0.103
2551.000 0.098
2552.000 0.095
2553.000 0.090
2554.000 0.089
2555.000 0.083
2556.000 0.080
2557.000 0.076
2558.000 0.075
2559.000 0.071
2560.000 0.069
2561.000 0.068
2562.000 0.066
2563.000 0.064
2564.000 0.064
2565.000 0.064
2566.000 0.062
2567.000 0.058
2568.000 0.060
2569.000 0.059
2570.000 0.060
2571.000 0.059
2572.000 0.058
2573.000 0.058
2574.000 0.058
2575.000 0.060
2576.000 0.059
2577.000 0.062
2578.000 0.060
2579.000 0.062
2580.000 0.064
2581.000 0.063
2582.000 0.064
2583.000 0.064
2584.000 0.066
2585.000 0.066
2586.000 0.065
2587.000 0.069
2588.000 0.068
2589.000 0.069
2590.000 0.069
2591.000 0.072
2592.000 0.070
2593.000 0.072
2594.000 0.074
2595.000 0.077
2596.000 0.077
2597.000 0.077
2598.000 0.078
2599.000 0.080
2600.000 0.082
