2201.000 0.014
2202.000 0.767
2203.000 0.776
2204.000 0.759
2205.000 0.835
2206.000 0.797
2207.000 0.782
2208.000 0.774
2209.000 0.757
2210.000 0.770
2211.000 0.759
2212.000 0.759
2213.000 0.763
2214.000 0.770
2215.000 0.768
2216.000 0.780
2217.000 0.782
2218.000 0.789
2219.000 0.794
2220.000 0.804
2221.000 0.803
2222.000 0.798
2223.000 0.791
2224.000 0.789
2225.000 0.777
2226.000 0.758
2227.000 0.747
2228.000 0.735
2229.000 0.703
2230.000 0.690
2231.000 0.655
2232.000 0.630
2233.000 0.629
2234.000 0.613
2235.000 0.589
2236.000 0.558
2237.000 0.538
2238.000 0.528
2239.000 0.524
2240.000 0.528
2241.000 0.544
2242.000 0.553
2243.000 0.569
2244.000 0.572
2245.000 0.586
2246.000 0.608
2247.000 0.615
2248.000 0.628
2249.000 0.647
2250.000 0.657
2251.000 0.676
2252.000 0.693
2253.000 0.714
2254.000 0.724
2255.000 0.750
2256.000 0.776
2257.000 0.787
2258.000 0.817
2259.000 0.854
2260.000 0.867
2261.000 0.895
2262.000 0.914
2263.000 0.951
2264.000 0.978
2265.000 1.016
2266.000 1.044
2267.000 1.091
2268.000 1.124
2269.000 1.192
2270.000 1.225
2271.000 1.282
2272.000 1.345
2273.000 1.382
2274.000 1.465
2275.000 1.524
2276.000 1.600
2277.000 1.710
2278.000 1.774
2279.000 1.892
2280.000 1.992
2281.000 2.157
2282.000 2.262
2283.000 2.405
2284.000 2.627
2285.000 2.789
2286.000 2.994
2287.000 3.373
2288.000 3.672
2289.000 4.218
2290.000 4.685
2291.000 5.559
2292.000 6.298
2293.000 7.168
2294.000 8.650
2295.000 9.533
2296.000 10.107
2297.000 9.775
2298.000 8.084
2299.000 6.693
2300.000 5.385
2301.000 4.021
2302.000 3.456
2303.000 3.083
2304.000 3.089
2305.000 3.615
2306.000 5.661
2307.000 7.738
2308.000 9.899
2309.000 11.924
2310.000 11.856
2311.000 9.278
2312.000 6.983
2313.000 4.778
2314.000 2.084
2315.000 0.954
2316.000 0.768
2317.000 1.046
2318.000 1.216
2319.000 1.462
2320.000 1.576
2321.000 1.644
2322.000 1.572
2323.000 1.506
2324.000 1.480
2325.000 1.463
2326.000 1.475
2327.000 1.428
2328.000 1.398
2329.000 1.367
2330.000 1.356
2331.000 1.337
2332.000 1.310
2333.000 1.293
2334.000 1.294
2335.000 1.296
2336.000 1.275
2337.000 1.228
2338.000 1.205
2339.000 1.178
2340.000 1.160
2341.000 1.170
2342.000 1.152
2343.000 1.146
2344.000 1.124
2345.000 1.089
2346.000 1.077
2347.000 1.066
2348.000 1.054
2349.000 1.046
2350.000 1.027
2351.000 1.015
2352.000 0.997
2353.000 0.988
2354.000 0.976
2355.000 0.971
2356.000 0.956
2357.000 0.942
2358.000 0.940
2359.000 0.932
2360.000 0.920
2361.000 0.918
2362.000 0.910
2363.000 0.909
2364.000 0.904
2365.000 0.893
2366.000 0.884
2367.000 0.881
2368.000 0.886
2369.000 0.926
2370.000 0.905
2371.000 0.894
2372.000 0.872
2373.000 0.871
2374.000 0.856
2375.000 0.854
2376.000 0.850
2377.000 0.852
2378.000 0.844
2379.000 0.840
2380.000 0.844
2381.000 0.836
2382.000 0.845
2383.000 0.843
2384.000 0.829
2385.000 0.837
2386.000 0.825
2387.000 0.881
2388.000 0.867
2389.000 0.844
2390.000 0.833
2391.000 0.821
2392.000 0.816
2393.000 0.812
2394.000 0.817
2395.000 0.811
2396.000 0.812
2397.000 0.809
2398.000 0.829
2399.000 0.815
2400.000 0.811
2401.000 0.813
2402.000 0.812
2403.000 0.806
2404.000 0.814
2405.000 0.813
2406.000 0.811
2407.000 0.801
2408.000 0.807
2409.000 0.813
2410.000 0.811
2411.000 0.816
2412.000 0.814
2413.000 0.808
2414.000 0.814
2415.000 0.817
2416.000 0.816
2417.000 0.814
2418.000 0.832
2419.000 0.859
2420.000 0.840
2421.000 0.842
2422.000 0.839
2423.000 0.849
2424.000 0.839
2425.000 0.845
2426.000 0.846
2427.000 0.842
2428.000 0.844
2429.000 0.857
2430.000 0.859
2431.000 0.855
2432.000 0.872
2433.000 0.872
2434.000 0.876
2435.000 0.880
2436.000 0.889
2437.000 0.896
2438.000 0.898
2439.000 0.906
2440.000 0.936
2441.000 0.964
2442.000 1.028
2443.000 1.022
2444.000 1.006
2445.000 0.990
2446.000 0.985
2447.000 0.984
2448.000 0.978
2449.000 0.986
2450.000 1.055
2451.000 1.050
2452.000 1.040
2453.000 1.142
2454.000 1.122
2455.000 1.115
2456.000 1.163
2457.000 1.246
2458.000 1.234
2459.000 1.219
2460.000 1.207
2461.000 1.209
2462.000 1.220
2463.000 1.232
2464.000 1.288
2465.000 1.434
2466.000 1.466
2467.000 1.490
2468.000 1.511
2469.000 1.515
2470.000 1.522
2471.000 1.539
2472.000 1.563
2473.000 1.619
2474.000 1.663
2475.000 1.743
2476.000 1.795
2477.000 1.856
2478.000 1.962
2479.000 2.050
2480.000 2.185
2481.000 2.293
2482.000 2.419
2483.000 2.629
2484.000 2.788
2485.000 3.079
2486.000 3.313
2487.000 3.599
2488.000 4.142
2489.000 4.583
2490.000 5.332
2491.000 5.849
2492.000 6.289
2493.000 6.556
2494.000 6.389
2495.000 5.732
2496.000 5.194
2497.000 4.553
2498.000 3.678
2499.000 3.243
2500.000 2.726
2501.000 2.486
2502.000 2.122
2503.000 1.993
2504.000 1.803
2505.000 1.594
2506.000 1.473
2507.000 1.365
2508.000 1.227
2509.000 1.154
2510.000 1.146
2511.000 1.005
2512.000 0.912
2513.000 0.798
2514.000 0.737
2515.000 0.656
2516.000 0.612
2517.000 0.574
2518.000 0.525
2519.000 0.528
2520.000 0.526
2521.000 0.473
2522.000 0.464
2523.000 0.425
2524.000 0.394
2525.000 0.356
2526.000 0.335
2527.000 0.339
2528.000 0.308
2529.000 0.286
2530.000 0.270
2531.000 0.249
2532.000 0.238
2533.000 0.219
2534.000 0.209
2535.000 0.197
2536.000 0.187
2537.000 0.180
2538.000 0.170
2539.000 0.162
2540.000 0.155
2541.000 0.147
2542.000 0.142
2543.000 0.132
2544.000 0.129
2545.000 0.122
2546.000 0.115
2547.000 0.110
2548.000 0.105
2549.000 0.101
2550.000 0.096
2551.000 0.096
2552.000 0.085
2553.000 0.083
2554.000 0.080
2555.000 0.079
2556.000 0.073
2557.000 0.071
2558.000 0.070
2559.000 0.065
2560.000 0.063
2561.000 0.064
2562.000 0.060
2563.000 0.059
2564.000 0.061
2565.000 0.058
2566.000 0.059
2567.000 0.058
2568.000 0.056
2569.000 0.058
2570.000 0.056
2571.000 0.057
2572.000 0.058
2573.000 0.057
2574.000 0.058
2575.000 0.056
2576.000 0.058
2577.000 0.060
2578.000 0.060
2579.000 0.060
2580.000 0.061
2581.000 0.062
2582.000 0.064
2583.000 0.063
2584.000 0.065
2585.000 0.064
2586.000 0.066
2587.000 0.068
2588.000 0.070
2589.000 0.069
2590.000 0.070
2591.000 0.071
2592.000 0.075
2593.000 0.077
2594.000 0.076
2595.000 0.078
2596.000 0.079
2597.000 0.080
2598.000 0.080
2599.000 0.090
2600.000 0.092
