1801.000 0.002
1802.000 2.462
1803.000 2.634
1804.000 2.573
1805.000 2.569
1806.000 2.577
1807.000 2.587
1808.000 2.599
1809.000 2.611
1810.000 2.622
1811.000 2.636
1812.000 2.648
1813.000 2.524
1814.000 2.385
1815.000 2.390
1816.000 2.414
1817.000 2.437
1818.000 2.457
1819.000 2.480
1820.000 2.507
1821.000 2.524
1822.000 2.549
1823.000 2.573
1824.000 2.599
1825.000 2.620
1826.000 2.644
1827.000 2.672
1828.000 2.700
1829.000 2.718
1830.000 2.749
1831.000 2.769
1832.000 2.791
1833.000 2.803
1834.000 2.819
1835.000 2.840
1836.000 2.865
1837.000 2.887
1838.000 2.907
1839.000 2.933
1840.000 2.952
1841.000 2.977
1842.000 2.997
1843.000 3.021
1844.000 3.038
1845.000 3.055
1846.000 3.066
1847.000 3.087
1848.000 3.111
1849.000 3.128
1850.000 3.150
1851.000 3.165
1852.000 3.182
1853.000 3.202
1854.000 3.218
1855.000 3.238
1856.000 3.260
1857.000 3.273
1858.000 3.283
1859.000 3.296
1860.000 3.299
1861.000 3.290
1862.000 3.273
1863.000 3.246
1864.000 3.208
1865.000 3.156
1866.000 3.086
1867.000 3.002
1868.000 2.906
1869.000 2.795
1870.000 2.729
1871.000 2.606
1872.000 2.489
1873.000 2.379
1874.000 2.275
1875.000 2.187
1876.000 2.110
1877.000 2.085
1878.000 2.093
1879.000 2.103
1880.000 2.111
1881.000 2.115
1882.000 2.123
1883.000 2.133
1884.000 2.143
1885.000 2.149
1886.000 2.155
1887.000 2.165
1888.000 2.169
1889.000 2.177
1890.000 2.186
1891.000 2.198
1892.000 2.205
1893.000 2.213
1894.000 2.215
1895.000 2.223
1896.000 2.226
1897.000 2.231
1898.000 2.238
1899.000 2.246
1900.000 2.249
1901.000 2.256
1902.000 2.261
1903.000 2.266
1904.000 2.273
1905.000 2.279
1906.000 2.286
1907.000 2.289
1908.000 2.295
1909.000 2.301
1910.000 2.307
1911.000 2.309
1912.000 2.316
1913.000 2.317
1914.000 2.323
1915.000 2.326
1916.000 2.336
1917.000 2.344
1918.000 2.347
1919.000 2.356
1920.000 2.368
1921.000 2.370
1922.000 2.378
1923.000 2.382
1924.000 2.386
1925.000 2.387
1926.000 2.393
1927.000 2.395
1928.000 2.398
1929.000 2.410
1930.000 2.413
1931.000 2.421
1932.000 2.428
1933.000 2.429
1934.000 2.439
1935.000 2.447
1936.000 2.453
1937.000 2.459
1938.000 2.468
1939.000 2.477
1940.000 2.485
1941.000 2.488
1942.000 2.493
1943.000 2.497
1944.000 2.507
1945.000 2.511
1946.000 2.521
1947.000 2.530
1948.000 2.541
1949.000 2.539
1950.000 2.549
1951.000 2.564
1952.000 2.569
1953.000 2.576
1954.000 2.584
1955.000 2.591
1956.000 2.588
1957.000 2.600
1958.000 2.616
1959.000 2.624
1960.000 2.628
1961.000 2.650
1962.000 2.647
1963.000 2.669
1964.000 2.671
1965.000 2.682
1966.000 2.701
1967.000 2.708
1968.000 2.712
1969.000 2.716
1970.000 2.732
1971.000 2.742
1972.000 2.754
1973.000 2.768
1974.000 2.786
1975.000 2.792
1976.000 2.813
1977.000 2.829
1978.000 2.836
1979.000 2.854
1980.000 2.854
1981.000 2.880
1982.000 2.897
1983.000 2.905
1984.000 2.912
1985.000 2.930
1986.000 2.945
1987.000 2.960
1988.000 2.987
1989.000 3.015
1990.000 3.035
1991.000 3.043
1992.000 3.063
1993.000 3.075
1994.000 3.111
1995.000 3.119
1996.000 3.161
1997.000 3.179
1998.000 3.195
1999.000 3.224
2000.000 3.262
2001.000 3.295
2002.000 3.332
2003.000 3.359
2004.000 3.365
2005.000 3.392
2006.000 3.418
2007.000 3.471
2008.000 3.482
2009.000 3.506
2010.000 3.542
2011.000 3.559
2012.000 3.595
2013.000 3.632
2014.000 3.658
2015.000 3.685
2016.000 3.717
2017.000 3.747
2018.000 3.783
2019.000 3.817
2020.000 3.859
2021.000 3.890
2022.000 3.921
2023.000 3.968
2024.000 4.018
2025.000 4.049
2026.000 4.150
2027.000 4.154
2028.000 4.184
2029.000 4.248
2030.000 4.296
2031.000 4.344
2032.000 4.402
2033.000 4.464
2034.000 4.538
2035.000 4.600
2036.000 4.673
2037.000 4.749
2038.000 4.829
2039.000 4.914
2040.000 4.945
2041.000 5.062
2042.000 5.148
2043.000 5.252
2044.000 5.348
2045.000 5.442
2046.000 5.557
2047.000 5.676
2048.000 5.801
2049.000 5.940
2050.000 6.079
2051.000 6.231
2052.000 6.406
2053.000 6.495
2054.000 6.679
2055.000 6.874
2056.000 7.081
2057.000 7.290
2058.000 7.541
2059.000 7.780
2060.000 8.086
2061.000 8.380
2062.000 8.731
2063.000 9.086
2064.000 9.486
2065.000 9.707
2066.000 10.138
2067.000 10.659
2068.000 11.210
2069.000 11.818
2070.000 12.439
2071.000 13.143
2072.000 13.856
2073.000 14.662
2074.000 15.423
2075.000 16.220
2076.000 16.590
2077.000 17.223
2078.000 17.722
2079.000 17.998
2080.000 18.003
2081.000 17.607
2082.000 16.901
2083.000 15.913
2084.000 14.824
2085.000 13.680
2086.000 12.598
2087.000 11.605
2088.000 10.724
2089.000 10.315
2090.000 9.553
2091.000 8.871
2092.000 8.259
2093.000 7.709
2094.000 7.209
2095.000 6.756
2096.000 6.349
2097.000 5.980
2098.000 5.637
2099.000 5.322
2100.000 5.043
2101.000 4.790
2102.000 4.658
2103.000 4.432
2104.000 4.209
2105.000 3.999
2106.000 3.801
2107.000 3.617
2108.000 3.442
2109.000 3.284
2110.000 3.102
2111.000 2.879
2112.000 2.668
2113.000 2.484
2114.000 2.400
2115.000 2.245
2116.000 2.101
2117.000 1.965
2118.000 1.852
2119.000 1.746
2120.000 1.655
2121.000 1.563
2122.000 1.478
2123.000 1.396
2124.000 1.323
2125.000 1.288
2126.000 1.222
2127.000 1.160
2128.000 1.101
2129.000 1.044
2130.000 0.995
2131.000 0.948
2132.000 0.904
2133.000 0.858
2134.000 0.818
2135.000 0.777
2136.000 0.742
2137.000 0.704
2138.000 0.687
2139.000 0.652
2140.000 0.621
2141.000 0.590
2142.000 0.559
2143.000 0.529
2144.000 0.502
2145.000 0.471
2146.000 0.447
2147.000 0.419
2148.000 0.396
2149.000 0.370
2150.000 0.359
2151.000 0.333
2152.000 0.311
2153.000 0.290
2154.000 0.267
2155.000 0.242
2156.000 0.222
2157.000 0.203
2158.000 0.183
2159.000 0.164
2160.000 0.147
2161.000 0.128
2162.000 0.114
2163.000 0.104
2164.000 0.093
2165.000 0.083
2166.000 0.075
2167.000 0.074
2168.000 0.078
2169.000 0.085
2170.000 0.094
2171.000 0.108
2172.000 0.124
2173.000 0.139
2174.000 0.149
2175.000 0.166
2176.000 0.182
2177.000 0.199
2178.000 0.218
2179.000 0.236
2180.000 0.254
2181.000 0.275
2182.000 0.292
2183.000 0.311
2184.000 0.331
2185.000 0.352
2186.000 0.365
2187.000 0.387
2188.000 0.411
2189.000 0.430
2190.000 0.454
2191.000 0.475
2192.000 0.500
2193.000 0.526
2194.000 0.551
2195.000 0.579
2196.000 0.607
2197.000 0.636
2198.000 0.663
2199.000 0.676
2200.000 0.707
2201.000 0.737
2202.000 0.770
2203.000 0.803
2204.000 0.841
2205.000 0.880
2206.000 0.920
2207.000 0.971
2208.000 1.016
2209.000 1.071
2210.000 1.129
2211.000 1.163
2212.000 1.231
2213.000 1.305
2214.000 1.391
2215.000 1.490
2216.000 1.609
2217.000 1.705
2218.000 1.782
2219.000 1.858
2220.000 1.944
2221.000 2.036
2222.000 2.079
2223.000 2.175
2224.000 2.266
2225.000 2.371
2226.000 2.478
2227.000 2.604
2228.000 2.722
2229.000 2.858
2230.000 3.000
2231.000 3.164
2232.000 3.339
2233.000 3.524
2234.000 3.731
2235.000 3.839
2236.000 4.078
2237.000 4.333
2238.000 4.640
2239.000 4.979
2240.000 5.355
2241.000 5.791
2242.000 6.279
2243.000 6.819
2244.000 7.414
2245.000 8.035
2246.000 8.666
2247.000 8.971
2248.000 9.464
2249.000 9.738
2250.000 9.696
2251.000 9.410
2252.000 9.183
2253.000 8.811
2254.000 8.313
2255.000 7.746
2256.000 7.179
2257.000 6.645
2258.000 6.159
2259.000 5.724
2260.000 5.520
2261.000 5.139
2262.000 4.798
2263.000 4.499
2264.000 4.230
2265.000 3.992
2266.000 3.769
2267.000 3.577
2268.000 3.406
2269.000 3.248
2270.000 3.099
2271.000 3.028
2272.000 2.904
2273.000 2.784
2274.000 2.674
2275.000 2.564
2276.000 2.469
2277.000 2.383
2278.000 2.300
2279.000 2.221
2280.000 2.149
2281.000 2.080
2282.000 2.013
2283.000 1.953
2284.000 1.925
2285.000 1.867
2286.000 1.814
2287.000 1.765
2288.000 1.717
2289.000 1.669
2290.000 1.624
2291.000 1.583
2292.000 1.536
2293.000 1.500
2294.000 1.456
2295.000 1.420
2296.000 1.400
2297.000 1.350
2298.000 1.304
2299.000 1.254
2300.000 1.212
2301.000 1.169
2302.000 1.131
2303.000 1.096
2304.000 1.064
2305.000 1.031
2306.000 1.003
2307.000 0.972
2308.000 0.947
2309.000 0.932
2310.000 0.906
2311.000 0.881
2312.000 0.861
2313.000 0.840
2314.000 0.819
2315.000 0.799
2316.000 0.782
2317.000 0.764
2318.000 0.743
2319.000 0.728
2320.000 0.720
2321.000 0.704
2322.000 0.689
2323.000 0.674
2324.000 0.659
2325.000 0.648
2326.000 0.633
2327.000 0.621
2328.000 0.611
2329.000 0.597
2330.000 0.587
2331.000 0.575
2332.000 0.571
2333.000 0.558
2334.000 0.550
2335.000 0.540
2336.000 0.528
2337.000 0.518
2338.000 0.509
2339.000 0.500
2340.000 0.492
2341.000 0.486
2342.000 0.477
2343.000 0.467
2344.000 0.461
2345.000 0.456
2346.000 0.449
2347.000 0.443
2348.000 0.434
2349.000 0.429
2350.000 0.421
2351.000 0.414
2352.000 0.407
2353.000 0.400
2354.000 0.395
2355.000 0.388
2356.000 0.382
2357.000 0.377
2358.000 0.374
2359.000 0.367
2360.000 0.360
2361.000 0.356
2362.000 0.349
2363.000 0.343
2364.000 0.342
2365.000 0.336
2366.000 0.328
2367.000 0.325
2368.000 0.322
2369.000 0.319
2370.000 0.316
2371.000 0.312
2372.000 0.307
2373.000 0.302
2374.000 0.298
2375.000 0.292
2376.000 0.288
2377.000 0.282
2378.000 0.278
2379.000 0.274
2380.000 0.269
2381.000 0.268
2382.000 0.266
2383.000 0.260
2384.000 0.257
2385.000 0.255
2386.000 0.251
2387.000 0.247
2388.000 0.243
2389.000 0.239
2390.000 0.236
2391.000 0.233
2392.000 0.229
2393.000 0.228
2394.000 0.224
2395.000 0.223
2396.000 0.222
2397.000 0.218
2398.000 0.216
2399.000 0.211
2400.000 0.208
2401.000 0.206
2402.000 0.202
2403.000 0.199
2404.000 0.198
2405.000 0.195
2406.000 0.194
2407.000 0.191
2408.000 0.188
2409.000 0.186
2410.000 0.182
2411.000 0.180
2412.000 0.174
2413.000 0.172
2414.000 0.169
2415.000 0.167
2416.000 0.165
2417.000 0.166
2418.000 0.162
2419.000 0.161
2420.000 0.158
2421.000 0.159
2422.000 0.153
2423.000 0.151
2424.000 0.149
2425.000 0.153
2426.000 0.149
2427.000 0.145
2428.000 0.143
2429.000 0.140
2430.000 0.138
2431.000 0.139
2432.000 0.142
2433.000 0.142
2434.000 0.138
2435.000 0.134
2436.000 0.129
2437.000 0.125
2438.000 0.121
2439.000 0.119
2440.000 0.117
2441.000 0.116
2442.000 0.111
2443.000 0.111
2444.000 0.106
2445.000 0.106
2446.000 0.104
2447.000 0.103
2448.000 0.100
2449.000 0.098
2450.000 0.099
2451.000 0.097
2452.000 0.095
2453.000 0.092
2454.000 0.092
2455.000 0.089
2456.000 0.089
2457.000 0.086
2458.000 0.083
2459.000 0.084
2460.000 0.085
2461.000 0.085
2462.000 0.083
2463.000 0.080
2464.000 0.077
2465.000 0.076
2466.000 0.076
2467.000 0.074
2468.000 0.073
2469.000 0.071
2470.000 0.070
2471.000 0.068
2472.000 0.068
2473.000 0.067
2474.000 0.065
2475.000 0.065
2476.000 0.060
2477.000 0.062
2478.000 0.061
2479.000 0.060
2480.000 0.058
2481.000 0.057
2482.000 0.056
2483.000 0.056
2484.000 0.055
2485.000 0.054
2486.000 0.053
2487.000 0.054
2488.000 0.054
2489.000 0.052
2490.000 0.051
2491.000 0.051
2492.000 0.052
2493.000 0.049
2494.000 0.050
2495.000 0.050
2496.000 0.051
2497.000 0.050
2498.000 0.048
2499.000 0.050
2500.000 0.048
2501.000 0.049
2502.000 0.049
2503.000 0.050
2504.000 0.050
2505.000 0.050
2506.000 0.050
2507.000 0.049
2508.000 0.050
2509.000 0.051
2510.000 0.052
2511.000 0.052
2512.000 0.051
2513.000 0.051
2514.000 0.050
2515.000 0.053
2516.000 0.053
2517.000 0.054
2518.000 0.053
2519.000 0.055
2520.000 0.054
2521.000 0.056
2522.000 0.057
2523.000 0.059
2524.000 0.058
2525.000 0.059
2526.000 0.059
2527.000 0.061
2528.000 0.060
2529.000 0.061
2530.000 0.061
2531.000 0.064
2532.000 0.065
2533.000 0.066
2534.000 0.067
2535.000 0.069
2536.000 0.068
2537.000 0.069
2538.000 0.070
2539.000 0.068
2540.000 0.070
2541.000 0.072
2542.000 0.074
2543.000 0.075
2544.000 0.076
2545.000 0.084
2546.000 0.082
2547.000 0.082
2548.000 0.083
2549.000 0.083
2550.000 0.084
2552.000 0.135
2554.000 0.145
2555.000 0.133
2556.000 0.123
2557.000 0.113
2558.000 0.108
2559.000 0.107
2560.000 0.105
2561.000 0.102
2562.000 0.102
2563.000 0.102
2564.000 0.102
2565.000 0.104
2566.000 0.103
2567.000 0.103
2568.000 0.103
2569.000 0.106
2570.000 0.107
2571.000 0.109
2572.000 0.110
2573.000 0.111
2574.000 0.116
2575.000 0.117
2576.000 0.117
2577.000 0.120
2578.000 0.120
2579.000 0.121
2580.000 0.122
2581.000 0.124
2582.000 0.127
2583.000 0.129
2584.000 0.129
2585.000 0.134
2586.000 0.134
2587.000 0.137
2588.000 0.141
2589.000 0.143
2590.000 0.143
2591.000 0.144
2592.000 0.145
2593.000 0.148
2594.000 0.153
2595.000 0.152
2596.000 0.156
2597.000 0.163
2598.000 0.161
2599.000 0.165
2600.000 0.167
