105.000 0.034
110.000 0.050
115.000 0.022
120.000 2.183
125.000 2.183
130.000 2.760
135.000 3.140
140.000 3.412
145.000 3.730
150.000 3.837
155.000 3.723
160.000 3.723
165.000 3.794
170.000 3.765
175.000 3.690
180.000 3.573
185.000 3.476
190.000 3.510
195.000 3.542
200.000 3.459
205.000 3.606
210.000 3.542
215.000 3.633
220.000 3.651
225.000 3.740
230.000 3.717
235.000 3.811
240.000 3.883
245.000 3.983
250.000 3.983
255.000 3.993
260.000 4.085
265.000 4.156
270.000 4.177
275.000 4.224
280.000 4.318
285.000 4.312
290.000 4.390
295.000 4.456
300.000 4.495
305.000 4.536
310.000 4.614
315.000 4.713
320.000 4.760
325.000 4.877
330.000 4.987
335.000 5.089
340.000 5.227
345.000 5.385
350.000 5.526
355.000 5.743
360.000 5.978
365.000 6.227
370.000 6.505
375.000 6.505
380.000 6.765
385.000 7.076
390.000 7.390
395.000 7.747
400.000 8.066
405.000 8.350
410.000 8.689
415.000 8.941
420.000 9.085
425.000 9.187
430.000 9.147
435.000 9.138
440.000 8.940
445.000 8.588
450.000 8.175
455.000 7.721
460.000 7.266
465.000 6.697
470.000 6.309
475.000 5.809
480.000 5.415
485.000 5.415
490.000 5.054
495.000 4.697
500.000 4.357
505.000 4.051
510.000 3.752
515.000 3.470
520.000 3.181
525.000 2.949
530.000 2.724
535.000 2.516
540.000 2.351
545.000 2.187
550.000 2.036
555.000 1.907
560.000 1.795
565.000 1.692
570.000 1.582
575.000 1.499
580.000 1.429
585.000 1.357
590.000 1.273
595.000 1.209
600.000 1.169
605.000 1.110
610.000 1.110
615.000 1.054
620.000 0.989
625.000 0.949
630.000 0.892
635.000 0.843
640.000 0.791
645.000 0.732
650.000 0.706
655.000 0.662
660.000 0.625
665.000 0.595
670.000 0.561
675.000 0.535
680.000 0.512
685.000 0.492
690.000 0.469
695.000 0.455
700.000 0.443
705.000 0.433
710.000 0.420
715.000 0.417
720.000 0.413
725.000 0.405
730.000 0.404
735.000 0.404
740.000 0.395
745.000 0.391
750.000 0.385
755.000 0.374
760.000 0.372
765.000 0.369
770.000 0.370
775.000 0.363
780.000 0.363
785.000 0.355
790.000 0.353
795.000 0.355
800.000 0.357
805.000 0.353
810.000 0.350
815.000 0.345
820.000 0.354
825.000 0.350
830.000 0.346
835.000 0.343
840.000 0.340
845.000 0.342
850.000 0.336
855.000 0.334
860.000 0.334
865.000 0.331
870.000 0.341
875.000 0.324
880.000 0.324
885.000 0.329
890.000 0.325
895.000 0.324
900.000 0.323
905.000 0.327
910.000 0.324
915.000 0.320
920.000 0.321
925.000 0.318
930.000 0.318
935.000 0.319
940.000 0.316
945.000 0.318
950.000 0.315
955.000 0.323
960.000 0.318
965.000 0.321
970.000 0.320
975.000 0.320
980.000 0.313
985.000 0.318
990.000 0.319
995.000 0.316
1000.000 0.309
1005.000 0.318
1010.000 0.317
1015.000 0.309
1020.000 0.308
1025.000 0.308
1030.000 0.317
1035.000 0.314
1040.000 0.323
1045.000 0.320
1050.000 0.311
1055.000 0.311
1060.000 0.316
1065.000 0.311
1070.000 0.318
1075.000 0.316
1080.000 0.314
1085.000 0.311
1090.000 0.317
1095.000 0.320
1100.000 0.320
1105.000 0.315
1110.000 0.314
1115.000 0.314
1120.000 0.314
1125.000 0.315
1130.000 0.313
1135.000 0.310
1140.000 0.314
1145.000 0.319
1150.000 0.315
1155.000 0.314
1160.000 0.315
1165.000 0.315
1170.000 0.319
1175.000 0.315
1180.000 0.316
1185.000 0.315
1190.000 0.318
1195.000 0.314
1200.000 0.317
1205.000 0.315
1210.000 0.317
1215.000 0.317
1220.000 0.315
1225.000 0.315
1230.000 0.319
1235.000 0.318
1240.000 0.314
1245.000 0.321
1250.000 0.321
1255.000 0.321
1260.000 0.322
1265.000 0.325
1270.000 0.322
1275.000 0.326
1280.000 0.328
1285.000 0.325
1290.000 0.321
1295.000 0.327
1300.000 0.327
1305.000 0.330
1310.000 0.329
1315.000 0.328
1320.000 0.329
1325.000 0.329
1330.000 0.330
1335.000 0.333
1340.000 0.328
1345.000 0.336
1350.000 0.336
1355.000 0.331
1360.000 0.330
1365.000 0.335
1370.000 0.333
1375.000 0.337
1380.000 0.336
1385.000 0.334
1390.000 0.336
1395.000 0.335
1400.000 0.340
1405.000 0.339
1410.000 0.339
1415.000 0.343
1420.000 0.344
1425.000 0.342
1430.000 0.347
1435.000 0.346
1440.000 0.343
1445.000 0.343
1450.000 0.344
1455.000 0.348
1460.000 0.348
1465.000 0.346
1470.000 0.345
1475.000 0.343
1480.000 0.345
1485.000 0.341
1490.000 0.341
1495.000 0.337
1500.000 0.335
1505.000 0.334
1510.000 0.333
1515.000 0.331
1520.000 0.328
1525.000 0.335
1530.000 0.334
1535.000 0.337
1540.000 0.342
1545.000 0.345
1550.000 0.348
1555.000 0.355
1560.000 0.353
1565.000 0.357
1570.000 0.361
1575.000 0.366
1580.000 0.368
1585.000 0.368
1590.000 0.369
1595.000 0.379
1600.000 0.378
1605.000 0.381
1610.000 0.384
1615.000 0.391
1620.000 0.387
1625.000 0.396
1630.000 0.401
1635.000 0.403
1640.000 0.408
1645.000 0.413
1650.000 0.418
1655.000 0.420
1660.000 0.431
1665.000 0.428
1670.000 0.437
1675.000 0.438
1680.000 0.446
1685.000 0.451
1690.000 0.455
1695.000 0.462
1700.000 0.465
1705.000 0.473
1710.000 0.473
1715.000 0.482
1720.000 0.486
1725.000 0.489
1730.000 0.503
1735.000 0.506
1740.000 0.512
1745.000 0.519
1750.000 0.525
1755.000 0.532
1760.000 0.539
1765.000 0.550
1770.000 0.550
1775.000 0.563
1780.000 0.567
1785.000 0.576
1790.000 0.583
1795.000 0.588
1800.000 0.597
1805.000 0.605
1810.000 0.610
1815.000 0.615
1820.000 0.619
1825.000 0.627
1830.000 0.630
1835.000 0.630
1840.000 0.639
1845.000 0.639
1850.000 0.640
1855.000 0.648
1860.000 0.642
1865.000 0.646
1870.000 0.645
1875.000 0.646
1880.000 0.645
1885.000 0.645
1890.000 0.643
1895.000 0.637
1900.000 0.634
1905.000 0.630
1910.000 0.623
1915.000 0.615
1920.000 0.615
1925.000 0.604
1930.000 0.599
1935.000 0.593
1940.000 0.586
1945.000 0.578
1950.000 0.572
1955.000 0.572
1960.000 0.566
1965.000 0.560
1970.000 0.544
1975.000 0.554
1980.000 0.534
1985.000 0.521
1990.000 0.519
1995.000 0.520
2000.000 0.513
2005.000 0.494
2010.000 0.495
2015.000 0.492
2020.000 0.486
2025.000 0.475
2030.000 0.465
2035.000 0.470
2040.000 0.456
2045.000 0.450
2050.000 0.442
2055.000 0.439
2060.000 0.445
2065.000 0.431
2070.000 0.431
2075.000 0.432
2080.000 0.425
2085.000 0.418
2090.000 0.416
2095.000 0.411
2100.000 0.404
2105.000 0.403
2110.000 0.399
2115.000 0.396
2120.000 0.392
2125.000 0.387
2130.000 0.380
2135.000 0.376
2140.000 0.374
2145.000 0.370
2150.000 0.365
2155.000 0.363
2160.000 0.361
2165.000 0.358
2170.000 0.351
2175.000 0.349
2180.000 0.343
2185.000 0.337
2190.000 0.332
2195.000 0.332
2200.000 0.328
2205.000 0.322
2210.000 0.314
2215.000 0.307
2220.000 0.301
2225.000 0.293
2230.000 0.285
2235.000 0.274
2240.000 0.262
2245.000 0.245
2250.000 0.230
2255.000 0.213
2260.000 0.196
2265.000 0.199
2270.000 0.259
2275.000 0.499
2280.000 1.181
2285.000 2.631
2290.000 5.600
2295.000 10.477
2300.000 17.194
2305.000 22.612
2310.000 19.354
2315.000 7.043
2320.000 7.043
2325.000 3.421
2330.000 1.227
2335.000 0.459
2340.000 0.444
2345.000 0.401
2350.000 0.352
2355.000 0.355
2360.000 0.354
2365.000 0.349
2370.000 0.342
2375.000 0.335
2380.000 0.324
2385.000 0.318
2390.000 0.312
2395.000 0.306
2400.000 0.301
2405.000 0.296
2410.000 0.293
2415.000 0.289
2420.000 0.283
2425.000 0.282
2430.000 0.277
2435.000 0.274
2440.000 0.273
2445.000 0.273
2450.000 0.271
2455.000 0.269
2460.000 0.268
2465.000 0.267
2470.000 0.265
2475.000 0.265
2480.000 0.265
2485.000 0.265
2490.000 0.264
2495.000 0.265
2500.000 0.266
2505.000 0.266
2510.000 0.267
2515.000 0.267
2520.000 0.268
2525.000 0.267
2530.000 0.268
2535.000 0.271
2540.000 0.272
2545.000 0.272
2550.000 0.274
2555.000 0.274
2560.000 0.275
2565.000 0.274
2570.000 0.276
2575.000 0.277
2580.000 0.279
2585.000 0.281
2590.000 0.282
2595.000 0.285
2600.000 0.286
2605.000 0.289
2610.000 0.291
2615.000 0.292
2620.000 0.293
2625.000 0.296
2630.000 0.299
2635.000 0.300
2640.000 0.304
2645.000 0.305
2650.000 0.307
2655.000 0.311
2660.000 0.314
2665.000 0.317
2670.000 0.320
2675.000 0.323
2680.000 0.323
2685.000 0.327
2690.000 0.330
2695.000 0.333
2700.000 0.335
2705.000 0.340
2710.000 0.345
2715.000 0.349
2720.000 0.354
2725.000 0.358
2730.000 0.360
2735.000 0.366
2740.000 0.371
2745.000 0.376
2750.000 0.381
2755.000 0.387
2760.000 0.391
2765.000 0.397
2770.000 0.402
2775.000 0.409
2780.000 0.412
2785.000 0.416
2790.000 0.420
2795.000 0.425
2800.000 0.430
2805.000 0.435
2810.000 0.435
2815.000 0.438
2820.000 0.445
2825.000 0.449
2830.000 0.456
2835.000 0.459
2840.000 0.465
2845.000 0.471
2850.000 0.476
2855.000 0.480
2860.000 0.481
2865.000 0.489
2870.000 0.493
2875.000 0.496
2880.000 0.501
2885.000 0.503
2890.000 0.505
2895.000 0.511
2900.000 0.515
2905.000 0.516
2910.000 0.522
2915.000 0.523
2920.000 0.525
2925.000 0.526
2930.000 0.531
2935.000 0.531
2940.000 0.531
2945.000 0.533
2950.000 0.535
2955.000 0.534
2960.000 0.536
2965.000 0.541
2970.000 0.542
2975.000 0.539
2980.000 0.537
2985.000 0.538
2990.000 0.538
2995.000 0.534
3000.000 0.543
3005.000 0.533
3010.000 0.541
3015.000 0.545
3020.000 0.544
3025.000 0.536
3030.000 0.532
3035.000 0.541
3040.000 0.535
3045.000 0.535
3050.000 0.530
3055.000 0.528
3060.000 0.532
3065.000 0.530
3070.000 0.523
3075.000 0.523
3080.000 0.526
3085.000 0.522
3090.000 0.520
3095.000 0.518
3100.000 0.519
3105.000 0.516
3110.000 0.515
3115.000 0.510
3120.000 0.510
3125.000 0.512
3130.000 0.509
3135.000 0.508
3140.000 0.510
3145.000 0.511
3150.000 0.512
3155.000 0.513
3160.000 0.514
3165.000 0.517
3170.000 0.517
3175.000 0.517
3180.000 0.517
3185.000 0.517
3190.000 0.517
3195.000 0.520
3200.000 0.521
3205.000 0.522
3210.000 0.522
3215.000 0.522
3220.000 0.523
3225.000 0.522
3230.000 0.522
3235.000 0.524
3240.000 0.526
3245.000 0.526
3250.000 0.527
3255.000 0.529
3260.000 0.529
3265.000 0.530
3270.000 0.532
3275.000 0.534
3280.000 0.535
3285.000 0.539
3290.000 0.540
3295.000 0.540
3300.000 0.542
3305.000 0.545
3310.000 0.545
3315.000 0.550
3320.000 0.552
3325.000 0.552
3330.000 0.555
3335.000 0.558
3340.000 0.560
3345.000 0.566
3350.000 0.570
3355.000 0.570
3360.000 0.579
3365.000 0.581
3370.000 0.585
3375.000 0.589
3380.000 0.594
3385.000 0.600
3390.000 0.605
3395.000 0.608
3400.000 0.616
3405.000 0.623
3410.000 0.631
3415.000 0.635
3420.000 0.635
3425.000 0.642
3430.000 0.650
3435.000 0.656
3440.000 0.664
3445.000 0.668
3450.000 0.680
3455.000 0.689
3460.000 0.702
3465.000 0.710
3470.000 0.721
3475.000 0.734
3480.000 0.746
3485.000 0.761
3490.000 0.775
3495.000 0.792
3500.000 0.805
3505.000 0.827
3510.000 0.844
3515.000 0.866
3520.000 0.888
3525.000 0.913
3530.000 0.913
3535.000 0.941
3540.000 0.973
3545.000 1.005
3550.000 1.041
3555.000 1.084
3560.000 1.131
3565.000 1.180
3570.000 1.236
3575.000 1.303
3580.000 1.382
3585.000 1.452
3590.000 1.532
3595.000 1.620
3600.000 1.729
3605.000 1.861
3610.000 2.023
3615.000 2.227
3620.000 2.485
3625.000 2.817
3630.000 3.244
3635.000 3.795
3640.000 4.519
3645.000 5.471
3650.000 6.703
3655.000 6.703
3660.000 8.243
3665.000 10.176
3670.000 12.775
3675.000 17.297
3680.000 25.984
3685.000 37.003
3690.000 41.351
3695.000 26.714
3700.000 12.989
3705.000 9.830
3710.000 7.335
3715.000 5.721
3720.000 4.556
3725.000 3.725
3730.000 3.110
3735.000 2.643
3740.000 2.277
3745.000 1.988
3750.000 1.752
3755.000 1.561
3760.000 1.403
3765.000 1.271
3770.000 1.161
3775.000 1.065
3780.000 1.065
3785.000 0.984
3790.000 0.913
3795.000 0.853
3800.000 0.798
3805.000 0.751
3810.000 0.709
3815.000 0.672
3820.000 0.640
3825.000 0.612
3830.000 0.583
3835.000 0.558
3840.000 0.539
3845.000 0.519
3850.000 0.501
3855.000 0.483
3860.000 0.468
3865.000 0.454
3870.000 0.442
3875.000 0.429
3880.000 0.419
3885.000 0.408
3890.000 0.398
3895.000 0.390
3900.000 0.381
3905.000 0.381
3910.000 0.374
3915.000 0.368
3920.000 0.360
3925.000 0.353
3930.000 0.348
3935.000 0.341
3940.000 0.338
3945.000 0.330
3950.000 0.326
3955.000 0.323
3960.000 0.317
3965.000 0.316
3970.000 0.315
3975.000 0.309
3980.000 0.304
3985.000 0.301
3990.000 0.298
3995.000 0.299
4000.000 0.299
4005.000 0.296
4010.000 0.288
4015.000 0.288
4020.000 0.286
4025.000 0.283
4030.000 0.283
4035.000 0.289
4040.000 0.279
4045.000 0.279
4050.000 0.280
4055.000 0.280
4060.000 0.275
4065.000 0.278
4070.000 0.274
4075.000 0.277
4080.000 0.275
4085.000 0.274
4090.000 0.273
4095.000 0.271
4100.000 0.271
4105.000 0.268
4110.000 0.268
4115.000 0.267
4120.000 0.267
4125.000 0.267
4130.000 0.267
4135.000 0.268
4140.000 0.268
4145.000 0.266
4150.000 0.265
4155.000 0.264
4160.000 0.264
4165.000 0.264
4170.000 0.263
4175.000 0.263
4180.000 0.263
4185.000 0.262
4190.000 0.262
4195.000 0.263
4200.000 0.262
4205.000 0.263
4210.000 0.262
4215.000 0.262
4220.000 0.262
4225.000 0.262
4230.000 0.262
4235.000 0.260
4240.000 0.260
4245.000 0.258
4250.000 0.260
4255.000 0.259
4260.000 0.259
4265.000 0.259
4270.000 0.260
4275.000 0.259
4280.000 0.257
4285.000 0.258
4290.000 0.256
4295.000 0.256
4300.000 0.256
4305.000 0.253
4310.000 0.252
4315.000 0.251
4320.000 0.249
4325.000 0.247
4330.000 0.247
4335.000 0.244
4340.000 0.244
4345.000 0.241
4350.000 0.241
4355.000 0.239
4360.000 0.238
4365.000 0.238
4370.000 0.235
4375.000 0.236
4380.000 0.236
4385.000 0.236
4390.000 0.236
4395.000 0.235
4400.000 0.235
4405.000 0.235
4410.000 0.235
4415.000 0.235
4420.000 0.234
4425.000 0.236
4430.000 0.235
4435.000 0.235
4440.000 0.235
4445.000 0.234
4450.000 0.235
4455.000 0.234
4460.000 0.234
4465.000 0.234
4470.000 0.234
4475.000 0.233
4480.000 0.234
4485.000 0.234
4490.000 0.235
4495.000 0.235
4500.000 0.234
4505.000 0.234
4510.000 0.233
4515.000 0.234
4520.000 0.234
4525.000 0.234
4530.000 0.234
4535.000 0.234
4540.000 0.234
4545.000 0.235
4550.000 0.233
4555.000 0.234
4560.000 0.233
4565.000 0.235
4570.000 0.234
4575.000 0.233
4580.000 0.234
4585.000 0.232
4590.000 0.234
4595.000 0.235
4600.000 0.234
4605.000 0.234
4610.000 0.233
4615.000 0.234
4620.000 0.235
4625.000 0.234
4630.000 0.234
4635.000 0.235
4640.000 0.235
4645.000 0.233
4650.000 0.233
4655.000 0.234
4660.000 0.234
4665.000 0.234
4670.000 0.235
4675.000 0.236
4680.000 0.235
4685.000 0.235
4690.000 0.234
4695.000 0.236
4700.000 0.236
4705.000 0.235
4710.000 0.236
4715.000 0.235
4720.000 0.235
4725.000 0.236
4730.000 0.235
4735.000 0.235
4740.000 0.235
4745.000 0.237
4750.000 0.235
4755.000 0.235
4760.000 0.236
4765.000 0.235
4770.000 0.235
4775.000 0.236
4780.000 0.235
4785.000 0.236
4790.000 0.236
4795.000 0.235
4800.000 0.236
4805.000 0.235
4810.000 0.238
4815.000 0.238
4820.000 0.240
4825.000 0.239
4830.000 0.239
4835.000 0.242
4840.000 0.241
4845.000 0.242
4850.000 0.242
4855.000 0.244
4860.000 0.245
4865.000 0.247
4870.000 0.249
4875.000 0.252
4880.000 0.252
4885.000 0.255
4890.000 0.259
4895.000 0.267
4900.000 0.273
4905.000 0.284
4910.000 0.300
4915.000 0.330
4920.000 0.374
4925.000 0.477
4930.000 0.668
4935.000 1.115
4940.000 2.461
4945.000 4.870
4950.000 4.189
4955.000 1.549
4960.000 2.351
4965.000 2.011
4970.000 1.760
4975.000 0.895
4980.000 0.572
4985.000 0.419
4990.000 0.419
4995.000 0.331
5000.000 0.355
5005.000 0.328
5010.000 0.283
5015.000 0.250
5020.000 0.255
5025.000 0.236
5030.000 0.239
5035.000 0.240
5040.000 0.228
5045.000 0.223
5050.000 0.220
5055.000 0.217
5060.000 0.215
5065.000 0.217
5070.000 0.210
5075.000 0.209
5080.000 0.209
5085.000 0.207
5090.000 0.204
5095.000 0.206
5100.000 0.200
5105.000 0.203
5110.000 0.202
5115.000 0.202
5120.000 0.201
5125.000 0.201
5130.000 0.199
5135.000 0.199
5140.000 0.198
5145.000 0.196
5150.000 0.197
5155.000 0.194
5160.000 0.196
5165.000 0.195
5170.000 0.196
5175.000 0.195
5180.000 0.195
5185.000 0.195
5190.000 0.193
5195.000 0.194
5200.000 0.195
5205.000 0.195
5210.000 0.196
5215.000 0.196
5220.000 0.196
5225.000 0.196
5230.000 0.197
5235.000 0.197
5240.000 0.197
5245.000 0.198
5250.000 0.199
5255.000 0.201
5260.000 0.200
5265.000 0.203
5270.000 0.203
5275.000 0.205
5280.000 0.206
5285.000 0.207
5290.000 0.210
5295.000 0.211
5300.000 0.212
5305.000 0.215
5310.000 0.216
5315.000 0.217
5320.000 0.220
5325.000 0.221
5330.000 0.224
5335.000 0.227
5340.000 0.229
5345.000 0.231
5350.000 0.232
5355.000 0.235
5360.000 0.238
5365.000 0.238
5370.000 0.240
5375.000 0.244
5380.000 0.245
5385.000 0.248
5390.000 0.250
5395.000 0.254
5400.000 0.255
5405.000 0.257
5410.000 0.261
5415.000 0.262
5420.000 0.267
5425.000 0.268
5430.000 0.271
5435.000 0.273
5440.000 0.279
5445.000 0.281
5450.000 0.284
5455.000 0.284
5460.000 0.288
5465.000 0.289
5470.000 0.292
5475.000 0.292
5480.000 0.295
5485.000 0.296
5490.000 0.299
5495.000 0.300
5500.000 0.303
5505.000 0.306
5510.000 0.309
5515.000 0.310
5520.000 0.312
5525.000 0.316
5530.000 0.321
5535.000 0.324
5540.000 0.327
5545.000 0.329
5550.000 0.330
5555.000 0.330
5560.000 0.331
5565.000 0.335
5570.000 0.336
5575.000 0.338
5580.000 0.340
5585.000 0.342
5590.000 0.345
5595.000 0.347
5600.000 0.347
5605.000 0.350
5610.000 0.351
5615.000 0.354
5620.000 0.356
5625.000 0.359
5630.000 0.361
5635.000 0.364
5640.000 0.367
5645.000 0.369
5650.000 0.371
5655.000 0.374
5660.000 0.376
5665.000 0.377
5670.000 0.381
5675.000 0.384
5680.000 0.387
5685.000 0.389
5690.000 0.392
5695.000 0.395
5700.000 0.398
5705.000 0.402
5710.000 0.404
5715.000 0.408
5720.000 0.411
5725.000 0.411
5730.000 0.413
5735.000 0.418
5740.000 0.421
5745.000 0.423
5750.000 0.428
5755.000 0.431
5760.000 0.435
5765.000 0.440
5770.000 0.442
5775.000 0.448
5780.000 0.453
5785.000 0.458
5790.000 0.461
5795.000 0.466
5800.000 0.472
5805.000 0.476
5810.000 0.481
5815.000 0.485
5820.000 0.492
5825.000 0.498
5830.000 0.505
5835.000 0.510
5840.000 0.517
5845.000 0.524
5850.000 0.524
5855.000 0.532
5860.000 0.540
5865.000 0.548
5870.000 0.556
5875.000 0.567
5880.000 0.577
5885.000 0.586
5890.000 0.595
5895.000 0.604
5900.000 0.618
5905.000 0.629
5910.000 0.638
5915.000 0.653
5920.000 0.666
5925.000 0.680
5930.000 0.694
5935.000 0.706
5940.000 0.722
5945.000 0.740
5950.000 0.758
5955.000 0.778
5960.000 0.778
5965.000 0.798
5970.000 0.815
5975.000 0.837
5980.000 0.854
5985.000 0.877
5990.000 0.895
5995.000 0.907
6000.000 0.926
6005.000 0.944
6010.000 0.960
6015.000 0.971
6020.000 0.984
6025.000 1.007
6030.000 1.029
6035.000 1.033
6040.000 1.064
6045.000 1.086
6050.000 1.106
6055.000 1.126
6060.000 1.144
6065.000 1.176
6070.000 1.203
6075.000 1.235
6080.000 1.263
6085.000 1.263
6090.000 1.295
6095.000 1.329
6100.000 1.365
6105.000 1.407
6110.000 1.456
6115.000 1.502
6120.000 1.557
6125.000 1.621
6130.000 1.684
6135.000 1.771
6140.000 1.865
6145.000 1.978
6150.000 2.114
6155.000 2.275
6160.000 2.477
6165.000 2.728
6170.000 3.052
6175.000 3.480
6180.000 4.049
6185.000 4.786
6190.000 5.665
6195.000 6.256
6200.000 5.759
6205.000 3.864
6210.000 3.864
6215.000 2.928
6220.000 3.499
6225.000 3.639
6230.000 3.732
6235.000 3.702
6240.000 3.575
6245.000 3.364
6250.000 3.110
6255.000 2.853
6260.000 2.602
6265.000 2.375
6270.000 2.179
6275.000 2.019
6280.000 1.887
6285.000 1.767
6290.000 1.661
6295.000 1.567
6300.000 1.482
6305.000 1.412
6310.000 1.345
6315.000 1.299
6320.000 1.234
6325.000 1.169
6330.000 1.120
6335.000 1.064
6340.000 1.064
6345.000 1.012
6350.000 0.971
6355.000 0.933
6360.000 0.897
6365.000 0.866
6370.000 0.837
6375.000 0.809
6380.000 0.783
6385.000 0.761
6390.000 0.740
6395.000 0.716
6400.000 0.696
6405.000 0.673
6410.000 0.644
6415.000 0.627
6420.000 0.603
6425.000 0.583
6430.000 0.562
6435.000 0.546
6440.000 0.530
6445.000 0.516
6450.000 0.516
6455.000 0.504
6460.000 0.492
6465.000 0.481
6470.000 0.467
6475.000 0.458
6480.000 0.447
6485.000 0.438
6490.000 0.430
6495.000 0.421
6500.000 0.418
6505.000 0.418
6510.000 0.448
6515.000 0.581
6520.000 1.190
6525.000 3.045
6530.000 5.570
6535.000 7.416
6540.000 7.239
6545.000 4.258
6550.000 2.949
6555.000 1.364
6560.000 0.795
6565.000 0.592
6570.000 0.588
6575.000 0.588
6580.000 0.485
6585.000 0.513
6590.000 0.476
6595.000 0.446
6600.000 0.426
6605.000 0.407
6610.000 0.392
6615.000 0.380
6620.000 0.369
6625.000 0.362
6630.000 0.351
6635.000 0.346
6640.000 0.340
6645.000 0.335
6650.000 0.331
6655.000 0.323
6660.000 0.318
6665.000 0.316
6670.000 0.312
6675.000 0.310
6680.000 0.308
6685.000 0.304
6690.000 0.301
6695.000 0.300
6700.000 0.300
6705.000 0.298
6710.000 0.297
6715.000 0.294
6720.000 0.293
6725.000 0.290
6730.000 0.289
6735.000 0.288
6740.000 0.289
6745.000 0.289
6750.000 0.286
6755.000 0.286
6760.000 0.285
6765.000 0.284
6770.000 0.284
6775.000 0.285
6780.000 0.283
6785.000 0.284
6790.000 0.284
6795.000 0.282
6800.000 0.283
6805.000 0.284
6810.000 0.284
6815.000 0.283
6820.000 0.281
6825.000 0.281
6830.000 0.281
6835.000 0.281
6840.000 0.281
6845.000 0.280
6850.000 0.280
6855.000 0.278
6860.000 0.278
6865.000 0.278
6870.000 0.280
6875.000 0.282
6880.000 0.280
6885.000 0.280
6890.000 0.280
6895.000 0.280
6900.000 0.279
6905.000 0.279
6910.000 0.279
6915.000 0.278
6920.000 0.277
6925.000 0.278
6930.000 0.277
6935.000 0.277
6940.000 0.278
6945.000 0.278
6950.000 0.275
6955.000 0.276
6960.000 0.276
6965.000 0.276
6970.000 0.279
6975.000 0.275
6980.000 0.279
6985.000 0.280
6990.000 0.280
6995.000 0.277
7000.000 0.274
7005.000 0.279
7010.000 0.277
7015.000 0.272
7020.000 0.273
7025.000 0.276
7030.000 0.281
7035.000 0.274
7040.000 0.276
7045.000 0.279
7050.000 0.279
7055.000 0.276
7060.000 0.276
7065.000 0.273
7070.000 0.279
7075.000 0.274
7080.000 0.274
7085.000 0.274
7090.000 0.274
7095.000 0.276
7100.000 0.275
7105.000 0.277
7110.000 0.274
7115.000 0.275
7120.000 0.275
7125.000 0.274
7130.000 0.275
7135.000 0.274
7140.000 0.275
7145.000 0.273
7150.000 0.276
7155.000 0.275
7160.000 0.277
7165.000 0.274
7170.000 0.275
7175.000 0.274
7180.000 0.275
7185.000 0.275
7190.000 0.275
7195.000 0.276
7200.000 0.274
7205.000 0.276
7210.000 0.275
7215.000 0.276
7220.000 0.275
7225.000 0.275
7230.000 0.275
7235.000 0.274
7240.000 0.274
7245.000 0.275
7250.000 0.274
7255.000 0.274
7260.000 0.273
7265.000 0.274
7270.000 0.275
7275.000 0.274
7280.000 0.274
7285.000 0.273
7290.000 0.273
7295.000 0.272
7300.000 0.272
7305.000 0.272
7310.000 0.272
7315.000 0.271
7320.000 0.272
7325.000 0.271
7330.000 0.268
7335.000 0.267
7340.000 0.266
7345.000 0.263
7350.000 0.260
7355.000 0.255
7360.000 0.252
7365.000 0.245
7370.000 0.241
7375.000 0.224
7380.000 0.206
7385.000 0.183
7390.000 0.168
7395.000 0.190
7400.000 0.276
7405.000 0.364
7410.000 0.309
7415.000 0.349
7420.000 1.727
7425.000 1.727
7430.000 2.709
7435.000 1.889
7440.000 1.035
7445.000 0.805
7450.000 0.641
7455.000 0.543
7460.000 0.479
7465.000 0.433
7470.000 0.399
7475.000 0.372
7480.000 0.352
7485.000 0.335
7490.000 0.321
7495.000 0.310
7500.000 0.303
7505.000 0.293
7510.000 0.289
7515.000 0.283
7520.000 0.279
7525.000 0.275
7530.000 0.273
7535.000 0.268
7540.000 0.266
7545.000 0.266
7550.000 0.264
7555.000 0.262
7560.000 0.257
7565.000 0.256
7570.000 0.256
7575.000 0.255
7580.000 0.254
7585.000 0.256
7590.000 0.259
7595.000 0.259
7600.000 0.258
7605.000 0.256
7610.000 0.254
7615.000 0.253
7620.000 0.251
7625.000 0.250
7630.000 0.248
7635.000 0.249
7640.000 0.248
7645.000 0.248
7650.000 0.248
7655.000 0.247
7660.000 0.246
7665.000 0.246
7670.000 0.246
7675.000 0.246
7680.000 0.246
7685.000 0.244
7690.000 0.243
7695.000 0.243
7700.000 0.241
7705.000 0.244
7710.000 0.242
7715.000 0.243
7720.000 0.243
7725.000 0.243
7730.000 0.242
7735.000 0.240
7740.000 0.240
7745.000 0.241
7750.000 0.240
7755.000 0.239
7760.000 0.239
7765.000 0.238
7770.000 0.237
7775.000 0.235
7780.000 0.237
7785.000 0.237
7790.000 0.235
7795.000 0.235
7800.000 0.237
7805.000 0.238
7810.000 0.235
7815.000 0.234
7820.000 0.235
7825.000 0.235
7830.000 0.237
7835.000 0.236
7840.000 0.237
7845.000 0.236
7850.000 0.237
7855.000 0.238
7860.000 0.238
7865.000 0.240
7870.000 0.241
7875.000 0.243
7880.000 0.246
7885.000 0.250
7890.000 0.251
7895.000 0.255
7900.000 0.259
7905.000 0.259
7910.000 0.266
7915.000 0.273
7920.000 0.285
7925.000 0.297
7930.000 0.312
7935.000 0.333
7940.000 0.358
7945.000 0.393
7950.000 0.443
7955.000 0.502
7960.000 0.580
7965.000 0.697
7970.000 0.873
7975.000 1.141
7980.000 1.546
7985.000 2.144
7990.000 3.022
7995.000 4.320
8000.000 6.111
8005.000 8.269
8010.000 9.945
8015.000 7.911
8020.000 1.427
8025.000 2.591
8030.000 2.591
8035.000 2.105
8040.000 1.542
8045.000 1.190
8050.000 0.962
8055.000 0.863
8060.000 0.755
8065.000 0.671
8070.000 0.609
8075.000 0.557
8080.000 0.514
8085.000 0.477
8090.000 0.448
8095.000 0.422
8100.000 0.397
8105.000 0.378
8110.000 0.359
8115.000 0.344
8120.000 0.333
8125.000 0.320
8130.000 0.310
8135.000 0.302
8140.000 0.297
8145.000 0.288
8150.000 0.283
8155.000 0.278
8160.000 0.278
8165.000 0.272
8170.000 0.267
8175.000 0.263
8180.000 0.258
8185.000 0.254
8190.000 0.253
8195.000 0.247
8200.000 0.245
8205.000 0.242
8210.000 0.236
8215.000 0.236
8220.000 0.231
8225.000 0.229
8230.000 0.226
8235.000 0.223
8240.000 0.220
8245.000 0.219
8250.000 0.215
8255.000 0.213
8260.000 0.209
8265.000 0.209
8270.000 0.206
8275.000 0.204
8280.000 0.200
8285.000 0.200
8290.000 0.199
8295.000 0.198
8300.000 0.195
8305.000 0.193
8310.000 0.191
8315.000 0.188
8320.000 0.186
8325.000 0.183
8330.000 0.182
8335.000 0.179
8340.000 0.177
8345.000 0.176
8350.000 0.173
8355.000 0.172
8360.000 0.170
8365.000 0.167
8370.000 0.166
8375.000 0.166
8380.000 0.165
8385.000 0.163
8390.000 0.161
8395.000 0.161
8400.000 0.159
8405.000 0.159
8410.000 0.158
8415.000 0.157
8420.000 0.158
8425.000 0.156
8430.000 0.154
8435.000 0.153
8440.000 0.153
8445.000 0.154
8450.000 0.159
8455.000 0.175
8460.000 0.222
8465.000 0.341
8470.000 0.650
8475.000 1.733
8480.000 4.129
8485.000 6.256
8490.000 5.613
8495.000 1.123
8500.000 2.856
8505.000 2.543
8510.000 2.242
8515.000 2.175
8520.000 2.175
8525.000 2.132
8530.000 2.308
8535.000 2.600
8540.000 2.968
8545.000 3.378
8550.000 3.860
8555.000 4.452
8560.000 5.173
8565.000 6.026
8570.000 7.045
8575.000 8.217
8580.000 9.461
8585.000 10.418
8590.000 10.558
8595.000 9.490
8600.000 7.423
8605.000 5.563
8610.000 4.644
8615.000 4.552
8620.000 4.540
8625.000 4.164
8630.000 3.780
8635.000 3.454
8640.000 3.141
8645.000 3.141
8650.000 2.854
8655.000 2.599
8660.000 2.374
8665.000 2.176
8670.000 2.006
8675.000 1.854
8680.000 1.720
8685.000 1.608
8690.000 1.507
8695.000 1.423
8700.000 1.351
8705.000 1.284
8710.000 1.223
8715.000 1.173
8720.000 1.126
8725.000 1.084
8730.000 1.048
8735.000 1.017
8740.000 0.990
8745.000 0.960
8750.000 0.945
8755.000 0.928
8760.000 0.910
8765.000 0.893
8770.000 0.893
8775.000 0.874
8780.000 0.858
8785.000 0.844
8790.000 0.829
8795.000 0.815
8800.000 0.801
8805.000 0.788
8810.000 0.778
8815.000 0.769
8820.000 0.762
8825.000 0.749
8830.000 0.759
8835.000 0.766
8840.000 0.747
8845.000 0.761
8850.000 0.765
8855.000 0.746
8860.000 0.732
8865.000 0.712
8870.000 0.696
8875.000 0.681
8880.000 0.671
8885.000 0.662
8890.000 0.661
8895.000 0.655
8900.000 0.648
8905.000 0.641
8910.000 0.638
8915.000 0.633
8920.000 0.629
8925.000 0.624
8930.000 0.619
8935.000 0.615
8940.000 0.610
8945.000 0.608
8950.000 0.606
8955.000 0.602
8960.000 0.598
8965.000 0.592
8970.000 0.589
8975.000 0.582
8980.000 0.584
8985.000 0.583
8990.000 0.577
8995.000 0.571
9000.000 0.577
9005.000 0.577
9010.000 0.565
9015.000 0.566
9020.000 0.568
9025.000 0.562
9030.000 0.558
9035.000 0.566
9040.000 0.554
9045.000 0.558
9050.000 0.558
9055.000 0.556
9060.000 0.548
9065.000 0.548
9070.000 0.547
9075.000 0.547
9080.000 0.542
9085.000 0.542
9090.000 0.540
9095.000 0.536
9100.000 0.537
9105.000 0.535
9110.000 0.534
9115.000 0.533
9120.000 0.533
9125.000 0.531
9130.000 0.531
9135.000 0.527
9140.000 0.529
9145.000 0.528
9150.000 0.524
9155.000 0.526
9160.000 0.525
9165.000 0.524
9170.000 0.524
9175.000 0.523
9180.000 0.519
9185.000 0.520
9190.000 0.520
9195.000 0.516
9200.000 0.516
9205.000 0.516
9210.000 0.513
9215.000 0.514
9220.000 0.512
9225.000 0.514
9230.000 0.512
9235.000 0.513
9240.000 0.512
9245.000 0.511
9250.000 0.510
9255.000 0.510
9260.000 0.511
9265.000 0.509
9270.000 0.511
9275.000 0.509
9280.000 0.508
9285.000 0.508
9290.000 0.508
9295.000 0.505
9300.000 0.505
9305.000 0.505
9310.000 0.505
9315.000 0.504
9320.000 0.503
9325.000 0.505
9330.000 0.506
9335.000 0.505
9340.000 0.508
9345.000 0.509
9350.000 0.510
9355.000 0.513
9360.000 0.517
9365.000 0.521
9370.000 0.527
9375.000 0.535
9380.000 0.535
9385.000 0.552
9390.000 0.571
9395.000 0.611
9400.000 0.671
9405.000 0.774
9410.000 0.917
9415.000 0.936
9420.000 0.814
9425.000 1.085
9430.000 1.402
9435.000 1.560
9440.000 0.700
9445.000 0.826
9450.000 0.746
9455.000 0.685
9460.000 0.644
9465.000 0.612
9470.000 0.590
9475.000 0.570
9480.000 0.553
9485.000 0.544
9490.000 0.544
9495.000 0.532
9500.000 0.527
9505.000 0.519
9510.000 0.516
9515.000 0.512
9520.000 0.510
9525.000 0.508
9530.000 0.501
9535.000 0.500
9540.000 0.498
9545.000 0.498
9550.000 0.499
9555.000 0.496
9560.000 0.496
9565.000 0.494
9570.000 0.490
9575.000 0.492
9580.000 0.493
9585.000 0.495
9590.000 0.493
9595.000 0.495
9600.000 0.495
9605.000 0.495
9610.000 0.497
9615.000 0.497
9620.000 0.500
9625.000 0.506
9630.000 0.506
9635.000 0.502
9640.000 0.503
9645.000 0.503
9650.000 0.501
9655.000 0.506
9660.000 0.507
9665.000 0.509
9670.000 0.510
9675.000 0.515
9680.000 0.517
9685.000 0.523
9690.000 0.530
9695.000 0.537
9700.000 0.545
9705.000 0.556
9710.000 0.570
9715.000 0.588
9720.000 0.606
9725.000 0.631
9730.000 0.662
9735.000 0.693
9740.000 0.693
9745.000 0.712
9750.000 0.697
9755.000 0.632
9760.000 0.514
9765.000 0.368
9770.000 0.247
9775.000 0.182
9780.000 0.189
9785.000 0.265
9790.000 0.389
9795.000 0.530
9800.000 0.654
9805.000 0.780
9810.000 0.995
9815.000 1.370
9820.000 1.600
9825.000 1.555
9830.000 1.433
9835.000 1.326
9840.000 1.225
9845.000 1.137
9850.000 1.060
9855.000 0.990
9860.000 0.931
9865.000 0.931
9870.000 0.881
9875.000 0.837
9880.000 0.791
9885.000 0.756
9890.000 0.728
9895.000 0.704
9900.000 0.678
9905.000 0.658
9910.000 0.642
9915.000 0.626
9920.000 0.616
9925.000 0.607
9930.000 0.601
9935.000 0.598
9940.000 0.599
9945.000 0.598
9950.000 0.594
9955.000 0.595
9960.000 0.591
9965.000 0.584
9970.000 0.589
9975.000 0.583
9980.000 0.583
9985.000 0.582
9990.000 0.583
9995.000 0.582
10000.000 0.585
10005.000 0.586
10010.000 0.589
10015.000 0.584
10020.000 0.585
10025.000 0.590
10030.000 0.599
10035.000 0.593
10040.000 0.602
10045.000 0.601
10050.000 0.607
10055.000 0.618
10060.000 0.633
10065.000 0.639
10070.000 0.663
10075.000 0.691
10080.000 0.741
10085.000 0.825
10090.000 0.961
10095.000 1.128
10100.000 1.107
10105.000 1.107
10110.000 1.093
10115.000 2.244
10120.000 1.928
10125.000 0.629
10130.000 1.068
10135.000 0.865
10140.000 0.756
10145.000 0.733
10150.000 0.682
10155.000 0.654
10160.000 0.632
10165.000 0.617
10170.000 0.599
10175.000 0.587
10180.000 0.579
10185.000 0.576
10190.000 0.572
10195.000 0.575
10200.000 0.572
10205.000 0.570
10210.000 0.572
10215.000 0.571
10220.000 0.570
10225.000 0.574
10230.000 0.574
10235.000 0.572
10240.000 0.573
10245.000 0.576
10250.000 0.581
10255.000 0.595
10260.000 0.621
10265.000 0.622
10270.000 0.615
10275.000 0.610
10280.000 0.606
10285.000 0.610
10290.000 0.606
10295.000 0.603
10300.000 0.600
10305.000 0.599
10310.000 0.599
10315.000 0.602
10320.000 0.603
10325.000 0.599
10330.000 0.602
10335.000 0.604
10340.000 0.605
10345.000 0.607
10350.000 0.605
10355.000 0.605
10360.000 0.609
10365.000 0.610
10370.000 0.609
10375.000 0.612
10380.000 0.614
10385.000 0.617
10390.000 0.619
10395.000 0.614
10400.000 0.622
10405.000 0.628
10410.000 0.626
10415.000 0.633
10420.000 0.632
10425.000 0.631
10430.000 0.636
10435.000 0.640
10440.000 0.644
10445.000 0.647
10450.000 0.647
10455.000 0.647
10460.000 0.647
10465.000 0.647
10470.000 0.650
10475.000 0.650
10480.000 0.655
10485.000 0.659
10490.000 0.663
10495.000 0.664
10500.000 0.673
10505.000 0.670
10510.000 0.672
10515.000 0.676
10520.000 0.680
10525.000 0.690
10530.000 0.694
10535.000 0.698
10540.000 0.704
10545.000 0.710
10550.000 0.717
10555.000 0.723
10560.000 0.734
10565.000 0.739
10570.000 0.742
10575.000 0.746
10580.000 0.750
10585.000 0.759
10590.000 0.759
10595.000 0.762
10600.000 0.770
10605.000 0.779
10610.000 0.785
10615.000 0.794
10620.000 0.806
10625.000 0.816
10630.000 0.827
10635.000 0.837
10640.000 0.854
10645.000 0.863
10650.000 0.877
10655.000 0.891
10660.000 0.910
10665.000 0.922
10670.000 0.945
10675.000 0.969
10680.000 0.996
10685.000 1.011
10690.000 1.049
10695.000 1.081
10700.000 1.117
10705.000 1.161
10710.000 1.208
10715.000 1.272
10720.000 1.272
10725.000 1.350
10730.000 1.448
10735.000 1.577
10740.000 1.754
10745.000 2.000
10750.000 2.340
10755.000 2.831
10760.000 3.518
10765.000 4.379
10770.000 5.210
10775.000 5.533
10780.000 4.680
10785.000 2.762
10790.000 1.243
10795.000 0.799
10800.000 0.579
10805.000 0.248
10810.000 0.311
10815.000 0.138
10820.000 0.223
10825.000 0.314
10830.000 0.386
10835.000 0.451
10840.000 0.451
10845.000 0.518
10850.000 0.607
10855.000 0.758
10860.000 0.959
10865.000 1.201
10870.000 1.509
10875.000 1.809
10880.000 2.125
10885.000 2.458
10890.000 2.802
10895.000 3.158
10900.000 3.513
10905.000 3.809
10910.000 3.983
10915.000 3.942
10920.000 3.621
10925.000 3.096
10930.000 2.527
10935.000 2.005
10940.000 1.568
10945.000 1.204
10950.000 1.204
10955.000 0.907
10960.000 0.654
10965.000 0.428
10970.000 0.234
10975.000 0.109
10980.000 0.199
10985.000 0.299
10990.000 0.337
10995.000 0.329
11000.000 0.297
11005.000 0.266
11010.000 0.224
11015.000 0.192
11020.000 0.168
11025.000 0.143
11030.000 0.125
11035.000 0.108
11040.000 0.096
11045.000 0.085
11050.000 0.078
11055.000 0.074
11060.000 0.065
11065.000 0.067
11070.000 0.067
11075.000 0.067
11080.000 0.069
11085.000 0.069
11090.000 0.073
11095.000 0.078
11100.000 0.081
11105.000 0.084
11110.000 0.087
11115.000 0.091
11120.000 0.095
11125.000 0.098
11130.000 0.102
11135.000 0.106
11140.000 0.110
11145.000 0.111
11150.000 0.115
11155.000 0.119
11160.000 0.121
11165.000 0.125
11170.000 0.127
11175.000 0.132
11180.000 0.134
11185.000 0.136
11190.000 0.139
11195.000 0.140
11200.000 0.140
11205.000 0.144
11210.000 0.146
11215.000 0.147
11220.000 0.151
11225.000 0.152
11230.000 0.155
11235.000 0.158
11240.000 0.159
11245.000 0.162
11250.000 0.162
11255.000 0.165
11260.000 0.166
11265.000 0.167
11270.000 0.168
11275.000 0.171
11280.000 0.171
11285.000 0.171
11290.000 0.175
11295.000 0.175
11300.000 0.176
11305.000 0.178
11310.000 0.177
11315.000 0.181
11320.000 0.181
11325.000 0.182
11330.000 0.183
11335.000 0.183
11340.000 0.183
11345.000 0.183
11350.000 0.184
11355.000 0.185
11360.000 0.185
11365.000 0.185
11370.000 0.186
11375.000 0.187
11380.000 0.186
11385.000 0.185
11390.000 0.186
11395.000 0.187
11400.000 0.185
11405.000 0.187
11410.000 0.186
11415.000 0.185
11420.000 0.186
11425.000 0.187
11430.000 0.186
11435.000 0.185
11440.000 0.184
11445.000 0.184
11450.000 0.184
11455.000 0.182
11460.000 0.182
11465.000 0.181
11470.000 0.179
11475.000 0.179
11480.000 0.179
11485.000 0.180
11490.000 0.187
11495.000 0.184
11500.000 0.181
11505.000 0.176
11510.000 0.174
11515.000 0.170
11520.000 0.166
11525.000 0.162
11530.000 0.157
11535.000 0.153
11540.000 0.146
11545.000 0.141
11550.000 0.136
11555.000 0.128
11560.000 0.121
11565.000 0.113
11570.000 0.103
11575.000 0.095
11580.000 0.082
11585.000 0.073
11590.000 0.068
11595.000 0.069
11600.000 0.069
11605.000 0.090
11610.000 0.131
11615.000 0.204
11620.000 0.361
11625.000 0.753
11630.000 1.423
11635.000 2.084
11640.000 2.210
11645.000 1.652
11650.000 2.577
11655.000 2.789
11660.000 1.452
11665.000 1.469
11670.000 1.223
11675.000 1.081
11680.000 0.984
11685.000 0.897
11690.000 0.835
11695.000 0.777
11700.000 0.741
11705.000 0.697
11710.000 0.666
11715.000 0.647
11720.000 0.622
11725.000 0.599
11730.000 0.599
11735.000 0.584
11740.000 0.559
11745.000 0.538
11750.000 0.518
11755.000 0.499
11760.000 0.481
11765.000 0.471
11770.000 0.458
11775.000 0.442
11780.000 0.431
11785.000 0.420
11790.000 0.415
11795.000 0.411
11800.000 0.407
11805.000 0.402
11810.000 0.401
11815.000 0.400
11820.000 0.398
11825.000 0.401
11830.000 0.401
11835.000 0.402
11840.000 0.398
11845.000 0.398
11850.000 0.400
11855.000 0.400
11860.000 0.402
11865.000 0.403
11870.000 0.407
11875.000 0.409
11880.000 0.414
11885.000 0.416
11890.000 0.423
11895.000 0.430
11900.000 0.439
11905.000 0.452
11910.000 0.467
11915.000 0.484
11920.000 0.500
11925.000 0.523
11930.000 0.553
11935.000 0.606
11940.000 0.692
11945.000 0.840
11950.000 1.080
11955.000 1.331
11960.000 1.318
11965.000 1.318
11970.000 0.890
11975.000 0.270
11980.000 0.181
11985.000 0.158
11990.000 0.185
11995.000 0.209
12000.000 0.227
