105.000 0.057
110.000 0.053
115.000 0.035
120.000 2.164
125.000 2.669
130.000 3.106
135.000 3.369
140.000 3.613
145.000 3.728
150.000 3.819
155.000 3.809
160.000 3.714
165.000 3.673
170.000 3.673
175.000 3.599
180.000 3.575
185.000 3.502
190.000 3.494
195.000 3.402
200.000 3.475
205.000 3.495
210.000 3.567
215.000 3.580
220.000 3.604
225.000 3.670
230.000 3.775
235.000 3.809
240.000 3.902
245.000 3.921
250.000 4.018
255.000 4.075
260.000 4.130
265.000 4.209
270.000 4.261
275.000 4.315
280.000 4.315
285.000 4.370
290.000 4.423
295.000 4.461
300.000 4.572
305.000 4.610
310.000 4.684
315.000 4.798
320.000 4.833
325.000 4.979
330.000 5.032
335.000 5.160
340.000 5.312
345.000 5.475
350.000 5.667
355.000 5.869
360.000 6.066
365.000 6.287
370.000 6.593
375.000 6.896
380.000 7.210
385.000 7.520
390.000 7.846
395.000 8.197
400.000 8.542
405.000 8.542
410.000 8.863
415.000 9.095
420.000 9.271
425.000 9.367
430.000 9.367
435.000 9.292
440.000 9.100
445.000 8.766
450.000 8.369
455.000 7.908
460.000 7.434
465.000 6.949
470.000 6.486
475.000 6.107
480.000 5.738
485.000 5.335
490.000 5.005
495.000 4.625
500.000 4.296
505.000 3.967
510.000 3.670
515.000 3.381
520.000 3.113
525.000 2.879
530.000 2.879
535.000 2.665
540.000 2.478
545.000 2.301
550.000 2.152
555.000 1.997
560.000 1.875
565.000 1.766
570.000 1.657
575.000 1.535
580.000 1.455
585.000 1.375
590.000 1.286
595.000 1.213
600.000 1.134
605.000 1.054
610.000 0.988
615.000 0.922
620.000 0.864
625.000 0.817
630.000 0.759
635.000 0.710
640.000 0.671
645.000 0.637
650.000 0.609
655.000 0.609
660.000 0.570
665.000 0.547
670.000 0.520
675.000 0.511
680.000 0.504
685.000 0.482
690.000 0.475
695.000 0.467
700.000 0.460
705.000 0.451
710.000 0.445
715.000 0.434
720.000 0.422
725.000 0.418
730.000 0.402
735.000 0.404
740.000 0.404
745.000 0.396
750.000 0.390
755.000 0.384
760.000 0.381
765.000 0.378
770.000 0.378
775.000 0.375
780.000 0.373
785.000 0.366
790.000 0.363
795.000 0.358
800.000 0.356
805.000 0.354
810.000 0.357
815.000 0.356
820.000 0.355
825.000 0.350
830.000 0.351
835.000 0.346
840.000 0.347
845.000 0.338
850.000 0.339
855.000 0.335
860.000 0.331
865.000 0.336
870.000 0.332
875.000 0.331
880.000 0.330
885.000 0.318
890.000 0.327
895.000 0.327
900.000 0.327
905.000 0.326
910.000 0.324
915.000 0.321
920.000 0.317
925.000 0.330
930.000 0.318
935.000 0.322
940.000 0.317
945.000 0.323
950.000 0.318
955.000 0.319
960.000 0.322
965.000 0.316
970.000 0.322
975.000 0.320
980.000 0.311
985.000 0.310
990.000 0.311
995.000 0.316
1000.000 0.318
1005.000 0.320
1010.000 0.310
1015.000 0.307
1020.000 0.307
1025.000 0.306
1030.000 0.312
1035.000 0.314
1040.000 0.316
1045.000 0.310
1050.000 0.312
1055.000 0.308
1060.000 0.313
1065.000 0.323
1070.000 0.314
1075.000 0.309
1080.000 0.311
1085.000 0.313
1090.000 0.311
1095.000 0.316
1100.000 0.319
1105.000 0.309
1110.000 0.311
1115.000 0.312
1120.000 0.314
1125.000 0.314
1130.000 0.315
1135.000 0.315
1140.000 0.313
1145.000 0.313
1150.000 0.313
1155.000 0.315
1160.000 0.315
1165.000 0.315
1170.000 0.318
1175.000 0.316
1180.000 0.319
1185.000 0.315
1190.000 0.319
1195.000 0.318
1200.000 0.320
1205.000 0.320
1210.000 0.318
1215.000 0.321
1220.000 0.316
1225.000 0.320
1230.000 0.323
1235.000 0.324
1240.000 0.324
1245.000 0.325
1250.000 0.325
1255.000 0.326
1260.000 0.326
1265.000 0.327
1270.000 0.330
1275.000 0.335
1280.000 0.333
1285.000 0.330
1290.000 0.335
1295.000 0.332
1300.000 0.336
1305.000 0.335
1310.000 0.340
1315.000 0.339
1320.000 0.338
1325.000 0.339
1330.000 0.341
1335.000 0.343
1340.000 0.342
1345.000 0.347
1350.000 0.348
1355.000 0.349
1360.000 0.351
1365.000 0.350
1370.000 0.353
1375.000 0.357
1380.000 0.357
1385.000 0.355
1390.000 0.358
1395.000 0.360
1400.000 0.364
1405.000 0.363
1410.000 0.365
1415.000 0.368
1420.000 0.369
1425.000 0.370
1430.000 0.373
1435.000 0.374
1440.000 0.378
1445.000 0.374
1450.000 0.378
1455.000 0.375
1460.000 0.380
1465.000 0.380
1470.000 0.380
1475.000 0.379
1480.000 0.378
1485.000 0.375
1490.000 0.372
1495.000 0.371
1500.000 0.373
1505.000 0.373
1510.000 0.368
1515.000 0.368
1520.000 0.375
1525.000 0.379
1530.000 0.385
1535.000 0.390
1540.000 0.400
1545.000 0.410
1550.000 0.416
1555.000 0.423
1560.000 0.428
1565.000 0.434
1570.000 0.445
1575.000 0.448
1580.000 0.455
1585.000 0.467
1590.000 0.474
1595.000 0.482
1600.000 0.493
1605.000 0.500
1610.000 0.507
1615.000 0.517
1620.000 0.526
1625.000 0.533
1630.000 0.533
1635.000 0.543
1640.000 0.554
1645.000 0.562
1650.000 0.574
1655.000 0.587
1660.000 0.600
1665.000 0.609
1670.000 0.625
1675.000 0.638
1680.000 0.644
1685.000 0.658
1690.000 0.671
1695.000 0.689
1700.000 0.700
1705.000 0.716
1710.000 0.733
1715.000 0.744
1720.000 0.765
1725.000 0.780
1730.000 0.799
1735.000 0.815
1740.000 0.840
1745.000 0.851
1750.000 0.869
1755.000 0.873
1760.000 0.893
1765.000 0.912
1770.000 0.936
1775.000 0.961
1780.000 0.977
1785.000 1.001
1790.000 1.019
1795.000 1.045
1800.000 1.059
1805.000 1.078
1810.000 1.101
1815.000 1.125
1820.000 1.141
1825.000 1.160
1830.000 1.177
1835.000 1.194
1840.000 1.208
1845.000 1.225
1850.000 1.232
1855.000 1.242
1860.000 1.251
1865.000 1.251
1870.000 1.264
1875.000 1.271
1880.000 1.278
1885.000 1.281
1890.000 1.282
1895.000 1.287
1900.000 1.286
1905.000 1.280
1910.000 1.276
1915.000 1.277
1920.000 1.275
1925.000 1.271
1930.000 1.270
1935.000 1.268
1940.000 1.257
1945.000 1.244
1950.000 1.240
1955.000 1.232
1960.000 1.223
1965.000 1.216
1970.000 1.205
1975.000 1.208
1980.000 1.199
1985.000 1.190
1990.000 1.190
1995.000 1.184
2000.000 1.171
2005.000 1.163
2010.000 1.156
2015.000 1.164
2020.000 1.162
2025.000 1.151
2030.000 1.139
2035.000 1.151
2040.000 1.131
2045.000 1.129
2050.000 1.123
2055.000 1.123
2060.000 1.111
2065.000 1.120
2070.000 1.108
2075.000 1.111
2080.000 1.115
2085.000 1.116
2090.000 1.118
2095.000 1.121
2100.000 1.118
2105.000 1.123
2110.000 1.129
2115.000 1.129
2120.000 1.133
2125.000 1.139
2130.000 1.149
2135.000 1.152
2140.000 1.165
2145.000 1.179
2150.000 1.188
2155.000 1.196
2160.000 1.212
2165.000 1.226
2170.000 1.246
2175.000 1.266
2180.000 1.292
2185.000 1.316
2190.000 1.346
2195.000 1.380
2200.000 1.413
2205.000 1.452
2210.000 1.497
2215.000 1.555
2220.000 1.623
2225.000 1.703
2230.000 1.809
2235.000 1.934
2240.000 1.934
2245.000 2.099
2250.000 2.342
2255.000 2.643
2260.000 3.060
2265.000 3.668
2270.000 4.575
2275.000 5.930
2280.000 7.904
2285.000 10.555
2290.000 13.719
2295.000 16.779
2300.000 18.209
2305.000 18.436
2310.000 20.463
2315.000 7.501
2320.000 7.238
2325.000 4.713
2330.000 3.323
2335.000 2.304
2340.000 1.888
2345.000 1.482
2350.000 1.482
2355.000 1.244
2360.000 1.029
2365.000 0.857
2370.000 0.716
2375.000 0.608
2380.000 0.522
2385.000 0.451
2390.000 0.390
2395.000 0.339
2400.000 0.292
2405.000 0.256
2410.000 0.227
2415.000 0.198
2420.000 0.171
2425.000 0.149
2430.000 0.127
2435.000 0.109
2440.000 0.095
2445.000 0.079
2450.000 0.066
2455.000 0.056
2460.000 0.046
2465.000 0.036
2470.000 0.027
2475.000 0.027
2480.000 0.018
2485.000 0.010
2490.000 0.006
2495.000 0.007
2500.000 0.011
2505.000 0.015
2510.000 0.021
2515.000 0.025
2520.000 0.031
2525.000 0.036
2530.000 0.038
2535.000 0.043
2540.000 0.045
2545.000 0.047
2550.000 0.051
2555.000 0.053
2560.000 0.057
2565.000 0.060
2570.000 0.061
2575.000 0.064
2580.000 0.066
2585.000 0.067
2590.000 0.068
2595.000 0.071
2600.000 0.072
2605.000 0.072
2610.000 0.074
2615.000 0.075
2620.000 0.075
2625.000 0.078
2630.000 0.079
2635.000 0.079
2640.000 0.081
2645.000 0.082
2650.000 0.082
2655.000 0.083
2660.000 0.082
2665.000 0.082
2670.000 0.082
2675.000 0.082
2680.000 0.083
2685.000 0.083
2690.000 0.082
2695.000 0.083
2700.000 0.081
2705.000 0.082
2710.000 0.081
2715.000 0.082
2720.000 0.080
2725.000 0.079
2730.000 0.079
2735.000 0.079
2740.000 0.078
2745.000 0.077
2750.000 0.075
2755.000 0.074
2760.000 0.073
2765.000 0.072
2770.000 0.071
2775.000 0.071
2780.000 0.071
2785.000 0.070
2790.000 0.068
2795.000 0.068
2800.000 0.067
2805.000 0.065
2810.000 0.065
2815.000 0.064
2820.000 0.066
2825.000 0.064
2830.000 0.064
2835.000 0.065
2840.000 0.065
2845.000 0.065
2850.000 0.067
2855.000 0.066
2860.000 0.066
2865.000 0.068
2870.000 0.069
2875.000 0.073
2880.000 0.073
2885.000 0.076
2890.000 0.079
2895.000 0.081
2900.000 0.081
2905.000 0.084
2910.000 0.088
2915.000 0.091
2920.000 0.093
2925.000 0.096
2930.000 0.099
2935.000 0.104
2940.000 0.105
2945.000 0.110
2950.000 0.112
2955.000 0.117
2960.000 0.116
2965.000 0.116
2970.000 0.121
2975.000 0.126
2980.000 0.131
2985.000 0.133
2990.000 0.136
2995.000 0.144
3000.000 0.138
3005.000 0.147
3010.000 0.141
3015.000 0.146
3020.000 0.150
3025.000 0.153
3030.000 0.163
3035.000 0.161
3040.000 0.171
3045.000 0.169
3050.000 0.170
3055.000 0.177
3060.000 0.177
3065.000 0.173
3070.000 0.179
3075.000 0.182
3080.000 0.184
3085.000 0.183
3090.000 0.183
3095.000 0.184
3100.000 0.186
3105.000 0.187
3110.000 0.189
3115.000 0.191
3120.000 0.191
3125.000 0.192
3130.000 0.196
3135.000 0.193
3140.000 0.196
3145.000 0.199
3150.000 0.200
3155.000 0.203
3160.000 0.206
3165.000 0.206
3170.000 0.209
3175.000 0.212
3180.000 0.211
3185.000 0.212
3190.000 0.214
3195.000 0.216
3200.000 0.217
3205.000 0.218
3210.000 0.217
3215.000 0.217
3220.000 0.219
3225.000 0.220
3230.000 0.223
3235.000 0.223
3240.000 0.225
3245.000 0.225
3250.000 0.226
3255.000 0.228
3260.000 0.228
3265.000 0.230
3270.000 0.231
3275.000 0.230
3280.000 0.232
3285.000 0.231
3290.000 0.233
3295.000 0.232
3300.000 0.235
3305.000 0.235
3310.000 0.235
3315.000 0.238
3320.000 0.236
3325.000 0.236
3330.000 0.237
3335.000 0.238
3340.000 0.241
3345.000 0.239
3350.000 0.240
3355.000 0.241
3360.000 0.240
3365.000 0.239
3370.000 0.242
3375.000 0.244
3380.000 0.244
3385.000 0.244
3390.000 0.242
3395.000 0.244
3400.000 0.246
3405.000 0.246
3410.000 0.246
3415.000 0.247
3420.000 0.248
3425.000 0.249
3430.000 0.248
3435.000 0.248
3440.000 0.251
3445.000 0.250
3450.000 0.250
3455.000 0.251
3460.000 0.253
3465.000 0.252
3470.000 0.253
3475.000 0.252
3480.000 0.254
3485.000 0.256
3490.000 0.257
3495.000 0.257
3500.000 0.257
3505.000 0.259
3510.000 0.258
3515.000 0.260
3520.000 0.260
3525.000 0.260
3530.000 0.262
3535.000 0.263
3540.000 0.265
3545.000 0.266
3550.000 0.266
3555.000 0.265
3560.000 0.269
3565.000 0.269
3570.000 0.270
3575.000 0.270
3580.000 0.271
3585.000 0.274
3590.000 0.273
3595.000 0.275
3600.000 0.278
3605.000 0.279
3610.000 0.280
3615.000 0.282
3620.000 0.282
3625.000 0.282
3630.000 0.279
3635.000 0.278
3640.000 0.270
3645.000 0.257
3650.000 0.234
3655.000 0.219
3660.000 0.342
3665.000 1.089
3670.000 3.651
3675.000 9.623
3680.000 15.364
3685.000 14.334
3690.000 4.047
3695.000 2.643
3700.000 2.643
3705.000 2.119
3710.000 1.296
3715.000 0.860
3720.000 0.672
3725.000 0.574
3730.000 0.498
3735.000 0.436
3740.000 0.393
3745.000 0.363
3750.000 0.339
3755.000 0.319
3760.000 0.302
3765.000 0.291
3770.000 0.280
3775.000 0.271
3780.000 0.264
3785.000 0.256
3790.000 0.251
3795.000 0.246
3800.000 0.243
3805.000 0.239
3810.000 0.239
3815.000 0.235
3820.000 0.234
3825.000 0.230
3830.000 0.229
3835.000 0.227
3840.000 0.226
3845.000 0.223
3850.000 0.224
3855.000 0.223
3860.000 0.221
3865.000 0.219
3870.000 0.221
3875.000 0.219
3880.000 0.218
3885.000 0.218
3890.000 0.216
3895.000 0.215
3900.000 0.216
3905.000 0.216
3910.000 0.215
3915.000 0.215
3920.000 0.214
3925.000 0.216
3930.000 0.218
3935.000 0.218
3940.000 0.217
3945.000 0.216
3950.000 0.215
3955.000 0.214
3960.000 0.214
3965.000 0.217
3970.000 0.216
3975.000 0.217
3980.000 0.213
3985.000 0.214
3990.000 0.213
3995.000 0.218
4000.000 0.219
4005.000 0.214
4010.000 0.214
4015.000 0.216
4020.000 0.218
4025.000 0.214
4030.000 0.221
4035.000 0.217
4040.000 0.222
4045.000 0.222
4050.000 0.223
4055.000 0.222
4060.000 0.222
4065.000 0.218
4070.000 0.222
4075.000 0.219
4080.000 0.218
4085.000 0.219
4090.000 0.219
4095.000 0.223
4100.000 0.221
4105.000 0.223
4110.000 0.223
4115.000 0.223
4120.000 0.224
4125.000 0.225
4130.000 0.226
4135.000 0.226
4140.000 0.226
4145.000 0.227
4150.000 0.229
4155.000 0.229
4160.000 0.230
4165.000 0.231
4170.000 0.230
4175.000 0.231
4180.000 0.231
4185.000 0.231
4190.000 0.233
4195.000 0.233
4200.000 0.235
4205.000 0.235
4210.000 0.235
4215.000 0.236
4220.000 0.237
4225.000 0.238
4230.000 0.238
4235.000 0.238
4240.000 0.239
4245.000 0.240
4250.000 0.240
4255.000 0.239
4260.000 0.242
4265.000 0.241
4270.000 0.242
4275.000 0.243
4280.000 0.242
4285.000 0.244
4290.000 0.244
4295.000 0.245
4300.000 0.245
4305.000 0.245
4310.000 0.245
4315.000 0.244
4320.000 0.245
4325.000 0.242
4330.000 0.243
4335.000 0.241
4340.000 0.242
4345.000 0.241
4350.000 0.239
4355.000 0.238
4360.000 0.239
4365.000 0.239
4370.000 0.238
4375.000 0.238
4380.000 0.238
4385.000 0.238
4390.000 0.238
4395.000 0.238
4400.000 0.239
4405.000 0.239
4410.000 0.239
4415.000 0.239
4420.000 0.239
4425.000 0.239
4430.000 0.238
4435.000 0.239
4440.000 0.240
4445.000 0.240
4450.000 0.240
4455.000 0.242
4460.000 0.241
4465.000 0.241
4470.000 0.242
4475.000 0.242
4480.000 0.243
4485.000 0.243
4490.000 0.243
4495.000 0.243
4500.000 0.245
4505.000 0.243
4510.000 0.244
4515.000 0.245
4520.000 0.246
4525.000 0.247
4530.000 0.247
4535.000 0.248
4540.000 0.246
4545.000 0.248
4550.000 0.248
4555.000 0.249
4560.000 0.250
4565.000 0.250
4570.000 0.251
4575.000 0.252
4580.000 0.252
4585.000 0.252
4590.000 0.251
4595.000 0.255
4600.000 0.254
4605.000 0.255
4610.000 0.257
4615.000 0.258
4620.000 0.258
4625.000 0.258
4630.000 0.260
4635.000 0.262
4640.000 0.263
4645.000 0.265
4650.000 0.266
4655.000 0.265
4660.000 0.268
4665.000 0.269
4670.000 0.272
4675.000 0.272
4680.000 0.273
4685.000 0.275
4690.000 0.276
4695.000 0.278
4700.000 0.281
4705.000 0.283
4710.000 0.287
4715.000 0.290
4720.000 0.295
4725.000 0.299
4730.000 0.303
4735.000 0.307
4740.000 0.314
4745.000 0.323
4750.000 0.329
4755.000 0.337
4760.000 0.347
4765.000 0.357
4770.000 0.368
4775.000 0.383
4780.000 0.397
4785.000 0.397
4790.000 0.409
4795.000 0.422
4800.000 0.434
4805.000 0.447
4810.000 0.461
4815.000 0.475
4820.000 0.491
4825.000 0.515
4830.000 0.540
4835.000 0.564
4840.000 0.596
4845.000 0.631
4850.000 0.672
4855.000 0.722
4860.000 0.786
4865.000 0.857
4870.000 0.948
4875.000 1.059
4880.000 1.197
4885.000 1.375
4890.000 1.610
4895.000 1.917
4900.000 2.327
4905.000 2.885
4910.000 2.885
4915.000 3.677
4920.000 4.772
4925.000 6.240
4930.000 8.268
4935.000 11.001
4940.000 14.008
4945.000 13.395
4950.000 7.472
4955.000 21.071
4960.000 17.625
4965.000 16.923
4970.000 8.715
4975.000 6.925
4980.000 5.442
4985.000 5.116
4990.000 3.928
4995.000 3.346
5000.000 2.942
5005.000 2.558
5010.000 2.288
5015.000 2.055
5020.000 1.851
5025.000 1.675
5030.000 1.554
5035.000 1.554
5040.000 1.430
5045.000 1.341
5050.000 1.264
5055.000 1.193
5060.000 1.126
5065.000 1.074
5070.000 1.035
5075.000 0.994
5080.000 0.955
5085.000 0.921
5090.000 0.898
5095.000 0.867
5100.000 0.846
5105.000 0.824
5110.000 0.807
5115.000 0.789
5120.000 0.775
5125.000 0.761
5130.000 0.750
5135.000 0.740
5140.000 0.730
5145.000 0.719
5150.000 0.710
5155.000 0.705
5160.000 0.705
5165.000 0.698
5170.000 0.690
5175.000 0.685
5180.000 0.678
5185.000 0.674
5190.000 0.672
5195.000 0.669
5200.000 0.666
5205.000 0.664
5210.000 0.663
5215.000 0.661
5220.000 0.656
5225.000 0.654
5230.000 0.652
5235.000 0.649
5240.000 0.646
5245.000 0.645
5250.000 0.644
5255.000 0.642
5260.000 0.640
5265.000 0.637
5270.000 0.637
5275.000 0.636
5280.000 0.635
5285.000 0.634
5290.000 0.632
5295.000 0.629
5300.000 0.627
5305.000 0.625
5310.000 0.623
5315.000 0.622
5320.000 0.620
5325.000 0.615
5330.000 0.615
5335.000 0.612
5340.000 0.608
5345.000 0.607
5350.000 0.605
5355.000 0.603
5360.000 0.599
5365.000 0.598
5370.000 0.595
5375.000 0.592
5380.000 0.591
5385.000 0.586
5390.000 0.584
5395.000 0.584
5400.000 0.581
5405.000 0.576
5410.000 0.573
5415.000 0.573
5420.000 0.570
5425.000 0.565
5430.000 0.561
5435.000 0.560
5440.000 0.556
5445.000 0.552
5450.000 0.549
5455.000 0.547
5460.000 0.544
5465.000 0.542
5470.000 0.538
5475.000 0.533
5480.000 0.531
5485.000 0.529
5490.000 0.527
5495.000 0.523
5500.000 0.521
5505.000 0.519
5510.000 0.515
5515.000 0.512
5520.000 0.512
5525.000 0.512
5530.000 0.510
5535.000 0.511
5540.000 0.512
5545.000 0.509
5550.000 0.504
5555.000 0.499
5560.000 0.496
5565.000 0.493
5570.000 0.492
5575.000 0.489
5580.000 0.486
5585.000 0.484
5590.000 0.483
5595.000 0.482
5600.000 0.480
5605.000 0.479
5610.000 0.477
5615.000 0.476
5620.000 0.474
5625.000 0.473
5630.000 0.472
5635.000 0.470
5640.000 0.470
5645.000 0.470
5650.000 0.471
5655.000 0.469
5660.000 0.468
5665.000 0.468
5670.000 0.467
5675.000 0.465
5680.000 0.463
5685.000 0.466
5690.000 0.466
5695.000 0.464
5700.000 0.464
5705.000 0.464
5710.000 0.464
5715.000 0.464
5720.000 0.465
5725.000 0.465
5730.000 0.464
5735.000 0.466
5740.000 0.467
5745.000 0.466
5750.000 0.468
5755.000 0.468
5760.000 0.467
5765.000 0.469
5770.000 0.469
5775.000 0.470
5780.000 0.471
5785.000 0.474
5790.000 0.475
5795.000 0.478
5800.000 0.478
5805.000 0.481
5810.000 0.481
5815.000 0.483
5820.000 0.485
5825.000 0.486
5830.000 0.489
5835.000 0.492
5840.000 0.493
5845.000 0.497
5850.000 0.499
5855.000 0.505
5860.000 0.506
5865.000 0.509
5870.000 0.514
5875.000 0.519
5880.000 0.519
5885.000 0.524
5890.000 0.529
5895.000 0.533
5900.000 0.538
5905.000 0.542
5910.000 0.550
5915.000 0.555
5920.000 0.559
5925.000 0.567
5930.000 0.575
5935.000 0.583
5940.000 0.589
5945.000 0.603
5950.000 0.609
5955.000 0.619
5960.000 0.633
5965.000 0.643
5970.000 0.655
5975.000 0.667
5980.000 0.688
5985.000 0.705
5990.000 0.719
5995.000 0.733
6000.000 0.765
6005.000 0.765
6010.000 0.778
6015.000 0.802
6020.000 0.836
6025.000 0.864
6030.000 0.900
6035.000 0.958
6040.000 0.993
6045.000 1.029
6050.000 1.067
6055.000 1.101
6060.000 1.141
6065.000 1.190
6070.000 1.237
6075.000 1.293
6080.000 1.356
6085.000 1.433
6090.000 1.519
6095.000 1.627
6100.000 1.746
6105.000 1.905
6110.000 2.089
6115.000 2.318
6120.000 2.610
6125.000 2.980
6130.000 2.980
6135.000 3.467
6140.000 4.095
6145.000 4.916
6150.000 5.959
6155.000 7.287
6160.000 8.986
6165.000 11.060
6170.000 13.600
6175.000 16.692
6180.000 20.228
6185.000 23.740
6190.000 25.883
6195.000 24.668
6200.000 19.555
6205.000 13.857
6210.000 8.991
6215.000 7.491
6220.000 6.040
6225.000 4.947
6230.000 4.128
6235.000 3.505
6240.000 3.030
6245.000 3.030
6250.000 2.656
6255.000 2.342
6260.000 2.083
6265.000 1.874
6270.000 1.691
6275.000 1.538
6280.000 1.413
6285.000 1.303
6290.000 1.207
6295.000 1.121
6300.000 1.053
6305.000 0.988
6310.000 0.933
6315.000 0.886
6320.000 0.841
6325.000 0.793
6330.000 0.759
6335.000 0.724
6340.000 0.693
6345.000 0.665
6350.000 0.641
6355.000 0.616
6360.000 0.592
6365.000 0.575
6370.000 0.575
6375.000 0.554
6380.000 0.535
6385.000 0.517
6390.000 0.501
6395.000 0.483
6400.000 0.468
6405.000 0.451
6410.000 0.436
6415.000 0.420
6420.000 0.406
6425.000 0.392
6430.000 0.378
6435.000 0.362
6440.000 0.346
6445.000 0.331
6450.000 0.314
6455.000 0.295
6460.000 0.278
6465.000 0.259
6470.000 0.242
6475.000 0.229
6480.000 0.223
6485.000 0.236
6490.000 0.280
6495.000 0.280
6500.000 0.375
6505.000 0.554
6510.000 0.909
6515.000 1.839
6520.000 5.082
6525.000 10.668
6530.000 12.219
6535.000 4.322
6540.000 6.170
6545.000 1.805
6550.000 1.757
6555.000 1.666
6560.000 1.730
6565.000 1.534
6570.000 1.247
6575.000 1.131
6580.000 1.059
6585.000 0.975
6590.000 0.903
6595.000 0.852
6600.000 0.803
6605.000 0.759
6610.000 0.725
6615.000 0.695
6620.000 0.695
6625.000 0.672
6630.000 0.651
6635.000 0.631
6640.000 0.615
6645.000 0.600
6650.000 0.588
6655.000 0.574
6660.000 0.563
6665.000 0.555
6670.000 0.546
6675.000 0.538
6680.000 0.529
6685.000 0.522
6690.000 0.515
6695.000 0.510
6700.000 0.506
6705.000 0.501
6710.000 0.496
6715.000 0.494
6720.000 0.489
6725.000 0.485
6730.000 0.485
6735.000 0.482
6740.000 0.480
6745.000 0.476
6750.000 0.473
6755.000 0.471
6760.000 0.469
6765.000 0.468
6770.000 0.465
6775.000 0.463
6780.000 0.461
6785.000 0.461
6790.000 0.459
6795.000 0.457
6800.000 0.455
6805.000 0.454
6810.000 0.455
6815.000 0.452
6820.000 0.452
6825.000 0.451
6830.000 0.451
6835.000 0.450
6840.000 0.450
6845.000 0.450
6850.000 0.449
6855.000 0.449
6860.000 0.447
6865.000 0.448
6870.000 0.447
6875.000 0.445
6880.000 0.448
6885.000 0.447
6890.000 0.446
6895.000 0.446
6900.000 0.446
6905.000 0.446
6910.000 0.444
6915.000 0.444
6920.000 0.444
6925.000 0.444
6930.000 0.443
6935.000 0.442
6940.000 0.443
6945.000 0.446
6950.000 0.445
6955.000 0.445
6960.000 0.448
6965.000 0.441
6970.000 0.447
6975.000 0.443
6980.000 0.443
6985.000 0.441
6990.000 0.441
6995.000 0.443
7000.000 0.449
7005.000 0.441
7010.000 0.450
7015.000 0.448
7020.000 0.451
7025.000 0.453
7030.000 0.446
7035.000 0.451
7040.000 0.450
7045.000 0.452
7050.000 0.455
7055.000 0.454
7060.000 0.453
7065.000 0.457
7070.000 0.456
7075.000 0.455
7080.000 0.458
7085.000 0.460
7090.000 0.461
7095.000 0.464
7100.000 0.464
7105.000 0.464
7110.000 0.466
7115.000 0.468
7120.000 0.467
7125.000 0.470
7130.000 0.473
7135.000 0.474
7140.000 0.478
7145.000 0.480
7150.000 0.483
7155.000 0.485
7160.000 0.486
7165.000 0.490
7170.000 0.495
7175.000 0.498
7180.000 0.500
7185.000 0.502
7190.000 0.507
7195.000 0.512
7200.000 0.514
7205.000 0.520
7210.000 0.524
7215.000 0.524
7220.000 0.530
7225.000 0.536
7230.000 0.545
7235.000 0.548
7240.000 0.555
7245.000 0.565
7250.000 0.571
7255.000 0.582
7260.000 0.591
7265.000 0.600
7270.000 0.610
7275.000 0.623
7280.000 0.637
7285.000 0.651
7290.000 0.669
7295.000 0.689
7300.000 0.709
7305.000 0.733
7310.000 0.761
7315.000 0.796
7320.000 0.833
7325.000 0.876
7330.000 0.933
7335.000 1.002
7340.000 1.002
7345.000 1.088
7350.000 1.205
7355.000 1.362
7360.000 1.585
7365.000 1.868
7370.000 2.481
7375.000 3.010
7380.000 4.018
7385.000 4.997
7390.000 5.782
7395.000 5.766
7400.000 4.486
7405.000 3.025
7410.000 2.477
7415.000 2.056
7420.000 1.880
7425.000 1.769
7430.000 1.427
7435.000 1.186
7440.000 0.933
7445.000 0.777
7450.000 0.664
7455.000 0.576
7460.000 0.510
7465.000 0.510
7470.000 0.459
7475.000 0.420
7480.000 0.387
7485.000 0.362
7490.000 0.342
7495.000 0.324
7500.000 0.310
7505.000 0.302
7510.000 0.292
7515.000 0.286
7520.000 0.279
7525.000 0.276
7530.000 0.271
7535.000 0.269
7540.000 0.269
7545.000 0.269
7550.000 0.266
7555.000 0.265
7560.000 0.267
7565.000 0.266
7570.000 0.265
7575.000 0.266
7580.000 0.266
7585.000 0.268
7590.000 0.268
7595.000 0.268
7600.000 0.268
7605.000 0.270
7610.000 0.269
7615.000 0.271
7620.000 0.274
7625.000 0.274
7630.000 0.273
7635.000 0.275
7640.000 0.275
7645.000 0.278
7650.000 0.280
7655.000 0.279
7660.000 0.281
7665.000 0.282
7670.000 0.284
7675.000 0.286
7680.000 0.287
7685.000 0.288
7690.000 0.289
7695.000 0.291
7700.000 0.291
7705.000 0.292
7710.000 0.293
7715.000 0.294
7720.000 0.295
7725.000 0.296
7730.000 0.296
7735.000 0.297
7740.000 0.298
7745.000 0.301
7750.000 0.301
7755.000 0.303
7760.000 0.303
7765.000 0.306
7770.000 0.306
7775.000 0.307
7780.000 0.307
7785.000 0.308
7790.000 0.309
7795.000 0.312
7800.000 0.314
7805.000 0.314
7810.000 0.314
7815.000 0.313
7820.000 0.316
7825.000 0.316
7830.000 0.316
7835.000 0.320
7840.000 0.319
7845.000 0.320
7850.000 0.322
7855.000 0.322
7860.000 0.323
7865.000 0.326
7870.000 0.325
7875.000 0.326
7880.000 0.329
7885.000 0.329
7890.000 0.331
7895.000 0.330
7900.000 0.333
7905.000 0.334
7910.000 0.334
7915.000 0.335
7920.000 0.336
7925.000 0.338
7930.000 0.338
7935.000 0.337
7940.000 0.337
7945.000 0.337
7950.000 0.337
7955.000 0.337
7960.000 0.331
7965.000 0.329
7970.000 0.317
7975.000 0.295
7980.000 0.247
7985.000 0.163
7990.000 0.211
7995.000 0.988
8000.000 4.022
8005.000 7.431
8010.000 6.262
8015.000 1.693
8020.000 0.742
8025.000 0.713
8030.000 0.660
8035.000 0.671
8040.000 0.524
8045.000 0.464
8050.000 0.476
8055.000 0.459
8060.000 0.447
8065.000 0.429
8070.000 0.422
8075.000 0.410
8080.000 0.410
8085.000 0.403
8090.000 0.399
8095.000 0.395
8100.000 0.390
8105.000 0.389
8110.000 0.389
8115.000 0.389
8120.000 0.388
8125.000 0.386
8130.000 0.386
8135.000 0.387
8140.000 0.386
8145.000 0.386
8150.000 0.386
8155.000 0.390
8160.000 0.389
8165.000 0.390
8170.000 0.393
8175.000 0.392
8180.000 0.395
8185.000 0.397
8190.000 0.398
8195.000 0.398
8200.000 0.401
8205.000 0.402
8210.000 0.406
8215.000 0.408
8220.000 0.411
8225.000 0.412
8230.000 0.415
8235.000 0.419
8240.000 0.421
8245.000 0.424
8250.000 0.427
8255.000 0.431
8260.000 0.437
8265.000 0.443
8270.000 0.447
8275.000 0.450
8280.000 0.453
8285.000 0.460
8290.000 0.464
8295.000 0.469
8300.000 0.474
8305.000 0.481
8310.000 0.488
8315.000 0.488
8320.000 0.493
8325.000 0.499
8330.000 0.506
8335.000 0.514
8340.000 0.520
8345.000 0.528
8350.000 0.541
8355.000 0.550
8360.000 0.560
8365.000 0.571
8370.000 0.581
8375.000 0.595
8380.000 0.610
8385.000 0.625
8390.000 0.644
8395.000 0.665
8400.000 0.686
8405.000 0.710
8410.000 0.739
8415.000 0.773
8420.000 0.811
8425.000 0.856
8430.000 0.919
8435.000 0.994
8440.000 0.994
8445.000 1.097
8450.000 1.245
8455.000 1.448
8460.000 1.772
8465.000 2.337
8470.000 3.357
8475.000 4.932
8480.000 6.200
8485.000 5.051
8490.000 1.942
8495.000 1.757
8500.000 1.576
8505.000 1.235
8510.000 1.299
8515.000 1.408
8520.000 1.406
8525.000 1.611
8530.000 1.909
8535.000 2.380
8540.000 2.971
8545.000 3.741
8550.000 4.700
8555.000 5.842
8560.000 7.115
8565.000 7.115
8570.000 8.436
8575.000 9.583
8580.000 10.069
8585.000 9.535
8590.000 8.021
8595.000 6.358
8600.000 5.016
8605.000 3.914
8610.000 2.914
8615.000 1.920
8620.000 1.000
8625.000 0.289
8630.000 0.168
8635.000 0.376
8640.000 0.435
8645.000 0.449
8650.000 0.443
8655.000 0.430
8660.000 0.411
8665.000 0.391
8670.000 0.372
8675.000 0.354
8680.000 0.337
8685.000 0.322
8690.000 0.319
8695.000 0.308
8700.000 0.295
8705.000 0.285
8710.000 0.275
8715.000 0.267
8720.000 0.260
8725.000 0.255
8730.000 0.250
8735.000 0.245
8740.000 0.233
8745.000 0.245
8750.000 0.237
8755.000 0.228
8760.000 0.225
8765.000 0.224
8770.000 0.220
8775.000 0.218
8780.000 0.215
8785.000 0.214
8790.000 0.212
8795.000 0.211
8800.000 0.211
8805.000 0.211
8810.000 0.209
8815.000 0.207
8820.000 0.205
8825.000 0.208
8830.000 0.193
8835.000 0.186
8840.000 0.192
8845.000 0.212
8850.000 0.192
8855.000 0.198
8860.000 0.197
8865.000 0.196
8870.000 0.195
8875.000 0.194
8880.000 0.193
8885.000 0.194
8890.000 0.193
8895.000 0.192
8900.000 0.189
8905.000 0.189
8910.000 0.188
8915.000 0.187
8920.000 0.187
8925.000 0.187
8930.000 0.186
8935.000 0.186
8940.000 0.184
8945.000 0.184
8950.000 0.183
8955.000 0.182
8960.000 0.183
8965.000 0.182
8970.000 0.185
8975.000 0.182
8980.000 0.182
8985.000 0.181
8990.000 0.179
8995.000 0.180
9000.000 0.182
9005.000 0.178
9010.000 0.179
9015.000 0.181
9020.000 0.180
9025.000 0.178
9030.000 0.183
9035.000 0.179
9040.000 0.184
9045.000 0.184
9050.000 0.184
9055.000 0.183
9060.000 0.184
9065.000 0.180
9070.000 0.184
9075.000 0.183
9080.000 0.182
9085.000 0.183
9090.000 0.185
9095.000 0.185
9100.000 0.184
9105.000 0.185
9110.000 0.185
9115.000 0.185
9120.000 0.186
9125.000 0.185
9130.000 0.186
9135.000 0.188
9140.000 0.187
9145.000 0.189
9150.000 0.191
9155.000 0.191
9160.000 0.190
9165.000 0.192
9170.000 0.191
9175.000 0.191
9180.000 0.191
9185.000 0.193
9190.000 0.196
9195.000 0.196
9200.000 0.198
9205.000 0.201
9210.000 0.199
9215.000 0.201
9220.000 0.202
9225.000 0.204
9230.000 0.207
9235.000 0.208
9240.000 0.210
9245.000 0.211
9250.000 0.215
9255.000 0.217
9260.000 0.220
9265.000 0.224
9270.000 0.227
9275.000 0.230
9280.000 0.237
9285.000 0.237
9290.000 0.241
9295.000 0.248
9300.000 0.254
9305.000 0.262
9310.000 0.268
9315.000 0.278
9320.000 0.287
9325.000 0.300
9330.000 0.312
9335.000 0.327
9340.000 0.349
9345.000 0.373
9350.000 0.403
9355.000 0.440
9360.000 0.491
9365.000 0.561
9370.000 0.668
9375.000 0.843
9380.000 1.145
9385.000 1.708
9390.000 2.683
9395.000 4.063
9400.000 5.840
9405.000 7.817
9410.000 7.817
9415.000 8.510
9420.000 5.282
9425.000 0.630
9430.000 1.264
9435.000 1.166
9440.000 0.892
9445.000 0.775
9450.000 0.651
9455.000 0.548
9460.000 0.479
9465.000 0.436
9470.000 0.397
9475.000 0.365
9480.000 0.338
9485.000 0.319
9490.000 0.300
9495.000 0.289
9500.000 0.278
9505.000 0.269
9510.000 0.263
9515.000 0.258
9520.000 0.254
9525.000 0.252
9530.000 0.251
9535.000 0.251
9540.000 0.253
9545.000 0.254
9550.000 0.258
9555.000 0.264
9560.000 0.269
9565.000 0.277
9570.000 0.286
9575.000 0.299
9580.000 0.309
9585.000 0.323
9590.000 0.338
9595.000 0.356
9600.000 0.380
9605.000 0.405
9610.000 0.431
9615.000 0.467
9620.000 0.500
9625.000 0.547
9630.000 0.591
9635.000 0.640
9640.000 0.701
9645.000 0.768
9650.000 0.855
9655.000 0.959
9660.000 0.959
9665.000 1.089
9670.000 1.247
9675.000 1.421
9680.000 1.664
9685.000 1.944
9690.000 2.311
9695.000 2.744
9700.000 3.263
9705.000 3.864
9710.000 4.572
9715.000 5.391
9720.000 6.364
9725.000 7.494
9730.000 8.770
9735.000 10.046
9740.000 11.051
9745.000 11.377
9750.000 10.759
9755.000 9.367
9760.000 7.903
9765.000 6.688
9770.000 5.650
9775.000 5.650
9780.000 4.782
9785.000 4.037
9790.000 3.410
9795.000 2.875
9800.000 2.434
9805.000 2.140
9810.000 1.928
9815.000 1.687
9820.000 1.536
9825.000 1.456
9830.000 1.372
9835.000 1.296
9840.000 1.226
9845.000 1.165
9850.000 1.115
9855.000 1.075
9860.000 1.039
9865.000 1.009
9870.000 0.980
9875.000 0.952
9880.000 0.929
9885.000 0.902
9890.000 0.880
9895.000 0.856
9900.000 0.856
9905.000 0.834
9910.000 0.814
9915.000 0.799
9920.000 0.777
9925.000 0.755
9930.000 0.736
9935.000 0.718
9940.000 0.701
9945.000 0.685
9950.000 0.670
9955.000 0.655
9960.000 0.639
9965.000 0.625
9970.000 0.614
9975.000 0.600
9980.000 0.585
9985.000 0.572
9990.000 0.561
9995.000 0.553
10000.000 0.538
10005.000 0.528
10010.000 0.511
10015.000 0.497
10020.000 0.483
10025.000 0.483
10030.000 0.472
10035.000 0.458
10040.000 0.440
10045.000 0.419
10050.000 0.399
10055.000 0.373
10060.000 0.344
10065.000 0.310
10070.000 0.261
10075.000 0.199
10080.000 0.143
10085.000 0.242
10090.000 0.652
10095.000 2.037
10100.000 3.619
10105.000 2.314
10110.000 2.366
10115.000 1.638
10120.000 1.562
10125.000 1.275
10130.000 1.150
10135.000 1.060
10140.000 0.991
10145.000 0.935
10150.000 0.935
10155.000 0.872
10160.000 0.826
10165.000 0.787
10170.000 0.747
10175.000 0.713
10180.000 0.690
10185.000 0.666
10190.000 0.653
10195.000 0.639
10200.000 0.628
10205.000 0.617
10210.000 0.608
10215.000 0.598
10220.000 0.593
10225.000 0.586
10230.000 0.580
10235.000 0.575
10240.000 0.571
10245.000 0.565
10250.000 0.565
10255.000 0.562
10260.000 0.562
10265.000 0.556
10270.000 0.555
10275.000 0.552
10280.000 0.550
10285.000 0.546
10290.000 0.543
10295.000 0.541
10300.000 0.539
10305.000 0.537
10310.000 0.535
10315.000 0.533
10320.000 0.531
10325.000 0.530
10330.000 0.528
10335.000 0.527
10340.000 0.523
10345.000 0.522
10350.000 0.520
10355.000 0.519
10360.000 0.519
10365.000 0.514
10370.000 0.513
10375.000 0.511
10380.000 0.512
10385.000 0.512
10390.000 0.514
10395.000 0.512
10400.000 0.502
10405.000 0.509
10410.000 0.504
10415.000 0.505
10420.000 0.506
10425.000 0.509
10430.000 0.508
10435.000 0.507
10440.000 0.505
10445.000 0.502
10450.000 0.499
10455.000 0.498
10460.000 0.495
10465.000 0.495
10470.000 0.496
10475.000 0.493
10480.000 0.492
10485.000 0.492
10490.000 0.489
10495.000 0.491
10500.000 0.490
10505.000 0.488
10510.000 0.488
10515.000 0.488
10520.000 0.488
10525.000 0.486
10530.000 0.486
10535.000 0.486
10540.000 0.484
10545.000 0.481
10550.000 0.483
10555.000 0.484
10560.000 0.484
10565.000 0.483
10570.000 0.481
10575.000 0.480
10580.000 0.479
10585.000 0.478
10590.000 0.477
10595.000 0.476
10600.000 0.474
10605.000 0.472
10610.000 0.471
10615.000 0.468
10620.000 0.466
10625.000 0.465
10630.000 0.460
10635.000 0.460
10640.000 0.459
10645.000 0.456
10650.000 0.451
10655.000 0.446
10660.000 0.444
10665.000 0.438
10670.000 0.430
10675.000 0.426
10680.000 0.421
10685.000 0.405
10690.000 0.395
10695.000 0.386
10700.000 0.369
10705.000 0.352
10710.000 0.334
10715.000 0.309
10720.000 0.282
10725.000 0.252
10730.000 0.219
10735.000 0.191
10740.000 0.190
10745.000 0.190
10750.000 0.263
10755.000 0.468
10760.000 1.073
10765.000 2.230
10770.000 3.435
10775.000 3.964
10780.000 3.486
10785.000 2.856
10790.000 2.719
10795.000 2.885
10800.000 2.645
10805.000 2.237
10810.000 2.376
10815.000 2.287
10820.000 2.256
10825.000 2.256
10830.000 2.278
10835.000 2.317
10840.000 2.377
10845.000 2.455
10850.000 2.564
10855.000 2.682
10860.000 2.825
10865.000 3.002
10870.000 3.002
10875.000 3.204
10880.000 3.433
10885.000 3.679
10890.000 3.945
10895.000 4.188
10900.000 4.339
10905.000 4.292
10910.000 3.947
10915.000 3.310
10920.000 2.561
10925.000 1.914
10930.000 1.431
10935.000 1.093
10940.000 0.870
10945.000 0.743
10950.000 0.684
10955.000 0.674
10960.000 0.689
10965.000 0.702
10970.000 0.691
10975.000 0.622
10980.000 0.512
10985.000 0.377
10990.000 0.261
10995.000 0.261
11000.000 0.182
11005.000 0.123
11010.000 0.073
11015.000 0.032
11020.000 0.016
11025.000 0.034
11030.000 0.053
11035.000 0.071
11040.000 0.086
11045.000 0.103
11050.000 0.116
11055.000 0.125
11060.000 0.135
11065.000 0.145
11070.000 0.151
11075.000 0.160
11080.000 0.167
11085.000 0.173
11090.000 0.178
11095.000 0.184
11100.000 0.188
11105.000 0.195
11110.000 0.201
11115.000 0.207
11120.000 0.207
11125.000 0.211
11130.000 0.218
11135.000 0.220
11140.000 0.226
11145.000 0.231
11150.000 0.235
11155.000 0.240
11160.000 0.243
11165.000 0.249
11170.000 0.253
11175.000 0.257
11180.000 0.260
11185.000 0.265
11190.000 0.267
11195.000 0.272
11200.000 0.276
11205.000 0.279
11210.000 0.280
11215.000 0.285
11220.000 0.288
11225.000 0.292
11230.000 0.292
11235.000 0.295
11240.000 0.298
11245.000 0.302
11250.000 0.308
11255.000 0.309
11260.000 0.311
11265.000 0.315
11270.000 0.320
11275.000 0.323
11280.000 0.327
11285.000 0.331
11290.000 0.335
11295.000 0.339
11300.000 0.343
11305.000 0.347
11310.000 0.348
11315.000 0.347
11320.000 0.350
11325.000 0.353
11330.000 0.352
11335.000 0.355
11340.000 0.358
11345.000 0.356
11350.000 0.360
11355.000 0.360
11360.000 0.360
11365.000 0.363
11370.000 0.363
11375.000 0.366
11380.000 0.366
11385.000 0.369
11390.000 0.371
11395.000 0.371
11400.000 0.374
11405.000 0.375
11410.000 0.376
11415.000 0.380
11420.000 0.381
11425.000 0.381
11430.000 0.383
11435.000 0.383
11440.000 0.385
11445.000 0.387
11450.000 0.388
11455.000 0.388
11460.000 0.387
11465.000 0.391
11470.000 0.391
11475.000 0.394
11480.000 0.394
11485.000 0.396
11490.000 0.399
11495.000 0.397
11500.000 0.399
11505.000 0.400
11510.000 0.400
11515.000 0.402
11520.000 0.405
11525.000 0.402
11530.000 0.403
11535.000 0.406
11540.000 0.407
11545.000 0.407
11550.000 0.408
11555.000 0.407
11560.000 0.409
11565.000 0.408
11570.000 0.410
11575.000 0.408
11580.000 0.409
11585.000 0.408
11590.000 0.407
11595.000 0.404
11600.000 0.399
11605.000 0.391
11610.000 0.391
11615.000 0.377
11620.000 0.368
11625.000 0.389
11630.000 0.569
11635.000 1.099
11640.000 1.539
11645.000 1.169
11650.000 0.330
11655.000 0.603
11660.000 0.424
11665.000 0.541
11670.000 0.527
11675.000 0.499
11680.000 0.488
11685.000 0.480
11690.000 0.471
11695.000 0.462
11700.000 0.458
11705.000 0.451
11710.000 0.445
11715.000 0.443
11720.000 0.443
11725.000 0.443
11730.000 0.443
11735.000 0.445
11740.000 0.448
11745.000 0.451
11750.000 0.451
11755.000 0.453
11760.000 0.452
11765.000 0.457
11770.000 0.461
11775.000 0.464
11780.000 0.467
11785.000 0.473
11790.000 0.473
11795.000 0.475
11800.000 0.480
11805.000 0.480
11810.000 0.482
11815.000 0.487
11820.000 0.490
11825.000 0.495
11830.000 0.501
11835.000 0.502
11840.000 0.510
11845.000 0.510
11850.000 0.513
11855.000 0.522
11860.000 0.527
11865.000 0.534
11870.000 0.543
11875.000 0.550
11880.000 0.558
11885.000 0.568
11890.000 0.581
11895.000 0.597
11900.000 0.615
11905.000 0.639
11910.000 0.670
11915.000 0.691
11920.000 0.726
11925.000 0.774
11930.000 0.838
11935.000 0.939
11940.000 1.097
11945.000 1.323
11950.000 1.542
11955.000 1.483
11960.000 0.942
11965.000 0.327
11970.000 0.327
11975.000 0.216
11980.000 0.338
11985.000 0.382
11990.000 0.435
11995.000 0.490
12000.000 0.543
