105.000 0.059
110.000 0.110
115.000 0.017
120.000 1.926
125.000 2.630
130.000 2.989
135.000 3.446
140.000 3.616
145.000 3.663
150.000 3.781
155.000 3.855
160.000 3.788
165.000 3.692
170.000 3.645
175.000 3.571
180.000 3.519
185.000 3.469
190.000 3.469
195.000 3.488
200.000 3.469
205.000 3.487
210.000 3.547
215.000 3.582
220.000 3.608
225.000 3.693
230.000 3.777
235.000 3.795
240.000 3.919
245.000 3.979
250.000 4.010
255.000 4.104
260.000 4.145
265.000 4.222
270.000 4.267
275.000 4.330
280.000 4.342
285.000 4.412
290.000 4.524
295.000 4.542
300.000 4.596
305.000 4.702
310.000 4.771
315.000 4.771
320.000 4.841
325.000 4.998
330.000 5.018
335.000 5.142
340.000 5.323
345.000 5.543
350.000 5.645
355.000 5.845
360.000 6.075
365.000 6.329
370.000 6.598
375.000 6.880
380.000 7.178
385.000 7.515
390.000 7.850
395.000 8.203
400.000 8.527
405.000 8.852
410.000 9.138
415.000 9.343
420.000 9.446
425.000 9.490
430.000 9.490
435.000 9.416
440.000 9.212
445.000 8.908
450.000 8.487
455.000 8.073
460.000 7.567
465.000 7.087
470.000 6.613
475.000 6.170
480.000 5.732
485.000 5.332
490.000 4.974
495.000 4.615
500.000 4.329
505.000 3.975
510.000 3.680
515.000 3.409
520.000 3.147
525.000 2.923
530.000 2.700
535.000 2.512
540.000 2.330
545.000 2.187
550.000 2.041
555.000 2.041
560.000 1.917
565.000 1.794
570.000 1.687
575.000 1.597
580.000 1.513
585.000 1.419
590.000 1.330
595.000 1.268
600.000 1.192
605.000 1.112
610.000 1.047
615.000 0.983
620.000 0.919
625.000 0.868
630.000 0.807
635.000 0.762
640.000 0.728
645.000 0.680
650.000 0.633
655.000 0.609
660.000 0.576
665.000 0.543
670.000 0.524
675.000 0.508
680.000 0.508
685.000 0.491
690.000 0.482
695.000 0.474
700.000 0.463
705.000 0.452
710.000 0.443
715.000 0.438
720.000 0.435
725.000 0.423
730.000 0.420
735.000 0.409
740.000 0.406
745.000 0.406
750.000 0.395
755.000 0.392
760.000 0.385
765.000 0.381
770.000 0.382
775.000 0.378
780.000 0.369
785.000 0.366
790.000 0.364
795.000 0.359
800.000 0.354
805.000 0.354
810.000 0.360
815.000 0.356
820.000 0.351
825.000 0.353
830.000 0.354
835.000 0.352
840.000 0.342
845.000 0.346
850.000 0.326
855.000 0.338
860.000 0.335
865.000 0.333
870.000 0.331
875.000 0.333
880.000 0.332
885.000 0.333
890.000 0.329
895.000 0.324
900.000 0.322
905.000 0.328
910.000 0.326
915.000 0.326
920.000 0.327
925.000 0.321
930.000 0.321
935.000 0.317
940.000 0.320
945.000 0.320
950.000 0.317
955.000 0.313
960.000 0.315
965.000 0.318
970.000 0.322
975.000 0.315
980.000 0.313
985.000 0.312
990.000 0.314
995.000 0.320
1000.000 0.309
1005.000 0.321
1010.000 0.311
1015.000 0.312
1020.000 0.311
1025.000 0.315
1030.000 0.320
1035.000 0.313
1040.000 0.313
1045.000 0.309
1050.000 0.315
1055.000 0.314
1060.000 0.315
1065.000 0.320
1070.000 0.310
1075.000 0.315
1080.000 0.319
1085.000 0.317
1090.000 0.317
1095.000 0.311
1100.000 0.312
1105.000 0.309
1110.000 0.314
1115.000 0.314
1120.000 0.312
1125.000 0.314
1130.000 0.316
1135.000 0.315
1140.000 0.316
1145.000 0.318
1150.000 0.317
1155.000 0.316
1160.000 0.324
1165.000 0.324
1170.000 0.322
1175.000 0.318
1180.000 0.319
1185.000 0.320
1190.000 0.315
1195.000 0.321
1200.000 0.315
1205.000 0.318
1210.000 0.323
1215.000 0.322
1220.000 0.326
1225.000 0.325
1230.000 0.324
1235.000 0.323
1240.000 0.326
1245.000 0.328
1250.000 0.329
1255.000 0.326
1260.000 0.325
1265.000 0.331
1270.000 0.333
1275.000 0.335
1280.000 0.331
1285.000 0.333
1290.000 0.333
1295.000 0.335
1300.000 0.337
1305.000 0.336
1310.000 0.336
1315.000 0.337
1320.000 0.341
1325.000 0.343
1330.000 0.345
1335.000 0.343
1340.000 0.349
1345.000 0.348
1350.000 0.350
1355.000 0.351
1360.000 0.351
1365.000 0.352
1370.000 0.355
1375.000 0.357
1380.000 0.359
1385.000 0.361
1390.000 0.359
1395.000 0.364
1400.000 0.364
1405.000 0.363
1410.000 0.368
1415.000 0.371
1420.000 0.369
1425.000 0.373
1430.000 0.378
1435.000 0.378
1440.000 0.382
1445.000 0.380
1450.000 0.382
1455.000 0.383
1460.000 0.384
1465.000 0.388
1470.000 0.383
1475.000 0.384
1480.000 0.385
1485.000 0.382
1490.000 0.377
1495.000 0.377
1500.000 0.375
1505.000 0.373
1510.000 0.375
1515.000 0.378
1520.000 0.383
1525.000 0.383
1530.000 0.392
1535.000 0.397
1540.000 0.403
1545.000 0.409
1550.000 0.421
1555.000 0.427
1560.000 0.432
1565.000 0.442
1570.000 0.451
1575.000 0.458
1580.000 0.469
1585.000 0.474
1590.000 0.486
1595.000 0.493
1600.000 0.502
1605.000 0.509
1610.000 0.518
1615.000 0.533
1620.000 0.538
1625.000 0.548
1630.000 0.559
1635.000 0.569
1640.000 0.579
1645.000 0.592
1650.000 0.592
1655.000 0.608
1660.000 0.617
1665.000 0.629
1670.000 0.644
1675.000 0.659
1680.000 0.666
1685.000 0.681
1690.000 0.698
1695.000 0.710
1700.000 0.727
1705.000 0.743
1710.000 0.762
1715.000 0.777
1720.000 0.792
1725.000 0.812
1730.000 0.830
1735.000 0.848
1740.000 0.874
1745.000 0.891
1750.000 0.911
1755.000 0.934
1760.000 0.953
1765.000 0.977
1770.000 0.998
1775.000 0.998
1780.000 1.029
1785.000 1.049
1790.000 1.067
1795.000 1.089
1800.000 1.111
1805.000 1.132
1810.000 1.152
1815.000 1.179
1820.000 1.200
1825.000 1.218
1830.000 1.243
1835.000 1.254
1840.000 1.271
1845.000 1.288
1850.000 1.300
1855.000 1.309
1860.000 1.325
1865.000 1.336
1870.000 1.347
1875.000 1.354
1880.000 1.355
1885.000 1.361
1890.000 1.364
1895.000 1.366
1900.000 1.366
1905.000 1.364
1910.000 1.356
1915.000 1.358
1920.000 1.356
1925.000 1.356
1930.000 1.346
1935.000 1.337
1940.000 1.338
1945.000 1.328
1950.000 1.320
1955.000 1.309
1960.000 1.306
1965.000 1.304
1970.000 1.289
1975.000 1.291
1980.000 1.289
1985.000 1.273
1990.000 1.273
1995.000 1.254
2000.000 1.252
2005.000 1.244
2010.000 1.244
2015.000 1.252
2020.000 1.248
2025.000 1.240
2030.000 1.227
2035.000 1.239
2040.000 1.219
2045.000 1.220
2050.000 1.219
2055.000 1.212
2060.000 1.202
2065.000 1.210
2070.000 1.203
2075.000 1.207
2080.000 1.207
2085.000 1.216
2090.000 1.215
2095.000 1.203
2100.000 1.217
2105.000 1.223
2110.000 1.226
2115.000 1.233
2120.000 1.247
2125.000 1.249
2130.000 1.263
2135.000 1.263
2140.000 1.272
2145.000 1.282
2150.000 1.296
2155.000 1.306
2160.000 1.328
2165.000 1.344
2170.000 1.365
2175.000 1.393
2180.000 1.421
2185.000 1.450
2190.000 1.486
2195.000 1.519
2200.000 1.557
2205.000 1.606
2210.000 1.659
2215.000 1.722
2220.000 1.800
2225.000 1.897
2230.000 2.016
2235.000 2.171
2240.000 2.370
2245.000 2.619
2250.000 2.962
2255.000 3.449
2260.000 4.127
2265.000 4.127
2270.000 5.147
2275.000 6.679
2280.000 8.881
2285.000 11.846
2290.000 15.522
2295.000 19.603
2300.000 22.525
2305.000 21.108
2310.000 18.834
2315.000 14.244
2320.000 7.609
2325.000 4.765
2330.000 3.777
2335.000 3.057
2340.000 2.263
2345.000 1.886
2350.000 1.513
2355.000 1.261
2360.000 1.060
2365.000 0.901
2370.000 0.771
2375.000 0.665
2380.000 0.575
2385.000 0.501
2390.000 0.501
2395.000 0.434
2400.000 0.380
2405.000 0.335
2410.000 0.297
2415.000 0.263
2420.000 0.233
2425.000 0.206
2430.000 0.182
2435.000 0.161
2440.000 0.142
2445.000 0.127
2450.000 0.111
2455.000 0.098
2460.000 0.086
2465.000 0.073
2470.000 0.064
2475.000 0.054
2480.000 0.047
2485.000 0.040
2490.000 0.034
2495.000 0.031
2500.000 0.031
2505.000 0.028
2510.000 0.027
2515.000 0.028
2520.000 0.030
2525.000 0.033
2530.000 0.035
2535.000 0.040
2540.000 0.043
2545.000 0.047
2550.000 0.048
2555.000 0.053
2560.000 0.055
2565.000 0.059
2570.000 0.061
2575.000 0.065
2580.000 0.067
2585.000 0.069
2590.000 0.072
2595.000 0.075
2600.000 0.078
2605.000 0.078
2610.000 0.080
2615.000 0.082
2620.000 0.085
2625.000 0.085
2630.000 0.087
2635.000 0.089
2640.000 0.091
2645.000 0.094
2650.000 0.094
2655.000 0.098
2660.000 0.098
2665.000 0.100
2670.000 0.101
2675.000 0.103
2680.000 0.105
2685.000 0.107
2690.000 0.107
2695.000 0.108
2700.000 0.110
2705.000 0.111
2710.000 0.114
2715.000 0.115
2720.000 0.115
2725.000 0.116
2730.000 0.118
2735.000 0.119
2740.000 0.121
2745.000 0.122
2750.000 0.122
2755.000 0.122
2760.000 0.124
2765.000 0.127
2770.000 0.127
2775.000 0.127
2780.000 0.130
2785.000 0.132
2790.000 0.133
2795.000 0.135
2800.000 0.135
2805.000 0.138
2810.000 0.140
2815.000 0.143
2820.000 0.143
2825.000 0.144
2830.000 0.146
2835.000 0.148
2840.000 0.150
2845.000 0.153
2850.000 0.155
2855.000 0.157
2860.000 0.160
2865.000 0.162
2870.000 0.164
2875.000 0.164
2880.000 0.165
2885.000 0.170
2890.000 0.172
2895.000 0.173
2900.000 0.177
2905.000 0.179
2910.000 0.184
2915.000 0.185
2920.000 0.187
2925.000 0.191
2930.000 0.193
2935.000 0.194
2940.000 0.198
2945.000 0.197
2950.000 0.200
2955.000 0.201
2960.000 0.204
2965.000 0.211
2970.000 0.206
2975.000 0.212
2980.000 0.218
2985.000 0.218
2990.000 0.219
2995.000 0.220
3000.000 0.214
3005.000 0.225
3010.000 0.220
3015.000 0.218
3020.000 0.220
3025.000 0.220
3030.000 0.229
3035.000 0.229
3040.000 0.235
3045.000 0.232
3050.000 0.233
3055.000 0.235
3060.000 0.240
3065.000 0.236
3070.000 0.243
3075.000 0.246
3080.000 0.243
3085.000 0.244
3090.000 0.246
3095.000 0.245
3100.000 0.246
3105.000 0.246
3110.000 0.246
3115.000 0.248
3120.000 0.247
3125.000 0.248
3130.000 0.251
3135.000 0.250
3140.000 0.251
3145.000 0.254
3150.000 0.254
3155.000 0.257
3160.000 0.256
3165.000 0.258
3170.000 0.261
3175.000 0.262
3180.000 0.263
3185.000 0.265
3190.000 0.264
3195.000 0.265
3200.000 0.267
3205.000 0.267
3210.000 0.268
3215.000 0.269
3220.000 0.270
3225.000 0.271
3230.000 0.273
3235.000 0.273
3240.000 0.273
3245.000 0.274
3250.000 0.277
3255.000 0.277
3260.000 0.276
3265.000 0.277
3270.000 0.278
3275.000 0.281
3280.000 0.282
3285.000 0.286
3290.000 0.286
3295.000 0.286
3300.000 0.285
3305.000 0.288
3310.000 0.287
3315.000 0.290
3320.000 0.292
3325.000 0.293
3330.000 0.295
3335.000 0.296
3340.000 0.297
3345.000 0.298
3350.000 0.299
3355.000 0.302
3360.000 0.302
3365.000 0.304
3370.000 0.305
3375.000 0.308
3380.000 0.309
3385.000 0.310
3390.000 0.313
3395.000 0.314
3400.000 0.318
3405.000 0.319
3410.000 0.323
3415.000 0.326
3420.000 0.328
3425.000 0.331
3430.000 0.332
3435.000 0.333
3440.000 0.336
3445.000 0.341
3450.000 0.342
3455.000 0.343
3460.000 0.347
3465.000 0.351
3470.000 0.351
3475.000 0.355
3480.000 0.359
3485.000 0.365
3490.000 0.367
3495.000 0.373
3500.000 0.378
3505.000 0.382
3510.000 0.389
3515.000 0.394
3520.000 0.400
3525.000 0.409
3530.000 0.417
3535.000 0.425
3540.000 0.433
3545.000 0.441
3550.000 0.452
3555.000 0.462
3560.000 0.475
3565.000 0.488
3570.000 0.503
3575.000 0.520
3580.000 0.537
3585.000 0.556
3590.000 0.579
3595.000 0.579
3600.000 0.603
3605.000 0.633
3610.000 0.669
3615.000 0.710
3620.000 0.758
3625.000 0.820
3630.000 0.892
3635.000 0.987
3640.000 1.106
3645.000 1.259
3650.000 1.453
3655.000 1.705
3660.000 2.005
3665.000 2.498
3670.000 4.606
3675.000 11.231
3680.000 20.080
3685.000 22.458
3690.000 13.396
3695.000 8.379
3700.000 5.749
3705.000 3.807
3710.000 2.904
3715.000 2.270
3720.000 2.270
3725.000 1.849
3730.000 1.522
3735.000 1.285
3740.000 1.104
3745.000 0.962
3750.000 0.850
3755.000 0.759
3760.000 0.686
3765.000 0.625
3770.000 0.575
3775.000 0.534
3780.000 0.497
3785.000 0.466
3790.000 0.440
3795.000 0.418
3800.000 0.398
3805.000 0.378
3810.000 0.366
3815.000 0.352
3820.000 0.339
3825.000 0.329
3830.000 0.318
3835.000 0.309
3840.000 0.304
3845.000 0.304
3850.000 0.298
3855.000 0.290
3860.000 0.284
3865.000 0.281
3870.000 0.273
3875.000 0.272
3880.000 0.267
3885.000 0.263
3890.000 0.260
3895.000 0.257
3900.000 0.253
3905.000 0.254
3910.000 0.249
3915.000 0.247
3920.000 0.246
3925.000 0.247
3930.000 0.242
3935.000 0.241
3940.000 0.240
3945.000 0.240
3950.000 0.234
3955.000 0.234
3960.000 0.237
3965.000 0.238
3970.000 0.230
3975.000 0.235
3980.000 0.230
3985.000 0.227
3990.000 0.225
3995.000 0.230
4000.000 0.231
4005.000 0.226
4010.000 0.223
4015.000 0.227
4020.000 0.227
4025.000 0.221
4030.000 0.226
4035.000 0.224
4040.000 0.229
4045.000 0.226
4050.000 0.225
4055.000 0.227
4060.000 0.224
4065.000 0.221
4070.000 0.220
4075.000 0.223
4080.000 0.222
4085.000 0.222
4090.000 0.222
4095.000 0.219
4100.000 0.223
4105.000 0.220
4110.000 0.220
4115.000 0.221
4120.000 0.220
4125.000 0.220
4130.000 0.220
4135.000 0.220
4140.000 0.220
4145.000 0.220
4150.000 0.220
4155.000 0.221
4160.000 0.221
4165.000 0.220
4170.000 0.220
4175.000 0.221
4180.000 0.222
4185.000 0.221
4190.000 0.222
4195.000 0.222
4200.000 0.222
4205.000 0.222
4210.000 0.222
4215.000 0.222
4220.000 0.222
4225.000 0.223
4230.000 0.222
4235.000 0.223
4240.000 0.222
4245.000 0.222
4250.000 0.224
4255.000 0.222
4260.000 0.221
4265.000 0.222
4270.000 0.223
4275.000 0.222
4280.000 0.224
4285.000 0.223
4290.000 0.223
4295.000 0.223
4300.000 0.223
4305.000 0.224
4310.000 0.224
4315.000 0.224
4320.000 0.224
4325.000 0.224
4330.000 0.223
4335.000 0.223
4340.000 0.225
4345.000 0.226
4350.000 0.223
4355.000 0.223
4360.000 0.225
4365.000 0.224
4370.000 0.223
4375.000 0.223
4380.000 0.223
4385.000 0.223
4390.000 0.224
4395.000 0.222
4400.000 0.224
4405.000 0.223
4410.000 0.222
4415.000 0.224
4420.000 0.222
4425.000 0.223
4430.000 0.224
4435.000 0.224
4440.000 0.224
4445.000 0.224
4450.000 0.224
4455.000 0.223
4460.000 0.222
4465.000 0.222
4470.000 0.222
4475.000 0.223
4480.000 0.224
4485.000 0.223
4490.000 0.223
4495.000 0.223
4500.000 0.223
4505.000 0.224
4510.000 0.224
4515.000 0.224
4520.000 0.222
4525.000 0.223
4530.000 0.223
4535.000 0.223
4540.000 0.225
4545.000 0.224
4550.000 0.224
4555.000 0.224
4560.000 0.224
4565.000 0.223
4570.000 0.223
4575.000 0.224
4580.000 0.224
4585.000 0.224
4590.000 0.223
4595.000 0.224
4600.000 0.223
4605.000 0.224
4610.000 0.224
4615.000 0.224
4620.000 0.225
4625.000 0.224
4630.000 0.225
4635.000 0.225
4640.000 0.225
4645.000 0.223
4650.000 0.224
4655.000 0.225
4660.000 0.225
4665.000 0.225
4670.000 0.225
4675.000 0.225
4680.000 0.227
4685.000 0.227
4690.000 0.228
4695.000 0.228
4700.000 0.228
4705.000 0.227
4710.000 0.228
4715.000 0.227
4720.000 0.229
4725.000 0.230
4730.000 0.231
4735.000 0.231
4740.000 0.232
4745.000 0.232
4750.000 0.233
4755.000 0.236
4760.000 0.236
4765.000 0.240
4770.000 0.241
4775.000 0.245
4780.000 0.247
4785.000 0.250
4790.000 0.255
4795.000 0.258
4800.000 0.264
4805.000 0.271
4810.000 0.278
4815.000 0.285
4820.000 0.285
4825.000 0.295
4830.000 0.307
4835.000 0.320
4840.000 0.335
4845.000 0.355
4850.000 0.375
4855.000 0.403
4860.000 0.437
4865.000 0.478
4870.000 0.539
4875.000 0.609
4880.000 0.702
4885.000 0.827
4890.000 1.001
4895.000 1.230
4900.000 1.537
4905.000 1.922
4910.000 2.409
4915.000 3.085
4920.000 4.077
4925.000 5.737
4930.000 5.737
4935.000 8.457
4940.000 11.733
4945.000 12.326
4950.000 4.623
4955.000 15.958
4960.000 13.761
4965.000 12.856
4970.000 5.068
4975.000 4.627
4980.000 3.518
4985.000 3.432
4990.000 2.561
4995.000 2.322
5000.000 2.057
5005.000 1.793
5010.000 1.593
5015.000 1.471
5020.000 1.332
5025.000 1.223
5030.000 1.153
5035.000 1.070
5040.000 1.018
5045.000 0.964
5050.000 0.917
5055.000 0.917
5060.000 0.876
5065.000 0.837
5070.000 0.813
5075.000 0.782
5080.000 0.757
5085.000 0.736
5090.000 0.718
5095.000 0.702
5100.000 0.686
5105.000 0.674
5110.000 0.663
5115.000 0.651
5120.000 0.640
5125.000 0.630
5130.000 0.624
5135.000 0.614
5140.000 0.611
5145.000 0.606
5150.000 0.599
5155.000 0.596
5160.000 0.590
5165.000 0.588
5170.000 0.584
5175.000 0.583
5180.000 0.583
5185.000 0.580
5190.000 0.580
5195.000 0.578
5200.000 0.576
5205.000 0.574
5210.000 0.575
5215.000 0.575
5220.000 0.572
5225.000 0.571
5230.000 0.571
5235.000 0.568
5240.000 0.569
5245.000 0.568
5250.000 0.565
5255.000 0.564
5260.000 0.564
5265.000 0.564
5270.000 0.562
5275.000 0.561
5280.000 0.560
5285.000 0.559
5290.000 0.559
5295.000 0.557
5300.000 0.556
5305.000 0.556
5310.000 0.554
5315.000 0.556
5320.000 0.554
5325.000 0.550
5330.000 0.549
5335.000 0.550
5340.000 0.548
5345.000 0.546
5350.000 0.545
5355.000 0.544
5360.000 0.542
5365.000 0.539
5370.000 0.536
5375.000 0.535
5380.000 0.533
5385.000 0.532
5390.000 0.530
5395.000 0.527
5400.000 0.526
5405.000 0.523
5410.000 0.521
5415.000 0.521
5420.000 0.517
5425.000 0.515
5430.000 0.513
5435.000 0.513
5440.000 0.510
5445.000 0.507
5450.000 0.504
5455.000 0.502
5460.000 0.500
5465.000 0.498
5470.000 0.495
5475.000 0.494
5480.000 0.493
5485.000 0.490
5490.000 0.489
5495.000 0.485
5500.000 0.482
5505.000 0.483
5510.000 0.479
5515.000 0.477
5520.000 0.478
5525.000 0.477
5530.000 0.475
5535.000 0.487
5540.000 0.487
5545.000 0.485
5550.000 0.479
5555.000 0.477
5560.000 0.473
5565.000 0.469
5570.000 0.465
5575.000 0.462
5580.000 0.459
5585.000 0.457
5590.000 0.456
5595.000 0.453
5600.000 0.453
5605.000 0.452
5610.000 0.453
5615.000 0.452
5620.000 0.450
5625.000 0.451
5630.000 0.449
5635.000 0.448
5640.000 0.450
5645.000 0.447
5650.000 0.448
5655.000 0.447
5660.000 0.446
5665.000 0.446
5670.000 0.446
5675.000 0.446
5680.000 0.447
5685.000 0.447
5690.000 0.446
5695.000 0.447
5700.000 0.446
5705.000 0.446
5710.000 0.447
5715.000 0.449
5720.000 0.450
5725.000 0.450
5730.000 0.452
5735.000 0.451
5740.000 0.451
5745.000 0.455
5750.000 0.456
5755.000 0.457
5760.000 0.457
5765.000 0.460
5770.000 0.463
5775.000 0.466
5780.000 0.469
5785.000 0.470
5790.000 0.470
5795.000 0.472
5800.000 0.474
5805.000 0.476
5810.000 0.479
5815.000 0.481
5820.000 0.485
5825.000 0.489
5830.000 0.491
5835.000 0.496
5840.000 0.499
5845.000 0.500
5850.000 0.507
5855.000 0.512
5860.000 0.516
5865.000 0.522
5870.000 0.529
5875.000 0.533
5880.000 0.539
5885.000 0.548
5890.000 0.553
5895.000 0.562
5900.000 0.571
5905.000 0.571
5910.000 0.578
5915.000 0.588
5920.000 0.597
5925.000 0.609
5930.000 0.619
5935.000 0.629
5940.000 0.641
5945.000 0.658
5950.000 0.673
5955.000 0.690
5960.000 0.708
5965.000 0.723
5970.000 0.747
5975.000 0.763
5980.000 0.789
5985.000 0.812
5990.000 0.831
5995.000 0.852
6000.000 0.879
6005.000 0.887
6010.000 0.913
6015.000 0.939
6020.000 0.963
6025.000 0.990
6030.000 0.990
6035.000 1.034
6040.000 1.051
6045.000 1.092
6050.000 1.131
6055.000 1.166
6060.000 1.211
6065.000 1.274
6070.000 1.326
6075.000 1.401
6080.000 1.484
6085.000 1.572
6090.000 1.677
6095.000 1.809
6100.000 1.963
6105.000 2.147
6110.000 2.370
6115.000 2.663
6120.000 3.021
6125.000 3.482
6130.000 4.093
6135.000 4.866
6140.000 5.863
6145.000 7.120
6150.000 8.674
6155.000 8.674
6160.000 10.596
6165.000 12.969
6170.000 15.885
6175.000 19.403
6180.000 23.552
6185.000 27.801
6190.000 30.644
6195.000 29.602
6200.000 22.848
6205.000 15.763
6210.000 11.206
6215.000 9.458
6220.000 7.646
6225.000 6.298
6230.000 5.229
6235.000 4.377
6240.000 3.705
6245.000 3.158
6250.000 2.721
6255.000 2.383
6260.000 2.100
6265.000 1.873
6270.000 1.691
6275.000 1.537
6280.000 1.537
6285.000 1.407
6290.000 1.301
6295.000 1.208
6300.000 1.128
6305.000 1.055
6310.000 0.996
6315.000 0.946
6320.000 0.894
6325.000 0.852
6330.000 0.810
6335.000 0.773
6340.000 0.742
6345.000 0.711
6350.000 0.683
6355.000 0.654
6360.000 0.631
6365.000 0.610
6370.000 0.588
6375.000 0.570
6380.000 0.552
6385.000 0.532
6390.000 0.532
6395.000 0.518
6400.000 0.499
6405.000 0.482
6410.000 0.466
6415.000 0.451
6420.000 0.432
6425.000 0.417
6430.000 0.401
6435.000 0.384
6440.000 0.365
6445.000 0.348
6450.000 0.328
6455.000 0.309
6460.000 0.286
6465.000 0.264
6470.000 0.243
6475.000 0.225
6480.000 0.218
6485.000 0.230
6490.000 0.283
6495.000 0.395
6500.000 0.597
6505.000 0.973
6510.000 1.886
6515.000 1.886
6520.000 5.084
6525.000 11.807
6530.000 14.644
6535.000 6.633
6540.000 6.516
6545.000 1.550
6550.000 2.275
6555.000 1.816
6560.000 1.675
6565.000 1.752
6570.000 1.372
6575.000 1.312
6580.000 1.207
6585.000 1.108
6590.000 1.024
6595.000 0.953
6600.000 0.904
6605.000 0.858
6610.000 0.817
6615.000 0.781
6620.000 0.754
6625.000 0.725
6630.000 0.702
6635.000 0.680
6640.000 0.680
6645.000 0.663
6650.000 0.646
6655.000 0.634
6660.000 0.623
6665.000 0.612
6670.000 0.602
6675.000 0.594
6680.000 0.584
6685.000 0.577
6690.000 0.573
6695.000 0.566
6700.000 0.561
6705.000 0.555
6710.000 0.552
6715.000 0.545
6720.000 0.543
6725.000 0.541
6730.000 0.537
6735.000 0.532
6740.000 0.532
6745.000 0.528
6750.000 0.525
6755.000 0.522
6760.000 0.521
6765.000 0.521
6770.000 0.518
6775.000 0.518
6780.000 0.517
6785.000 0.514
6790.000 0.512
6795.000 0.514
6800.000 0.512
6805.000 0.511
6810.000 0.510
6815.000 0.509
6820.000 0.509
6825.000 0.508
6830.000 0.508
6835.000 0.507
6840.000 0.507
6845.000 0.508
6850.000 0.509
6855.000 0.508
6860.000 0.508
6865.000 0.507
6870.000 0.508
6875.000 0.508
6880.000 0.508
6885.000 0.510
6890.000 0.511
6895.000 0.511
6900.000 0.512
6905.000 0.514
6910.000 0.515
6915.000 0.516
6920.000 0.517
6925.000 0.517
6930.000 0.520
6935.000 0.522
6940.000 0.522
6945.000 0.523
6950.000 0.527
6955.000 0.528
6960.000 0.527
6965.000 0.531
6970.000 0.534
6975.000 0.536
6980.000 0.536
6985.000 0.537
6990.000 0.543
6995.000 0.547
7000.000 0.547
7005.000 0.543
7010.000 0.552
7015.000 0.556
7020.000 0.559
7025.000 0.562
7030.000 0.557
7035.000 0.562
7040.000 0.565
7045.000 0.584
7050.000 0.587
7055.000 0.586
7060.000 0.585
7065.000 0.590
7070.000 0.591
7075.000 0.597
7080.000 0.603
7085.000 0.604
7090.000 0.604
7095.000 0.610
7100.000 0.610
7105.000 0.615
7110.000 0.619
7115.000 0.624
7120.000 0.630
7125.000 0.630
7130.000 0.634
7135.000 0.641
7140.000 0.645
7145.000 0.652
7150.000 0.658
7155.000 0.665
7160.000 0.674
7165.000 0.682
7170.000 0.687
7175.000 0.697
7180.000 0.707
7185.000 0.716
7190.000 0.728
7195.000 0.740
7200.000 0.751
7205.000 0.762
7210.000 0.776
7215.000 0.791
7220.000 0.804
7225.000 0.821
7230.000 0.840
7235.000 0.857
7240.000 0.880
7245.000 0.905
7250.000 0.905
7255.000 0.929
7260.000 0.952
7265.000 0.986
7270.000 1.018
7275.000 1.056
7280.000 1.095
7285.000 1.145
7290.000 1.197
7295.000 1.257
7300.000 1.333
7305.000 1.417
7310.000 1.515
7315.000 1.640
7320.000 1.797
7325.000 1.991
7330.000 2.241
7335.000 2.576
7340.000 2.956
7345.000 3.494
7350.000 4.153
7355.000 5.052
7360.000 5.052
7365.000 6.150
7370.000 7.979
7375.000 9.915
7380.000 12.129
7385.000 14.724
7390.000 16.951
7395.000 17.908
7400.000 16.302
7405.000 11.825
7410.000 8.079
7415.000 5.716
7420.000 4.338
7425.000 3.923
7430.000 3.107
7435.000 2.659
7440.000 2.273
7445.000 1.960
7450.000 1.701
7455.000 1.494
7460.000 1.320
7465.000 1.173
7470.000 1.052
7475.000 0.951
7480.000 0.861
7485.000 0.861
7490.000 0.786
7495.000 0.721
7500.000 0.666
7505.000 0.616
7510.000 0.575
7515.000 0.535
7520.000 0.502
7525.000 0.473
7530.000 0.446
7535.000 0.423
7540.000 0.402
7545.000 0.383
7550.000 0.365
7555.000 0.350
7560.000 0.337
7565.000 0.325
7570.000 0.314
7575.000 0.303
7580.000 0.294
7585.000 0.287
7590.000 0.279
7595.000 0.271
7600.000 0.265
7605.000 0.261
7610.000 0.255
7615.000 0.255
7620.000 0.251
7625.000 0.246
7630.000 0.242
7635.000 0.237
7640.000 0.235
7645.000 0.232
7650.000 0.229
7655.000 0.227
7660.000 0.224
7665.000 0.224
7670.000 0.222
7675.000 0.219
7680.000 0.217
7685.000 0.219
7690.000 0.217
7695.000 0.215
7700.000 0.215
7705.000 0.213
7710.000 0.214
7715.000 0.213
7720.000 0.212
7725.000 0.212
7730.000 0.213
7735.000 0.212
7740.000 0.212
7745.000 0.211
7750.000 0.211
7755.000 0.212
7760.000 0.212
7765.000 0.213
7770.000 0.211
7775.000 0.212
7780.000 0.212
7785.000 0.214
7790.000 0.214
7795.000 0.215
7800.000 0.215
7805.000 0.216
7810.000 0.216
7815.000 0.216
7820.000 0.217
7825.000 0.219
7830.000 0.220
7835.000 0.220
7840.000 0.221
7845.000 0.224
7850.000 0.224
7855.000 0.223
7860.000 0.226
7865.000 0.226
7870.000 0.228
7875.000 0.230
7880.000 0.232
7885.000 0.235
7890.000 0.235
7895.000 0.238
7900.000 0.240
7905.000 0.243
7910.000 0.246
7915.000 0.251
7920.000 0.254
7925.000 0.259
7930.000 0.264
7935.000 0.268
7940.000 0.276
7945.000 0.287
7950.000 0.297
7955.000 0.313
7960.000 0.330
7965.000 0.351
7970.000 0.387
7975.000 0.387
7980.000 0.427
7985.000 0.484
7990.000 0.579
7995.000 0.831
8000.000 1.891
8005.000 4.910
8010.000 5.705
8015.000 1.528
8020.000 0.953
8025.000 0.846
8030.000 0.614
8035.000 0.527
8040.000 0.492
8045.000 0.328
8050.000 0.342
8055.000 0.297
8060.000 0.283
8065.000 0.275
8070.000 0.263
8075.000 0.250
8080.000 0.244
8085.000 0.237
8090.000 0.234
8095.000 0.229
8100.000 0.229
8105.000 0.225
8110.000 0.223
8115.000 0.218
8120.000 0.216
8125.000 0.216
8130.000 0.213
8135.000 0.214
8140.000 0.214
8145.000 0.213
8150.000 0.213
8155.000 0.213
8160.000 0.212
8165.000 0.212
8170.000 0.213
8175.000 0.212
8180.000 0.214
8185.000 0.213
8190.000 0.213
8195.000 0.213
8200.000 0.215
8205.000 0.214
8210.000 0.216
8215.000 0.214
8220.000 0.216
8225.000 0.216
8230.000 0.216
8235.000 0.217
8240.000 0.218
8245.000 0.217
8250.000 0.218
8255.000 0.218
8260.000 0.219
8265.000 0.219
8270.000 0.220
8275.000 0.221
8280.000 0.222
8285.000 0.220
8290.000 0.223
8295.000 0.222
8300.000 0.225
8305.000 0.225
8310.000 0.224
8315.000 0.227
8320.000 0.227
8325.000 0.227
8330.000 0.230
8335.000 0.231
8340.000 0.231
8345.000 0.230
8350.000 0.233
8355.000 0.234
8360.000 0.235
8365.000 0.237
8370.000 0.240
8375.000 0.241
8380.000 0.243
8385.000 0.247
8390.000 0.250
8395.000 0.253
8400.000 0.259
8405.000 0.265
8410.000 0.273
8415.000 0.282
8420.000 0.292
8425.000 0.308
8430.000 0.326
8435.000 0.350
8440.000 0.384
8445.000 0.436
8450.000 0.517
8455.000 0.659
8460.000 0.659
8465.000 0.941
8470.000 1.601
8475.000 3.153
8480.000 5.313
8485.000 6.008
8490.000 2.777
8495.000 1.846
8500.000 0.371
8505.000 0.539
8510.000 0.433
8515.000 0.362
8520.000 0.413
8525.000 0.334
8530.000 0.334
8535.000 0.317
8540.000 0.309
8545.000 0.316
8550.000 0.330
8555.000 0.362
8560.000 0.407
8565.000 0.463
8570.000 0.503
8575.000 0.479
8580.000 0.386
8585.000 0.386
8590.000 0.312
8595.000 0.375
8600.000 0.545
8605.000 0.769
8610.000 0.958
8615.000 1.136
8620.000 1.418
8625.000 1.524
8630.000 1.332
8635.000 1.133
8640.000 0.982
8645.000 0.867
8650.000 0.783
8655.000 0.720
8660.000 0.665
8665.000 0.617
8670.000 0.579
8675.000 0.547
8680.000 0.520
8685.000 0.498
8690.000 0.481
8695.000 0.468
8700.000 0.454
8705.000 0.442
8710.000 0.442
8715.000 0.434
8720.000 0.425
8725.000 0.418
8730.000 0.414
8735.000 0.406
8740.000 0.403
8745.000 0.399
8750.000 0.392
8755.000 0.388
8760.000 0.383
8765.000 0.379
8770.000 0.376
8775.000 0.372
8780.000 0.367
8785.000 0.364
8790.000 0.362
8795.000 0.359
8800.000 0.358
8805.000 0.356
8810.000 0.354
8815.000 0.348
8820.000 0.348
8825.000 0.352
8830.000 0.340
8835.000 0.335
8840.000 0.342
8845.000 0.358
8850.000 0.358
8855.000 0.350
8860.000 0.347
8865.000 0.339
8870.000 0.335
8875.000 0.330
8880.000 0.327
8885.000 0.325
8890.000 0.321
8895.000 0.319
8900.000 0.318
8905.000 0.317
8910.000 0.317
8915.000 0.316
8920.000 0.314
8925.000 0.312
8930.000 0.310
8935.000 0.307
8940.000 0.308
8945.000 0.308
8950.000 0.307
8955.000 0.306
8960.000 0.306
8965.000 0.308
8970.000 0.303
8975.000 0.305
8980.000 0.300
8985.000 0.299
8990.000 0.297
8995.000 0.303
9000.000 0.302
9005.000 0.297
9010.000 0.296
9015.000 0.297
9020.000 0.295
9025.000 0.294
9030.000 0.299
9035.000 0.293
9040.000 0.300
9045.000 0.297
9050.000 0.296
9055.000 0.295
9060.000 0.293
9065.000 0.293
9070.000 0.293
9075.000 0.290
9080.000 0.292
9085.000 0.291
9090.000 0.291
9095.000 0.292
9100.000 0.292
9105.000 0.294
9110.000 0.293
9115.000 0.292
9120.000 0.291
9125.000 0.292
9130.000 0.292
9135.000 0.292
9140.000 0.293
9145.000 0.292
9150.000 0.292
9155.000 0.292
9160.000 0.293
9165.000 0.292
9170.000 0.294
9175.000 0.293
9180.000 0.294
9185.000 0.293
9190.000 0.294
9195.000 0.294
9200.000 0.294
9205.000 0.296
9210.000 0.296
9215.000 0.295
9220.000 0.297
9225.000 0.297
9230.000 0.300
9235.000 0.300
9240.000 0.302
9245.000 0.303
9250.000 0.305
9255.000 0.308
9260.000 0.308
9265.000 0.308
9270.000 0.311
9275.000 0.312
9280.000 0.317
9285.000 0.320
9290.000 0.324
9295.000 0.326
9300.000 0.332
9305.000 0.338
9310.000 0.343
9315.000 0.349
9320.000 0.349
9325.000 0.358
9330.000 0.368
9335.000 0.381
9340.000 0.393
9345.000 0.411
9350.000 0.432
9355.000 0.456
9360.000 0.489
9365.000 0.531
9370.000 0.596
9375.000 0.698
9380.000 0.862
9385.000 1.158
9390.000 1.754
9395.000 2.889
9400.000 4.532
9405.000 6.267
9410.000 7.105
9415.000 5.195
9420.000 1.773
9425.000 1.086
9430.000 0.357
9435.000 0.357
9440.000 0.402
9445.000 0.367
9450.000 0.277
9455.000 0.216
9460.000 0.203
9465.000 0.176
9470.000 0.163
9475.000 0.150
9480.000 0.139
9485.000 0.129
9490.000 0.122
9495.000 0.116
9500.000 0.111
9505.000 0.107
9510.000 0.101
9515.000 0.099
9520.000 0.096
9525.000 0.093
9530.000 0.091
9535.000 0.089
9540.000 0.090
9545.000 0.089
9550.000 0.089
9555.000 0.089
9560.000 0.089
9565.000 0.090
9570.000 0.094
9575.000 0.098
9580.000 0.101
9585.000 0.107
9590.000 0.114
9595.000 0.121
9600.000 0.131
9605.000 0.144
9610.000 0.156
9615.000 0.172
9620.000 0.188
9625.000 0.209
9630.000 0.227
9635.000 0.255
9640.000 0.285
9645.000 0.319
9650.000 0.362
9655.000 0.414
9660.000 0.478
9665.000 0.560
9670.000 0.659
9675.000 0.777
9680.000 0.927
9685.000 0.927
9690.000 1.126
9695.000 1.394
9700.000 1.760
9705.000 2.232
9710.000 2.825
9715.000 3.523
9720.000 4.327
9725.000 5.240
9730.000 6.275
9735.000 7.372
9740.000 8.368
9745.000 8.927
9750.000 8.768
9755.000 7.918
9760.000 6.856
9765.000 5.958
9770.000 5.247
9775.000 4.659
9780.000 4.115
9785.000 3.575
9790.000 3.021
9795.000 2.479
9800.000 2.055
9805.000 1.716
9810.000 1.716
9815.000 1.380
9820.000 1.191
9825.000 1.136
9830.000 1.087
9835.000 1.042
9840.000 0.992
9845.000 0.952
9850.000 0.911
9855.000 0.874
9860.000 0.841
9865.000 0.813
9870.000 0.792
9875.000 0.775
9880.000 0.755
9885.000 0.741
9890.000 0.726
9895.000 0.711
9900.000 0.698
9905.000 0.684
9910.000 0.671
9915.000 0.663
9920.000 0.663
9925.000 0.652
9930.000 0.640
9935.000 0.631
9940.000 0.624
9945.000 0.612
9950.000 0.600
9955.000 0.593
9960.000 0.582
9965.000 0.577
9970.000 0.567
9975.000 0.562
9980.000 0.549
9985.000 0.539
9990.000 0.531
9995.000 0.525
10000.000 0.508
10005.000 0.502
10010.000 0.484
10015.000 0.470
10020.000 0.454
10025.000 0.442
10030.000 0.425
10035.000 0.403
10040.000 0.380
10045.000 0.380
10050.000 0.358
10055.000 0.327
10060.000 0.291
10065.000 0.253
10070.000 0.192
10075.000 0.126
10080.000 0.126
10085.000 0.346
10090.000 1.145
10095.000 3.243
10100.000 4.752
10105.000 3.210
10110.000 2.304
10115.000 1.988
10120.000 1.830
10125.000 1.523
10130.000 1.339
10135.000 1.188
10140.000 1.125
10145.000 1.045
10150.000 0.989
10155.000 0.946
10160.000 0.905
10165.000 0.874
10170.000 0.874
10175.000 0.846
10180.000 0.825
10185.000 0.805
10190.000 0.784
10195.000 0.773
10200.000 0.756
10205.000 0.736
10210.000 0.716
10215.000 0.693
10220.000 0.677
10225.000 0.658
10230.000 0.642
10235.000 0.630
10240.000 0.618
10245.000 0.612
10250.000 0.608
10255.000 0.607
10260.000 0.603
10265.000 0.600
10270.000 0.599
10275.000 0.597
10280.000 0.595
10285.000 0.593
10290.000 0.592
10295.000 0.592
10300.000 0.590
10305.000 0.587
10310.000 0.588
10315.000 0.586
10320.000 0.583
10325.000 0.581
10330.000 0.580
10335.000 0.580
10340.000 0.578
10345.000 0.578
10350.000 0.576
10355.000 0.576
10360.000 0.575
10365.000 0.573
10370.000 0.573
10375.000 0.571
10380.000 0.572
10385.000 0.574
10390.000 0.568
10395.000 0.580
10400.000 0.569
10405.000 0.569
10410.000 0.569
10415.000 0.573
10420.000 0.575
10425.000 0.580
10430.000 0.590
10435.000 0.588
10440.000 0.583
10445.000 0.585
10450.000 0.580
10455.000 0.577
10460.000 0.576
10465.000 0.573
10470.000 0.573
10475.000 0.575
10480.000 0.574
10485.000 0.575
10490.000 0.572
10495.000 0.574
10500.000 0.572
10505.000 0.572
10510.000 0.576
10515.000 0.575
10520.000 0.575
10525.000 0.572
10530.000 0.572
10535.000 0.575
10540.000 0.575
10545.000 0.576
10550.000 0.576
10555.000 0.579
10560.000 0.580
10565.000 0.581
10570.000 0.577
10575.000 0.579
10580.000 0.581
10585.000 0.581
10590.000 0.578
10595.000 0.578
10600.000 0.579
10605.000 0.577
10610.000 0.580
10615.000 0.581
10620.000 0.579
10625.000 0.582
10630.000 0.580
10635.000 0.581
10640.000 0.581
10645.000 0.580
10650.000 0.580
10655.000 0.580
10660.000 0.581
10665.000 0.579
10670.000 0.576
10675.000 0.573
10680.000 0.570
10685.000 0.561
10690.000 0.558
10695.000 0.552
10700.000 0.542
10705.000 0.530
10710.000 0.514
10715.000 0.494
10720.000 0.474
10725.000 0.439
10730.000 0.400
10735.000 0.352
10740.000 0.299
10745.000 0.278
10750.000 0.364
10755.000 0.810
10760.000 1.870
10765.000 3.194
10770.000 4.072
10775.000 4.024
10780.000 4.024
10785.000 3.519
10790.000 3.301
10795.000 3.068
10800.000 2.564
10805.000 2.355
10810.000 2.659
10815.000 2.642
10820.000 2.702
10825.000 2.775
10830.000 2.863
10835.000 2.955
10840.000 3.060
10845.000 3.187
10850.000 3.337
10855.000 3.529
10860.000 3.744
10865.000 4.008
10870.000 4.328
10875.000 4.701
10880.000 5.130
10885.000 5.612
10890.000 5.612
10895.000 6.096
10900.000 6.510
10905.000 6.705
10910.000 6.538
10915.000 5.893
10920.000 4.939
10925.000 3.980
10930.000 3.150
10935.000 2.491
10940.000 1.976
10945.000 1.586
10950.000 1.286
10955.000 1.065
10960.000 0.900
10965.000 0.757
10970.000 0.622
10975.000 0.464
10980.000 0.338
10985.000 0.278
10990.000 0.243
10995.000 0.213
11000.000 0.183
11005.000 0.156
11010.000 0.127
11015.000 0.127
11020.000 0.105
11025.000 0.086
11030.000 0.073
11035.000 0.058
11040.000 0.051
11045.000 0.045
11050.000 0.044
11055.000 0.046
11060.000 0.052
11065.000 0.055
11070.000 0.064
11075.000 0.071
11080.000 0.078
11085.000 0.083
11090.000 0.089
11095.000 0.096
11100.000 0.101
11105.000 0.106
11110.000 0.111
11115.000 0.117
11120.000 0.121
11125.000 0.124
11130.000 0.128
11135.000 0.134
11140.000 0.134
11145.000 0.136
11150.000 0.141
11155.000 0.145
11160.000 0.149
11165.000 0.153
11170.000 0.153
11175.000 0.157
11180.000 0.161
11185.000 0.163
11190.000 0.167
11195.000 0.170
11200.000 0.174
11205.000 0.176
11210.000 0.177
11215.000 0.180
11220.000 0.182
11225.000 0.184
11230.000 0.187
11235.000 0.189
11240.000 0.191
11245.000 0.194
11250.000 0.195
11255.000 0.198
11260.000 0.199
11265.000 0.203
11270.000 0.203
11275.000 0.205
11280.000 0.210
11285.000 0.213
11290.000 0.219
11295.000 0.226
11300.000 0.229
11305.000 0.229
11310.000 0.228
11315.000 0.230
11320.000 0.227
11325.000 0.228
11330.000 0.228
11335.000 0.228
11340.000 0.227
11345.000 0.228
11350.000 0.229
11355.000 0.230
11360.000 0.229
11365.000 0.231
11370.000 0.233
11375.000 0.233
11380.000 0.233
11385.000 0.234
11390.000 0.237
11395.000 0.236
11400.000 0.237
11405.000 0.240
11410.000 0.240
11415.000 0.240
11420.000 0.241
11425.000 0.243
11430.000 0.243
11435.000 0.244
11440.000 0.245
11445.000 0.245
11450.000 0.248
11455.000 0.248
11460.000 0.249
11465.000 0.253
11470.000 0.252
11475.000 0.255
11480.000 0.257
11485.000 0.260
11490.000 0.260
11495.000 0.261
11500.000 0.261
11505.000 0.261
11510.000 0.262
11515.000 0.261
11520.000 0.265
11525.000 0.266
11530.000 0.268
11535.000 0.269
11540.000 0.270
11545.000 0.273
11550.000 0.274
11555.000 0.276
11560.000 0.278
11565.000 0.281
11570.000 0.283
11575.000 0.286
11580.000 0.290
11585.000 0.294
11590.000 0.299
11595.000 0.305
11600.000 0.311
11605.000 0.318
11610.000 0.329
11615.000 0.336
11620.000 0.352
11625.000 0.391
11630.000 0.391
11635.000 0.518
11640.000 0.729
11645.000 0.694
11650.000 0.305
11655.000 0.293
11660.000 0.152
11665.000 0.254
11670.000 0.249
11675.000 0.244
11680.000 0.237
11685.000 0.240
11690.000 0.239
11695.000 0.238
11700.000 0.238
11705.000 0.237
11710.000 0.234
11715.000 0.233
11720.000 0.233
11725.000 0.230
11730.000 0.233
11735.000 0.231
11740.000 0.233
11745.000 0.234
11750.000 0.235
11755.000 0.235
11760.000 0.236
11765.000 0.235
11770.000 0.238
11775.000 0.238
11780.000 0.242
11785.000 0.242
11790.000 0.242
11795.000 0.244
11800.000 0.242
11805.000 0.244
11810.000 0.246
11815.000 0.243
11820.000 0.245
11825.000 0.247
11830.000 0.243
11835.000 0.247
11840.000 0.247
11845.000 0.246
11850.000 0.249
11855.000 0.248
11860.000 0.249
11865.000 0.249
11870.000 0.247
11875.000 0.250
11880.000 0.248
11885.000 0.250
11890.000 0.250
11895.000 0.252
11900.000 0.254
11905.000 0.260
11910.000 0.270
11915.000 0.275
11920.000 0.284
11925.000 0.297
11930.000 0.316
11935.000 0.344
11940.000 0.384
11945.000 0.460
11950.000 0.628
11955.000 0.871
11960.000 1.129
11965.000 0.868
11970.000 0.586
11975.000 0.624
11980.000 0.648
11985.000 0.687
11990.000 0.687
11995.000 0.750
12000.000 0.858
