105.000 0.184
110.000 0.343
115.000 0.343
120.000 0.892
125.000 2.403
130.000 3.091
135.000 3.276
140.000 3.359
145.000 3.858
150.000 3.813
155.000 3.713
160.000 3.783
165.000 3.899
170.000 3.857
175.000 3.698
180.000 3.287
185.000 3.396
190.000 3.515
195.000 3.485
200.000 3.427
205.000 3.551
210.000 3.546
215.000 3.571
220.000 3.812
225.000 3.756
230.000 3.847
235.000 3.857
240.000 3.857
245.000 3.969
250.000 4.028
255.000 4.049
260.000 4.100
265.000 4.159
270.000 4.259
275.000 4.252
280.000 4.310
285.000 4.408
290.000 4.395
295.000 4.520
300.000 4.543
305.000 4.653
310.000 4.675
315.000 4.831
320.000 4.839
325.000 5.141
330.000 5.270
335.000 5.343
340.000 5.423
345.000 5.677
350.000 5.677
355.000 5.884
360.000 5.976
365.000 6.258
370.000 6.482
375.000 6.761
380.000 7.088
385.000 7.458
390.000 7.792
395.000 8.219
400.000 8.577
405.000 8.861
410.000 9.156
415.000 9.350
420.000 9.476
425.000 9.624
430.000 9.566
435.000 9.425
440.000 9.146
445.000 8.799
450.000 8.343
455.000 7.950
460.000 7.424
465.000 6.963
470.000 6.464
475.000 6.464
480.000 6.005
485.000 5.583
490.000 5.202
495.000 4.798
500.000 4.490
505.000 4.157
510.000 3.839
515.000 3.537
520.000 3.260
525.000 3.027
530.000 2.814
535.000 2.635
540.000 2.448
545.000 2.274
550.000 2.125
555.000 1.991
560.000 1.855
565.000 1.749
570.000 1.632
575.000 1.541
580.000 1.452
585.000 1.354
590.000 1.289
595.000 1.206
600.000 1.206
605.000 1.135
610.000 1.055
615.000 0.988
620.000 0.919
625.000 0.859
630.000 0.806
635.000 0.754
640.000 0.711
645.000 0.676
650.000 0.634
655.000 0.611
660.000 0.576
665.000 0.550
670.000 0.521
675.000 0.521
680.000 0.500
685.000 0.486
690.000 0.476
695.000 0.466
700.000 0.457
705.000 0.450
710.000 0.443
715.000 0.436
720.000 0.431
725.000 0.431
730.000 0.452
735.000 0.438
740.000 0.410
745.000 0.412
750.000 0.399
755.000 0.398
760.000 0.394
765.000 0.389
770.000 0.380
775.000 0.391
780.000 0.379
785.000 0.355
790.000 0.368
795.000 0.397
800.000 0.360
805.000 0.353
810.000 0.367
815.000 0.358
820.000 0.359
825.000 0.353
830.000 0.337
835.000 0.337
840.000 0.344
845.000 0.341
850.000 0.343
855.000 0.339
860.000 0.339
865.000 0.337
870.000 0.331
875.000 0.332
880.000 0.330
885.000 0.328
890.000 0.325
895.000 0.328
900.000 0.325
905.000 0.325
910.000 0.325
915.000 0.323
920.000 0.322
925.000 0.324
930.000 0.326
935.000 0.334
940.000 0.323
945.000 0.322
950.000 0.322
955.000 0.319
960.000 0.319
965.000 0.315
970.000 0.323
975.000 0.317
980.000 0.328
985.000 0.327
990.000 0.316
995.000 0.321
1000.000 0.310
1005.000 0.332
1010.000 0.318
1015.000 0.309
1020.000 0.308
1025.000 0.312
1030.000 0.319
1035.000 0.310
1040.000 0.317
1045.000 0.322
1050.000 0.323
1055.000 0.320
1060.000 0.314
1065.000 0.316
1070.000 0.313
1075.000 0.318
1080.000 0.315
1085.000 0.315
1090.000 0.313
1095.000 0.316
1100.000 0.312
1105.000 0.312
1110.000 0.312
1115.000 0.310
1120.000 0.309
1125.000 0.314
1130.000 0.316
1135.000 0.317
1140.000 0.315
1145.000 0.314
1150.000 0.317
1155.000 0.315
1160.000 0.318
1165.000 0.318
1170.000 0.319
1175.000 0.317
1180.000 0.323
1185.000 0.322
1190.000 0.319
1195.000 0.317
1200.000 0.319
1205.000 0.321
1210.000 0.321
1215.000 0.320
1220.000 0.325
1225.000 0.324
1230.000 0.323
1235.000 0.322
1240.000 0.323
1245.000 0.325
1250.000 0.330
1255.000 0.328
1260.000 0.329
1265.000 0.328
1270.000 0.338
1275.000 0.331
1280.000 0.332
1285.000 0.334
1290.000 0.335
1295.000 0.335
1300.000 0.337
1305.000 0.338
1310.000 0.338
1315.000 0.338
1320.000 0.340
1325.000 0.340
1330.000 0.343
1335.000 0.346
1340.000 0.351
1345.000 0.349
1350.000 0.347
1355.000 0.351
1360.000 0.356
1365.000 0.354
1370.000 0.355
1375.000 0.356
1380.000 0.361
1385.000 0.363
1390.000 0.362
1395.000 0.366
1400.000 0.369
1405.000 0.368
1410.000 0.371
1415.000 0.374
1420.000 0.377
1425.000 0.379
1430.000 0.381
1435.000 0.387
1440.000 0.386
1445.000 0.384
1450.000 0.384
1455.000 0.385
1460.000 0.386
1465.000 0.390
1470.000 0.391
1475.000 0.386
1480.000 0.389
1485.000 0.385
1490.000 0.381
1495.000 0.379
1500.000 0.376
1505.000 0.377
1510.000 0.378
1515.000 0.385
1520.000 0.384
1525.000 0.391
1530.000 0.398
1535.000 0.407
1540.000 0.417
1545.000 0.423
1550.000 0.431
1555.000 0.438
1560.000 0.445
1565.000 0.456
1570.000 0.465
1575.000 0.465
1580.000 0.471
1585.000 0.485
1590.000 0.490
1595.000 0.499
1600.000 0.503
1605.000 0.520
1610.000 0.529
1615.000 0.536
1620.000 0.550
1625.000 0.558
1630.000 0.569
1635.000 0.580
1640.000 0.593
1645.000 0.606
1650.000 0.621
1655.000 0.636
1660.000 0.647
1665.000 0.661
1670.000 0.677
1675.000 0.688
1680.000 0.702
1685.000 0.721
1690.000 0.736
1695.000 0.750
1700.000 0.750
1705.000 0.770
1710.000 0.786
1715.000 0.799
1720.000 0.815
1725.000 0.842
1730.000 0.859
1735.000 0.877
1740.000 0.907
1745.000 0.923
1750.000 0.943
1755.000 0.964
1760.000 0.990
1765.000 1.013
1770.000 1.039
1775.000 1.067
1780.000 1.082
1785.000 1.109
1790.000 1.137
1795.000 1.158
1800.000 1.178
1805.000 1.199
1810.000 1.199
1815.000 1.231
1820.000 1.254
1825.000 1.271
1830.000 1.293
1835.000 1.316
1840.000 1.334
1845.000 1.347
1850.000 1.363
1855.000 1.375
1860.000 1.396
1865.000 1.403
1870.000 1.411
1875.000 1.420
1880.000 1.425
1885.000 1.425
1890.000 1.429
1895.000 1.436
1900.000 1.438
1905.000 1.433
1910.000 1.429
1915.000 1.426
1920.000 1.427
1925.000 1.421
1930.000 1.416
1935.000 1.416
1940.000 1.412
1945.000 1.407
1950.000 1.403
1955.000 1.391
1960.000 1.384
1965.000 1.379
1970.000 1.381
1975.000 1.368
1980.000 1.364
1985.000 1.358
1990.000 1.342
1995.000 1.331
2000.000 1.343
2005.000 1.317
2010.000 1.331
2015.000 1.332
2020.000 1.324
2025.000 1.308
2030.000 1.308
2035.000 1.307
2040.000 1.310
2045.000 1.299
2050.000 1.297
2055.000 1.298
2060.000 1.298
2065.000 1.285
2070.000 1.292
2075.000 1.283
2080.000 1.289
2085.000 1.293
2090.000 1.299
2095.000 1.303
2100.000 1.305
2105.000 1.316
2110.000 1.315
2115.000 1.324
2120.000 1.336
2125.000 1.347
2130.000 1.350
2135.000 1.363
2140.000 1.378
2145.000 1.388
2150.000 1.411
2155.000 1.433
2160.000 1.452
2165.000 1.472
2170.000 1.502
2175.000 1.536
2180.000 1.569
2185.000 1.569
2190.000 1.601
2195.000 1.644
2200.000 1.682
2205.000 1.734
2210.000 1.796
2215.000 1.865
2220.000 1.947
2225.000 2.045
2230.000 2.177
2235.000 2.340
2240.000 2.555
2245.000 2.823
2250.000 3.178
2255.000 3.669
2260.000 4.382
2265.000 5.428
2270.000 6.916
2275.000 9.098
2280.000 12.074
2285.000 16.342
2290.000 20.825
2295.000 20.825
2300.000 24.949
2305.000 25.882
2310.000 21.480
2315.000 16.511
2320.000 6.773
2325.000 5.794
2330.000 4.440
2335.000 3.354
2340.000 2.698
2345.000 2.177
2350.000 1.809
2355.000 1.494
2360.000 1.254
2365.000 1.069
2370.000 0.913
2375.000 0.789
2380.000 0.690
2385.000 0.605
2390.000 0.535
2395.000 0.471
2400.000 0.420
2405.000 0.374
2410.000 0.334
2415.000 0.300
2420.000 0.300
2425.000 0.268
2430.000 0.239
2435.000 0.215
2440.000 0.193
2445.000 0.174
2450.000 0.159
2455.000 0.143
2460.000 0.127
2465.000 0.114
2470.000 0.106
2475.000 0.093
2480.000 0.086
2485.000 0.078
2490.000 0.073
2495.000 0.065
2500.000 0.063
2505.000 0.059
2510.000 0.058
2515.000 0.055
2520.000 0.056
2525.000 0.058
2530.000 0.059
2535.000 0.063
2540.000 0.066
2545.000 0.066
2550.000 0.064
2555.000 0.066
2560.000 0.071
2565.000 0.073
2570.000 0.076
2575.000 0.078
2580.000 0.083
2585.000 0.085
2590.000 0.086
2595.000 0.089
2600.000 0.094
2605.000 0.097
2610.000 0.098
2615.000 0.101
2620.000 0.104
2625.000 0.108
2630.000 0.110
2635.000 0.114
2640.000 0.116
2645.000 0.118
2650.000 0.121
2655.000 0.125
2660.000 0.127
2665.000 0.130
2670.000 0.130
2675.000 0.133
2680.000 0.137
2685.000 0.138
2690.000 0.141
2695.000 0.144
2700.000 0.149
2705.000 0.149
2710.000 0.152
2715.000 0.156
2720.000 0.157
2725.000 0.159
2730.000 0.162
2735.000 0.167
2740.000 0.170
2745.000 0.171
2750.000 0.174
2755.000 0.177
2760.000 0.179
2765.000 0.183
2770.000 0.185
2775.000 0.188
2780.000 0.191
2785.000 0.191
2790.000 0.194
2795.000 0.199
2800.000 0.203
2805.000 0.205
2810.000 0.210
2815.000 0.211
2820.000 0.215
2825.000 0.217
2830.000 0.221
2835.000 0.224
2840.000 0.229
2845.000 0.232
2850.000 0.234
2855.000 0.237
2860.000 0.241
2865.000 0.244
2870.000 0.248
2875.000 0.251
2880.000 0.255
2885.000 0.258
2890.000 0.262
2895.000 0.266
2900.000 0.268
2905.000 0.268
2910.000 0.270
2915.000 0.276
2920.000 0.278
2925.000 0.282
2930.000 0.285
2935.000 0.286
2940.000 0.290
2945.000 0.290
2950.000 0.294
2955.000 0.296
2960.000 0.299
2965.000 0.301
2970.000 0.308
2975.000 0.306
2980.000 0.304
2985.000 0.307
2990.000 0.309
2995.000 0.311
3000.000 0.317
3005.000 0.317
3010.000 0.314
3015.000 0.313
3020.000 0.312
3025.000 0.318
3030.000 0.318
3035.000 0.322
3040.000 0.319
3045.000 0.318
3050.000 0.320
3055.000 0.320
3060.000 0.321
3065.000 0.326
3070.000 0.322
3075.000 0.322
3080.000 0.325
3085.000 0.326
3090.000 0.324
3095.000 0.325
3100.000 0.325
3105.000 0.328
3110.000 0.326
3115.000 0.328
3120.000 0.328
3125.000 0.329
3130.000 0.329
3135.000 0.329
3140.000 0.330
3145.000 0.331
3150.000 0.335
3155.000 0.335
3160.000 0.334
3165.000 0.334
3170.000 0.339
3175.000 0.342
3180.000 0.343
3185.000 0.342
3190.000 0.341
3195.000 0.343
3200.000 0.343
3205.000 0.346
3210.000 0.347
3215.000 0.345
3220.000 0.348
3225.000 0.350
3230.000 0.352
3235.000 0.351
3240.000 0.356
3245.000 0.356
3250.000 0.359
3255.000 0.359
3260.000 0.362
3265.000 0.362
3270.000 0.363
3275.000 0.365
3280.000 0.366
3285.000 0.369
3290.000 0.372
3295.000 0.370
3300.000 0.372
3305.000 0.376
3310.000 0.378
3315.000 0.380
3320.000 0.383
3325.000 0.384
3330.000 0.385
3335.000 0.390
3340.000 0.394
3345.000 0.394
3350.000 0.397
3355.000 0.399
3360.000 0.404
3365.000 0.407
3370.000 0.410
3375.000 0.413
3380.000 0.418
3385.000 0.422
3390.000 0.425
3395.000 0.425
3400.000 0.428
3405.000 0.433
3410.000 0.439
3415.000 0.447
3420.000 0.453
3425.000 0.454
3430.000 0.461
3435.000 0.465
3440.000 0.470
3445.000 0.475
3450.000 0.479
3455.000 0.487
3460.000 0.496
3465.000 0.500
3470.000 0.508
3475.000 0.515
3480.000 0.527
3485.000 0.537
3490.000 0.546
3495.000 0.559
3500.000 0.568
3505.000 0.580
3510.000 0.592
3515.000 0.603
3520.000 0.603
3525.000 0.620
3530.000 0.636
3535.000 0.653
3540.000 0.673
3545.000 0.694
3550.000 0.717
3555.000 0.744
3560.000 0.780
3565.000 0.803
3570.000 0.833
3575.000 0.864
3580.000 0.905
3585.000 0.949
3590.000 1.001
3595.000 1.063
3600.000 1.137
3605.000 1.226
3610.000 1.338
3615.000 1.473
3620.000 1.646
3625.000 1.874
3630.000 2.179
3635.000 2.607
3640.000 3.192
3645.000 3.192
3650.000 4.021
3655.000 5.125
3660.000 6.545
3665.000 8.325
3670.000 10.876
3675.000 15.700
3680.000 23.609
3685.000 28.823
3690.000 24.289
3695.000 15.261
3700.000 8.995
3705.000 6.798
3710.000 5.378
3715.000 4.277
3720.000 3.440
3725.000 2.847
3730.000 2.393
3735.000 2.040
3740.000 1.768
3745.000 1.550
3750.000 1.373
3755.000 1.229
3760.000 1.110
3765.000 1.011
3770.000 1.011
3775.000 0.919
3780.000 0.851
3785.000 0.790
3790.000 0.739
3795.000 0.694
3800.000 0.657
3805.000 0.621
3810.000 0.590
3815.000 0.562
3820.000 0.540
3825.000 0.517
3830.000 0.497
3835.000 0.480
3840.000 0.461
3845.000 0.448
3850.000 0.435
3855.000 0.423
3860.000 0.411
3865.000 0.402
3870.000 0.392
3875.000 0.383
3880.000 0.383
3885.000 0.377
3890.000 0.368
3895.000 0.360
3900.000 0.355
3905.000 0.350
3910.000 0.342
3915.000 0.338
3920.000 0.332
3925.000 0.327
3930.000 0.325
3935.000 0.317
3940.000 0.315
3945.000 0.310
3950.000 0.305
3955.000 0.303
3960.000 0.297
3965.000 0.300
3970.000 0.292
3975.000 0.294
3980.000 0.290
3985.000 0.289
3990.000 0.288
3995.000 0.280
4000.000 0.280
4005.000 0.280
4010.000 0.274
4015.000 0.279
4020.000 0.276
4025.000 0.272
4030.000 0.267
4035.000 0.274
4040.000 0.266
4045.000 0.266
4050.000 0.265
4055.000 0.261
4060.000 0.261
4065.000 0.263
4070.000 0.258
4075.000 0.255
4080.000 0.255
4085.000 0.254
4090.000 0.254
4095.000 0.253
4100.000 0.250
4105.000 0.251
4110.000 0.250
4115.000 0.249
4120.000 0.247
4125.000 0.247
4130.000 0.247
4135.000 0.246
4140.000 0.247
4145.000 0.247
4150.000 0.244
4155.000 0.244
4160.000 0.243
4165.000 0.242
4170.000 0.243
4175.000 0.241
4180.000 0.242
4185.000 0.239
4190.000 0.240
4195.000 0.238
4200.000 0.238
4205.000 0.238
4210.000 0.238
4215.000 0.236
4220.000 0.236
4225.000 0.235
4230.000 0.233
4235.000 0.233
4240.000 0.233
4245.000 0.231
4250.000 0.231
4255.000 0.231
4260.000 0.229
4265.000 0.231
4270.000 0.229
4275.000 0.229
4280.000 0.228
4285.000 0.227
4290.000 0.227
4295.000 0.227
4300.000 0.226
4305.000 0.227
4310.000 0.225
4315.000 0.227
4320.000 0.226
4325.000 0.227
4330.000 0.227
4335.000 0.228
4340.000 0.229
4345.000 0.227
4350.000 0.230
4355.000 0.229
4360.000 0.230
4365.000 0.230
4370.000 0.230
4375.000 0.232
4380.000 0.232
4385.000 0.231
4390.000 0.231
4395.000 0.231
4400.000 0.232
4405.000 0.232
4410.000 0.232
4415.000 0.233
4420.000 0.231
4425.000 0.232
4430.000 0.232
4435.000 0.232
4440.000 0.234
4445.000 0.232
4450.000 0.232
4455.000 0.232
4460.000 0.232
4465.000 0.232
4470.000 0.232
4475.000 0.232
4480.000 0.232
4485.000 0.231
4490.000 0.231
4495.000 0.231
4500.000 0.232
4505.000 0.232
4510.000 0.232
4515.000 0.230
4520.000 0.230
4525.000 0.231
4530.000 0.231
4535.000 0.231
4540.000 0.232
4545.000 0.231
4550.000 0.230
4555.000 0.229
4560.000 0.230
4565.000 0.230
4570.000 0.230
4575.000 0.230
4580.000 0.229
4585.000 0.229
4590.000 0.230
4595.000 0.229
4600.000 0.228
4605.000 0.230
4610.000 0.230
4615.000 0.230
4620.000 0.229
4625.000 0.229
4630.000 0.229
4635.000 0.228
4640.000 0.229
4645.000 0.228
4650.000 0.227
4655.000 0.226
4660.000 0.226
4665.000 0.226
4670.000 0.225
4675.000 0.227
4680.000 0.225
4685.000 0.224
4690.000 0.225
4695.000 0.224
4700.000 0.224
4705.000 0.223
4710.000 0.223
4715.000 0.222
4720.000 0.222
4725.000 0.220
4730.000 0.219
4735.000 0.219
4740.000 0.219
4745.000 0.220
4750.000 0.218
4755.000 0.217
4760.000 0.216
4765.000 0.215
4770.000 0.214
4775.000 0.214
4780.000 0.212
4785.000 0.211
4790.000 0.211
4795.000 0.211
4800.000 0.207
4805.000 0.208
4810.000 0.208
4815.000 0.205
4820.000 0.207
4825.000 0.205
4830.000 0.204
4835.000 0.204
4840.000 0.203
4845.000 0.205
4850.000 0.205
4855.000 0.206
4860.000 0.209
4865.000 0.213
4870.000 0.221
4875.000 0.228
4880.000 0.243
4885.000 0.260
4890.000 0.285
4895.000 0.321
4900.000 0.371
4905.000 0.446
4910.000 0.558
4915.000 0.763
4920.000 1.193
4925.000 2.251
4930.000 4.204
4935.000 7.153
4940.000 10.004
4945.000 6.789
4950.000 6.103
4955.000 10.990
4960.000 8.850
4965.000 1.999
4970.000 2.159
4975.000 1.530
4980.000 1.530
4985.000 1.046
4990.000 1.174
4995.000 1.085
5000.000 0.921
5005.000 0.865
5010.000 0.797
5015.000 0.727
5020.000 0.695
5025.000 0.653
5030.000 0.631
5035.000 0.601
5040.000 0.585
5045.000 0.562
5050.000 0.543
5055.000 0.531
5060.000 0.515
5065.000 0.499
5070.000 0.495
5075.000 0.486
5080.000 0.476
5085.000 0.470
5090.000 0.461
5095.000 0.456
5100.000 0.452
5105.000 0.452
5110.000 0.447
5115.000 0.444
5120.000 0.442
5125.000 0.436
5130.000 0.433
5135.000 0.432
5140.000 0.434
5145.000 0.432
5150.000 0.430
5155.000 0.431
5160.000 0.430
5165.000 0.429
5170.000 0.431
5175.000 0.430
5180.000 0.430
5185.000 0.430
5190.000 0.431
5195.000 0.431
5200.000 0.431
5205.000 0.432
5210.000 0.431
5215.000 0.432
5220.000 0.432
5225.000 0.432
5230.000 0.432
5235.000 0.431
5240.000 0.429
5245.000 0.431
5250.000 0.431
5255.000 0.432
5260.000 0.432
5265.000 0.431
5270.000 0.431
5275.000 0.431
5280.000 0.432
5285.000 0.431
5290.000 0.431
5295.000 0.432
5300.000 0.431
5305.000 0.430
5310.000 0.430
5315.000 0.431
5320.000 0.430
5325.000 0.429
5330.000 0.429
5335.000 0.427
5340.000 0.427
5345.000 0.426
5350.000 0.427
5355.000 0.427
5360.000 0.426
5365.000 0.424
5370.000 0.422
5375.000 0.422
5380.000 0.422
5385.000 0.421
5390.000 0.420
5395.000 0.418
5400.000 0.419
5405.000 0.418
5410.000 0.418
5415.000 0.415
5420.000 0.415
5425.000 0.414
5430.000 0.412
5435.000 0.412
5440.000 0.410
5445.000 0.409
5450.000 0.410
5455.000 0.406
5460.000 0.406
5465.000 0.406
5470.000 0.405
5475.000 0.403
5480.000 0.401
5485.000 0.402
5490.000 0.401
5495.000 0.398
5500.000 0.398
5505.000 0.396
5510.000 0.395
5515.000 0.396
5520.000 0.395
5525.000 0.395
5530.000 0.393
5535.000 0.401
5540.000 0.402
5545.000 0.399
5550.000 0.398
5555.000 0.393
5560.000 0.391
5565.000 0.389
5570.000 0.388
5575.000 0.387
5580.000 0.385
5585.000 0.384
5590.000 0.384
5595.000 0.385
5600.000 0.384
5605.000 0.383
5610.000 0.384
5615.000 0.382
5620.000 0.381
5625.000 0.383
5630.000 0.382
5635.000 0.381
5640.000 0.382
5645.000 0.383
5650.000 0.382
5655.000 0.383
5660.000 0.386
5665.000 0.382
5670.000 0.384
5675.000 0.383
5680.000 0.383
5685.000 0.385
5690.000 0.385
5695.000 0.389
5700.000 0.389
5705.000 0.388
5710.000 0.389
5715.000 0.389
5720.000 0.388
5725.000 0.390
5730.000 0.390
5735.000 0.393
5740.000 0.392
5745.000 0.394
5750.000 0.397
5755.000 0.398
5760.000 0.400
5765.000 0.402
5770.000 0.403
5775.000 0.405
5780.000 0.410
5785.000 0.413
5790.000 0.411
5795.000 0.415
5800.000 0.416
5805.000 0.418
5810.000 0.423
5815.000 0.425
5820.000 0.427
5825.000 0.427
5830.000 0.431
5835.000 0.434
5840.000 0.438
5845.000 0.442
5850.000 0.447
5855.000 0.452
5860.000 0.457
5865.000 0.461
5870.000 0.467
5875.000 0.474
5880.000 0.480
5885.000 0.485
5890.000 0.492
5895.000 0.502
5900.000 0.508
5905.000 0.518
5910.000 0.527
5915.000 0.538
5920.000 0.547
5925.000 0.558
5930.000 0.564
5935.000 0.570
5940.000 0.581
5945.000 0.588
5950.000 0.588
5955.000 0.599
5960.000 0.606
5965.000 0.620
5970.000 0.623
5975.000 0.645
5980.000 0.650
5985.000 0.661
5990.000 0.675
5995.000 0.698
6000.000 0.709
6005.000 0.727
6010.000 0.739
6015.000 0.762
6020.000 0.785
6025.000 0.801
6030.000 0.839
6035.000 0.856
6040.000 0.892
6045.000 0.925
6050.000 0.960
6055.000 0.997
6060.000 1.034
6065.000 1.089
6070.000 1.141
6075.000 1.141
6080.000 1.209
6085.000 1.290
6090.000 1.381
6095.000 1.483
6100.000 1.613
6105.000 1.763
6110.000 1.944
6115.000 2.166
6120.000 2.447
6125.000 2.793
6130.000 3.241
6135.000 3.826
6140.000 4.569
6145.000 5.546
6150.000 6.851
6155.000 8.558
6160.000 10.770
6165.000 13.567
6170.000 16.888
6175.000 20.844
6180.000 25.138
6185.000 28.614
6190.000 28.913
6195.000 23.484
6200.000 23.484
6205.000 15.891
6210.000 11.377
6215.000 9.145
6220.000 7.539
6225.000 6.253
6230.000 5.181
6235.000 4.296
6240.000 3.581
6245.000 2.991
6250.000 2.475
6255.000 2.121
6260.000 1.837
6265.000 1.615
6270.000 1.438
6275.000 1.300
6280.000 1.184
6285.000 1.087
6290.000 1.007
6295.000 0.939
6300.000 0.880
6305.000 0.829
6310.000 0.829
6315.000 0.786
6320.000 0.747
6325.000 0.705
6330.000 0.677
6335.000 0.648
6340.000 0.621
6345.000 0.598
6350.000 0.575
6355.000 0.556
6360.000 0.536
6365.000 0.519
6370.000 0.503
6375.000 0.485
6380.000 0.471
6385.000 0.456
6390.000 0.440
6395.000 0.426
6400.000 0.413
6405.000 0.399
6410.000 0.384
6415.000 0.371
6420.000 0.358
6425.000 0.341
6430.000 0.328
6435.000 0.328
6440.000 0.313
6445.000 0.297
6450.000 0.282
6455.000 0.266
6460.000 0.250
6465.000 0.236
6470.000 0.228
6475.000 0.225
6480.000 0.239
6485.000 0.279
6490.000 0.353
6495.000 0.481
6500.000 0.695
6505.000 1.100
6510.000 2.129
6515.000 5.699
6520.000 12.495
6525.000 16.479
6530.000 11.143
6535.000 4.855
6540.000 3.574
6545.000 3.786
6550.000 2.688
6555.000 1.892
6560.000 1.892
6565.000 1.612
6570.000 1.594
6575.000 1.376
6580.000 1.225
6585.000 1.131
6590.000 1.058
6595.000 0.995
6600.000 0.929
6605.000 0.879
6610.000 0.836
6615.000 0.797
6620.000 0.763
6625.000 0.738
6630.000 0.712
6635.000 0.690
6640.000 0.674
6645.000 0.659
6650.000 0.644
6655.000 0.634
6660.000 0.622
6665.000 0.611
6670.000 0.603
6675.000 0.596
6680.000 0.589
6685.000 0.589
6690.000 0.582
6695.000 0.578
6700.000 0.572
6705.000 0.566
6710.000 0.561
6715.000 0.556
6720.000 0.553
6725.000 0.550
6730.000 0.547
6735.000 0.544
6740.000 0.540
6745.000 0.539
6750.000 0.537
6755.000 0.535
6760.000 0.532
6765.000 0.532
6770.000 0.529
6775.000 0.528
6780.000 0.528
6785.000 0.527
6790.000 0.526
6795.000 0.527
6800.000 0.527
6805.000 0.526
6810.000 0.526
6815.000 0.524
6820.000 0.526
6825.000 0.524
6830.000 0.526
6835.000 0.526
6840.000 0.526
6845.000 0.526
6850.000 0.526
6855.000 0.529
6860.000 0.528
6865.000 0.530
6870.000 0.532
6875.000 0.530
6880.000 0.533
6885.000 0.534
6890.000 0.537
6895.000 0.538
6900.000 0.539
6905.000 0.541
6910.000 0.540
6915.000 0.543
6920.000 0.546
6925.000 0.546
6930.000 0.548
6935.000 0.550
6940.000 0.552
6945.000 0.556
6950.000 0.559
6955.000 0.560
6960.000 0.562
6965.000 0.561
6970.000 0.562
6975.000 0.567
6980.000 0.572
6985.000 0.574
6990.000 0.576
6995.000 0.577
7000.000 0.577
7005.000 0.581
7010.000 0.589
7015.000 0.590
7020.000 0.594
7025.000 0.598
7030.000 0.594
7035.000 0.604
7040.000 0.610
7045.000 0.609
7050.000 0.609
7055.000 0.613
7060.000 0.621
7065.000 0.621
7070.000 0.627
7075.000 0.628
7080.000 0.638
7085.000 0.642
7090.000 0.646
7095.000 0.655
7100.000 0.659
7105.000 0.667
7110.000 0.672
7115.000 0.680
7120.000 0.688
7125.000 0.694
7130.000 0.704
7135.000 0.712
7140.000 0.720
7145.000 0.730
7150.000 0.739
7155.000 0.746
7160.000 0.760
7165.000 0.774
7170.000 0.784
7175.000 0.784
7180.000 0.796
7185.000 0.812
7190.000 0.826
7195.000 0.841
7200.000 0.860
7205.000 0.877
7210.000 0.895
7215.000 0.915
7220.000 0.937
7225.000 0.963
7230.000 0.988
7235.000 1.016
7240.000 1.050
7245.000 1.082
7250.000 1.121
7255.000 1.166
7260.000 1.210
7265.000 1.266
7270.000 1.327
7275.000 1.393
7280.000 1.472
7285.000 1.472
7290.000 1.565
7295.000 1.671
7300.000 1.798
7305.000 1.950
7310.000 2.090
7315.000 2.254
7320.000 2.451
7325.000 2.698
7330.000 3.005
7335.000 3.399
7340.000 3.924
7345.000 4.609
7350.000 5.509
7355.000 6.720
7360.000 8.319
7365.000 10.332
7370.000 12.802
7375.000 15.466
7380.000 18.417
7385.000 21.221
7390.000 22.947
7395.000 21.951
7400.000 17.219
7405.000 11.699
7410.000 11.699
7415.000 7.929
7420.000 5.503
7425.000 4.732
7430.000 3.946
7435.000 3.350
7440.000 2.912
7445.000 2.544
7450.000 2.229
7455.000 1.971
7460.000 1.755
7465.000 1.572
7470.000 1.413
7475.000 1.281
7480.000 1.168
7485.000 1.067
7490.000 0.983
7495.000 0.911
7500.000 0.844
7505.000 0.787
7510.000 0.736
7515.000 0.691
7520.000 0.652
7525.000 0.615
7530.000 0.582
7535.000 0.582
7540.000 0.553
7545.000 0.526
7550.000 0.501
7555.000 0.480
7560.000 0.459
7565.000 0.441
7570.000 0.425
7575.000 0.409
7580.000 0.395
7585.000 0.379
7590.000 0.368
7595.000 0.356
7600.000 0.346
7605.000 0.335
7610.000 0.327
7615.000 0.318
7620.000 0.310
7625.000 0.303
7630.000 0.295
7635.000 0.289
7640.000 0.283
7645.000 0.277
7650.000 0.272
7655.000 0.266
7660.000 0.266
7665.000 0.263
7670.000 0.257
7675.000 0.254
7680.000 0.248
7685.000 0.244
7690.000 0.243
7695.000 0.239
7700.000 0.237
7705.000 0.232
7710.000 0.231
7715.000 0.227
7720.000 0.224
7725.000 0.223
7730.000 0.220
7735.000 0.217
7740.000 0.216
7745.000 0.214
7750.000 0.211
7755.000 0.210
7760.000 0.209
7765.000 0.207
7770.000 0.207
7775.000 0.206
7780.000 0.205
7785.000 0.202
7790.000 0.202
7795.000 0.203
7800.000 0.203
7805.000 0.202
7810.000 0.199
7815.000 0.200
7820.000 0.199
7825.000 0.199
7830.000 0.198
7835.000 0.198
7840.000 0.199
7845.000 0.201
7850.000 0.199
7855.000 0.200
7860.000 0.201
7865.000 0.202
7870.000 0.202
7875.000 0.203
7880.000 0.204
7885.000 0.208
7890.000 0.209
7895.000 0.209
7900.000 0.210
7905.000 0.214
7910.000 0.219
7915.000 0.223
7920.000 0.230
7925.000 0.237
7930.000 0.246
7935.000 0.256
7940.000 0.271
7945.000 0.285
7950.000 0.307
7955.000 0.335
7960.000 0.373
7965.000 0.430
7970.000 0.506
7975.000 0.635
7980.000 0.850
7985.000 1.265
7990.000 2.183
7995.000 3.714
8000.000 4.749
8005.000 4.847
8010.000 3.636
8015.000 1.154
8020.000 1.154
8025.000 1.141
8030.000 0.814
8035.000 0.661
8040.000 0.617
8045.000 0.611
8050.000 0.481
8055.000 0.465
8060.000 0.418
8065.000 0.377
8070.000 0.357
8075.000 0.334
8080.000 0.315
8085.000 0.299
8090.000 0.285
8095.000 0.276
8100.000 0.266
8105.000 0.257
8110.000 0.249
8115.000 0.242
8120.000 0.236
8125.000 0.232
8130.000 0.225
8135.000 0.223
8140.000 0.219
8145.000 0.219
8150.000 0.215
8155.000 0.211
8160.000 0.209
8165.000 0.207
8170.000 0.204
8175.000 0.203
8180.000 0.202
8185.000 0.201
8190.000 0.200
8195.000 0.199
8200.000 0.197
8205.000 0.196
8210.000 0.195
8215.000 0.194
8220.000 0.195
8225.000 0.194
8230.000 0.193
8235.000 0.193
8240.000 0.191
8245.000 0.191
8250.000 0.191
8255.000 0.191
8260.000 0.190
8265.000 0.190
8270.000 0.191
8275.000 0.191
8280.000 0.191
8285.000 0.191
8290.000 0.191
8295.000 0.192
8300.000 0.192
8305.000 0.192
8310.000 0.191
8315.000 0.193
8320.000 0.194
8325.000 0.194
8330.000 0.194
8335.000 0.196
8340.000 0.197
8345.000 0.198
8350.000 0.198
8355.000 0.202
8360.000 0.202
8365.000 0.203
8370.000 0.206
8375.000 0.208
8380.000 0.208
8385.000 0.210
8390.000 0.213
8395.000 0.214
8400.000 0.217
8405.000 0.220
8410.000 0.222
8415.000 0.222
8420.000 0.223
8425.000 0.224
8430.000 0.223
8435.000 0.220
8440.000 0.211
8445.000 0.201
8450.000 0.187
8455.000 0.185
8460.000 0.241
8465.000 0.475
8470.000 1.216
8475.000 3.412
8480.000 6.393
8485.000 5.202
8490.000 2.092
8495.000 2.594
8500.000 2.797
8505.000 2.797
8510.000 2.635
8515.000 2.528
8520.000 2.535
8525.000 2.771
8530.000 2.982
8535.000 3.494
8540.000 4.211
8545.000 5.126
8550.000 6.202
8555.000 7.452
8560.000 8.898
8565.000 10.431
8570.000 11.831
8575.000 12.575
8580.000 12.147
8585.000 10.407
8590.000 8.376
8595.000 6.875
8600.000 5.824
8605.000 5.025
8610.000 4.268
8615.000 3.777
8620.000 3.517
8625.000 3.071
8630.000 2.658
8635.000 2.658
8640.000 2.347
8645.000 2.090
8650.000 1.881
8655.000 1.704
8660.000 1.556
8665.000 1.432
8670.000 1.322
8675.000 1.232
8680.000 1.154
8685.000 1.089
8690.000 1.036
8695.000 0.990
8700.000 0.953
8705.000 0.915
8710.000 0.885
8715.000 0.857
8720.000 0.831
8725.000 0.803
8730.000 0.784
8735.000 0.763
8740.000 0.743
8745.000 0.743
8750.000 0.727
8755.000 0.711
8760.000 0.695
8765.000 0.678
8770.000 0.664
8775.000 0.650
8780.000 0.638
8785.000 0.628
8790.000 0.617
8795.000 0.603
8800.000 0.595
8805.000 0.586
8810.000 0.578
8815.000 0.571
8820.000 0.560
8825.000 0.557
8830.000 0.559
8835.000 0.535
8840.000 0.534
8845.000 0.534
8850.000 0.525
8855.000 0.519
8860.000 0.516
8865.000 0.508
8870.000 0.508
8875.000 0.506
8880.000 0.501
8885.000 0.495
8890.000 0.494
8895.000 0.491
8900.000 0.485
8905.000 0.483
8910.000 0.480
8915.000 0.477
8920.000 0.472
8925.000 0.472
8930.000 0.470
8935.000 0.465
8940.000 0.466
8945.000 0.462
8950.000 0.459
8955.000 0.456
8960.000 0.455
8965.000 0.455
8970.000 0.451
8975.000 0.453
8980.000 0.453
8985.000 0.451
8990.000 0.451
8995.000 0.451
9000.000 0.444
9005.000 0.447
9010.000 0.441
9015.000 0.442
9020.000 0.439
9025.000 0.437
9030.000 0.438
9035.000 0.440
9040.000 0.439
9045.000 0.434
9050.000 0.434
9055.000 0.434
9060.000 0.438
9065.000 0.435
9070.000 0.436
9075.000 0.433
9080.000 0.432
9085.000 0.432
9090.000 0.434
9095.000 0.434
9100.000 0.433
9105.000 0.436
9110.000 0.432
9115.000 0.433
9120.000 0.433
9125.000 0.433
9130.000 0.434
9135.000 0.432
9140.000 0.435
9145.000 0.434
9150.000 0.432
9155.000 0.436
9160.000 0.435
9165.000 0.433
9170.000 0.437
9175.000 0.434
9180.000 0.436
9185.000 0.436
9190.000 0.438
9195.000 0.437
9200.000 0.437
9205.000 0.439
9210.000 0.441
9215.000 0.441
9220.000 0.441
9225.000 0.445
9230.000 0.445
9235.000 0.445
9240.000 0.448
9245.000 0.449
9250.000 0.452
9255.000 0.453
9260.000 0.454
9265.000 0.458
9270.000 0.456
9275.000 0.459
9280.000 0.459
9285.000 0.460
9290.000 0.463
9295.000 0.465
9300.000 0.466
9305.000 0.471
9310.000 0.474
9315.000 0.479
9320.000 0.483
9325.000 0.488
9330.000 0.493
9335.000 0.502
9340.000 0.508
9345.000 0.517
9350.000 0.527
9355.000 0.527
9360.000 0.543
9365.000 0.564
9370.000 0.589
9375.000 0.624
9380.000 0.679
9385.000 0.769
9390.000 0.934
9395.000 1.261
9400.000 1.884
9405.000 2.799
9410.000 3.392
9415.000 3.260
9420.000 2.752
9425.000 1.202
9430.000 0.550
9435.000 0.480
9440.000 0.546
9445.000 0.519
9450.000 0.482
9455.000 0.478
9460.000 0.465
9465.000 0.457
9470.000 0.441
9475.000 0.434
9480.000 0.434
9485.000 0.426
9490.000 0.421
9495.000 0.417
9500.000 0.417
9505.000 0.418
9510.000 0.416
9515.000 0.414
9520.000 0.415
9525.000 0.416
9530.000 0.415
9535.000 0.415
9540.000 0.415
9545.000 0.415
9550.000 0.413
9555.000 0.414
9560.000 0.417
9565.000 0.418
9570.000 0.420
9575.000 0.419
9580.000 0.420
9585.000 0.424
9590.000 0.422
9595.000 0.423
9600.000 0.424
9605.000 0.424
9610.000 0.426
9615.000 0.430
9620.000 0.431
9625.000 0.437
9630.000 0.437
9635.000 0.439
9640.000 0.443
9645.000 0.445
9650.000 0.445
9655.000 0.450
9660.000 0.452
9665.000 0.458
9670.000 0.461
9675.000 0.467
9680.000 0.472
9685.000 0.475
9690.000 0.480
9695.000 0.487
9700.000 0.494
9705.000 0.504
9710.000 0.510
9715.000 0.521
9720.000 0.522
9725.000 0.527
9730.000 0.527
9735.000 0.524
9740.000 0.509
9745.000 0.488
9750.000 0.478
9755.000 0.495
9760.000 0.530
9765.000 0.573
9770.000 0.621
9775.000 0.685
9780.000 0.743
9785.000 0.791
9790.000 0.802
9795.000 0.766
9800.000 0.700
9805.000 0.594
9810.000 0.435
9815.000 0.297
9820.000 0.223
9825.000 0.191
9830.000 0.175
9835.000 0.172
9840.000 0.172
9845.000 0.176
9850.000 0.182
9855.000 0.187
9860.000 0.197
9865.000 0.201
9870.000 0.209
9875.000 0.216
9880.000 0.224
9885.000 0.228
9890.000 0.235
9895.000 0.238
9900.000 0.242
9905.000 0.246
9910.000 0.249
9915.000 0.253
9920.000 0.254
9925.000 0.255
9930.000 0.254
9935.000 0.257
9940.000 0.256
9945.000 0.257
9950.000 0.256
9955.000 0.257
9960.000 0.254
9965.000 0.254
9970.000 0.253
9975.000 0.252
9980.000 0.250
9985.000 0.247
9990.000 0.244
9995.000 0.242
10000.000 0.232
10005.000 0.232
10010.000 0.221
10015.000 0.212
10020.000 0.204
10025.000 0.192
10030.000 0.183
10035.000 0.163
10040.000 0.150
10045.000 0.127
10050.000 0.099
10055.000 0.066
10060.000 0.020
10065.000 0.041
10070.000 0.163
10075.000 0.362
10080.000 0.931
10085.000 2.071
10090.000 2.071
10095.000 3.958
10100.000 5.283
10105.000 3.388
10110.000 2.118
10115.000 1.895
10120.000 1.634
10125.000 1.348
10130.000 1.181
10135.000 1.010
10140.000 0.936
10145.000 0.863
10150.000 0.811
10155.000 0.769
10160.000 0.734
10165.000 0.705
10170.000 0.680
10175.000 0.660
10180.000 0.639
10185.000 0.620
10190.000 0.611
10195.000 0.595
10200.000 0.586
10205.000 0.570
10210.000 0.553
10215.000 0.551
10220.000 0.535
10225.000 0.518
10230.000 0.507
10235.000 0.491
10240.000 0.479
10245.000 0.466
10250.000 0.461
10255.000 0.457
10260.000 0.452
10265.000 0.450
10270.000 0.448
10275.000 0.449
10280.000 0.445
10285.000 0.444
10290.000 0.443
10295.000 0.441
10300.000 0.441
10305.000 0.446
10310.000 0.446
10315.000 0.444
10320.000 0.443
10325.000 0.441
10330.000 0.441
10335.000 0.441
10340.000 0.437
10345.000 0.435
10350.000 0.434
10355.000 0.433
10360.000 0.433
10365.000 0.431
10370.000 0.429
10375.000 0.432
10380.000 0.433
10385.000 0.434
10390.000 0.431
10395.000 0.433
10400.000 0.437
10405.000 0.438
10410.000 0.431
10415.000 0.430
10420.000 0.432
10425.000 0.434
10430.000 0.435
10435.000 0.434
10440.000 0.432
10445.000 0.431
10450.000 0.429
10455.000 0.429
10460.000 0.426
10465.000 0.428
10470.000 0.426
10475.000 0.429
10480.000 0.428
10485.000 0.427
10490.000 0.427
10495.000 0.429
10500.000 0.428
10505.000 0.425
10510.000 0.428
10515.000 0.422
10520.000 0.427
10525.000 0.424
10530.000 0.426
10535.000 0.426
10540.000 0.424
10545.000 0.425
10550.000 0.426
10555.000 0.425
10560.000 0.426
10565.000 0.426
10570.000 0.424
10575.000 0.422
10580.000 0.422
10585.000 0.420
10590.000 0.420
10595.000 0.420
10600.000 0.417
10605.000 0.415
10610.000 0.414
10615.000 0.413
10620.000 0.413
10625.000 0.409
10630.000 0.408
10635.000 0.407
10640.000 0.406
10645.000 0.404
10650.000 0.398
10655.000 0.396
10660.000 0.391
10665.000 0.388
10670.000 0.385
10675.000 0.380
10680.000 0.369
10685.000 0.366
10690.000 0.352
10695.000 0.342
10700.000 0.328
10705.000 0.328
10710.000 0.308
10715.000 0.288
10720.000 0.262
10725.000 0.232
10730.000 0.198
10735.000 0.174
10740.000 0.185
10745.000 0.279
10750.000 0.598
10755.000 1.237
10760.000 2.184
10765.000 3.428
10770.000 4.224
10775.000 4.044
10780.000 3.404
10785.000 3.035
10790.000 2.493
10795.000 1.761
10800.000 1.625
10805.000 1.866
10810.000 1.809
10815.000 1.809
10820.000 1.846
10825.000 1.860
10830.000 1.887
10835.000 1.944
10840.000 2.007
10845.000 2.104
10850.000 2.209
10855.000 2.339
10860.000 2.503
10865.000 2.697
10870.000 2.928
10875.000 3.199
10880.000 3.509
10885.000 3.847
10890.000 4.178
10895.000 4.444
10900.000 4.554
10905.000 4.395
10910.000 3.899
10915.000 3.215
10920.000 2.529
10925.000 1.961
10930.000 1.534
10935.000 1.204
10940.000 1.204
10945.000 0.956
10950.000 0.775
10955.000 0.646
10960.000 0.559
10965.000 0.522
10970.000 0.523
10975.000 0.535
10980.000 0.540
10985.000 0.507
10990.000 0.449
10995.000 0.399
11000.000 0.365
11005.000 0.340
11010.000 0.320
11015.000 0.300
11020.000 0.290
11025.000 0.281
11030.000 0.269
11035.000 0.266
11040.000 0.259
11045.000 0.256
11050.000 0.251
11055.000 0.251
11060.000 0.252
11065.000 0.252
11070.000 0.248
11075.000 0.249
11080.000 0.250
11085.000 0.251
11090.000 0.251
11095.000 0.251
11100.000 0.255
11105.000 0.254
11110.000 0.257
11115.000 0.259
11120.000 0.261
11125.000 0.260
11130.000 0.263
11135.000 0.266
11140.000 0.265
11145.000 0.268
11150.000 0.271
11155.000 0.273
11160.000 0.272
11165.000 0.275
11170.000 0.277
11175.000 0.280
11180.000 0.279
11185.000 0.281
11190.000 0.281
11195.000 0.283
11200.000 0.286
11205.000 0.288
11210.000 0.287
11215.000 0.289
11220.000 0.291
11225.000 0.293
11230.000 0.293
11235.000 0.296
11240.000 0.296
11245.000 0.298
11250.000 0.301
11255.000 0.301
11260.000 0.303
11265.000 0.308
11270.000 0.310
11275.000 0.311
11280.000 0.317
11285.000 0.323
11290.000 0.330
11295.000 0.333
11300.000 0.333
11305.000 0.329
11310.000 0.327
11315.000 0.324
11320.000 0.324
11325.000 0.321
11330.000 0.319
11335.000 0.320
11340.000 0.317
11345.000 0.317
11350.000 0.314
11355.000 0.317
11360.000 0.314
11365.000 0.315
11370.000 0.315
11375.000 0.314
11380.000 0.313
11385.000 0.315
11390.000 0.315
11395.000 0.314
11400.000 0.313
11405.000 0.311
11410.000 0.312
11415.000 0.311
11420.000 0.311
11425.000 0.311
11430.000 0.312
11435.000 0.312
11440.000 0.312
11445.000 0.313
11450.000 0.312
11455.000 0.313
11460.000 0.311
11465.000 0.313
11470.000 0.313
11475.000 0.314
11480.000 0.318
11485.000 0.317
11490.000 0.319
11495.000 0.322
11500.000 0.322
11505.000 0.321
11510.000 0.321
11515.000 0.323
11520.000 0.325
11525.000 0.326
11530.000 0.327
11535.000 0.332
11540.000 0.334
11545.000 0.338
11550.000 0.338
11555.000 0.340
11560.000 0.347
11565.000 0.352
11570.000 0.357
11575.000 0.365
11580.000 0.375
11585.000 0.385
11590.000 0.399
11595.000 0.417
11600.000 0.444
11605.000 0.485
11610.000 0.542
11615.000 0.631
11620.000 0.747
11625.000 0.859
11630.000 0.800
11635.000 0.506
11640.000 0.456
11645.000 0.472
11650.000 0.146
11655.000 0.090
11660.000 0.117
11665.000 0.115
11670.000 0.125
11675.000 0.125
11680.000 0.135
11685.000 0.139
11690.000 0.148
11695.000 0.152
11700.000 0.155
11705.000 0.159
11710.000 0.164
11715.000 0.168
11720.000 0.169
11725.000 0.177
11730.000 0.178
11735.000 0.182
11740.000 0.185
11745.000 0.185
11750.000 0.188
11755.000 0.188
11760.000 0.187
11765.000 0.186
11770.000 0.189
11775.000 0.184
11780.000 0.185
11785.000 0.185
11790.000 0.183
11795.000 0.180
11800.000 0.183
11805.000 0.181
11810.000 0.181
11815.000 0.180
11820.000 0.179
11825.000 0.177
11830.000 0.175
11835.000 0.174
11840.000 0.173
11845.000 0.169
11850.000 0.168
11855.000 0.166
11860.000 0.166
11865.000 0.164
11870.000 0.166
11875.000 0.164
11880.000 0.162
11885.000 0.162
11890.000 0.165
11895.000 0.163
11900.000 0.166
11905.000 0.170
11910.000 0.170
11915.000 0.173
11920.000 0.178
11925.000 0.184
11930.000 0.189
11935.000 0.200
11940.000 0.212
11945.000 0.241
11950.000 0.365
11955.000 0.711
11960.000 1.244
11965.000 1.270
11970.000 0.917
11975.000 1.019
11980.000 1.090
11985.000 1.213
11990.000 1.389
11995.000 1.619
12000.000 1.884
