105.000 0.101
110.000 0.041
115.000 0.018
120.000 1.714
125.000 2.338
130.000 2.674
135.000 3.133
140.000 3.392
145.000 3.595
150.000 3.639
155.000 3.664
160.000 3.620
165.000 3.660
170.000 3.515
175.000 3.380
180.000 3.364
185.000 3.364
190.000 3.345
195.000 3.352
200.000 3.409
205.000 3.410
210.000 3.478
215.000 3.527
220.000 3.653
225.000 3.700
230.000 3.739
235.000 3.802
240.000 3.891
245.000 3.999
250.000 4.043
255.000 4.008
260.000 4.110
265.000 4.156
270.000 4.288
275.000 4.290
280.000 4.344
285.000 4.370
290.000 4.464
295.000 4.464
300.000 4.521
305.000 4.564
310.000 4.596
315.000 4.711
320.000 4.808
325.000 4.910
330.000 5.011
335.000 5.123
340.000 5.259
345.000 5.443
350.000 5.671
355.000 5.822
360.000 6.034
365.000 6.294
370.000 6.575
375.000 6.877
380.000 7.186
385.000 7.510
390.000 7.857
395.000 8.203
400.000 8.540
405.000 8.875
410.000 9.103
415.000 9.290
420.000 9.290
425.000 9.416
430.000 9.411
435.000 9.348
440.000 9.135
445.000 8.818
450.000 8.428
455.000 7.961
460.000 7.493
465.000 7.039
470.000 6.538
475.000 6.092
480.000 5.679
485.000 5.284
490.000 4.945
495.000 4.581
500.000 4.267
505.000 3.943
510.000 3.653
515.000 3.386
520.000 3.130
525.000 2.916
530.000 2.689
535.000 2.520
540.000 2.347
545.000 2.347
550.000 2.185
555.000 2.057
560.000 1.895
565.000 1.808
570.000 1.695
575.000 1.589
580.000 1.510
585.000 1.417
590.000 1.339
595.000 1.269
600.000 1.190
605.000 1.134
610.000 1.057
615.000 1.003
620.000 0.941
625.000 0.871
630.000 0.817
635.000 0.769
640.000 0.726
645.000 0.678
650.000 0.639
655.000 0.609
660.000 0.580
665.000 0.549
670.000 0.549
675.000 0.530
680.000 0.505
685.000 0.495
690.000 0.486
695.000 0.474
700.000 0.465
705.000 0.452
710.000 0.457
715.000 0.443
720.000 0.435
725.000 0.427
730.000 0.419
735.000 0.409
740.000 0.407
745.000 0.400
750.000 0.402
755.000 0.391
760.000 0.377
765.000 0.381
770.000 0.374
775.000 0.374
780.000 0.374
785.000 0.370
790.000 0.364
795.000 0.362
800.000 0.362
805.000 0.360
810.000 0.358
815.000 0.354
820.000 0.353
825.000 0.353
830.000 0.351
835.000 0.350
840.000 0.344
845.000 0.344
850.000 0.338
855.000 0.339
860.000 0.332
865.000 0.322
870.000 0.332
875.000 0.328
880.000 0.334
885.000 0.326
890.000 0.323
895.000 0.324
900.000 0.328
905.000 0.328
910.000 0.322
915.000 0.323
920.000 0.329
925.000 0.321
930.000 0.320
935.000 0.314
940.000 0.316
945.000 0.314
950.000 0.322
955.000 0.330
960.000 0.319
965.000 0.316
970.000 0.318
975.000 0.312
980.000 0.310
985.000 0.310
990.000 0.309
995.000 0.315
1000.000 0.316
1005.000 0.313
1010.000 0.305
1015.000 0.307
1020.000 0.301
1025.000 0.316
1030.000 0.316
1035.000 0.313
1040.000 0.317
1045.000 0.308
1050.000 0.312
1055.000 0.311
1060.000 0.309
1065.000 0.316
1070.000 0.312
1075.000 0.320
1080.000 0.311
1085.000 0.312
1090.000 0.310
1095.000 0.313
1100.000 0.314
1105.000 0.314
1110.000 0.311
1115.000 0.311
1120.000 0.309
1125.000 0.322
1130.000 0.316
1135.000 0.310
1140.000 0.313
1145.000 0.318
1150.000 0.314
1155.000 0.314
1160.000 0.315
1165.000 0.315
1170.000 0.318
1175.000 0.314
1180.000 0.322
1185.000 0.316
1190.000 0.317
1195.000 0.317
1200.000 0.321
1205.000 0.319
1210.000 0.317
1215.000 0.320
1220.000 0.319
1225.000 0.321
1230.000 0.325
1235.000 0.324
1240.000 0.323
1245.000 0.323
1250.000 0.325
1255.000 0.326
1260.000 0.327
1265.000 0.327
1270.000 0.329
1275.000 0.329
1280.000 0.330
1285.000 0.330
1290.000 0.331
1295.000 0.333
1300.000 0.334
1305.000 0.340
1310.000 0.338
1315.000 0.338
1320.000 0.343
1325.000 0.341
1330.000 0.341
1335.000 0.343
1340.000 0.346
1345.000 0.345
1350.000 0.350
1355.000 0.354
1360.000 0.351
1365.000 0.352
1370.000 0.357
1375.000 0.360
1380.000 0.362
1385.000 0.362
1390.000 0.362
1395.000 0.363
1400.000 0.368
1405.000 0.370
1410.000 0.370
1415.000 0.376
1420.000 0.374
1425.000 0.385
1430.000 0.385
1435.000 0.389
1440.000 0.387
1445.000 0.387
1450.000 0.386
1455.000 0.389
1460.000 0.389
1465.000 0.386
1470.000 0.389
1475.000 0.388
1480.000 0.385
1485.000 0.388
1490.000 0.378
1495.000 0.380
1500.000 0.377
1505.000 0.379
1510.000 0.381
1515.000 0.381
1520.000 0.381
1525.000 0.386
1530.000 0.399
1535.000 0.405
1540.000 0.410
1545.000 0.418
1550.000 0.424
1555.000 0.432
1560.000 0.442
1565.000 0.450
1570.000 0.462
1575.000 0.469
1580.000 0.477
1585.000 0.486
1590.000 0.498
1595.000 0.505
1600.000 0.514
1605.000 0.524
1610.000 0.531
1615.000 0.546
1620.000 0.552
1625.000 0.563
1630.000 0.580
1635.000 0.586
1640.000 0.586
1645.000 0.597
1650.000 0.618
1655.000 0.631
1660.000 0.647
1665.000 0.657
1670.000 0.673
1675.000 0.683
1680.000 0.703
1685.000 0.721
1690.000 0.730
1695.000 0.751
1700.000 0.769
1705.000 0.786
1710.000 0.803
1715.000 0.822
1720.000 0.842
1725.000 0.861
1730.000 0.877
1735.000 0.897
1740.000 0.918
1745.000 0.939
1750.000 0.939
1755.000 0.967
1760.000 0.992
1765.000 1.016
1770.000 1.040
1775.000 1.066
1780.000 1.087
1785.000 1.116
1790.000 1.137
1795.000 1.166
1800.000 1.190
1805.000 1.212
1810.000 1.236
1815.000 1.262
1820.000 1.282
1825.000 1.304
1830.000 1.334
1835.000 1.351
1840.000 1.371
1845.000 1.385
1850.000 1.398
1855.000 1.414
1860.000 1.424
1865.000 1.441
1870.000 1.456
1875.000 1.455
1880.000 1.455
1885.000 1.460
1890.000 1.468
1895.000 1.476
1900.000 1.473
1905.000 1.475
1910.000 1.464
1915.000 1.463
1920.000 1.466
1925.000 1.465
1930.000 1.459
1935.000 1.458
1940.000 1.452
1945.000 1.439
1950.000 1.430
1955.000 1.428
1960.000 1.419
1965.000 1.417
1970.000 1.404
1975.000 1.406
1980.000 1.399
1985.000 1.385
1990.000 1.389
1995.000 1.376
2000.000 1.360
2005.000 1.360
2010.000 1.363
2015.000 1.369
2020.000 1.366
2025.000 1.355
2030.000 1.339
2035.000 1.355
2040.000 1.341
2045.000 1.343
2050.000 1.342
2055.000 1.338
2060.000 1.333
2065.000 1.341
2070.000 1.336
2075.000 1.334
2080.000 1.335
2085.000 1.344
2090.000 1.345
2095.000 1.354
2100.000 1.355
2105.000 1.363
2110.000 1.375
2115.000 1.387
2120.000 1.396
2125.000 1.397
2130.000 1.397
2135.000 1.413
2140.000 1.425
2145.000 1.444
2150.000 1.457
2155.000 1.483
2160.000 1.504
2165.000 1.529
2170.000 1.559
2175.000 1.592
2180.000 1.625
2185.000 1.660
2190.000 1.705
2195.000 1.748
2200.000 1.802
2205.000 1.858
2210.000 1.942
2215.000 2.023
2220.000 2.122
2225.000 2.254
2230.000 2.421
2235.000 2.634
2240.000 2.634
2245.000 2.912
2250.000 3.258
2255.000 3.760
2260.000 4.450
2265.000 5.441
2270.000 6.881
2275.000 8.969
2280.000 11.839
2285.000 15.498
2290.000 19.911
2295.000 24.546
2300.000 27.563
2305.000 25.167
2310.000 20.067
2315.000 11.600
2320.000 8.651
2325.000 5.577
2330.000 4.280
2335.000 3.373
2340.000 2.595
2345.000 2.173
2350.000 1.791
2355.000 1.504
2360.000 1.284
2365.000 1.284
2370.000 1.096
2375.000 0.948
2380.000 0.828
2385.000 0.729
2390.000 0.646
2395.000 0.574
2400.000 0.511
2405.000 0.459
2410.000 0.411
2415.000 0.370
2420.000 0.335
2425.000 0.302
2430.000 0.273
2435.000 0.249
2440.000 0.225
2445.000 0.205
2450.000 0.188
2455.000 0.173
2460.000 0.159
2465.000 0.145
2470.000 0.136
2475.000 0.125
2480.000 0.115
2485.000 0.107
2490.000 0.107
2495.000 0.102
2500.000 0.098
2505.000 0.092
2510.000 0.089
2515.000 0.088
2520.000 0.087
2525.000 0.086
2530.000 0.086
2535.000 0.087
2540.000 0.090
2545.000 0.092
2550.000 0.092
2555.000 0.095
2560.000 0.098
2565.000 0.099
2570.000 0.102
2575.000 0.106
2580.000 0.107
2585.000 0.112
2590.000 0.114
2595.000 0.118
2600.000 0.121
2605.000 0.124
2610.000 0.129
2615.000 0.129
2620.000 0.130
2625.000 0.133
2630.000 0.136
2635.000 0.139
2640.000 0.143
2645.000 0.146
2650.000 0.149
2655.000 0.156
2660.000 0.158
2665.000 0.162
2670.000 0.165
2675.000 0.169
2680.000 0.173
2685.000 0.177
2690.000 0.180
2695.000 0.183
2700.000 0.187
2705.000 0.195
2710.000 0.196
2715.000 0.199
2720.000 0.203
2725.000 0.203
2730.000 0.210
2735.000 0.212
2740.000 0.216
2745.000 0.221
2750.000 0.223
2755.000 0.228
2760.000 0.232
2765.000 0.236
2770.000 0.240
2775.000 0.243
2780.000 0.251
2785.000 0.253
2790.000 0.259
2795.000 0.263
2800.000 0.269
2805.000 0.274
2810.000 0.280
2815.000 0.284
2820.000 0.288
2825.000 0.292
2830.000 0.296
2835.000 0.301
2840.000 0.305
2845.000 0.308
2850.000 0.308
2855.000 0.313
2860.000 0.318
2865.000 0.324
2870.000 0.328
2875.000 0.333
2880.000 0.337
2885.000 0.342
2890.000 0.346
2895.000 0.352
2900.000 0.355
2905.000 0.361
2910.000 0.366
2915.000 0.370
2920.000 0.376
2925.000 0.380
2930.000 0.381
2935.000 0.385
2940.000 0.388
2945.000 0.392
2950.000 0.398
2955.000 0.401
2960.000 0.402
2965.000 0.407
2970.000 0.405
2975.000 0.405
2980.000 0.413
2985.000 0.415
2990.000 0.415
2995.000 0.417
3000.000 0.409
3005.000 0.421
3010.000 0.415
3015.000 0.413
3020.000 0.413
3025.000 0.415
3030.000 0.425
3035.000 0.415
3040.000 0.423
3045.000 0.425
3050.000 0.423
3055.000 0.424
3060.000 0.418
3065.000 0.421
3070.000 0.417
3075.000 0.420
3080.000 0.421
3085.000 0.419
3090.000 0.419
3095.000 0.422
3100.000 0.422
3105.000 0.422
3110.000 0.421
3115.000 0.421
3120.000 0.419
3125.000 0.420
3130.000 0.421
3135.000 0.423
3140.000 0.424
3145.000 0.424
3150.000 0.427
3155.000 0.427
3160.000 0.427
3165.000 0.426
3170.000 0.429
3175.000 0.434
3180.000 0.434
3185.000 0.432
3190.000 0.434
3195.000 0.432
3200.000 0.434
3205.000 0.437
3210.000 0.437
3215.000 0.436
3220.000 0.438
3225.000 0.439
3230.000 0.442
3235.000 0.441
3240.000 0.445
3245.000 0.447
3250.000 0.448
3255.000 0.451
3260.000 0.453
3265.000 0.454
3270.000 0.455
3275.000 0.457
3280.000 0.461
3285.000 0.466
3290.000 0.469
3295.000 0.470
3300.000 0.474
3305.000 0.476
3310.000 0.479
3315.000 0.483
3320.000 0.484
3325.000 0.490
3330.000 0.492
3335.000 0.492
3340.000 0.495
3345.000 0.499
3350.000 0.502
3355.000 0.506
3360.000 0.512
3365.000 0.518
3370.000 0.523
3375.000 0.527
3380.000 0.532
3385.000 0.535
3390.000 0.543
3395.000 0.549
3400.000 0.557
3405.000 0.567
3410.000 0.571
3415.000 0.588
3420.000 0.593
3425.000 0.599
3430.000 0.606
3435.000 0.612
3440.000 0.620
3445.000 0.628
3450.000 0.642
3455.000 0.651
3460.000 0.651
3465.000 0.660
3470.000 0.674
3475.000 0.684
3480.000 0.696
3485.000 0.713
3490.000 0.727
3495.000 0.747
3500.000 0.764
3505.000 0.780
3510.000 0.803
3515.000 0.820
3520.000 0.841
3525.000 0.870
3530.000 0.893
3535.000 0.923
3540.000 0.958
3545.000 0.991
3550.000 1.030
3555.000 1.076
3560.000 1.121
3565.000 1.172
3570.000 1.231
3575.000 1.300
3580.000 1.378
3585.000 1.378
3590.000 1.469
3595.000 1.581
3600.000 1.719
3605.000 1.885
3610.000 2.099
3615.000 2.366
3620.000 2.710
3625.000 3.175
3630.000 3.789
3635.000 4.609
3640.000 5.639
3645.000 6.927
3650.000 8.564
3655.000 10.639
3660.000 13.326
3665.000 16.994
3670.000 22.200
3675.000 28.931
3680.000 34.264
3685.000 33.014
3690.000 25.705
3695.000 12.448
3700.000 12.448
3705.000 10.407
3710.000 8.054
3715.000 6.396
3720.000 5.200
3725.000 4.279
3730.000 3.600
3735.000 3.069
3740.000 2.654
3745.000 2.324
3750.000 2.055
3755.000 1.834
3760.000 1.655
3765.000 1.503
3770.000 1.374
3775.000 1.265
3780.000 1.170
3785.000 1.089
3790.000 1.018
3795.000 0.957
3800.000 0.902
3805.000 0.855
3810.000 0.813
3815.000 0.774
3820.000 0.739
3825.000 0.739
3830.000 0.709
3835.000 0.681
3840.000 0.655
3845.000 0.633
3850.000 0.613
3855.000 0.594
3860.000 0.576
3865.000 0.558
3870.000 0.543
3875.000 0.528
3880.000 0.517
3885.000 0.505
3890.000 0.493
3895.000 0.483
3900.000 0.475
3905.000 0.464
3910.000 0.455
3915.000 0.446
3920.000 0.437
3925.000 0.431
3930.000 0.424
3935.000 0.419
3940.000 0.410
3945.000 0.405
3950.000 0.405
3955.000 0.397
3960.000 0.392
3965.000 0.388
3970.000 0.387
3975.000 0.377
3980.000 0.373
3985.000 0.369
3990.000 0.363
3995.000 0.358
4000.000 0.361
4005.000 0.351
4010.000 0.352
4015.000 0.352
4020.000 0.349
4025.000 0.340
4030.000 0.336
4035.000 0.337
4040.000 0.336
4045.000 0.329
4050.000 0.328
4055.000 0.328
4060.000 0.323
4065.000 0.320
4070.000 0.316
4075.000 0.316
4080.000 0.316
4085.000 0.314
4090.000 0.310
4095.000 0.309
4100.000 0.307
4105.000 0.305
4110.000 0.303
4115.000 0.303
4120.000 0.302
4125.000 0.299
4130.000 0.298
4135.000 0.296
4140.000 0.293
4145.000 0.293
4150.000 0.291
4155.000 0.290
4160.000 0.288
4165.000 0.287
4170.000 0.285
4175.000 0.284
4180.000 0.282
4185.000 0.280
4190.000 0.278
4195.000 0.278
4200.000 0.278
4205.000 0.275
4210.000 0.273
4215.000 0.272
4220.000 0.270
4225.000 0.268
4230.000 0.267
4235.000 0.266
4240.000 0.265
4245.000 0.263
4250.000 0.262
4255.000 0.259
4260.000 0.259
4265.000 0.257
4270.000 0.256
4275.000 0.255
4280.000 0.252
4285.000 0.252
4290.000 0.250
4295.000 0.248
4300.000 0.248
4305.000 0.246
4310.000 0.246
4315.000 0.246
4320.000 0.246
4325.000 0.246
4330.000 0.248
4335.000 0.248
4340.000 0.249
4345.000 0.251
4350.000 0.251
4355.000 0.252
4360.000 0.253
4365.000 0.253
4370.000 0.254
4375.000 0.256
4380.000 0.256
4385.000 0.257
4390.000 0.258
4395.000 0.257
4400.000 0.258
4405.000 0.256
4410.000 0.260
4415.000 0.260
4420.000 0.260
4425.000 0.260
4430.000 0.260
4435.000 0.260
4440.000 0.262
4445.000 0.261
4450.000 0.261
4455.000 0.262
4460.000 0.262
4465.000 0.261
4470.000 0.260
4475.000 0.261
4480.000 0.262
4485.000 0.261
4490.000 0.262
4495.000 0.260
4500.000 0.262
4505.000 0.262
4510.000 0.261
4515.000 0.261
4520.000 0.263
4525.000 0.262
4530.000 0.263
4535.000 0.263
4540.000 0.264
4545.000 0.264
4550.000 0.264
4555.000 0.264
4560.000 0.264
4565.000 0.265
4570.000 0.263
4575.000 0.264
4580.000 0.264
4585.000 0.265
4590.000 0.265
4595.000 0.266
4600.000 0.266
4605.000 0.265
4610.000 0.266
4615.000 0.268
4620.000 0.268
4625.000 0.269
4630.000 0.269
4635.000 0.268
4640.000 0.271
4645.000 0.270
4650.000 0.269
4655.000 0.270
4660.000 0.273
4665.000 0.272
4670.000 0.273
4675.000 0.272
4680.000 0.275
4685.000 0.275
4690.000 0.275
4695.000 0.275
4700.000 0.276
4705.000 0.275
4710.000 0.276
4715.000 0.277
4720.000 0.277
4725.000 0.278
4730.000 0.280
4735.000 0.280
4740.000 0.282
4745.000 0.282
4750.000 0.283
4755.000 0.284
4760.000 0.284
4765.000 0.286
4770.000 0.288
4775.000 0.289
4780.000 0.290
4785.000 0.291
4790.000 0.294
4795.000 0.294
4800.000 0.295
4805.000 0.296
4810.000 0.296
4815.000 0.299
4820.000 0.301
4825.000 0.303
4830.000 0.305
4835.000 0.307
4840.000 0.310
4845.000 0.312
4850.000 0.314
4855.000 0.317
4860.000 0.318
4865.000 0.320
4870.000 0.323
4875.000 0.326
4880.000 0.327
4885.000 0.326
4890.000 0.328
4895.000 0.325
4900.000 0.319
4905.000 0.304
4910.000 0.282
4915.000 0.255
4920.000 0.255
4925.000 0.251
4930.000 0.467
4935.000 1.458
4940.000 5.676
4945.000 11.136
4950.000 10.098
4955.000 5.929
4960.000 10.605
4965.000 12.342
4970.000 5.993
4975.000 3.577
4980.000 1.842
4985.000 1.315
4990.000 0.919
4995.000 0.822
5000.000 0.646
5005.000 0.525
5010.000 0.428
5015.000 0.390
5020.000 0.343
5025.000 0.322
5030.000 0.299
5035.000 0.283
5040.000 0.264
5045.000 0.264
5050.000 0.257
5055.000 0.251
5060.000 0.245
5065.000 0.247
5070.000 0.238
5075.000 0.240
5080.000 0.238
5085.000 0.234
5090.000 0.231
5095.000 0.230
5100.000 0.229
5105.000 0.229
5110.000 0.230
5115.000 0.229
5120.000 0.229
5125.000 0.229
5130.000 0.231
5135.000 0.229
5140.000 0.230
5145.000 0.231
5150.000 0.232
5155.000 0.232
5160.000 0.233
5165.000 0.234
5170.000 0.234
5175.000 0.234
5180.000 0.234
5185.000 0.236
5190.000 0.236
5195.000 0.238
5200.000 0.238
5205.000 0.239
5210.000 0.239
5215.000 0.241
5220.000 0.241
5225.000 0.242
5230.000 0.244
5235.000 0.244
5240.000 0.245
5245.000 0.245
5250.000 0.245
5255.000 0.248
5260.000 0.249
5265.000 0.249
5270.000 0.251
5275.000 0.251
5280.000 0.251
5285.000 0.252
5290.000 0.253
5295.000 0.252
5300.000 0.253
5305.000 0.254
5310.000 0.256
5315.000 0.257
5320.000 0.257
5325.000 0.258
5330.000 0.260
5335.000 0.260
5340.000 0.261
5345.000 0.262
5350.000 0.263
5355.000 0.262
5360.000 0.262
5365.000 0.263
5370.000 0.264
5375.000 0.264
5380.000 0.265
5385.000 0.264
5390.000 0.266
5395.000 0.265
5400.000 0.266
5405.000 0.266
5410.000 0.266
5415.000 0.267
5420.000 0.268
5425.000 0.268
5430.000 0.268
5435.000 0.270
5440.000 0.267
5445.000 0.269
5450.000 0.269
5455.000 0.268
5460.000 0.269
5465.000 0.271
5470.000 0.270
5475.000 0.270
5480.000 0.271
5485.000 0.270
5490.000 0.271
5495.000 0.270
5500.000 0.271
5505.000 0.270
5510.000 0.271
5515.000 0.272
5520.000 0.272
5525.000 0.272
5530.000 0.271
5535.000 0.271
5540.000 0.277
5545.000 0.275
5550.000 0.274
5555.000 0.272
5560.000 0.271
5565.000 0.271
5570.000 0.272
5575.000 0.272
5580.000 0.272
5585.000 0.272
5590.000 0.271
5595.000 0.273
5600.000 0.273
5605.000 0.274
5610.000 0.272
5615.000 0.273
5620.000 0.272
5625.000 0.272
5630.000 0.274
5635.000 0.272
5640.000 0.273
5645.000 0.273
5650.000 0.273
5655.000 0.274
5660.000 0.274
5665.000 0.272
5670.000 0.273
5675.000 0.274
5680.000 0.272
5685.000 0.273
5690.000 0.273
5695.000 0.275
5700.000 0.276
5705.000 0.275
5710.000 0.275
5715.000 0.277
5720.000 0.275
5725.000 0.274
5730.000 0.276
5735.000 0.276
5740.000 0.276
5745.000 0.275
5750.000 0.277
5755.000 0.276
5760.000 0.276
5765.000 0.276
5770.000 0.276
5775.000 0.277
5780.000 0.277
5785.000 0.284
5790.000 0.285
5795.000 0.284
5800.000 0.285
5805.000 0.283
5810.000 0.283
5815.000 0.284
5820.000 0.283
5825.000 0.282
5830.000 0.285
5835.000 0.284
5840.000 0.284
5845.000 0.285
5850.000 0.286
5855.000 0.285
5860.000 0.288
5865.000 0.288
5870.000 0.290
5875.000 0.289
5880.000 0.292
5885.000 0.294
5890.000 0.295
5895.000 0.295
5900.000 0.297
5905.000 0.299
5910.000 0.302
5915.000 0.301
5920.000 0.302
5925.000 0.305
5930.000 0.306
5935.000 0.310
5940.000 0.311
5945.000 0.316
5950.000 0.317
5955.000 0.322
5960.000 0.326
5965.000 0.330
5970.000 0.333
5975.000 0.334
5980.000 0.342
5985.000 0.349
5990.000 0.352
5995.000 0.355
6000.000 0.370
6005.000 0.369
6010.000 0.376
6015.000 0.385
6020.000 0.385
6025.000 0.394
6030.000 0.407
6035.000 0.427
6040.000 0.436
6045.000 0.447
6050.000 0.466
6055.000 0.487
6060.000 0.512
6065.000 0.540
6070.000 0.567
6075.000 0.603
6080.000 0.644
6085.000 0.684
6090.000 0.726
6095.000 0.777
6100.000 0.833
6105.000 0.906
6110.000 0.992
6115.000 1.104
6120.000 1.254
6125.000 1.439
6130.000 1.686
6135.000 2.026
6140.000 2.486
6145.000 2.486
6150.000 3.043
6155.000 3.784
6160.000 4.823
6165.000 6.285
6170.000 8.426
6175.000 11.895
6180.000 15.757
6185.000 19.334
6190.000 21.375
6195.000 19.330
6200.000 12.671
6205.000 8.042
6210.000 5.422
6215.000 5.151
6220.000 4.213
6225.000 3.547
6230.000 2.983
6235.000 2.491
6240.000 2.077
6245.000 1.729
6250.000 1.446
6255.000 1.446
6260.000 1.220
6265.000 1.045
6270.000 0.907
6275.000 0.799
6280.000 0.718
6285.000 0.651
6290.000 0.595
6295.000 0.551
6300.000 0.517
6305.000 0.485
6310.000 0.459
6315.000 0.439
6320.000 0.422
6325.000 0.400
6330.000 0.386
6335.000 0.374
6340.000 0.361
6345.000 0.352
6350.000 0.342
6355.000 0.333
6360.000 0.325
6365.000 0.318
6370.000 0.310
6375.000 0.302
6380.000 0.302
6385.000 0.298
6390.000 0.291
6395.000 0.284
6400.000 0.279
6405.000 0.275
6410.000 0.269
6415.000 0.264
6420.000 0.263
6425.000 0.257
6430.000 0.254
6435.000 0.254
6440.000 0.252
6445.000 0.255
6450.000 0.259
6455.000 0.269
6460.000 0.282
6465.000 0.305
6470.000 0.338
6475.000 0.383
6480.000 0.450
6485.000 0.552
6490.000 0.700
6495.000 0.953
6500.000 1.504
6505.000 1.504
6510.000 3.047
6515.000 6.614
6520.000 11.642
6525.000 16.828
6530.000 16.418
6535.000 3.150
6540.000 7.703
6545.000 3.625
6550.000 2.167
6555.000 2.173
6560.000 2.042
6565.000 1.468
6570.000 1.421
6575.000 1.223
6580.000 1.100
6585.000 1.014
6590.000 0.946
6595.000 0.876
6600.000 0.824
6605.000 0.779
6610.000 0.740
6615.000 0.708
6620.000 0.683
6625.000 0.659
6630.000 0.659
6635.000 0.640
6640.000 0.619
6645.000 0.605
6650.000 0.590
6655.000 0.578
6660.000 0.568
6665.000 0.557
6670.000 0.547
6675.000 0.539
6680.000 0.532
6685.000 0.524
6690.000 0.519
6695.000 0.514
6700.000 0.509
6705.000 0.502
6710.000 0.501
6715.000 0.497
6720.000 0.495
6725.000 0.491
6730.000 0.487
6735.000 0.486
6740.000 0.486
6745.000 0.484
6750.000 0.484
6755.000 0.480
6760.000 0.479
6765.000 0.479
6770.000 0.476
6775.000 0.476
6780.000 0.474
6785.000 0.474
6790.000 0.472
6795.000 0.474
6800.000 0.474
6805.000 0.473
6810.000 0.473
6815.000 0.474
6820.000 0.473
6825.000 0.471
6830.000 0.474
6835.000 0.472
6840.000 0.473
6845.000 0.473
6850.000 0.472
6855.000 0.474
6860.000 0.472
6865.000 0.472
6870.000 0.474
6875.000 0.474
6880.000 0.473
6885.000 0.477
6890.000 0.476
6895.000 0.476
6900.000 0.477
6905.000 0.477
6910.000 0.480
6915.000 0.480
6920.000 0.481
6925.000 0.483
6930.000 0.484
6935.000 0.483
6940.000 0.487
6945.000 0.489
6950.000 0.492
6955.000 0.493
6960.000 0.497
6965.000 0.493
6970.000 0.500
6975.000 0.496
6980.000 0.499
6985.000 0.500
6990.000 0.500
6995.000 0.504
7000.000 0.511
7005.000 0.508
7010.000 0.517
7015.000 0.518
7020.000 0.521
7025.000 0.526
7030.000 0.522
7035.000 0.526
7040.000 0.530
7045.000 0.538
7050.000 0.541
7055.000 0.541
7060.000 0.544
7065.000 0.554
7070.000 0.553
7075.000 0.558
7080.000 0.562
7085.000 0.566
7090.000 0.573
7095.000 0.580
7100.000 0.583
7105.000 0.591
7110.000 0.598
7115.000 0.598
7120.000 0.605
7125.000 0.610
7130.000 0.619
7135.000 0.630
7140.000 0.635
7145.000 0.646
7150.000 0.654
7155.000 0.663
7160.000 0.672
7165.000 0.685
7170.000 0.696
7175.000 0.708
7180.000 0.722
7185.000 0.738
7190.000 0.753
7195.000 0.770
7200.000 0.785
7205.000 0.804
7210.000 0.829
7215.000 0.850
7220.000 0.875
7225.000 0.901
7230.000 0.901
7235.000 0.932
7240.000 0.966
7245.000 1.005
7250.000 1.049
7255.000 1.094
7260.000 1.148
7265.000 1.209
7270.000 1.255
7275.000 1.303
7280.000 1.353
7285.000 1.414
7290.000 1.481
7295.000 1.562
7300.000 1.657
7305.000 1.769
7310.000 1.901
7315.000 2.061
7320.000 2.261
7325.000 2.507
7330.000 2.824
7335.000 3.238
7340.000 3.774
7345.000 4.479
7350.000 5.434
7355.000 5.434
7360.000 6.663
7365.000 8.199
7370.000 10.499
7375.000 12.775
7380.000 15.742
7385.000 18.520
7390.000 20.693
7395.000 20.925
7400.000 18.109
7405.000 12.945
7410.000 8.362
7415.000 4.830
7420.000 3.323
7425.000 3.058
7430.000 2.766
7435.000 2.440
7440.000 2.127
7445.000 1.872
7450.000 1.655
7455.000 1.475
7460.000 1.317
7465.000 1.188
7470.000 1.080
7475.000 0.980
7480.000 0.980
7485.000 0.901
7490.000 0.832
7495.000 0.768
7500.000 0.714
7505.000 0.666
7510.000 0.626
7515.000 0.589
7520.000 0.553
7525.000 0.525
7530.000 0.498
7535.000 0.474
7540.000 0.453
7545.000 0.433
7550.000 0.414
7555.000 0.399
7560.000 0.380
7565.000 0.368
7570.000 0.354
7575.000 0.344
7580.000 0.332
7585.000 0.323
7590.000 0.314
7595.000 0.305
7600.000 0.297
7605.000 0.297
7610.000 0.290
7615.000 0.285
7620.000 0.277
7625.000 0.272
7630.000 0.267
7635.000 0.261
7640.000 0.257
7645.000 0.253
7650.000 0.249
7655.000 0.245
7660.000 0.241
7665.000 0.237
7670.000 0.235
7675.000 0.231
7680.000 0.228
7685.000 0.226
7690.000 0.222
7695.000 0.220
7700.000 0.219
7705.000 0.217
7710.000 0.217
7715.000 0.217
7720.000 0.213
7725.000 0.212
7730.000 0.212
7735.000 0.210
7740.000 0.208
7745.000 0.207
7750.000 0.207
7755.000 0.205
7760.000 0.203
7765.000 0.203
7770.000 0.204
7775.000 0.202
7780.000 0.202
7785.000 0.202
7790.000 0.202
7795.000 0.202
7800.000 0.202
7805.000 0.202
7810.000 0.202
7815.000 0.203
7820.000 0.203
7825.000 0.203
7830.000 0.204
7835.000 0.206
7840.000 0.206
7845.000 0.206
7850.000 0.208
7855.000 0.210
7860.000 0.211
7865.000 0.214
7870.000 0.218
7875.000 0.220
7880.000 0.224
7885.000 0.229
7890.000 0.234
7895.000 0.239
7900.000 0.245
7905.000 0.253
7910.000 0.263
7915.000 0.273
7920.000 0.284
7925.000 0.301
7930.000 0.320
7935.000 0.341
7940.000 0.375
7945.000 0.412
7950.000 0.461
7955.000 0.533
7960.000 0.633
7965.000 0.633
7970.000 0.781
7975.000 1.049
7980.000 1.557
7985.000 2.690
7990.000 4.985
7995.000 7.669
8000.000 8.840
8005.000 6.136
8010.000 5.491
8015.000 2.635
8020.000 2.287
8025.000 1.555
8030.000 1.297
8035.000 1.025
8040.000 0.835
8045.000 0.771
8050.000 0.662
8055.000 0.608
8060.000 0.557
8065.000 0.507
8070.000 0.469
8075.000 0.436
8080.000 0.408
8085.000 0.388
8090.000 0.388
8095.000 0.368
8100.000 0.348
8105.000 0.335
8110.000 0.324
8115.000 0.314
8120.000 0.304
8125.000 0.292
8130.000 0.287
8135.000 0.280
8140.000 0.275
8145.000 0.268
8150.000 0.263
8155.000 0.261
8160.000 0.257
8165.000 0.254
8170.000 0.253
8175.000 0.251
8180.000 0.248
8185.000 0.246
8190.000 0.247
8195.000 0.245
8200.000 0.245
8205.000 0.244
8210.000 0.243
8215.000 0.242
8220.000 0.242
8225.000 0.243
8230.000 0.242
8235.000 0.242
8240.000 0.243
8245.000 0.244
8250.000 0.243
8255.000 0.245
8260.000 0.248
8265.000 0.248
8270.000 0.247
8275.000 0.250
8280.000 0.251
8285.000 0.253
8290.000 0.255
8295.000 0.258
8300.000 0.261
8305.000 0.264
8310.000 0.267
8315.000 0.270
8320.000 0.273
8325.000 0.273
8330.000 0.279
8335.000 0.283
8340.000 0.286
8345.000 0.293
8350.000 0.298
8355.000 0.304
8360.000 0.312
8365.000 0.318
8370.000 0.325
8375.000 0.333
8380.000 0.344
8385.000 0.351
8390.000 0.361
8395.000 0.371
8400.000 0.384
8405.000 0.392
8410.000 0.404
8415.000 0.413
8420.000 0.420
8425.000 0.426
8430.000 0.431
8435.000 0.431
8440.000 0.428
8445.000 0.414
8450.000 0.414
8455.000 0.389
8460.000 0.352
8465.000 0.364
8470.000 0.715
8475.000 2.222
8480.000 5.714
8485.000 6.935
8490.000 2.551
8495.000 4.360
8500.000 3.493
8505.000 3.361
8510.000 3.596
8515.000 3.982
8520.000 4.355
8525.000 4.983
8530.000 5.637
8535.000 6.453
8540.000 7.416
8545.000 8.592
8550.000 10.046
8555.000 11.797
8560.000 13.803
8565.000 15.867
8570.000 17.498
8575.000 17.498
8580.000 17.948
8585.000 16.783
8590.000 14.236
8595.000 11.866
8600.000 10.032
8605.000 8.434
8610.000 6.811
8615.000 5.253
8620.000 4.229
8625.000 3.468
8630.000 2.947
8635.000 2.682
8640.000 2.446
8645.000 2.236
8650.000 2.027
8655.000 1.868
8660.000 1.731
8665.000 1.607
8670.000 1.500
8675.000 1.408
8680.000 1.326
8685.000 1.326
8690.000 1.253
8695.000 1.191
8700.000 1.132
8705.000 1.079
8710.000 1.034
8715.000 0.994
8720.000 0.958
8725.000 0.925
8730.000 0.898
8735.000 0.870
8740.000 0.847
8745.000 0.822
8750.000 0.803
8755.000 0.783
8760.000 0.767
8765.000 0.750
8770.000 0.736
8775.000 0.722
8780.000 0.709
8785.000 0.697
8790.000 0.686
8795.000 0.674
8800.000 0.666
8805.000 0.657
8810.000 0.657
8815.000 0.647
8820.000 0.642
8825.000 0.630
8830.000 0.616
8835.000 0.612
8840.000 0.601
8845.000 0.608
8850.000 0.601
8855.000 0.599
8860.000 0.592
8865.000 0.586
8870.000 0.584
8875.000 0.577
8880.000 0.574
8885.000 0.571
8890.000 0.568
8895.000 0.564
8900.000 0.560
8905.000 0.557
8910.000 0.551
8915.000 0.550
8920.000 0.547
8925.000 0.544
8930.000 0.540
8935.000 0.540
8940.000 0.540
8945.000 0.536
8950.000 0.532
8955.000 0.529
8960.000 0.528
8965.000 0.527
8970.000 0.526
8975.000 0.523
8980.000 0.519
8985.000 0.518
8990.000 0.515
8995.000 0.517
9000.000 0.518
9005.000 0.512
9010.000 0.509
9015.000 0.512
9020.000 0.508
9025.000 0.505
9030.000 0.510
9035.000 0.503
9040.000 0.507
9045.000 0.508
9050.000 0.505
9055.000 0.503
9060.000 0.501
9065.000 0.501
9070.000 0.504
9075.000 0.500
9080.000 0.499
9085.000 0.496
9090.000 0.498
9095.000 0.498
9100.000 0.497
9105.000 0.496
9110.000 0.497
9115.000 0.496
9120.000 0.495
9125.000 0.495
9130.000 0.495
9135.000 0.496
9140.000 0.495
9145.000 0.493
9150.000 0.494
9155.000 0.492
9160.000 0.493
9165.000 0.493
9170.000 0.493
9175.000 0.493
9180.000 0.493
9185.000 0.493
9190.000 0.492
9195.000 0.492
9200.000 0.492
9205.000 0.492
9210.000 0.492
9215.000 0.492
9220.000 0.492
9225.000 0.493
9230.000 0.491
9235.000 0.493
9240.000 0.492
9245.000 0.494
9250.000 0.493
9255.000 0.494
9260.000 0.494
9265.000 0.493
9270.000 0.493
9275.000 0.494
9280.000 0.492
9285.000 0.493
9290.000 0.493
9295.000 0.491
9300.000 0.491
9305.000 0.492
9310.000 0.491
9315.000 0.488
9320.000 0.486
9325.000 0.488
9330.000 0.485
9335.000 0.481
9340.000 0.476
9345.000 0.471
9350.000 0.467
9355.000 0.459
9360.000 0.450
9365.000 0.438
9370.000 0.424
9375.000 0.406
9380.000 0.382
9385.000 0.351
9390.000 0.309
9395.000 0.249
9400.000 0.173
9405.000 0.260
9410.000 0.920
9415.000 2.866
9420.000 3.043
9425.000 3.043
9430.000 1.480
9435.000 1.699
9440.000 1.549
9445.000 1.354
9450.000 1.236
9455.000 1.135
9460.000 1.086
9465.000 1.037
9470.000 1.002
9475.000 0.975
9480.000 0.960
9485.000 0.951
9490.000 0.945
9495.000 0.942
9500.000 0.944
9505.000 0.944
9510.000 0.948
9515.000 0.942
9520.000 0.934
9525.000 0.923
9530.000 0.916
9535.000 0.907
9540.000 0.903
9545.000 0.903
9550.000 0.903
9555.000 0.904
9560.000 0.903
9565.000 0.911
9570.000 0.924
9575.000 0.936
9580.000 0.953
9585.000 0.973
9590.000 0.993
9595.000 1.015
9600.000 1.043
9605.000 1.066
9610.000 1.100
9615.000 1.123
9620.000 1.159
9625.000 1.203
9630.000 1.251
9635.000 1.303
9640.000 1.369
9645.000 1.433
9650.000 1.493
9655.000 1.559
9660.000 1.559
9665.000 1.634
9670.000 1.728
9675.000 1.846
9680.000 1.987
9685.000 2.163
9690.000 2.390
9695.000 2.675
9700.000 3.044
9705.000 3.532
9710.000 4.175
9715.000 4.997
9720.000 6.018
9725.000 7.192
9730.000 8.391
9735.000 9.387
9740.000 9.813
9745.000 9.291
9750.000 7.745
9755.000 5.975
9760.000 4.520
9765.000 3.454
9770.000 2.684
9775.000 2.135
9780.000 1.738
9785.000 1.738
9790.000 1.464
9795.000 1.266
9800.000 1.174
9805.000 1.183
9810.000 1.118
9815.000 0.983
9820.000 0.879
9825.000 0.793
9830.000 0.713
9835.000 0.640
9840.000 0.575
9845.000 0.520
9850.000 0.471
9855.000 0.428
9860.000 0.390
9865.000 0.360
9870.000 0.330
9875.000 0.303
9880.000 0.279
9885.000 0.257
9890.000 0.238
9895.000 0.223
9900.000 0.205
9905.000 0.193
9910.000 0.193
9915.000 0.179
9920.000 0.168
9925.000 0.158
9930.000 0.148
9935.000 0.140
9940.000 0.132
9945.000 0.126
9950.000 0.120
9955.000 0.114
9960.000 0.109
9965.000 0.102
9970.000 0.100
9975.000 0.095
9980.000 0.095
9985.000 0.093
9990.000 0.090
9995.000 0.087
10000.000 0.091
10005.000 0.087
10010.000 0.089
10015.000 0.094
10020.000 0.096
10025.000 0.099
10030.000 0.109
10035.000 0.109
10040.000 0.116
10045.000 0.135
10050.000 0.154
10055.000 0.180
10060.000 0.216
10065.000 0.272
10070.000 0.355
10075.000 0.504
10080.000 0.817
10085.000 1.663
10090.000 3.396
10095.000 5.259
10100.000 5.264
10105.000 1.455
10110.000 2.579
10115.000 0.789
10120.000 0.883
10125.000 0.737
10130.000 0.679
10135.000 0.604
10140.000 0.536
10145.000 0.536
10150.000 0.478
10155.000 0.442
10160.000 0.413
10165.000 0.386
10170.000 0.363
10175.000 0.342
10180.000 0.327
10185.000 0.313
10190.000 0.302
10195.000 0.292
10200.000 0.281
10205.000 0.273
10210.000 0.267
10215.000 0.261
10220.000 0.257
10225.000 0.251
10230.000 0.248
10235.000 0.243
10240.000 0.238
10245.000 0.236
10250.000 0.234
10255.000 0.231
10260.000 0.228
10265.000 0.227
10270.000 0.227
10275.000 0.224
10280.000 0.223
10285.000 0.222
10290.000 0.221
10295.000 0.220
10300.000 0.218
10305.000 0.219
10310.000 0.217
10315.000 0.217
10320.000 0.216
10325.000 0.214
10330.000 0.214
10335.000 0.213
10340.000 0.212
10345.000 0.211
10350.000 0.211
10355.000 0.210
10360.000 0.210
10365.000 0.210
10370.000 0.208
10375.000 0.207
10380.000 0.206
10385.000 0.210
10390.000 0.207
10395.000 0.207
10400.000 0.202
10405.000 0.207
10410.000 0.200
10415.000 0.202
10420.000 0.200
10425.000 0.202
10430.000 0.200
10435.000 0.200
10440.000 0.197
10445.000 0.197
10450.000 0.196
10455.000 0.194
10460.000 0.194
10465.000 0.192
10470.000 0.191
10475.000 0.191
10480.000 0.189
10485.000 0.187
10490.000 0.186
10495.000 0.184
10500.000 0.182
10505.000 0.182
10510.000 0.180
10515.000 0.179
10520.000 0.179
10525.000 0.177
10530.000 0.177
10535.000 0.174
10540.000 0.173
10545.000 0.170
10550.000 0.168
10555.000 0.167
10560.000 0.165
10565.000 0.163
10570.000 0.160
10575.000 0.156
10580.000 0.156
10585.000 0.152
10590.000 0.149
10595.000 0.145
10600.000 0.143
10605.000 0.139
10610.000 0.135
10615.000 0.132
10620.000 0.130
10625.000 0.125
10630.000 0.122
10635.000 0.120
10640.000 0.115
10645.000 0.109
10650.000 0.103
10655.000 0.098
10660.000 0.093
10665.000 0.085
10670.000 0.079
10675.000 0.075
10680.000 0.066
10685.000 0.072
10690.000 0.063
10695.000 0.056
10700.000 0.062
10705.000 0.075
10710.000 0.091
10715.000 0.117
10720.000 0.152
10725.000 0.197
10730.000 0.263
10735.000 0.361
10740.000 0.542
10745.000 0.897
10750.000 1.469
10755.000 2.263
10760.000 2.263
10765.000 3.239
10770.000 3.948
10775.000 3.803
10780.000 2.945
10785.000 2.362
10790.000 1.776
10795.000 0.902
10800.000 0.399
10805.000 0.474
10810.000 0.505
10815.000 0.460
10820.000 0.400
10825.000 0.351
10830.000 0.306
10835.000 0.268
10840.000 0.235
10845.000 0.203
10850.000 0.185
10855.000 0.178
10860.000 0.188
10865.000 0.221
10870.000 0.273
10875.000 0.346
10880.000 0.475
10885.000 0.475
10890.000 0.707
10895.000 1.031
10900.000 1.370
10905.000 1.640
10910.000 1.773
10915.000 1.729
10920.000 1.580
10925.000 1.416
10930.000 1.274
10935.000 1.162
10940.000 1.090
10945.000 1.070
10950.000 1.126
10955.000 1.274
10960.000 1.520
10965.000 1.816
10970.000 2.100
10975.000 2.282
10980.000 2.314
10985.000 2.182
10990.000 1.992
10995.000 1.828
11000.000 1.675
11005.000 1.555
11010.000 1.555
11015.000 1.433
11020.000 1.325
11025.000 1.238
11030.000 1.156
11035.000 1.077
11040.000 1.015
11045.000 0.963
11050.000 0.909
11055.000 0.864
11060.000 0.819
11065.000 0.781
11070.000 0.749
11075.000 0.724
11080.000 0.699
11085.000 0.675
11090.000 0.652
11095.000 0.636
11100.000 0.624
11105.000 0.612
11110.000 0.603
11115.000 0.598
11120.000 0.588
11125.000 0.586
11130.000 0.586
11135.000 0.580
11140.000 0.575
11145.000 0.571
11150.000 0.569
11155.000 0.564
11160.000 0.558
11165.000 0.557
11170.000 0.556
11175.000 0.551
11180.000 0.548
11185.000 0.546
11190.000 0.543
11195.000 0.541
11200.000 0.538
11205.000 0.536
11210.000 0.533
11215.000 0.531
11220.000 0.528
11225.000 0.526
11230.000 0.523
11235.000 0.519
11240.000 0.520
11245.000 0.520
11250.000 0.516
11255.000 0.516
11260.000 0.516
11265.000 0.513
11270.000 0.514
11275.000 0.514
11280.000 0.517
11285.000 0.519
11290.000 0.529
11295.000 0.534
11300.000 0.530
11305.000 0.522
11310.000 0.520
11315.000 0.513
11320.000 0.508
11325.000 0.508
11330.000 0.504
11335.000 0.501
11340.000 0.498
11345.000 0.498
11350.000 0.494
11355.000 0.492
11360.000 0.492
11365.000 0.491
11370.000 0.491
11375.000 0.490
11380.000 0.491
11385.000 0.492
11390.000 0.488
11395.000 0.489
11400.000 0.489
11405.000 0.488
11410.000 0.489
11415.000 0.488
11420.000 0.490
11425.000 0.498
11430.000 0.500
11435.000 0.498
11440.000 0.497
11445.000 0.498
11450.000 0.496
11455.000 0.496
11460.000 0.494
11465.000 0.496
11470.000 0.501
11475.000 0.502
11480.000 0.507
11485.000 0.511
11490.000 0.512
11495.000 0.512
11500.000 0.511
11505.000 0.513
11510.000 0.516
11515.000 0.517
11520.000 0.517
11525.000 0.524
11530.000 0.529
11535.000 0.533
11540.000 0.540
11545.000 0.548
11550.000 0.557
11555.000 0.564
11560.000 0.576
11565.000 0.591
11570.000 0.608
11575.000 0.628
11580.000 0.656
11585.000 0.687
11590.000 0.734
11595.000 0.797
11600.000 0.889
11605.000 1.037
11610.000 1.262
11615.000 1.615
11620.000 1.615
11625.000 2.138
11630.000 2.354
11635.000 1.757
11640.000 0.572
11645.000 0.750
11650.000 0.301
11655.000 0.108
11660.000 0.089
11665.000 0.122
11670.000 0.168
11675.000 0.194
11680.000 0.216
11685.000 0.229
11690.000 0.241
11695.000 0.254
11700.000 0.273
11705.000 0.289
11710.000 0.304
11715.000 0.321
11720.000 0.333
11725.000 0.346
11730.000 0.346
11735.000 0.352
11740.000 0.359
11745.000 0.364
11750.000 0.362
11755.000 0.359
11760.000 0.358
11765.000 0.361
11770.000 0.359
11775.000 0.358
11780.000 0.354
11785.000 0.353
11790.000 0.350
11795.000 0.350
11800.000 0.351
11805.000 0.353
11810.000 0.357
11815.000 0.362
11820.000 0.360
11825.000 0.360
11830.000 0.365
11835.000 0.366
11840.000 0.372
11845.000 0.375
11850.000 0.378
11855.000 0.378
11860.000 0.382
11865.000 0.387
11870.000 0.393
11875.000 0.399
11880.000 0.410
11885.000 0.414
11890.000 0.425
11895.000 0.436
11900.000 0.457
11905.000 0.471
11910.000 0.492
11915.000 0.511
11920.000 0.545
11925.000 0.591
11930.000 0.662
11935.000 0.780
11940.000 0.978
11945.000 1.254
11950.000 1.493
11955.000 1.386
11960.000 0.823
11965.000 0.184
11970.000 0.171
11975.000 0.158
11980.000 0.158
11985.000 0.191
11990.000 0.216
11995.000 0.242
12000.000 0.269
