105.000 0.061
110.000 0.028
115.000 0.228
120.000 2.177
125.000 2.865
130.000 3.201
135.000 3.554
140.000 3.554
145.000 3.751
150.000 3.843
155.000 4.010
160.000 3.694
165.000 3.656
170.000 3.614
175.000 3.573
180.000 3.602
185.000 3.529
190.000 3.403
195.000 3.525
200.000 3.616
205.000 3.537
210.000 3.600
215.000 3.607
220.000 3.690
225.000 3.748
230.000 3.784
235.000 3.876
240.000 3.970
245.000 4.046
250.000 4.094
255.000 4.094
260.000 4.110
265.000 4.237
270.000 4.261
275.000 4.323
280.000 4.371
285.000 4.405
290.000 4.446
295.000 4.497
300.000 4.561
305.000 4.613
310.000 4.761
315.000 4.814
320.000 4.898
325.000 5.010
330.000 5.155
335.000 5.274
340.000 5.426
345.000 5.620
350.000 5.745
355.000 5.981
360.000 6.227
365.000 6.520
370.000 6.807
375.000 7.113
380.000 7.113
385.000 7.418
390.000 7.817
395.000 8.148
400.000 8.450
405.000 8.732
410.000 9.041
415.000 9.257
420.000 9.405
425.000 9.451
430.000 9.455
435.000 9.332
440.000 9.045
445.000 8.739
450.000 8.276
455.000 7.835
460.000 7.360
465.000 6.842
470.000 6.388
475.000 5.976
480.000 5.623
485.000 5.161
490.000 4.799
495.000 4.472
500.000 4.173
505.000 4.173
510.000 3.876
515.000 3.584
520.000 3.322
525.000 3.070
530.000 2.828
535.000 2.646
540.000 2.461
545.000 2.294
550.000 2.152
555.000 2.000
560.000 1.851
565.000 1.779
570.000 1.674
575.000 1.571
580.000 1.489
585.000 1.383
590.000 1.331
595.000 1.250
600.000 1.183
605.000 1.109
610.000 1.040
615.000 0.964
620.000 0.905
625.000 0.851
630.000 0.851
635.000 0.800
640.000 0.746
645.000 0.703
650.000 0.656
655.000 0.637
660.000 0.610
665.000 0.571
670.000 0.545
675.000 0.527
680.000 0.505
685.000 0.496
690.000 0.479
695.000 0.470
700.000 0.462
705.000 0.454
710.000 0.447
715.000 0.442
720.000 0.434
725.000 0.428
730.000 0.420
735.000 0.407
740.000 0.407
745.000 0.404
750.000 0.404
755.000 0.398
760.000 0.394
765.000 0.387
770.000 0.384
775.000 0.378
780.000 0.377
785.000 0.373
790.000 0.364
795.000 0.370
800.000 0.358
805.000 0.363
810.000 0.360
815.000 0.364
820.000 0.360
825.000 0.354
830.000 0.353
835.000 0.350
840.000 0.348
845.000 0.343
850.000 0.344
855.000 0.340
860.000 0.336
865.000 0.336
870.000 0.337
875.000 0.334
880.000 0.339
885.000 0.336
890.000 0.331
895.000 0.325
900.000 0.326
905.000 0.333
910.000 0.330
915.000 0.324
920.000 0.328
925.000 0.323
930.000 0.326
935.000 0.321
940.000 0.319
945.000 0.319
950.000 0.322
955.000 0.319
960.000 0.320
965.000 0.324
970.000 0.317
975.000 0.322
980.000 0.325
985.000 0.324
990.000 0.324
995.000 0.322
1000.000 0.317
1005.000 0.325
1010.000 0.316
1015.000 0.313
1020.000 0.310
1025.000 0.304
1030.000 0.321
1035.000 0.313
1040.000 0.323
1045.000 0.324
1050.000 0.317
1055.000 0.324
1060.000 0.316
1065.000 0.317
1070.000 0.315
1075.000 0.312
1080.000 0.317
1085.000 0.318
1090.000 0.317
1095.000 0.314
1100.000 0.316
1105.000 0.317
1110.000 0.312
1115.000 0.312
1120.000 0.317
1125.000 0.320
1130.000 0.315
1135.000 0.319
1140.000 0.315
1145.000 0.315
1150.000 0.315
1155.000 0.319
1160.000 0.318
1165.000 0.318
1170.000 0.318
1175.000 0.319
1180.000 0.320
1185.000 0.321
1190.000 0.324
1195.000 0.324
1200.000 0.323
1205.000 0.329
1210.000 0.328
1215.000 0.324
1220.000 0.328
1225.000 0.328
1230.000 0.328
1235.000 0.334
1240.000 0.327
1245.000 0.329
1250.000 0.334
1255.000 0.331
1260.000 0.329
1265.000 0.329
1270.000 0.333
1275.000 0.335
1280.000 0.335
1285.000 0.338
1290.000 0.338
1295.000 0.337
1300.000 0.338
1305.000 0.338
1310.000 0.342
1315.000 0.343
1320.000 0.347
1325.000 0.348
1330.000 0.350
1335.000 0.347
1340.000 0.348
1345.000 0.354
1350.000 0.354
1355.000 0.356
1360.000 0.356
1365.000 0.360
1370.000 0.358
1375.000 0.366
1380.000 0.364
1385.000 0.366
1390.000 0.372
1395.000 0.376
1400.000 0.375
1405.000 0.379
1410.000 0.376
1415.000 0.379
1420.000 0.381
1425.000 0.386
1430.000 0.385
1435.000 0.383
1440.000 0.388
1445.000 0.391
1450.000 0.395
1455.000 0.393
1460.000 0.393
1465.000 0.395
1470.000 0.396
1475.000 0.396
1480.000 0.394
1485.000 0.390
1490.000 0.388
1495.000 0.390
1500.000 0.386
1505.000 0.381
1510.000 0.383
1515.000 0.381
1520.000 0.387
1525.000 0.392
1530.000 0.399
1535.000 0.412
1540.000 0.419
1545.000 0.428
1550.000 0.438
1555.000 0.445
1560.000 0.457
1565.000 0.461
1570.000 0.474
1575.000 0.481
1580.000 0.488
1585.000 0.501
1590.000 0.508
1595.000 0.519
1600.000 0.519
1605.000 0.527
1610.000 0.535
1615.000 0.549
1620.000 0.565
1625.000 0.572
1630.000 0.584
1635.000 0.594
1640.000 0.603
1645.000 0.615
1650.000 0.632
1655.000 0.648
1660.000 0.665
1665.000 0.677
1670.000 0.688
1675.000 0.707
1680.000 0.721
1685.000 0.740
1690.000 0.761
1695.000 0.780
1700.000 0.798
1705.000 0.814
1710.000 0.814
1715.000 0.833
1720.000 0.850
1725.000 0.874
1730.000 0.892
1735.000 0.917
1740.000 0.931
1745.000 0.961
1750.000 0.982
1755.000 1.005
1760.000 1.037
1765.000 1.060
1770.000 1.084
1775.000 1.112
1780.000 1.135
1785.000 1.165
1790.000 1.191
1795.000 1.210
1800.000 1.235
1805.000 1.261
1810.000 1.288
1815.000 1.314
1820.000 1.338
1825.000 1.362
1830.000 1.387
1835.000 1.387
1840.000 1.408
1845.000 1.428
1850.000 1.441
1855.000 1.451
1860.000 1.472
1865.000 1.488
1870.000 1.501
1875.000 1.513
1880.000 1.515
1885.000 1.521
1890.000 1.525
1895.000 1.532
1900.000 1.529
1905.000 1.528
1910.000 1.526
1915.000 1.526
1920.000 1.527
1925.000 1.522
1930.000 1.519
1935.000 1.518
1940.000 1.511
1945.000 1.498
1950.000 1.487
1955.000 1.482
1960.000 1.480
1965.000 1.480
1970.000 1.473
1975.000 1.464
1980.000 1.454
1985.000 1.450
1990.000 1.441
1995.000 1.433
2000.000 1.440
2005.000 1.422
2010.000 1.426
2015.000 1.428
2020.000 1.430
2025.000 1.412
2030.000 1.408
2035.000 1.415
2040.000 1.406
2045.000 1.397
2050.000 1.392
2055.000 1.403
2060.000 1.403
2065.000 1.396
2070.000 1.396
2075.000 1.402
2080.000 1.408
2085.000 1.411
2090.000 1.411
2095.000 1.417
2100.000 1.419
2105.000 1.426
2110.000 1.436
2115.000 1.445
2120.000 1.453
2125.000 1.472
2130.000 1.483
2135.000 1.498
2140.000 1.512
2145.000 1.529
2150.000 1.549
2155.000 1.575
2160.000 1.603
2165.000 1.627
2170.000 1.654
2175.000 1.692
2180.000 1.732
2185.000 1.778
2190.000 1.826
2195.000 1.880
2200.000 1.880
2205.000 1.937
2210.000 2.006
2215.000 2.084
2220.000 2.183
2225.000 2.302
2230.000 2.457
2235.000 2.660
2240.000 2.917
2245.000 3.247
2250.000 3.694
2255.000 4.323
2260.000 5.201
2265.000 6.454
2270.000 8.335
2275.000 10.947
2280.000 14.387
2285.000 18.672
2290.000 23.634
2295.000 28.295
2300.000 29.250
2305.000 22.739
2310.000 18.717
2315.000 7.503
2320.000 7.241
2325.000 7.241
2330.000 5.396
2335.000 3.960
2340.000 3.101
2345.000 2.596
2350.000 2.103
2355.000 1.765
2360.000 1.493
2365.000 1.280
2370.000 1.109
2375.000 0.964
2380.000 0.843
2385.000 0.751
2390.000 0.664
2395.000 0.593
2400.000 0.531
2405.000 0.481
2410.000 0.434
2415.000 0.390
2420.000 0.355
2425.000 0.323
2430.000 0.296
2435.000 0.269
2440.000 0.246
2445.000 0.229
2450.000 0.229
2455.000 0.212
2460.000 0.196
2465.000 0.180
2470.000 0.168
2475.000 0.155
2480.000 0.146
2485.000 0.138
2490.000 0.130
2495.000 0.125
2500.000 0.118
2505.000 0.115
2510.000 0.111
2515.000 0.109
2520.000 0.107
2525.000 0.108
2530.000 0.109
2535.000 0.109
2540.000 0.111
2545.000 0.112
2550.000 0.114
2555.000 0.117
2560.000 0.117
2565.000 0.120
2570.000 0.124
2575.000 0.124
2580.000 0.126
2585.000 0.130
2590.000 0.134
2595.000 0.137
2600.000 0.141
2605.000 0.144
2610.000 0.147
2615.000 0.150
2620.000 0.153
2625.000 0.157
2630.000 0.161
2635.000 0.166
2640.000 0.170
2645.000 0.175
2650.000 0.179
2655.000 0.182
2660.000 0.186
2665.000 0.190
2670.000 0.196
2675.000 0.199
2680.000 0.205
2685.000 0.205
2690.000 0.208
2695.000 0.213
2700.000 0.218
2705.000 0.224
2710.000 0.228
2715.000 0.234
2720.000 0.238
2725.000 0.242
2730.000 0.247
2735.000 0.252
2740.000 0.256
2745.000 0.262
2750.000 0.269
2755.000 0.273
2760.000 0.278
2765.000 0.284
2770.000 0.290
2775.000 0.296
2780.000 0.301
2785.000 0.306
2790.000 0.312
2795.000 0.319
2800.000 0.325
2805.000 0.329
2810.000 0.329
2815.000 0.336
2820.000 0.342
2825.000 0.346
2830.000 0.352
2835.000 0.357
2840.000 0.364
2845.000 0.368
2850.000 0.373
2855.000 0.380
2860.000 0.387
2865.000 0.392
2870.000 0.397
2875.000 0.405
2880.000 0.410
2885.000 0.414
2890.000 0.421
2895.000 0.428
2900.000 0.434
2905.000 0.439
2910.000 0.445
2915.000 0.449
2920.000 0.455
2925.000 0.459
2930.000 0.464
2935.000 0.464
2940.000 0.468
2945.000 0.471
2950.000 0.474
2955.000 0.477
2960.000 0.481
2965.000 0.489
2970.000 0.488
2975.000 0.495
2980.000 0.489
2985.000 0.489
2990.000 0.490
2995.000 0.499
3000.000 0.493
3005.000 0.500
3010.000 0.491
3015.000 0.491
3020.000 0.492
3025.000 0.498
3030.000 0.499
3035.000 0.496
3040.000 0.495
3045.000 0.496
3050.000 0.495
3055.000 0.494
3060.000 0.494
3065.000 0.502
3070.000 0.497
3075.000 0.499
3080.000 0.497
3085.000 0.498
3090.000 0.497
3095.000 0.495
3100.000 0.497
3105.000 0.495
3110.000 0.497
3115.000 0.498
3120.000 0.498
3125.000 0.498
3130.000 0.501
3135.000 0.500
3140.000 0.502
3145.000 0.503
3150.000 0.504
3155.000 0.506
3160.000 0.507
3165.000 0.510
3170.000 0.514
3175.000 0.518
3180.000 0.519
3185.000 0.519
3190.000 0.521
3195.000 0.523
3200.000 0.523
3205.000 0.523
3210.000 0.526
3215.000 0.526
3220.000 0.527
3225.000 0.529
3230.000 0.532
3235.000 0.534
3240.000 0.536
3245.000 0.538
3250.000 0.542
3255.000 0.544
3260.000 0.546
3265.000 0.547
3270.000 0.550
3275.000 0.555
3280.000 0.555
3285.000 0.558
3290.000 0.562
3295.000 0.562
3300.000 0.566
3305.000 0.568
3310.000 0.571
3315.000 0.576
3320.000 0.577
3325.000 0.582
3330.000 0.585
3335.000 0.590
3340.000 0.594
3345.000 0.602
3350.000 0.607
3355.000 0.612
3360.000 0.617
3365.000 0.622
3370.000 0.630
3375.000 0.639
3380.000 0.643
3385.000 0.653
3390.000 0.660
3395.000 0.667
3400.000 0.675
3405.000 0.688
3410.000 0.696
3415.000 0.711
3420.000 0.711
3425.000 0.719
3430.000 0.729
3435.000 0.735
3440.000 0.745
3445.000 0.758
3450.000 0.771
3455.000 0.786
3460.000 0.797
3465.000 0.812
3470.000 0.830
3475.000 0.844
3480.000 0.862
3485.000 0.885
3490.000 0.905
3495.000 0.928
3500.000 0.950
3505.000 0.975
3510.000 1.000
3515.000 1.028
3520.000 1.058
3525.000 1.092
3530.000 1.130
3535.000 1.168
3540.000 1.215
3545.000 1.215
3550.000 1.261
3555.000 1.313
3560.000 1.372
3565.000 1.437
3570.000 1.516
3575.000 1.609
3580.000 1.711
3585.000 1.834
3590.000 1.980
3595.000 2.163
3600.000 2.382
3605.000 2.661
3610.000 3.011
3615.000 3.460
3620.000 4.009
3625.000 4.667
3630.000 5.509
3635.000 6.614
3640.000 8.031
3645.000 9.826
3650.000 12.086
3655.000 14.971
3660.000 18.740
3665.000 23.731
3670.000 23.731
3675.000 31.046
3680.000 38.246
3685.000 42.019
3690.000 36.899
3695.000 20.845
3700.000 14.758
3705.000 10.949
3710.000 8.717
3715.000 7.026
3720.000 5.780
3725.000 4.834
3730.000 4.109
3735.000 3.545
3740.000 3.093
3745.000 2.727
3750.000 2.431
3755.000 2.182
3760.000 1.978
3765.000 1.803
3770.000 1.660
3775.000 1.535
3780.000 1.429
3785.000 1.429
3790.000 1.333
3795.000 1.251
3800.000 1.179
3805.000 1.114
3810.000 1.053
3815.000 1.002
3820.000 0.958
3825.000 0.917
3830.000 0.878
3835.000 0.845
3840.000 0.813
3845.000 0.785
3850.000 0.759
3855.000 0.733
3860.000 0.711
3865.000 0.692
3870.000 0.673
3875.000 0.655
3880.000 0.636
3885.000 0.622
3890.000 0.608
3895.000 0.593
3900.000 0.582
3905.000 0.568
3910.000 0.568
3915.000 0.559
3920.000 0.548
3925.000 0.538
3930.000 0.529
3935.000 0.519
3940.000 0.514
3945.000 0.503
3950.000 0.494
3955.000 0.487
3960.000 0.481
3965.000 0.479
3970.000 0.466
3975.000 0.466
3980.000 0.461
3985.000 0.453
3990.000 0.450
3995.000 0.440
4000.000 0.436
4005.000 0.429
4010.000 0.432
4015.000 0.427
4020.000 0.420
4025.000 0.414
4030.000 0.414
4035.000 0.414
4040.000 0.404
4045.000 0.406
4050.000 0.403
4055.000 0.398
4060.000 0.392
4065.000 0.389
4070.000 0.386
4075.000 0.386
4080.000 0.382
4085.000 0.380
4090.000 0.376
4095.000 0.372
4100.000 0.370
4105.000 0.367
4110.000 0.365
4115.000 0.362
4120.000 0.361
4125.000 0.359
4130.000 0.357
4135.000 0.353
4140.000 0.352
4145.000 0.349
4150.000 0.347
4155.000 0.344
4160.000 0.344
4165.000 0.344
4170.000 0.339
4175.000 0.339
4180.000 0.336
4185.000 0.334
4190.000 0.331
4195.000 0.329
4200.000 0.329
4205.000 0.327
4210.000 0.323
4215.000 0.320
4220.000 0.318
4225.000 0.316
4230.000 0.313
4235.000 0.312
4240.000 0.309
4245.000 0.306
4250.000 0.306
4255.000 0.303
4260.000 0.301
4265.000 0.299
4270.000 0.299
4275.000 0.296
4280.000 0.294
4285.000 0.292
4290.000 0.288
4295.000 0.287
4300.000 0.283
4305.000 0.282
4310.000 0.281
4315.000 0.281
4320.000 0.281
4325.000 0.280
4330.000 0.280
4335.000 0.281
4340.000 0.283
4345.000 0.284
4350.000 0.285
4355.000 0.287
4360.000 0.288
4365.000 0.289
4370.000 0.291
4375.000 0.292
4380.000 0.294
4385.000 0.294
4390.000 0.295
4395.000 0.295
4400.000 0.296
4405.000 0.297
4410.000 0.297
4415.000 0.297
4420.000 0.299
4425.000 0.301
4430.000 0.303
4435.000 0.303
4440.000 0.301
4445.000 0.302
4450.000 0.303
4455.000 0.304
4460.000 0.303
4465.000 0.303
4470.000 0.304
4475.000 0.307
4480.000 0.306
4485.000 0.306
4490.000 0.305
4495.000 0.307
4500.000 0.308
4505.000 0.308
4510.000 0.309
4515.000 0.309
4520.000 0.309
4525.000 0.312
4530.000 0.312
4535.000 0.312
4540.000 0.313
4545.000 0.314
4550.000 0.314
4555.000 0.314
4560.000 0.317
4565.000 0.318
4570.000 0.318
4575.000 0.318
4580.000 0.321
4585.000 0.320
4590.000 0.322
4595.000 0.323
4600.000 0.325
4605.000 0.326
4610.000 0.327
4615.000 0.327
4620.000 0.331
4625.000 0.332
4630.000 0.335
4635.000 0.336
4640.000 0.337
4645.000 0.337
4650.000 0.339
4655.000 0.341
4660.000 0.343
4665.000 0.346
4670.000 0.348
4675.000 0.350
4680.000 0.352
4685.000 0.354
4690.000 0.355
4695.000 0.360
4700.000 0.362
4705.000 0.364
4710.000 0.368
4715.000 0.370
4720.000 0.373
4725.000 0.377
4730.000 0.381
4735.000 0.386
4740.000 0.390
4745.000 0.393
4750.000 0.399
4755.000 0.399
4760.000 0.404
4765.000 0.409
4770.000 0.413
4775.000 0.421
4780.000 0.427
4785.000 0.434
4790.000 0.441
4795.000 0.448
4800.000 0.456
4805.000 0.466
4810.000 0.475
4815.000 0.483
4820.000 0.496
4825.000 0.507
4830.000 0.522
4835.000 0.535
4840.000 0.552
4845.000 0.569
4850.000 0.587
4855.000 0.609
4860.000 0.633
4865.000 0.657
4870.000 0.689
4875.000 0.723
4880.000 0.723
4885.000 0.764
4890.000 0.809
4895.000 0.863
4900.000 0.926
4905.000 1.000
4910.000 1.085
4915.000 1.181
4920.000 1.280
4925.000 1.333
4930.000 1.433
4935.000 2.913
4940.000 9.614
4945.000 18.134
4950.000 14.985
4955.000 18.580
4960.000 17.392
4965.000 15.120
4970.000 7.247
4975.000 5.416
4980.000 4.590
4985.000 3.119
4990.000 2.587
4995.000 2.130
5000.000 1.739
5005.000 1.739
5010.000 1.443
5015.000 1.238
5020.000 1.069
5025.000 0.945
5030.000 0.838
5035.000 0.740
5040.000 0.674
5045.000 0.619
5050.000 0.568
5055.000 0.526
5060.000 0.486
5065.000 0.453
5070.000 0.423
5075.000 0.405
5080.000 0.385
5085.000 0.365
5090.000 0.350
5095.000 0.335
5100.000 0.322
5105.000 0.311
5110.000 0.301
5115.000 0.294
5120.000 0.283
5125.000 0.277
5130.000 0.277
5135.000 0.270
5140.000 0.265
5145.000 0.260
5150.000 0.256
5155.000 0.252
5160.000 0.248
5165.000 0.244
5170.000 0.242
5175.000 0.241
5180.000 0.238
5185.000 0.236
5190.000 0.235
5195.000 0.234
5200.000 0.234
5205.000 0.233
5210.000 0.232
5215.000 0.231
5220.000 0.233
5225.000 0.231
5230.000 0.233
5235.000 0.232
5240.000 0.232
5245.000 0.232
5250.000 0.233
5255.000 0.233
5260.000 0.234
5265.000 0.236
5270.000 0.236
5275.000 0.236
5280.000 0.236
5285.000 0.238
5290.000 0.241
5295.000 0.240
5300.000 0.241
5305.000 0.244
5310.000 0.244
5315.000 0.245
5320.000 0.248
5325.000 0.249
5330.000 0.250
5335.000 0.251
5340.000 0.253
5345.000 0.254
5350.000 0.255
5355.000 0.258
5360.000 0.259
5365.000 0.259
5370.000 0.259
5375.000 0.261
5380.000 0.262
5385.000 0.264
5390.000 0.266
5395.000 0.268
5400.000 0.267
5405.000 0.269
5410.000 0.269
5415.000 0.272
5420.000 0.272
5425.000 0.274
5430.000 0.276
5435.000 0.277
5440.000 0.276
5445.000 0.278
5450.000 0.278
5455.000 0.280
5460.000 0.281
5465.000 0.282
5470.000 0.282
5475.000 0.284
5480.000 0.285
5485.000 0.287
5490.000 0.287
5495.000 0.285
5500.000 0.287
5505.000 0.287
5510.000 0.288
5515.000 0.289
5520.000 0.292
5525.000 0.292
5530.000 0.293
5535.000 0.295
5540.000 0.296
5545.000 0.297
5550.000 0.295
5555.000 0.296
5560.000 0.296
5565.000 0.297
5570.000 0.296
5575.000 0.298
5580.000 0.298
5585.000 0.299
5590.000 0.300
5595.000 0.299
5600.000 0.301
5605.000 0.301
5610.000 0.301
5615.000 0.302
5620.000 0.302
5625.000 0.304
5630.000 0.304
5635.000 0.304
5640.000 0.303
5645.000 0.304
5650.000 0.306
5655.000 0.306
5660.000 0.307
5665.000 0.310
5670.000 0.307
5675.000 0.309
5680.000 0.310
5685.000 0.310
5690.000 0.311
5695.000 0.312
5700.000 0.313
5705.000 0.314
5710.000 0.313
5715.000 0.314
5720.000 0.315
5725.000 0.315
5730.000 0.315
5735.000 0.315
5740.000 0.317
5745.000 0.317
5750.000 0.317
5755.000 0.318
5760.000 0.320
5765.000 0.321
5770.000 0.321
5775.000 0.324
5780.000 0.324
5785.000 0.325
5790.000 0.326
5795.000 0.327
5800.000 0.328
5805.000 0.329
5810.000 0.331
5815.000 0.332
5820.000 0.332
5825.000 0.335
5830.000 0.336
5835.000 0.336
5840.000 0.337
5845.000 0.339
5850.000 0.341
5855.000 0.341
5860.000 0.345
5865.000 0.346
5870.000 0.347
5875.000 0.350
5880.000 0.351
5885.000 0.353
5890.000 0.355
5895.000 0.357
5900.000 0.360
5905.000 0.365
5910.000 0.366
5915.000 0.368
5920.000 0.368
5925.000 0.372
5930.000 0.375
5935.000 0.378
5940.000 0.380
5945.000 0.385
5950.000 0.389
5955.000 0.391
5960.000 0.391
5965.000 0.397
5970.000 0.399
5975.000 0.407
5980.000 0.407
5985.000 0.412
5990.000 0.416
5995.000 0.418
6000.000 0.417
6005.000 0.431
6010.000 0.430
6015.000 0.431
6020.000 0.433
6025.000 0.444
6030.000 0.454
6035.000 0.450
6040.000 0.461
6045.000 0.472
6050.000 0.477
6055.000 0.482
6060.000 0.484
6065.000 0.497
6070.000 0.501
6075.000 0.512
6080.000 0.522
6085.000 0.532
6090.000 0.546
6095.000 0.559
6100.000 0.573
6105.000 0.573
6110.000 0.588
6115.000 0.602
6120.000 0.623
6125.000 0.641
6130.000 0.662
6135.000 0.686
6140.000 0.711
6145.000 0.734
6150.000 0.752
6155.000 0.761
6160.000 0.744
6165.000 0.690
6170.000 0.558
6175.000 0.329
6180.000 0.506
6185.000 2.585
6190.000 6.322
6195.000 8.036
6200.000 6.375
6205.000 4.135
6210.000 2.376
6215.000 2.376
6220.000 2.438
6225.000 2.330
6230.000 2.245
6235.000 2.193
6240.000 2.129
6245.000 2.007
6250.000 1.849
6255.000 1.674
6260.000 1.503
6265.000 1.347
6270.000 1.208
6275.000 1.092
6280.000 0.992
6285.000 0.905
6290.000 0.835
6295.000 0.773
6300.000 0.724
6305.000 0.678
6310.000 0.639
6315.000 0.599
6320.000 0.592
6325.000 0.570
6330.000 0.543
6335.000 0.516
6340.000 0.516
6345.000 0.500
6350.000 0.477
6355.000 0.462
6360.000 0.450
6365.000 0.440
6370.000 0.432
6375.000 0.426
6380.000 0.420
6385.000 0.414
6390.000 0.412
6395.000 0.413
6400.000 0.409
6405.000 0.411
6410.000 0.413
6415.000 0.423
6420.000 0.427
6425.000 0.436
6430.000 0.447
6435.000 0.461
6440.000 0.480
6445.000 0.501
6450.000 0.532
6455.000 0.571
6460.000 0.622
6465.000 0.622
6470.000 0.693
6475.000 0.797
6480.000 0.951
6485.000 1.195
6490.000 1.571
6495.000 2.151
6500.000 2.997
6505.000 4.355
6510.000 6.658
6515.000 10.375
6520.000 15.604
6525.000 18.731
6530.000 11.481
6535.000 5.360
6540.000 2.996
6545.000 3.398
6550.000 2.267
6555.000 1.419
6560.000 1.290
6565.000 1.207
6570.000 1.037
6575.000 0.896
6580.000 0.814
6585.000 0.751
6590.000 0.751
6595.000 0.692
6600.000 0.639
6605.000 0.601
6610.000 0.569
6615.000 0.539
6620.000 0.513
6625.000 0.492
6630.000 0.473
6635.000 0.457
6640.000 0.441
6645.000 0.427
6650.000 0.418
6655.000 0.409
6660.000 0.401
6665.000 0.394
6670.000 0.388
6675.000 0.383
6680.000 0.378
6685.000 0.375
6690.000 0.371
6695.000 0.366
6700.000 0.366
6705.000 0.362
6710.000 0.361
6715.000 0.356
6720.000 0.354
6725.000 0.352
6730.000 0.350
6735.000 0.348
6740.000 0.346
6745.000 0.346
6750.000 0.344
6755.000 0.343
6760.000 0.342
6765.000 0.341
6770.000 0.340
6775.000 0.340
6780.000 0.339
6785.000 0.339
6790.000 0.337
6795.000 0.337
6800.000 0.336
6805.000 0.336
6810.000 0.335
6815.000 0.336
6820.000 0.336
6825.000 0.336
6830.000 0.334
6835.000 0.335
6840.000 0.335
6845.000 0.335
6850.000 0.336
6855.000 0.335
6860.000 0.336
6865.000 0.335
6870.000 0.337
6875.000 0.337
6880.000 0.338
6885.000 0.338
6890.000 0.336
6895.000 0.338
6900.000 0.338
6905.000 0.339
6910.000 0.339
6915.000 0.342
6920.000 0.341
6925.000 0.342
6930.000 0.342
6935.000 0.345
6940.000 0.344
6945.000 0.344
6950.000 0.344
6955.000 0.346
6960.000 0.347
6965.000 0.346
6970.000 0.349
6975.000 0.348
6980.000 0.353
6985.000 0.354
6990.000 0.357
6995.000 0.353
7000.000 0.351
7005.000 0.358
7010.000 0.362
7015.000 0.360
7020.000 0.362
7025.000 0.365
7030.000 0.359
7035.000 0.367
7040.000 0.362
7045.000 0.363
7050.000 0.365
7055.000 0.370
7060.000 0.377
7065.000 0.372
7070.000 0.378
7075.000 0.378
7080.000 0.378
7085.000 0.380
7090.000 0.381
7095.000 0.378
7100.000 0.383
7105.000 0.381
7110.000 0.386
7115.000 0.388
7120.000 0.389
7125.000 0.392
7130.000 0.394
7135.000 0.396
7140.000 0.399
7145.000 0.402
7150.000 0.403
7155.000 0.406
7160.000 0.412
7165.000 0.414
7170.000 0.417
7175.000 0.422
7180.000 0.425
7185.000 0.425
7190.000 0.430
7195.000 0.433
7200.000 0.436
7205.000 0.443
7210.000 0.446
7215.000 0.453
7220.000 0.459
7225.000 0.465
7230.000 0.473
7235.000 0.481
7240.000 0.488
7245.000 0.498
7250.000 0.508
7255.000 0.518
7260.000 0.532
7265.000 0.546
7270.000 0.560
7275.000 0.576
7280.000 0.596
7285.000 0.615
7290.000 0.639
7295.000 0.669
7300.000 0.701
7305.000 0.736
7310.000 0.785
7315.000 0.785
7320.000 0.840
7325.000 0.910
7330.000 1.001
7335.000 1.118
7340.000 1.278
7345.000 1.512
7350.000 1.850
7355.000 2.333
7360.000 2.994
7365.000 3.869
7370.000 5.090
7375.000 6.472
7380.000 8.183
7385.000 9.921
7390.000 11.014
7395.000 10.551
7400.000 8.396
7405.000 5.744
7410.000 3.237
7415.000 1.209
7420.000 0.107
7425.000 0.507
7430.000 0.592
7435.000 0.566
7440.000 0.566
7445.000 0.528
7450.000 0.492
7455.000 0.456
7460.000 0.427
7465.000 0.396
7470.000 0.377
7475.000 0.356
7480.000 0.338
7485.000 0.325
7490.000 0.313
7495.000 0.303
7500.000 0.295
7505.000 0.288
7510.000 0.281
7515.000 0.275
7520.000 0.272
7525.000 0.268
7530.000 0.265
7535.000 0.262
7540.000 0.261
7545.000 0.256
7550.000 0.257
7555.000 0.254
7560.000 0.255
7565.000 0.255
7570.000 0.254
7575.000 0.252
7580.000 0.252
7585.000 0.251
7590.000 0.253
7595.000 0.252
7600.000 0.252
7605.000 0.252
7610.000 0.253
7615.000 0.254
7620.000 0.255
7625.000 0.255
7630.000 0.255
7635.000 0.256
7640.000 0.257
7645.000 0.257
7650.000 0.258
7655.000 0.260
7660.000 0.260
7665.000 0.262
7670.000 0.262
7675.000 0.262
7680.000 0.264
7685.000 0.265
7690.000 0.267
7695.000 0.266
7700.000 0.268
7705.000 0.270
7710.000 0.273
7715.000 0.274
7720.000 0.275
7725.000 0.277
7730.000 0.278
7735.000 0.280
7740.000 0.282
7745.000 0.283
7750.000 0.286
7755.000 0.288
7760.000 0.290
7765.000 0.294
7770.000 0.294
7775.000 0.298
7780.000 0.299
7785.000 0.303
7790.000 0.306
7795.000 0.309
7800.000 0.309
7805.000 0.313
7810.000 0.315
7815.000 0.318
7820.000 0.321
7825.000 0.325
7830.000 0.329
7835.000 0.334
7840.000 0.338
7845.000 0.344
7850.000 0.349
7855.000 0.357
7860.000 0.363
7865.000 0.371
7870.000 0.378
7875.000 0.389
7880.000 0.398
7885.000 0.409
7890.000 0.421
7895.000 0.433
7900.000 0.449
7905.000 0.468
7910.000 0.491
7915.000 0.516
7920.000 0.546
7925.000 0.546
7930.000 0.584
7935.000 0.629
7940.000 0.685
7945.000 0.769
7950.000 0.883
7955.000 1.051
7960.000 1.309
7965.000 1.716
7970.000 2.393
7975.000 3.413
7980.000 4.906
7985.000 7.014
7990.000 9.763
7995.000 12.189
8000.000 10.528
8005.000 4.735
8010.000 6.508
8015.000 2.267
8020.000 1.834
8025.000 1.577
8030.000 1.317
8035.000 1.073
8040.000 0.903
8045.000 0.739
8050.000 0.739
8055.000 0.658
8060.000 0.591
8065.000 0.527
8070.000 0.479
8075.000 0.434
8080.000 0.401
8085.000 0.372
8090.000 0.349
8095.000 0.332
8100.000 0.313
8105.000 0.298
8110.000 0.285
8115.000 0.274
8120.000 0.264
8125.000 0.255
8130.000 0.246
8135.000 0.240
8140.000 0.234
8145.000 0.229
8150.000 0.224
8155.000 0.221
8160.000 0.221
8165.000 0.218
8170.000 0.215
8175.000 0.215
8180.000 0.211
8185.000 0.207
8190.000 0.207
8195.000 0.205
8200.000 0.203
8205.000 0.202
8210.000 0.201
8215.000 0.200
8220.000 0.198
8225.000 0.197
8230.000 0.197
8235.000 0.193
8240.000 0.195
8245.000 0.195
8250.000 0.195
8255.000 0.195
8260.000 0.194
8265.000 0.194
8270.000 0.193
8275.000 0.193
8280.000 0.192
8285.000 0.192
8290.000 0.193
8295.000 0.192
8300.000 0.193
8305.000 0.194
8310.000 0.194
8315.000 0.194
8320.000 0.196
8325.000 0.195
8330.000 0.199
8335.000 0.198
8340.000 0.199
8345.000 0.201
8350.000 0.202
8355.000 0.204
8360.000 0.205
8365.000 0.205
8370.000 0.208
8375.000 0.210
8380.000 0.214
8385.000 0.216
8390.000 0.218
8395.000 0.222
8400.000 0.225
8405.000 0.228
8410.000 0.228
8415.000 0.228
8420.000 0.231
8425.000 0.230
8430.000 0.231
8435.000 0.228
8440.000 0.222
8445.000 0.213
8450.000 0.203
8455.000 0.205
8460.000 0.282
8465.000 0.589
8470.000 1.795
8475.000 4.753
8480.000 6.749
8485.000 4.384
8490.000 2.954
8495.000 2.287
8500.000 2.785
8505.000 2.818
8510.000 2.894
8515.000 3.281
8520.000 3.703
8525.000 4.189
8530.000 4.751
8535.000 4.751
8540.000 5.450
8545.000 6.303
8550.000 7.363
8555.000 8.708
8560.000 10.383
8565.000 12.332
8570.000 14.273
8575.000 15.490
8580.000 15.407
8585.000 13.869
8590.000 11.807
8595.000 10.141
8600.000 8.717
8605.000 7.268
8610.000 5.645
8615.000 4.093
8620.000 2.781
8625.000 1.719
8630.000 1.507
8635.000 1.444
8640.000 1.378
8645.000 1.378
8650.000 1.307
8655.000 1.233
8660.000 1.168
8665.000 1.105
8670.000 1.044
8675.000 0.993
8680.000 0.947
8685.000 0.903
8690.000 0.864
8695.000 0.830
8700.000 0.798
8705.000 0.768
8710.000 0.747
8715.000 0.722
8720.000 0.703
8725.000 0.687
8730.000 0.670
8735.000 0.656
8740.000 0.638
8745.000 0.628
8750.000 0.620
8755.000 0.610
8760.000 0.601
8765.000 0.591
8770.000 0.591
8775.000 0.583
8780.000 0.577
8785.000 0.569
8790.000 0.565
8795.000 0.556
8800.000 0.552
8805.000 0.546
8810.000 0.540
8815.000 0.538
8820.000 0.536
8825.000 0.529
8830.000 0.524
8835.000 0.513
8840.000 0.524
8845.000 0.520
8850.000 0.513
8855.000 0.513
8860.000 0.510
8865.000 0.508
8870.000 0.506
8875.000 0.504
8880.000 0.501
8885.000 0.499
8890.000 0.496
8895.000 0.496
8900.000 0.495
8905.000 0.494
8910.000 0.492
8915.000 0.490
8920.000 0.487
8925.000 0.487
8930.000 0.488
8935.000 0.482
8940.000 0.484
8945.000 0.483
8950.000 0.479
8955.000 0.479
8960.000 0.478
8965.000 0.477
8970.000 0.476
8975.000 0.476
8980.000 0.477
8985.000 0.477
8990.000 0.475
8995.000 0.469
9000.000 0.472
9005.000 0.466
9010.000 0.468
9015.000 0.467
9020.000 0.467
9025.000 0.464
9030.000 0.463
9035.000 0.469
9040.000 0.464
9045.000 0.463
9050.000 0.464
9055.000 0.461
9060.000 0.462
9065.000 0.464
9070.000 0.460
9075.000 0.459
9080.000 0.459
9085.000 0.459
9090.000 0.458
9095.000 0.459
9100.000 0.456
9105.000 0.457
9110.000 0.457
9115.000 0.457
9120.000 0.456
9125.000 0.454
9130.000 0.453
9135.000 0.453
9140.000 0.453
9145.000 0.454
9150.000 0.455
9155.000 0.450
9160.000 0.450
9165.000 0.451
9170.000 0.450
9175.000 0.449
9180.000 0.450
9185.000 0.448
9190.000 0.446
9195.000 0.445
9200.000 0.446
9205.000 0.442
9210.000 0.443
9215.000 0.439
9220.000 0.439
9225.000 0.437
9230.000 0.435
9235.000 0.434
9240.000 0.432
9245.000 0.429
9250.000 0.426
9255.000 0.422
9260.000 0.422
9265.000 0.421
9270.000 0.418
9275.000 0.413
9280.000 0.408
9285.000 0.404
9290.000 0.398
9295.000 0.393
9300.000 0.386
9305.000 0.378
9310.000 0.370
9315.000 0.362
9320.000 0.350
9325.000 0.337
9330.000 0.322
9335.000 0.306
9340.000 0.288
9345.000 0.264
9350.000 0.236
9355.000 0.203
9360.000 0.160
9365.000 0.107
9370.000 0.037
9375.000 0.062
9380.000 0.205
9385.000 0.205
9390.000 0.447
9395.000 1.056
9400.000 2.644
9405.000 5.088
9410.000 6.387
9415.000 5.061
9420.000 4.913
9425.000 3.409
9430.000 3.519
9435.000 2.493
9440.000 2.325
9445.000 2.170
9450.000 2.050
9455.000 1.911
9460.000 1.803
9465.000 1.727
9470.000 1.666
9475.000 1.619
9480.000 1.571
9485.000 1.536
9490.000 1.511
9495.000 1.491
9500.000 1.472
9505.000 1.464
9510.000 1.464
9515.000 1.457
9520.000 1.455
9525.000 1.447
9530.000 1.444
9535.000 1.436
9540.000 1.430
9545.000 1.430
9550.000 1.428
9555.000 1.429
9560.000 1.436
9565.000 1.439
9570.000 1.445
9575.000 1.458
9580.000 1.471
9585.000 1.487
9590.000 1.508
9595.000 1.534
9600.000 1.563
9605.000 1.603
9610.000 1.641
9615.000 1.678
9620.000 1.678
9625.000 1.752
9630.000 1.819
9635.000 1.900
9640.000 1.981
9645.000 2.084
9650.000 2.202
9655.000 2.341
9660.000 2.496
9665.000 2.679
9670.000 2.897
9675.000 3.146
9680.000 3.444
9685.000 3.804
9690.000 4.229
9695.000 4.747
9700.000 5.377
9705.000 6.151
9710.000 7.075
9715.000 8.168
9720.000 9.423
9725.000 10.751
9730.000 12.016
9735.000 12.889
9740.000 12.943
9745.000 12.943
9750.000 11.867
9755.000 9.841
9760.000 7.867
9765.000 6.252
9770.000 4.992
9775.000 4.016
9780.000 3.240
9785.000 2.598
9790.000 2.036
9795.000 1.564
9800.000 1.272
9805.000 1.127
9810.000 0.991
9815.000 0.902
9820.000 0.845
9825.000 0.785
9830.000 0.723
9835.000 0.667
9840.000 0.614
9845.000 0.567
9850.000 0.524
9855.000 0.484
9860.000 0.448
9865.000 0.418
9870.000 0.418
9875.000 0.389
9880.000 0.364
9885.000 0.341
9890.000 0.318
9895.000 0.299
9900.000 0.283
9905.000 0.266
9910.000 0.252
9915.000 0.240
9920.000 0.227
9925.000 0.216
9930.000 0.207
9935.000 0.198
9940.000 0.188
9945.000 0.182
9950.000 0.174
9955.000 0.169
9960.000 0.162
9965.000 0.159
9970.000 0.154
9975.000 0.153
9980.000 0.148
9985.000 0.145
9990.000 0.147
9995.000 0.147
10000.000 0.143
10005.000 0.144
10010.000 0.144
10015.000 0.149
10020.000 0.155
10025.000 0.157
10030.000 0.166
10035.000 0.180
10040.000 0.193
10045.000 0.210
10050.000 0.238
10055.000 0.273
10060.000 0.326
10065.000 0.403
10070.000 0.527
10075.000 0.758
10080.000 1.348
10085.000 2.907
10090.000 5.089
10095.000 6.095
10100.000 3.510
10105.000 1.887
10110.000 1.432
10115.000 1.065
10120.000 1.054
10125.000 0.765
10130.000 0.618
10135.000 0.557
10140.000 0.505
10145.000 0.458
10150.000 0.409
10155.000 0.377
10160.000 0.348
10165.000 0.326
10170.000 0.307
10175.000 0.292
10180.000 0.277
10185.000 0.266
10190.000 0.256
10195.000 0.245
10200.000 0.236
10205.000 0.231
10210.000 0.224
10215.000 0.219
10220.000 0.215
10225.000 0.210
10230.000 0.210
10235.000 0.206
10240.000 0.202
10245.000 0.198
10250.000 0.196
10255.000 0.194
10260.000 0.190
10265.000 0.188
10270.000 0.186
10275.000 0.181
10280.000 0.181
10285.000 0.179
10290.000 0.177
10295.000 0.175
10300.000 0.174
10305.000 0.173
10310.000 0.171
10315.000 0.169
10320.000 0.168
10325.000 0.169
10330.000 0.166
10335.000 0.163
10340.000 0.163
10345.000 0.163
10350.000 0.163
10355.000 0.163
10360.000 0.161
10365.000 0.158
10370.000 0.160
10375.000 0.156
10380.000 0.156
10385.000 0.158
10390.000 0.154
10395.000 0.152
10400.000 0.150
10405.000 0.149
10410.000 0.152
10415.000 0.149
10420.000 0.149
10425.000 0.147
10430.000 0.146
10435.000 0.145
10440.000 0.144
10445.000 0.141
10450.000 0.143
10455.000 0.141
10460.000 0.139
10465.000 0.137
10470.000 0.135
10475.000 0.134
10480.000 0.134
10485.000 0.131
10490.000 0.130
10495.000 0.130
10500.000 0.129
10505.000 0.127
10510.000 0.124
10515.000 0.123
10520.000 0.120
10525.000 0.119
10530.000 0.117
10535.000 0.113
10540.000 0.111
10545.000 0.109
10550.000 0.108
10555.000 0.104
10560.000 0.101
10565.000 0.099
10570.000 0.096
10575.000 0.092
10580.000 0.089
10585.000 0.086
10590.000 0.082
10595.000 0.081
10600.000 0.076
10605.000 0.076
10610.000 0.071
10615.000 0.068
10620.000 0.065
10625.000 0.060
10630.000 0.055
10635.000 0.053
10640.000 0.047
10645.000 0.045
10650.000 0.039
10655.000 0.039
10660.000 0.037
10665.000 0.037
10670.000 0.041
10675.000 0.043
10680.000 0.066
10685.000 0.062
10690.000 0.073
10695.000 0.083
10700.000 0.095
10705.000 0.112
10710.000 0.134
10715.000 0.134
10720.000 0.157
10725.000 0.187
10730.000 0.221
10735.000 0.270
10740.000 0.336
10745.000 0.432
10750.000 0.595
10755.000 0.887
10760.000 1.330
10765.000 1.757
10770.000 1.806
10775.000 1.411
10780.000 1.074
10785.000 0.925
10790.000 0.769
10795.000 0.561
10800.000 0.455
10805.000 0.281
10810.000 0.365
10815.000 0.382
10820.000 0.416
10825.000 0.463
10830.000 0.520
10835.000 0.589
10840.000 0.589
10845.000 0.707
10850.000 0.901
10855.000 1.171
10860.000 1.522
10865.000 1.944
10870.000 2.460
10875.000 3.076
10880.000 3.786
10885.000 4.551
10890.000 5.349
10895.000 6.126
10900.000 6.720
10905.000 6.962
10910.000 6.750
10915.000 6.151
10920.000 5.452
10925.000 4.822
10930.000 4.292
10935.000 3.856
10940.000 3.497
10945.000 3.214
10950.000 3.005
10955.000 2.885
10960.000 2.832
10965.000 2.783
10970.000 2.783
10975.000 2.663
10980.000 2.504
10985.000 2.322
10990.000 2.140
10995.000 2.003
11000.000 1.899
11005.000 1.787
11010.000 1.684
11015.000 1.580
11020.000 1.489
11025.000 1.406
11030.000 1.327
11035.000 1.270
11040.000 1.203
11045.000 1.145
11050.000 1.107
11055.000 1.057
11060.000 1.017
11065.000 0.982
11070.000 0.947
11075.000 0.913
11080.000 0.886
11085.000 0.861
11090.000 0.844
11095.000 0.844
11100.000 0.826
11105.000 0.814
11110.000 0.804
11115.000 0.793
11120.000 0.782
11125.000 0.774
11130.000 0.767
11135.000 0.764
11140.000 0.753
11145.000 0.749
11150.000 0.742
11155.000 0.737
11160.000 0.734
11165.000 0.725
11170.000 0.720
11175.000 0.717
11180.000 0.711
11185.000 0.707
11190.000 0.700
11195.000 0.698
11200.000 0.693
11205.000 0.693
11210.000 0.692
11215.000 0.685
11220.000 0.682
11225.000 0.677
11230.000 0.676
11235.000 0.675
11240.000 0.676
11245.000 0.671
11250.000 0.672
11255.000 0.670
11260.000 0.668
11265.000 0.668
11270.000 0.667
11275.000 0.669
11280.000 0.668
11285.000 0.669
11290.000 0.670
11295.000 0.668
11300.000 0.664
11305.000 0.663
11310.000 0.657
11315.000 0.657
11320.000 0.656
11325.000 0.651
11330.000 0.651
11335.000 0.650
11340.000 0.646
11345.000 0.652
11350.000 0.648
11355.000 0.646
11360.000 0.644
11365.000 0.648
11370.000 0.646
11375.000 0.651
11380.000 0.654
11385.000 0.652
11390.000 0.654
11395.000 0.655
11400.000 0.653
11405.000 0.658
11410.000 0.655
11415.000 0.660
11420.000 0.661
11425.000 0.665
11430.000 0.667
11435.000 0.669
11440.000 0.670
11445.000 0.676
11450.000 0.678
11455.000 0.678
11460.000 0.683
11465.000 0.689
11470.000 0.692
11475.000 0.698
11480.000 0.705
11485.000 0.712
11490.000 0.716
11495.000 0.715
11500.000 0.717
11505.000 0.723
11510.000 0.728
11515.000 0.736
11520.000 0.742
11525.000 0.753
11530.000 0.756
11535.000 0.771
11540.000 0.785
11545.000 0.798
11550.000 0.814
11555.000 0.831
11560.000 0.851
11565.000 0.877
11570.000 0.905
11575.000 0.940
11580.000 0.940
11585.000 0.981
11590.000 1.046
11595.000 1.125
11600.000 1.267
11605.000 1.470
11610.000 1.791
11615.000 2.314
11620.000 3.043
11625.000 3.656
11630.000 3.318
11635.000 1.587
11640.000 0.687
11645.000 0.684
11650.000 0.039
11655.000 0.087
11660.000 0.187
11665.000 0.245
11670.000 0.280
11675.000 0.313
11680.000 0.337
11685.000 0.355
11690.000 0.355
11695.000 0.371
11700.000 0.391
11705.000 0.415
11710.000 0.441
11715.000 0.466
11720.000 0.489
11725.000 0.513
11730.000 0.534
11735.000 0.558
11740.000 0.649
11745.000 0.763
11750.000 0.782
11755.000 0.795
11760.000 0.804
11765.000 0.774
11770.000 0.753
11775.000 0.733
11780.000 0.716
11785.000 0.702
11790.000 0.691
11795.000 0.677
11800.000 0.672
11805.000 0.843
11810.000 0.878
11815.000 0.878
11820.000 0.884
11825.000 0.892
11830.000 0.911
11835.000 0.918
11840.000 0.890
11845.000 0.871
11850.000 0.852
11855.000 0.841
11860.000 0.832
11865.000 0.829
11870.000 0.828
11875.000 0.831
11880.000 0.839
11885.000 0.856
11890.000 0.886
11895.000 0.929
11900.000 0.971
11905.000 1.006
11910.000 1.054
11915.000 1.114
11920.000 1.204
11925.000 1.332
11930.000 1.520
11935.000 1.791
11940.000 1.791
11945.000 2.144
11950.000 2.415
11955.000 2.119
11960.000 0.972
11965.000 0.468
11970.000 0.692
11975.000 0.883
11980.000 1.048
11985.000 1.313
11990.000 1.585
11995.000 1.863
12000.000 2.150
