105.000 0.069
110.000 0.044
115.000 0.031
120.000 2.375
125.000 2.375
130.000 2.922
135.000 3.269
140.000 3.586
145.000 3.696
150.000 3.777
155.000 3.807
160.000 3.766
165.000 3.748
170.000 3.685
175.000 3.620
180.000 3.601
185.000 3.502
190.000 3.465
195.000 3.449
200.000 3.538
205.000 3.485
210.000 3.485
215.000 3.559
220.000 3.608
225.000 3.715
230.000 3.753
235.000 3.793
240.000 3.887
245.000 3.933
250.000 4.005
255.000 4.056
260.000 4.126
265.000 4.172
270.000 4.204
275.000 4.267
280.000 4.391
285.000 4.432
290.000 4.439
295.000 4.518
300.000 4.604
305.000 4.642
310.000 4.724
315.000 4.796
320.000 4.893
325.000 5.010
330.000 5.116
335.000 5.116
340.000 5.256
345.000 5.371
350.000 5.575
355.000 5.794
360.000 5.991
365.000 6.243
370.000 6.492
375.000 6.786
380.000 7.075
385.000 7.380
390.000 7.747
395.000 8.083
400.000 8.434
405.000 8.770
410.000 9.039
415.000 9.294
420.000 9.472
425.000 9.516
430.000 9.483
435.000 9.328
440.000 9.052
445.000 8.719
450.000 8.248
455.000 7.798
460.000 7.798
465.000 7.343
470.000 6.854
475.000 6.389
480.000 5.946
485.000 5.555
490.000 5.152
495.000 4.807
500.000 4.470
505.000 4.154
510.000 3.866
515.000 3.574
520.000 3.299
525.000 3.055
530.000 2.826
535.000 2.621
540.000 2.427
545.000 2.273
550.000 2.127
555.000 1.987
560.000 1.855
565.000 1.756
570.000 1.756
575.000 1.670
580.000 1.566
585.000 1.480
590.000 1.409
595.000 1.332
600.000 1.270
605.000 1.193
610.000 1.130
615.000 1.072
620.000 1.009
625.000 0.938
630.000 0.884
635.000 0.831
640.000 0.784
645.000 0.738
650.000 0.693
655.000 0.660
660.000 0.625
665.000 0.588
670.000 0.561
675.000 0.537
680.000 0.512
685.000 0.493
690.000 0.482
695.000 0.482
700.000 0.471
705.000 0.461
710.000 0.456
715.000 0.447
720.000 0.438
725.000 0.427
730.000 0.433
735.000 0.420
740.000 0.414
745.000 0.402
750.000 0.399
755.000 0.395
760.000 0.390
765.000 0.387
770.000 0.385
775.000 0.376
780.000 0.366
785.000 0.370
790.000 0.364
795.000 0.362
800.000 0.363
805.000 0.364
810.000 0.357
815.000 0.358
820.000 0.358
825.000 0.350
830.000 0.348
835.000 0.341
840.000 0.345
845.000 0.344
850.000 0.337
855.000 0.339
860.000 0.336
865.000 0.338
870.000 0.336
875.000 0.332
880.000 0.329
885.000 0.336
890.000 0.331
895.000 0.326
900.000 0.318
905.000 0.321
910.000 0.322
915.000 0.324
920.000 0.321
925.000 0.318
930.000 0.321
935.000 0.324
940.000 0.319
945.000 0.319
950.000 0.319
955.000 0.324
960.000 0.319
965.000 0.318
970.000 0.318
975.000 0.314
980.000 0.323
985.000 0.316
990.000 0.335
995.000 0.322
1000.000 0.311
1005.000 0.324
1010.000 0.312
1015.000 0.306
1020.000 0.302
1025.000 0.312
1030.000 0.320
1035.000 0.309
1040.000 0.326
1045.000 0.323
1050.000 0.319
1055.000 0.320
1060.000 0.317
1065.000 0.311
1070.000 0.313
1075.000 0.312
1080.000 0.308
1085.000 0.311
1090.000 0.310
1095.000 0.316
1100.000 0.311
1105.000 0.314
1110.000 0.313
1115.000 0.317
1120.000 0.316
1125.000 0.315
1130.000 0.314
1135.000 0.314
1140.000 0.316
1145.000 0.312
1150.000 0.317
1155.000 0.314
1160.000 0.315
1165.000 0.316
1170.000 0.319
1175.000 0.315
1180.000 0.315
1185.000 0.317
1190.000 0.321
1195.000 0.317
1200.000 0.320
1205.000 0.318
1210.000 0.320
1215.000 0.319
1220.000 0.325
1225.000 0.321
1230.000 0.322
1235.000 0.322
1240.000 0.328
1245.000 0.328
1250.000 0.325
1255.000 0.325
1260.000 0.328
1265.000 0.329
1270.000 0.329
1275.000 0.333
1280.000 0.333
1285.000 0.335
1290.000 0.334
1295.000 0.336
1300.000 0.341
1305.000 0.341
1310.000 0.341
1315.000 0.341
1320.000 0.341
1325.000 0.345
1330.000 0.345
1335.000 0.346
1340.000 0.351
1345.000 0.353
1350.000 0.356
1355.000 0.353
1360.000 0.359
1365.000 0.353
1370.000 0.359
1375.000 0.359
1380.000 0.363
1385.000 0.364
1390.000 0.369
1395.000 0.370
1400.000 0.370
1405.000 0.375
1410.000 0.374
1415.000 0.378
1420.000 0.381
1425.000 0.382
1430.000 0.382
1435.000 0.383
1440.000 0.385
1445.000 0.391
1450.000 0.392
1455.000 0.395
1460.000 0.396
1465.000 0.396
1470.000 0.396
1475.000 0.394
1480.000 0.392
1485.000 0.393
1490.000 0.391
1495.000 0.387
1500.000 0.386
1505.000 0.383
1510.000 0.384
1515.000 0.384
1520.000 0.386
1525.000 0.395
1530.000 0.409
1535.000 0.410
1540.000 0.417
1545.000 0.428
1550.000 0.445
1555.000 0.444
1560.000 0.449
1565.000 0.456
1570.000 0.471
1575.000 0.476
1580.000 0.486
1585.000 0.500
1590.000 0.504
1595.000 0.518
1600.000 0.521
1605.000 0.533
1610.000 0.546
1615.000 0.558
1620.000 0.570
1625.000 0.579
1630.000 0.592
1635.000 0.604
1640.000 0.617
1645.000 0.629
1650.000 0.644
1655.000 0.656
1660.000 0.670
1665.000 0.670
1670.000 0.685
1675.000 0.702
1680.000 0.716
1685.000 0.735
1690.000 0.747
1695.000 0.771
1700.000 0.789
1705.000 0.808
1710.000 0.832
1715.000 0.848
1720.000 0.868
1725.000 0.887
1730.000 0.911
1735.000 0.931
1740.000 0.958
1745.000 0.980
1750.000 1.000
1755.000 1.025
1760.000 1.054
1765.000 1.080
1770.000 1.107
1775.000 1.136
1780.000 1.158
1785.000 1.184
1790.000 1.184
1795.000 1.213
1800.000 1.240
1805.000 1.267
1810.000 1.294
1815.000 1.320
1820.000 1.348
1825.000 1.369
1830.000 1.399
1835.000 1.415
1840.000 1.437
1845.000 1.458
1850.000 1.469
1855.000 1.483
1860.000 1.504
1865.000 1.524
1870.000 1.537
1875.000 1.546
1880.000 1.554
1885.000 1.560
1890.000 1.564
1895.000 1.565
1900.000 1.569
1905.000 1.568
1910.000 1.564
1915.000 1.568
1920.000 1.568
1925.000 1.566
1930.000 1.562
1935.000 1.558
1940.000 1.555
1945.000 1.543
1950.000 1.530
1955.000 1.531
1960.000 1.521
1965.000 1.518
1970.000 1.515
1975.000 1.503
1980.000 1.496
1985.000 1.497
1990.000 1.483
1995.000 1.470
2000.000 1.478
2005.000 1.463
2010.000 1.470
2015.000 1.472
2020.000 1.470
2025.000 1.453
2030.000 1.452
2035.000 1.452
2040.000 1.454
2045.000 1.454
2050.000 1.447
2055.000 1.447
2060.000 1.449
2065.000 1.436
2070.000 1.444
2075.000 1.438
2080.000 1.442
2085.000 1.450
2090.000 1.457
2095.000 1.467
2100.000 1.470
2105.000 1.478
2110.000 1.488
2115.000 1.497
2120.000 1.511
2125.000 1.525
2130.000 1.539
2135.000 1.555
2140.000 1.576
2145.000 1.597
2150.000 1.611
2155.000 1.611
2160.000 1.637
2165.000 1.664
2170.000 1.693
2175.000 1.728
2180.000 1.770
2185.000 1.814
2190.000 1.855
2195.000 1.913
2200.000 1.968
2205.000 2.025
2210.000 2.103
2215.000 2.187
2220.000 2.296
2225.000 2.431
2230.000 2.601
2235.000 2.821
2240.000 3.106
2245.000 3.480
2250.000 3.971
2255.000 4.666
2260.000 5.654
2265.000 7.054
2270.000 9.098
2275.000 11.928
2280.000 11.928
2285.000 15.583
2290.000 20.128
2295.000 25.352
2300.000 30.183
2305.000 30.597
2310.000 22.561
2315.000 18.657
2320.000 7.539
2325.000 6.849
2330.000 5.287
2335.000 3.959
2340.000 3.250
2345.000 2.662
2350.000 2.209
2355.000 1.846
2360.000 1.565
2365.000 1.346
2370.000 1.166
2375.000 1.019
2380.000 0.898
2385.000 0.794
2390.000 0.708
2395.000 0.634
2400.000 0.570
2405.000 0.570
2410.000 0.518
2415.000 0.469
2420.000 0.426
2425.000 0.386
2430.000 0.354
2435.000 0.325
2440.000 0.299
2445.000 0.275
2450.000 0.253
2455.000 0.237
2460.000 0.219
2465.000 0.205
2470.000 0.192
2475.000 0.178
2480.000 0.170
2485.000 0.161
2490.000 0.153
2495.000 0.145
2500.000 0.142
2505.000 0.137
2510.000 0.134
2515.000 0.133
2520.000 0.131
2525.000 0.130
2530.000 0.130
2535.000 0.129
2540.000 0.130
2545.000 0.131
2550.000 0.133
2555.000 0.134
2560.000 0.136
2565.000 0.137
2570.000 0.140
2575.000 0.144
2580.000 0.146
2585.000 0.151
2590.000 0.155
2595.000 0.157
2600.000 0.162
2605.000 0.164
2610.000 0.169
2615.000 0.173
2620.000 0.174
2625.000 0.179
2630.000 0.184
2635.000 0.189
2640.000 0.189
2645.000 0.194
2650.000 0.198
2655.000 0.203
2660.000 0.208
2665.000 0.214
2670.000 0.219
2675.000 0.222
2680.000 0.228
2685.000 0.232
2690.000 0.236
2695.000 0.241
2700.000 0.246
2705.000 0.253
2710.000 0.259
2715.000 0.265
2720.000 0.268
2725.000 0.275
2730.000 0.281
2735.000 0.286
2740.000 0.293
2745.000 0.298
2750.000 0.304
2755.000 0.309
2760.000 0.316
2765.000 0.316
2770.000 0.324
2775.000 0.330
2780.000 0.335
2785.000 0.342
2790.000 0.347
2795.000 0.354
2800.000 0.363
2805.000 0.367
2810.000 0.375
2815.000 0.380
2820.000 0.386
2825.000 0.394
2830.000 0.400
2835.000 0.405
2840.000 0.413
2845.000 0.417
2850.000 0.425
2855.000 0.431
2860.000 0.437
2865.000 0.445
2870.000 0.451
2875.000 0.460
2880.000 0.465
2885.000 0.472
2890.000 0.472
2895.000 0.477
2900.000 0.484
2905.000 0.490
2910.000 0.497
2915.000 0.503
2920.000 0.509
2925.000 0.513
2930.000 0.519
2935.000 0.523
2940.000 0.530
2945.000 0.533
2950.000 0.538
2955.000 0.541
2960.000 0.547
2965.000 0.553
2970.000 0.557
2975.000 0.558
2980.000 0.555
2985.000 0.555
2990.000 0.557
2995.000 0.565
3000.000 0.561
3005.000 0.567
3010.000 0.559
3015.000 0.559
3020.000 0.559
3025.000 0.563
3030.000 0.570
3035.000 0.570
3040.000 0.571
3045.000 0.564
3050.000 0.565
3055.000 0.563
3060.000 0.569
3065.000 0.571
3070.000 0.568
3075.000 0.566
3080.000 0.566
3085.000 0.567
3090.000 0.565
3095.000 0.569
3100.000 0.568
3105.000 0.572
3110.000 0.570
3115.000 0.569
3120.000 0.571
3125.000 0.571
3130.000 0.572
3135.000 0.571
3140.000 0.571
3145.000 0.572
3150.000 0.575
3155.000 0.574
3160.000 0.579
3165.000 0.580
3170.000 0.584
3175.000 0.584
3180.000 0.584
3185.000 0.587
3190.000 0.586
3195.000 0.588
3200.000 0.590
3205.000 0.592
3210.000 0.596
3215.000 0.599
3220.000 0.600
3225.000 0.602
3230.000 0.607
3235.000 0.609
3240.000 0.609
3245.000 0.613
3250.000 0.613
3255.000 0.618
3260.000 0.619
3265.000 0.622
3270.000 0.626
3275.000 0.630
3280.000 0.634
3285.000 0.638
3290.000 0.642
3295.000 0.646
3300.000 0.650
3305.000 0.656
3310.000 0.661
3315.000 0.666
3320.000 0.671
3325.000 0.678
3330.000 0.680
3335.000 0.686
3340.000 0.696
3345.000 0.701
3350.000 0.708
3355.000 0.716
3360.000 0.725
3365.000 0.731
3370.000 0.741
3375.000 0.741
3380.000 0.751
3385.000 0.756
3390.000 0.771
3395.000 0.778
3400.000 0.789
3405.000 0.800
3410.000 0.808
3415.000 0.831
3420.000 0.846
3425.000 0.856
3430.000 0.868
3435.000 0.880
3440.000 0.891
3445.000 0.908
3450.000 0.925
3455.000 0.943
3460.000 0.960
3465.000 0.980
3470.000 0.999
3475.000 1.020
3480.000 1.046
3485.000 1.069
3490.000 1.092
3495.000 1.118
3500.000 1.118
3505.000 1.147
3510.000 1.176
3515.000 1.207
3520.000 1.241
3525.000 1.274
3530.000 1.316
3535.000 1.362
3540.000 1.409
3545.000 1.460
3550.000 1.517
3555.000 1.579
3560.000 1.651
3565.000 1.732
3570.000 1.827
3575.000 1.938
3580.000 2.073
3585.000 2.235
3590.000 2.429
3595.000 2.667
3600.000 2.960
3605.000 3.313
3610.000 3.704
3615.000 3.704
3620.000 4.194
3625.000 4.819
3630.000 5.628
3635.000 6.682
3640.000 8.051
3645.000 9.816
3650.000 12.050
3655.000 14.868
3660.000 18.431
3665.000 22.930
3670.000 28.401
3675.000 34.500
3680.000 39.779
3685.000 41.286
3690.000 37.254
3695.000 24.715
3700.000 16.885
3705.000 12.991
3710.000 10.394
3715.000 8.435
3720.000 6.923
3725.000 5.802
3730.000 4.941
3735.000 4.265
3740.000 4.265
3745.000 3.726
3750.000 3.287
3755.000 2.928
3760.000 2.629
3765.000 2.378
3770.000 2.166
3775.000 1.991
3780.000 1.840
3785.000 1.708
3790.000 1.596
3795.000 1.494
3800.000 1.406
3805.000 1.328
3810.000 1.261
3815.000 1.198
3820.000 1.142
3825.000 1.091
3830.000 1.045
3835.000 1.004
3840.000 0.966
3845.000 0.931
3850.000 0.899
3855.000 0.869
3860.000 0.844
3865.000 0.844
3870.000 0.819
3875.000 0.795
3880.000 0.775
3885.000 0.755
3890.000 0.738
3895.000 0.721
3900.000 0.703
3905.000 0.690
3910.000 0.676
3915.000 0.663
3920.000 0.649
3925.000 0.638
3930.000 0.627
3935.000 0.615
3940.000 0.606
3945.000 0.594
3950.000 0.582
3955.000 0.574
3960.000 0.563
3965.000 0.559
3970.000 0.548
3975.000 0.546
3980.000 0.537
3985.000 0.529
3990.000 0.529
3995.000 0.526
4000.000 0.515
4005.000 0.509
4010.000 0.500
4015.000 0.502
4020.000 0.498
4025.000 0.492
4030.000 0.477
4035.000 0.484
4040.000 0.473
4045.000 0.469
4050.000 0.466
4055.000 0.459
4060.000 0.456
4065.000 0.454
4070.000 0.449
4075.000 0.441
4080.000 0.440
4085.000 0.436
4090.000 0.434
4095.000 0.431
4100.000 0.431
4105.000 0.428
4110.000 0.424
4115.000 0.422
4120.000 0.419
4125.000 0.417
4130.000 0.414
4135.000 0.412
4140.000 0.409
4145.000 0.407
4150.000 0.404
4155.000 0.402
4160.000 0.398
4165.000 0.397
4170.000 0.395
4175.000 0.392
4180.000 0.390
4185.000 0.387
4190.000 0.382
4195.000 0.380
4200.000 0.378
4205.000 0.374
4210.000 0.370
4215.000 0.370
4220.000 0.366
4225.000 0.366
4230.000 0.362
4235.000 0.361
4240.000 0.357
4245.000 0.355
4250.000 0.351
4255.000 0.349
4260.000 0.346
4265.000 0.343
4270.000 0.341
4275.000 0.339
4280.000 0.335
4285.000 0.332
4290.000 0.330
4295.000 0.326
4300.000 0.323
4305.000 0.321
4310.000 0.318
4315.000 0.315
4320.000 0.314
4325.000 0.315
4330.000 0.314
4335.000 0.314
4340.000 0.316
4345.000 0.317
4350.000 0.317
4355.000 0.320
4360.000 0.323
4365.000 0.323
4370.000 0.326
4375.000 0.328
4380.000 0.328
4385.000 0.331
4390.000 0.332
4395.000 0.335
4400.000 0.334
4405.000 0.336
4410.000 0.338
4415.000 0.340
4420.000 0.340
4425.000 0.343
4430.000 0.343
4435.000 0.347
4440.000 0.349
4445.000 0.350
4450.000 0.350
4455.000 0.349
4460.000 0.348
4465.000 0.350
4470.000 0.350
4475.000 0.350
4480.000 0.351
4485.000 0.353
4490.000 0.352
4495.000 0.356
4500.000 0.356
4505.000 0.358
4510.000 0.358
4515.000 0.361
4520.000 0.360
4525.000 0.363
4530.000 0.365
4535.000 0.365
4540.000 0.368
4545.000 0.367
4550.000 0.369
4555.000 0.372
4560.000 0.373
4565.000 0.375
4570.000 0.377
4575.000 0.377
4580.000 0.379
4585.000 0.379
4590.000 0.384
4595.000 0.383
4600.000 0.387
4605.000 0.389
4610.000 0.391
4615.000 0.394
4620.000 0.396
4625.000 0.401
4630.000 0.402
4635.000 0.405
4640.000 0.408
4645.000 0.411
4650.000 0.415
4655.000 0.417
4660.000 0.422
4665.000 0.426
4670.000 0.430
4675.000 0.434
4680.000 0.439
4685.000 0.443
4690.000 0.446
4695.000 0.452
4700.000 0.458
4705.000 0.463
4710.000 0.463
4715.000 0.469
4720.000 0.474
4725.000 0.482
4730.000 0.487
4735.000 0.492
4740.000 0.500
4745.000 0.510
4750.000 0.518
4755.000 0.528
4760.000 0.537
4765.000 0.547
4770.000 0.557
4775.000 0.567
4780.000 0.580
4785.000 0.593
4790.000 0.605
4795.000 0.621
4800.000 0.636
4805.000 0.654
4810.000 0.675
4815.000 0.696
4820.000 0.721
4825.000 0.745
4830.000 0.774
4835.000 0.774
4840.000 0.806
4845.000 0.839
4850.000 0.877
4855.000 0.922
4860.000 0.973
4865.000 1.035
4870.000 1.106
4875.000 1.191
4880.000 1.294
4885.000 1.423
4890.000 1.584
4895.000 1.785
4900.000 2.045
4905.000 2.386
4910.000 2.812
4915.000 3.306
4920.000 3.821
4925.000 4.360
4930.000 5.016
4935.000 7.268
4940.000 15.560
4945.000 25.479
4950.000 23.368
4955.000 28.080
4960.000 28.080
4965.000 24.735
4970.000 18.292
4975.000 10.466
4980.000 8.580
4985.000 6.766
4990.000 5.181
4995.000 4.093
5000.000 3.406
5005.000 2.861
5010.000 2.462
5015.000 2.130
5020.000 1.834
5025.000 1.626
5030.000 1.452
5035.000 1.307
5040.000 1.190
5045.000 1.099
5050.000 1.016
5055.000 0.941
5060.000 0.877
5065.000 0.831
5070.000 0.831
5075.000 0.775
5080.000 0.738
5085.000 0.702
5090.000 0.669
5095.000 0.643
5100.000 0.618
5105.000 0.596
5110.000 0.573
5115.000 0.556
5120.000 0.537
5125.000 0.524
5130.000 0.508
5135.000 0.496
5140.000 0.484
5145.000 0.475
5150.000 0.466
5155.000 0.458
5160.000 0.449
5165.000 0.445
5170.000 0.436
5175.000 0.432
5180.000 0.426
5185.000 0.422
5190.000 0.419
5195.000 0.419
5200.000 0.415
5205.000 0.412
5210.000 0.410
5215.000 0.407
5220.000 0.404
5225.000 0.404
5230.000 0.401
5235.000 0.400
5240.000 0.399
5245.000 0.397
5250.000 0.397
5255.000 0.397
5260.000 0.396
5265.000 0.397
5270.000 0.397
5275.000 0.396
5280.000 0.397
5285.000 0.397
5290.000 0.398
5295.000 0.399
5300.000 0.400
5305.000 0.400
5310.000 0.401
5315.000 0.402
5320.000 0.402
5325.000 0.404
5330.000 0.472
5335.000 0.467
5340.000 0.462
5345.000 0.456
5350.000 0.449
5355.000 0.448
5360.000 0.444
5365.000 0.443
5370.000 0.440
5375.000 0.438
5380.000 0.437
5385.000 0.436
5390.000 0.434
5395.000 0.432
5400.000 0.431
5405.000 0.431
5410.000 0.431
5415.000 0.430
5420.000 0.431
5425.000 0.430
5430.000 0.430
5435.000 0.430
5440.000 0.431
5445.000 0.431
5450.000 0.431
5455.000 0.431
5460.000 0.431
5465.000 0.431
5470.000 0.432
5475.000 0.432
5480.000 0.432
5485.000 0.432
5490.000 0.431
5495.000 0.433
5500.000 0.434
5505.000 0.434
5510.000 0.434
5515.000 0.436
5520.000 0.436
5525.000 0.439
5530.000 0.438
5535.000 0.450
5540.000 0.452
5545.000 0.451
5550.000 0.451
5555.000 0.449
5560.000 0.449
5565.000 0.447
5570.000 0.445
5575.000 0.444
5580.000 0.444
5585.000 0.442
5590.000 0.443
5595.000 0.444
5600.000 0.444
5605.000 0.445
5610.000 0.446
5615.000 0.447
5620.000 0.449
5625.000 0.449
5630.000 0.451
5635.000 0.451
5640.000 0.452
5645.000 0.453
5650.000 0.455
5655.000 0.457
5660.000 0.458
5665.000 0.460
5670.000 0.460
5675.000 0.460
5680.000 0.463
5685.000 0.463
5690.000 0.465
5695.000 0.466
5700.000 0.467
5705.000 0.469
5710.000 0.470
5715.000 0.473
5720.000 0.475
5725.000 0.476
5730.000 0.480
5735.000 0.482
5740.000 0.483
5745.000 0.485
5750.000 0.486
5755.000 0.488
5760.000 0.492
5765.000 0.494
5770.000 0.497
5775.000 0.499
5780.000 0.504
5785.000 0.504
5790.000 0.509
5795.000 0.512
5800.000 0.514
5805.000 0.518
5810.000 0.518
5815.000 0.523
5820.000 0.526
5825.000 0.531
5830.000 0.535
5835.000 0.539
5840.000 0.543
5845.000 0.547
5850.000 0.553
5855.000 0.559
5860.000 0.564
5865.000 0.570
5870.000 0.576
5875.000 0.581
5880.000 0.588
5885.000 0.595
5890.000 0.602
5895.000 0.610
5900.000 0.616
5905.000 0.625
5910.000 0.631
5915.000 0.638
5920.000 0.648
5925.000 0.656
5930.000 0.665
5935.000 0.665
5940.000 0.679
5945.000 0.685
5950.000 0.698
5955.000 0.710
5960.000 0.719
5965.000 0.732
5970.000 0.748
5975.000 0.759
5980.000 0.780
5985.000 0.797
5990.000 0.816
5995.000 0.828
6000.000 0.847
6005.000 0.875
6010.000 0.899
6015.000 0.920
6020.000 0.951
6025.000 0.985
6030.000 1.011
6035.000 1.055
6040.000 1.088
6045.000 1.088
6050.000 1.131
6055.000 1.180
6060.000 1.235
6065.000 1.305
6070.000 1.371
6075.000 1.455
6080.000 1.511
6085.000 1.582
6090.000 1.659
6095.000 1.738
6100.000 1.833
6105.000 1.950
6110.000 2.094
6115.000 2.254
6120.000 2.445
6125.000 2.687
6130.000 2.992
6135.000 3.381
6140.000 3.890
6145.000 4.562
6150.000 5.444
6155.000 6.692
6160.000 8.274
6165.000 10.369
6170.000 10.369
6175.000 12.858
6180.000 15.879
6185.000 18.801
6190.000 20.405
6195.000 19.489
6200.000 16.627
6205.000 13.763
6210.000 10.429
6215.000 7.547
6220.000 6.052
6225.000 5.008
6230.000 4.346
6235.000 3.881
6240.000 3.523
6245.000 3.214
6250.000 2.941
6255.000 2.691
6260.000 2.464
6265.000 2.262
6270.000 2.089
6275.000 1.941
6280.000 1.811
6285.000 1.700
6290.000 1.596
6295.000 1.596
6300.000 1.504
6305.000 1.423
6310.000 1.346
6315.000 1.287
6320.000 1.225
6325.000 1.182
6330.000 1.139
6335.000 1.090
6340.000 1.042
6345.000 0.998
6350.000 0.961
6355.000 0.932
6360.000 0.904
6365.000 0.882
6370.000 0.861
6375.000 0.842
6380.000 0.825
6385.000 0.814
6390.000 0.804
6395.000 0.793
6400.000 0.787
6405.000 0.780
6410.000 0.776
6415.000 0.775
6420.000 0.775
6425.000 0.777
6430.000 0.783
6435.000 0.791
6440.000 0.801
6445.000 0.817
6450.000 0.839
6455.000 0.864
6460.000 0.902
6465.000 0.951
6470.000 1.015
6475.000 1.099
6480.000 1.221
6485.000 1.407
6490.000 1.711
6495.000 2.247
6500.000 3.276
6505.000 5.440
6510.000 8.535
6515.000 12.979
6520.000 18.117
6525.000 18.948
6530.000 18.948
6535.000 7.549
6540.000 6.794
6545.000 1.388
6550.000 1.384
6555.000 1.014
6560.000 1.024
6565.000 1.043
6570.000 0.706
6575.000 0.653
6580.000 0.587
6585.000 0.524
6590.000 0.469
6595.000 0.432
6600.000 0.405
6605.000 0.381
6610.000 0.359
6615.000 0.345
6620.000 0.329
6625.000 0.317
6630.000 0.308
6635.000 0.299
6640.000 0.292
6645.000 0.286
6650.000 0.280
6655.000 0.280
6660.000 0.276
6665.000 0.271
6670.000 0.268
6675.000 0.265
6680.000 0.262
6685.000 0.261
6690.000 0.260
6695.000 0.257
6700.000 0.256
6705.000 0.255
6710.000 0.253
6715.000 0.253
6720.000 0.253
6725.000 0.252
6730.000 0.250
6735.000 0.250
6740.000 0.250
6745.000 0.249
6750.000 0.249
6755.000 0.247
6760.000 0.247
6765.000 0.247
6770.000 0.246
6775.000 0.246
6780.000 0.246
6785.000 0.246
6790.000 0.246
6795.000 0.245
6800.000 0.246
6805.000 0.246
6810.000 0.246
6815.000 0.245
6820.000 0.244
6825.000 0.245
6830.000 0.244
6835.000 0.246
6840.000 0.245
6845.000 0.246
6850.000 0.245
6855.000 0.245
6860.000 0.244
6865.000 0.244
6870.000 0.244
6875.000 0.245
6880.000 0.244
6885.000 0.245
6890.000 0.245
6895.000 0.244
6900.000 0.245
6905.000 0.245
6910.000 0.244
6915.000 0.244
6920.000 0.244
6925.000 0.244
6930.000 0.243
6935.000 0.245
6940.000 0.245
6945.000 0.245
6950.000 0.245
6955.000 0.243
6960.000 0.244
6965.000 0.247
6970.000 0.243
6975.000 0.248
6980.000 0.246
6985.000 0.245
6990.000 0.246
6995.000 0.249
7000.000 0.244
7005.000 0.251
7010.000 0.244
7015.000 0.244
7020.000 0.243
7025.000 0.244
7030.000 0.250
7035.000 0.246
7040.000 0.248
7045.000 0.244
7050.000 0.243
7055.000 0.244
7060.000 0.246
7065.000 0.248
7070.000 0.246
7075.000 0.246
7080.000 0.247
7085.000 0.247
7090.000 0.248
7095.000 0.249
7100.000 0.249
7105.000 0.250
7110.000 0.253
7115.000 0.252
7120.000 0.250
7125.000 0.251
7130.000 0.253
7135.000 0.253
7140.000 0.253
7145.000 0.256
7150.000 0.255
7155.000 0.256
7160.000 0.258
7165.000 0.258
7170.000 0.258
7175.000 0.261
7180.000 0.264
7185.000 0.264
7190.000 0.268
7195.000 0.269
7200.000 0.274
7205.000 0.274
7210.000 0.279
7215.000 0.283
7220.000 0.284
7225.000 0.291
7230.000 0.298
7235.000 0.303
7240.000 0.311
7245.000 0.319
7250.000 0.328
7255.000 0.338
7260.000 0.350
7265.000 0.363
7270.000 0.363
7275.000 0.375
7280.000 0.393
7285.000 0.414
7290.000 0.433
7295.000 0.459
7300.000 0.486
7305.000 0.518
7310.000 0.557
7315.000 0.601
7320.000 0.660
7325.000 0.729
7330.000 0.817
7335.000 0.932
7340.000 1.095
7345.000 1.320
7350.000 1.650
7355.000 2.152
7360.000 2.896
7365.000 3.884
7370.000 5.093
7375.000 6.256
7380.000 7.520
7385.000 8.510
7390.000 8.464
7395.000 8.464
7400.000 6.835
7405.000 5.078
7410.000 5.353
7415.000 6.012
7420.000 5.882
7425.000 5.239
7430.000 4.245
7435.000 3.525
7440.000 3.007
7445.000 2.600
7450.000 2.276
7455.000 2.009
7460.000 1.800
7465.000 1.624
7470.000 1.479
7475.000 1.365
7480.000 1.265
7485.000 1.182
7490.000 1.118
7495.000 1.052
7500.000 1.005
7505.000 1.005
7510.000 0.958
7515.000 0.923
7520.000 0.885
7525.000 0.851
7530.000 0.826
7535.000 0.799
7540.000 0.776
7545.000 0.757
7550.000 0.737
7555.000 0.720
7560.000 0.704
7565.000 0.690
7570.000 0.676
7575.000 0.664
7580.000 0.655
7585.000 0.644
7590.000 0.637
7595.000 0.625
7600.000 0.619
7605.000 0.610
7610.000 0.607
7615.000 0.600
7620.000 0.595
7625.000 0.589
7630.000 0.589
7635.000 0.586
7640.000 0.583
7645.000 0.578
7650.000 0.575
7655.000 0.572
7660.000 0.570
7665.000 0.570
7670.000 0.568
7675.000 0.566
7680.000 0.566
7685.000 0.566
7690.000 0.564
7695.000 0.561
7700.000 0.561
7705.000 0.561
7710.000 0.558
7715.000 0.557
7720.000 0.556
7725.000 0.554
7730.000 0.557
7735.000 0.558
7740.000 0.559
7745.000 0.562
7750.000 0.563
7755.000 0.563
7760.000 0.563
7765.000 0.566
7770.000 0.568
7775.000 0.569
7780.000 0.573
7785.000 0.576
7790.000 0.580
7795.000 0.582
7800.000 0.587
7805.000 0.589
7810.000 0.596
7815.000 0.597
7820.000 0.604
7825.000 0.610
7830.000 0.616
7835.000 0.623
7840.000 0.631
7845.000 0.641
7850.000 0.651
7855.000 0.659
7860.000 0.672
7865.000 0.685
7870.000 0.698
7875.000 0.715
7880.000 0.715
7885.000 0.733
7890.000 0.748
7895.000 0.777
7900.000 0.799
7905.000 0.831
7910.000 0.868
7915.000 0.914
7920.000 0.963
7925.000 1.027
7930.000 1.097
7935.000 1.178
7940.000 1.268
7945.000 1.396
7950.000 1.558
7955.000 1.800
7960.000 2.157
7965.000 2.699
7970.000 3.543
7975.000 4.870
7980.000 6.883
7985.000 9.755
7990.000 13.276
7995.000 13.678
8000.000 15.512
8005.000 10.413
8010.000 5.433
8015.000 5.006
8020.000 3.223
8025.000 1.721
8030.000 1.395
8035.000 0.995
8040.000 0.790
8045.000 0.640
8050.000 0.554
8055.000 0.470
8060.000 0.401
8065.000 0.351
8070.000 0.319
8075.000 0.292
8080.000 0.270
8085.000 0.254
8090.000 0.241
8095.000 0.231
8100.000 0.226
8105.000 0.220
8110.000 0.218
8115.000 0.218
8120.000 0.216
8125.000 0.214
8130.000 0.213
8135.000 0.213
8140.000 0.215
8145.000 0.216
8150.000 0.215
8155.000 0.216
8160.000 0.217
8165.000 0.220
8170.000 0.221
8175.000 0.222
8180.000 0.224
8185.000 0.226
8190.000 0.229
8195.000 0.231
8200.000 0.233
8205.000 0.235
8210.000 0.237
8215.000 0.240
8220.000 0.241
8225.000 0.243
8230.000 0.246
8235.000 0.248
8240.000 0.248
8245.000 0.251
8250.000 0.253
8255.000 0.256
8260.000 0.259
8265.000 0.260
8270.000 0.263
8275.000 0.264
8280.000 0.268
8285.000 0.270
8290.000 0.273
8295.000 0.275
8300.000 0.278
8305.000 0.279
8310.000 0.283
8315.000 0.287
8320.000 0.288
8325.000 0.292
8330.000 0.296
8335.000 0.299
8340.000 0.303
8345.000 0.307
8350.000 0.310
8355.000 0.315
8360.000 0.318
8365.000 0.318
8370.000 0.324
8375.000 0.330
8380.000 0.334
8385.000 0.343
8390.000 0.350
8395.000 0.357
8400.000 0.368
8405.000 0.375
8410.000 0.389
8415.000 0.401
8420.000 0.420
8425.000 0.441
8430.000 0.467
8435.000 0.502
8440.000 0.550
8445.000 0.617
8450.000 0.726
8455.000 0.916
8460.000 1.302
8465.000 2.185
8470.000 3.927
8475.000 5.685
8480.000 5.463
8485.000 1.819
8490.000 1.409
8495.000 1.662
8500.000 0.818
8505.000 0.449
8510.000 0.403
8515.000 0.370
8520.000 0.245
8525.000 0.267
8530.000 0.219
8535.000 0.188
8540.000 0.149
8545.000 0.094
8550.000 0.050
8555.000 0.132
8560.000 0.302
8565.000 0.556
8570.000 0.978
8575.000 1.738
8580.000 2.702
8585.000 3.355
8590.000 3.773
8595.000 4.147
8600.000 4.147
8605.000 4.405
8610.000 4.398
8615.000 4.124
8620.000 3.745
8625.000 3.236
8630.000 2.358
8635.000 1.588
8640.000 1.158
8645.000 0.872
8650.000 0.673
8655.000 0.531
8660.000 0.430
8665.000 0.358
8670.000 0.300
8675.000 0.259
8680.000 0.230
8685.000 0.208
8690.000 0.193
8695.000 0.183
8700.000 0.174
8705.000 0.168
8710.000 0.166
8715.000 0.161
8720.000 0.160
8725.000 0.160
8730.000 0.158
8735.000 0.160
8740.000 0.157
8745.000 0.166
8750.000 0.160
8755.000 0.162
8760.000 0.163
8765.000 0.164
8770.000 0.167
8775.000 0.168
8780.000 0.170
8785.000 0.172
8790.000 0.176
8795.000 0.177
8800.000 0.179
8805.000 0.181
8810.000 0.184
8815.000 0.184
8820.000 0.185
8825.000 0.190
8830.000 0.197
8835.000 0.189
8840.000 0.179
8845.000 0.187
8850.000 0.187
8855.000 0.193
8860.000 0.200
8865.000 0.201
8870.000 0.203
8875.000 0.205
8880.000 0.206
8885.000 0.209
8890.000 0.210
8895.000 0.211
8900.000 0.212
8905.000 0.212
8910.000 0.216
8915.000 0.216
8920.000 0.219
8925.000 0.219
8930.000 0.221
8935.000 0.220
8940.000 0.223
8945.000 0.223
8950.000 0.222
8955.000 0.224
8960.000 0.226
8965.000 0.228
8970.000 0.225
8975.000 0.225
8980.000 0.229
8985.000 0.231
8990.000 0.231
8995.000 0.233
9000.000 0.229
9005.000 0.234
9010.000 0.228
9015.000 0.228
9020.000 0.230
9025.000 0.229
9030.000 0.232
9035.000 0.234
9040.000 0.234
9045.000 0.231
9050.000 0.231
9055.000 0.230
9060.000 0.235
9065.000 0.230
9070.000 0.233
9075.000 0.233
9080.000 0.230
9085.000 0.230
9090.000 0.230
9095.000 0.230
9100.000 0.228
9105.000 0.232
9110.000 0.228
9115.000 0.228
9120.000 0.226
9125.000 0.227
9130.000 0.226
9135.000 0.223
9140.000 0.222
9145.000 0.224
9150.000 0.220
9155.000 0.219
9160.000 0.217
9165.000 0.216
9170.000 0.214
9175.000 0.212
9180.000 0.211
9185.000 0.209
9190.000 0.205
9195.000 0.202
9200.000 0.200
9205.000 0.195
9210.000 0.192
9215.000 0.192
9220.000 0.188
9225.000 0.184
9230.000 0.180
9235.000 0.175
9240.000 0.168
9245.000 0.164
9250.000 0.162
9255.000 0.153
9260.000 0.148
9265.000 0.141
9270.000 0.134
9275.000 0.128
9280.000 0.120
9285.000 0.112
9290.000 0.105
9295.000 0.098
9300.000 0.091
9305.000 0.087
9310.000 0.084
9315.000 0.086
9320.000 0.093
9325.000 0.106
9330.000 0.128
9335.000 0.158
9340.000 0.158
9345.000 0.200
9350.000 0.256
9355.000 0.337
9360.000 0.446
9365.000 0.596
9370.000 0.812
9375.000 1.135
9380.000 1.685
9385.000 2.646
9390.000 4.126
9395.000 6.085
9400.000 8.742
9405.000 11.544
9410.000 11.937
9415.000 6.634
9420.000 6.158
9425.000 3.728
9430.000 3.929
9435.000 2.876
9440.000 2.397
9445.000 2.146
9450.000 1.919
9455.000 1.701
9460.000 1.545
9465.000 1.545
9470.000 1.407
9475.000 1.295
9480.000 1.192
9485.000 1.118
9490.000 1.050
9495.000 0.995
9500.000 0.949
9505.000 0.906
9510.000 0.871
9515.000 0.839
9520.000 0.811
9525.000 0.792
9530.000 0.775
9535.000 0.763
9540.000 0.751
9545.000 0.741
9550.000 0.735
9555.000 0.731
9560.000 0.728
9565.000 0.726
9570.000 0.725
9575.000 0.725
9580.000 0.728
9585.000 0.730
9590.000 0.737
9595.000 0.744
9600.000 0.753
9605.000 0.761
9610.000 0.774
9615.000 0.789
9620.000 0.803
9625.000 0.826
9630.000 0.846
9635.000 0.867
9640.000 0.891
9645.000 0.917
9650.000 0.949
9655.000 0.984
9660.000 1.028
9665.000 1.072
9670.000 1.133
9675.000 1.196
9680.000 1.268
9685.000 1.362
9690.000 1.483
9695.000 1.642
9700.000 1.642
9705.000 1.858
9710.000 2.154
9715.000 2.556
9720.000 3.093
9725.000 3.786
9730.000 4.570
9735.000 5.284
9740.000 5.664
9745.000 5.457
9750.000 4.646
9755.000 3.657
9760.000 2.843
9765.000 2.255
9770.000 1.840
9775.000 1.535
9780.000 1.305
9785.000 1.099
9790.000 0.904
9795.000 0.712
9800.000 0.542
9805.000 0.440
9810.000 0.384
9815.000 0.328
9820.000 0.276
9825.000 0.276
9830.000 0.229
9835.000 0.217
9840.000 0.207
9845.000 0.200
9850.000 0.195
9855.000 0.190
9860.000 0.187
9865.000 0.187
9870.000 0.183
9875.000 0.180
9880.000 0.177
9885.000 0.174
9890.000 0.175
9895.000 0.174
9900.000 0.172
9905.000 0.169
9910.000 0.169
9915.000 0.168
9920.000 0.167
9925.000 0.164
9930.000 0.164
9935.000 0.163
9940.000 0.160
9945.000 0.158
9950.000 0.157
9955.000 0.155
9960.000 0.151
9965.000 0.151
9970.000 0.147
9975.000 0.147
9980.000 0.144
9985.000 0.140
9990.000 0.137
9995.000 0.132
10000.000 0.124
10005.000 0.122
10010.000 0.111
10015.000 0.103
10020.000 0.094
10025.000 0.083
10030.000 0.075
10035.000 0.058
10040.000 0.048
10045.000 0.040
10050.000 0.053
10055.000 0.088
10060.000 0.148
10065.000 0.230
10070.000 0.377
10075.000 0.705
10080.000 1.660
10085.000 3.662
10090.000 5.786
10095.000 6.278
10100.000 6.278
10105.000 2.461
10110.000 2.993
10115.000 1.204
10120.000 1.325
10125.000 1.082
10130.000 0.986
10135.000 0.930
10140.000 0.824
10145.000 0.758
10150.000 0.699
10155.000 0.648
10160.000 0.607
10165.000 0.572
10170.000 0.542
10175.000 0.516
10180.000 0.496
10185.000 0.477
10190.000 0.459
10195.000 0.445
10200.000 0.432
10205.000 0.423
10210.000 0.414
10215.000 0.407
10220.000 0.400
10225.000 0.400
10230.000 0.395
10235.000 0.387
10240.000 0.383
10245.000 0.379
10250.000 0.375
10255.000 0.371
10260.000 0.367
10265.000 0.365
10270.000 0.360
10275.000 0.357
10280.000 0.354
10285.000 0.350
10290.000 0.350
10295.000 0.347
10300.000 0.345
10305.000 0.342
10310.000 0.341
10315.000 0.338
10320.000 0.338
10325.000 0.334
10330.000 0.335
10335.000 0.334
10340.000 0.332
10345.000 0.332
10350.000 0.332
10355.000 0.332
10360.000 0.330
10365.000 0.331
10370.000 0.328
10375.000 0.329
10380.000 0.326
10385.000 0.330
10390.000 0.323
10395.000 0.325
10400.000 0.328
10405.000 0.326
10410.000 0.323
10415.000 0.324
10420.000 0.325
10425.000 0.327
10430.000 0.327
10435.000 0.325
10440.000 0.326
10445.000 0.324
10450.000 0.321
10455.000 0.320
10460.000 0.320
10465.000 0.318
10470.000 0.318
10475.000 0.318
10480.000 0.316
10485.000 0.317
10490.000 0.317
10495.000 0.315
10500.000 0.316
10505.000 0.316
10510.000 0.314
10515.000 0.314
10520.000 0.313
10525.000 0.315
10530.000 0.312
10535.000 0.315
10540.000 0.311
10545.000 0.312
10550.000 0.312
10555.000 0.314
10560.000 0.313
10565.000 0.314
10570.000 0.314
10575.000 0.314
10580.000 0.314
10585.000 0.314
10590.000 0.314
10595.000 0.315
10600.000 0.316
10605.000 0.317
10610.000 0.319
10615.000 0.319
10620.000 0.321
10625.000 0.322
10630.000 0.325
10635.000 0.326
10640.000 0.328
10645.000 0.333
10650.000 0.336
10655.000 0.339
10660.000 0.346
10665.000 0.351
10670.000 0.357
10675.000 0.366
10680.000 0.371
10685.000 0.392
10690.000 0.400
10695.000 0.419
10700.000 0.443
10705.000 0.469
10710.000 0.469
10715.000 0.497
10720.000 0.535
10725.000 0.584
10730.000 0.654
10735.000 0.765
10740.000 0.921
10745.000 1.163
10750.000 1.532
10755.000 2.031
10760.000 2.542
10765.000 2.734
10770.000 2.244
10775.000 1.316
10780.000 0.972
10785.000 1.136
10790.000 1.337
10795.000 1.182
10800.000 0.975
10805.000 0.693
10810.000 0.671
10815.000 0.640
10820.000 0.621
10825.000 0.622
10830.000 0.640
10835.000 0.674
10840.000 0.674
10845.000 0.743
10850.000 0.851
10855.000 1.011
10860.000 1.250
10865.000 1.586
10870.000 2.036
10875.000 2.602
10880.000 3.231
10885.000 3.924
10890.000 4.655
10895.000 5.337
10900.000 5.852
10905.000 6.039
10910.000 5.823
10915.000 5.306
10920.000 4.723
10925.000 4.178
10930.000 3.702
10935.000 3.303
10940.000 2.964
10945.000 2.673
10950.000 2.418
10955.000 2.176
10960.000 1.913
10965.000 1.881
10970.000 1.564
10975.000 1.193
10980.000 0.809
10985.000 0.547
10990.000 0.458
10995.000 0.468
11000.000 0.494
11005.000 0.517
11010.000 0.536
11015.000 0.550
11020.000 0.567
11025.000 0.581
11030.000 0.584
11035.000 0.591
11040.000 0.589
11045.000 0.585
11050.000 0.604
11055.000 0.616
11060.000 0.610
11065.000 0.599
11070.000 0.592
11075.000 0.592
11080.000 0.588
11085.000 0.589
11090.000 0.583
11095.000 0.580
11100.000 0.577
11105.000 0.571
11110.000 0.571
11115.000 0.570
11120.000 0.565
11125.000 0.564
11130.000 0.562
11135.000 0.560
11140.000 0.558
11145.000 0.558
11150.000 0.559
11155.000 0.556
11160.000 0.555
11165.000 0.555
11170.000 0.554
11175.000 0.552
11180.000 0.552
11185.000 0.553
11190.000 0.552
11195.000 0.550
11200.000 0.550
11205.000 0.550
11210.000 0.550
11215.000 0.551
11220.000 0.548
11225.000 0.550
11230.000 0.550
11235.000 0.551
11240.000 0.550
11245.000 0.549
11250.000 0.552
11255.000 0.556
11260.000 0.555
11265.000 0.557
11270.000 0.561
11275.000 0.560
11280.000 0.564
11285.000 0.568
11290.000 0.571
11295.000 0.571
11300.000 0.571
11305.000 0.572
11310.000 0.571
11315.000 0.576
11320.000 0.575
11325.000 0.575
11330.000 0.574
11335.000 0.578
11340.000 0.576
11345.000 0.582
11350.000 0.585
11355.000 0.585
11360.000 0.586
11365.000 0.588
11370.000 0.593
11375.000 0.595
11380.000 0.600
11385.000 0.601
11390.000 0.605
11395.000 0.607
11400.000 0.608
11405.000 0.612
11410.000 0.611
11415.000 0.616
11420.000 0.617
11425.000 0.623
11430.000 0.627
11435.000 0.632
11440.000 0.637
11445.000 0.641
11450.000 0.641
11455.000 0.646
11460.000 0.649
11465.000 0.654
11470.000 0.659
11475.000 0.671
11480.000 0.676
11485.000 0.685
11490.000 0.688
11495.000 0.690
11500.000 0.698
11505.000 0.704
11510.000 0.711
11515.000 0.721
11520.000 0.726
11525.000 0.741
11530.000 0.751
11535.000 0.770
11540.000 0.790
11545.000 0.807
11550.000 0.824
11555.000 0.845
11560.000 0.845
11565.000 0.868
11570.000 0.896
11575.000 0.933
11580.000 0.976
11585.000 1.038
11590.000 1.122
11595.000 1.241
11600.000 1.416
11605.000 1.700
11610.000 2.157
11615.000 2.864
11620.000 3.770
11625.000 4.402
11630.000 3.789
11635.000 1.543
11640.000 0.882
11645.000 0.676
11650.000 0.098
11655.000 0.052
11660.000 0.094
11665.000 0.175
11670.000 0.225
11675.000 0.260
11680.000 0.286
11685.000 0.286
11690.000 0.309
11695.000 0.325
11700.000 0.338
11705.000 0.349
11710.000 0.359
11715.000 0.374
11720.000 0.390
11725.000 0.405
11730.000 0.424
11735.000 0.446
11740.000 0.462
11745.000 0.482
11750.000 0.501
11755.000 0.522
11760.000 0.542
11765.000 0.559
11770.000 0.581
11775.000 0.591
11780.000 0.599
11785.000 0.605
11790.000 0.609
11795.000 0.615
11800.000 0.620
11805.000 0.627
11810.000 0.627
11815.000 0.631
11820.000 0.634
11825.000 0.641
11830.000 0.645
11835.000 0.651
11840.000 0.658
11845.000 0.666
11850.000 0.674
11855.000 0.684
11860.000 0.702
11865.000 0.719
11870.000 0.736
11875.000 0.758
11880.000 0.781
11885.000 0.814
11890.000 0.853
11895.000 0.900
11900.000 0.936
11905.000 0.967
11910.000 1.006
11915.000 1.063
11920.000 1.150
11925.000 1.277
11930.000 1.461
11935.000 1.461
11940.000 1.732
11945.000 2.057
11950.000 2.231
11955.000 1.672
11960.000 0.452
11965.000 0.636
11970.000 0.651
11975.000 0.854
11980.000 1.048
11985.000 1.276
11990.000 1.520
11995.000 1.763
12000.000 1.989
