105.000 0.017
110.000 0.030
115.000 0.121
120.000 2.107
125.000 2.107
130.000 2.744
135.000 3.186
140.000 3.471
145.000 3.644
150.000 3.765
155.000 3.758
160.000 3.766
165.000 3.746
170.000 3.633
175.000 3.578
180.000 3.614
185.000 3.500
190.000 3.443
195.000 3.466
200.000 3.429
205.000 3.484
210.000 3.513
215.000 3.595
220.000 3.615
225.000 3.694
230.000 3.775
235.000 3.835
240.000 3.901
245.000 3.974
250.000 3.974
255.000 4.019
260.000 4.073
265.000 4.090
270.000 4.227
275.000 4.238
280.000 4.303
285.000 4.376
290.000 4.365
295.000 4.441
300.000 4.508
305.000 4.587
310.000 4.632
315.000 4.737
320.000 4.811
325.000 4.944
330.000 5.027
335.000 5.158
340.000 5.306
345.000 5.494
350.000 5.674
355.000 5.872
360.000 5.872
365.000 6.098
370.000 6.404
375.000 6.635
380.000 6.938
385.000 7.274
390.000 7.625
395.000 7.990
400.000 8.325
405.000 8.648
410.000 8.934
415.000 9.185
420.000 9.316
425.000 9.425
430.000 9.367
435.000 9.284
440.000 9.053
445.000 8.681
450.000 8.257
455.000 7.802
460.000 7.336
465.000 6.865
470.000 6.400
475.000 5.958
480.000 5.561
485.000 5.561
490.000 5.180
495.000 4.819
500.000 4.477
505.000 4.151
510.000 3.874
515.000 3.574
520.000 3.307
525.000 3.044
530.000 2.838
535.000 2.627
540.000 2.455
545.000 2.295
550.000 2.143
555.000 2.014
560.000 1.873
565.000 1.774
570.000 1.688
575.000 1.584
580.000 1.510
585.000 1.420
590.000 1.353
595.000 1.273
600.000 1.228
605.000 1.158
610.000 1.093
615.000 1.093
620.000 1.043
625.000 0.977
630.000 0.917
635.000 0.868
640.000 0.824
645.000 0.769
650.000 0.725
655.000 0.678
660.000 0.648
665.000 0.605
670.000 0.578
675.000 0.562
680.000 0.524
685.000 0.506
690.000 0.490
695.000 0.473
700.000 0.466
705.000 0.449
710.000 0.447
715.000 0.433
720.000 0.432
725.000 0.419
730.000 0.418
735.000 0.408
740.000 0.408
745.000 0.405
750.000 0.400
755.000 0.398
760.000 0.396
765.000 0.383
770.000 0.388
775.000 0.380
780.000 0.368
785.000 0.371
790.000 0.362
795.000 0.360
800.000 0.357
805.000 0.358
810.000 0.356
815.000 0.355
820.000 0.350
825.000 0.349
830.000 0.349
835.000 0.344
840.000 0.341
845.000 0.344
850.000 0.344
855.000 0.337
860.000 0.332
865.000 0.334
870.000 0.330
875.000 0.331
880.000 0.327
885.000 0.327
890.000 0.325
895.000 0.327
900.000 0.324
905.000 0.327
910.000 0.320
915.000 0.319
920.000 0.320
925.000 0.321
930.000 0.319
935.000 0.319
940.000 0.322
945.000 0.317
950.000 0.316
955.000 0.313
960.000 0.314
965.000 0.323
970.000 0.310
975.000 0.310
980.000 0.315
985.000 0.322
990.000 0.320
995.000 0.316
1000.000 0.309
1005.000 0.320
1010.000 0.305
1015.000 0.307
1020.000 0.308
1025.000 0.305
1030.000 0.321
1035.000 0.309
1040.000 0.319
1045.000 0.319
1050.000 0.313
1055.000 0.316
1060.000 0.312
1065.000 0.310
1070.000 0.310
1075.000 0.312
1080.000 0.312
1085.000 0.313
1090.000 0.313
1095.000 0.309
1100.000 0.309
1105.000 0.309
1110.000 0.309
1115.000 0.306
1120.000 0.312
1125.000 0.315
1130.000 0.312
1135.000 0.311
1140.000 0.310
1145.000 0.316
1150.000 0.316
1155.000 0.311
1160.000 0.311
1165.000 0.315
1170.000 0.314
1175.000 0.314
1180.000 0.316
1185.000 0.318
1190.000 0.316
1195.000 0.316
1200.000 0.321
1205.000 0.318
1210.000 0.322
1215.000 0.319
1220.000 0.321
1225.000 0.321
1230.000 0.319
1235.000 0.322
1240.000 0.326
1245.000 0.324
1250.000 0.323
1255.000 0.323
1260.000 0.327
1265.000 0.330
1270.000 0.328
1275.000 0.328
1280.000 0.330
1285.000 0.329
1290.000 0.335
1295.000 0.333
1300.000 0.335
1305.000 0.333
1310.000 0.337
1315.000 0.341
1320.000 0.338
1325.000 0.343
1330.000 0.346
1335.000 0.346
1340.000 0.345
1345.000 0.351
1350.000 0.346
1355.000 0.349
1360.000 0.354
1365.000 0.355
1370.000 0.357
1375.000 0.357
1380.000 0.363
1385.000 0.362
1390.000 0.363
1395.000 0.365
1400.000 0.368
1405.000 0.370
1410.000 0.370
1415.000 0.376
1420.000 0.376
1425.000 0.380
1430.000 0.383
1435.000 0.384
1440.000 0.389
1445.000 0.392
1450.000 0.390
1455.000 0.393
1460.000 0.393
1465.000 0.391
1470.000 0.394
1475.000 0.391
1480.000 0.392
1485.000 0.388
1490.000 0.391
1495.000 0.388
1500.000 0.384
1505.000 0.381
1510.000 0.380
1515.000 0.381
1520.000 0.382
1525.000 0.393
1530.000 0.399
1535.000 0.410
1540.000 0.414
1545.000 0.425
1550.000 0.439
1555.000 0.444
1560.000 0.455
1565.000 0.470
1570.000 0.472
1575.000 0.481
1580.000 0.493
1585.000 0.493
1590.000 0.502
1595.000 0.511
1600.000 0.521
1605.000 0.536
1610.000 0.543
1615.000 0.554
1620.000 0.560
1625.000 0.575
1630.000 0.588
1635.000 0.599
1640.000 0.612
1645.000 0.622
1650.000 0.641
1655.000 0.654
1660.000 0.668
1665.000 0.684
1670.000 0.702
1675.000 0.714
1680.000 0.735
1685.000 0.750
1690.000 0.768
1695.000 0.786
1700.000 0.805
1705.000 0.827
1710.000 0.827
1715.000 0.848
1720.000 0.869
1725.000 0.893
1730.000 0.908
1735.000 0.932
1740.000 0.953
1745.000 0.980
1750.000 1.007
1755.000 1.032
1760.000 1.055
1765.000 1.082
1770.000 1.105
1775.000 1.137
1780.000 1.162
1785.000 1.191
1790.000 1.213
1795.000 1.242
1800.000 1.271
1805.000 1.295
1810.000 1.324
1815.000 1.350
1820.000 1.372
1825.000 1.400
1830.000 1.404
1835.000 1.425
1840.000 1.444
1845.000 1.466
1850.000 1.481
1855.000 1.496
1860.000 1.521
1865.000 1.535
1870.000 1.546
1875.000 1.560
1880.000 1.562
1885.000 1.569
1890.000 1.579
1895.000 1.582
1900.000 1.583
1905.000 1.585
1910.000 1.587
1915.000 1.592
1920.000 1.584
1925.000 1.580
1930.000 1.580
1935.000 1.570
1940.000 1.567
1945.000 1.567
1950.000 1.560
1955.000 1.552
1960.000 1.543
1965.000 1.539
1970.000 1.528
1975.000 1.527
1980.000 1.514
1985.000 1.508
1990.000 1.497
1995.000 1.490
2000.000 1.498
2005.000 1.482
2010.000 1.485
2015.000 1.485
2020.000 1.485
2025.000 1.469
2030.000 1.464
2035.000 1.471
2040.000 1.465
2045.000 1.455
2050.000 1.454
2055.000 1.461
2060.000 1.462
2065.000 1.455
2070.000 1.455
2075.000 1.465
2080.000 1.472
2085.000 1.476
2090.000 1.485
2095.000 1.482
2100.000 1.496
2105.000 1.500
2110.000 1.509
2115.000 1.519
2120.000 1.535
2125.000 1.552
2130.000 1.562
2135.000 1.577
2140.000 1.596
2145.000 1.616
2150.000 1.635
2155.000 1.657
2160.000 1.691
2165.000 1.721
2170.000 1.754
2175.000 1.790
2180.000 1.835
2185.000 1.879
2190.000 1.929
2195.000 1.929
2200.000 1.988
2205.000 2.049
2210.000 2.116
2215.000 2.205
2220.000 2.310
2225.000 2.438
2230.000 2.602
2235.000 2.809
2240.000 3.080
2245.000 3.439
2250.000 3.903
2255.000 4.560
2260.000 5.469
2265.000 6.764
2270.000 8.641
2275.000 11.286
2280.000 14.760
2285.000 19.097
2290.000 24.244
2295.000 29.515
2300.000 31.956
2305.000 26.992
2310.000 21.216
2315.000 9.347
2320.000 9.347
2325.000 8.019
2330.000 5.962
2335.000 4.366
2340.000 3.454
2345.000 2.885
2350.000 2.350
2355.000 1.969
2360.000 1.673
2365.000 1.435
2370.000 1.242
2375.000 1.080
2380.000 0.957
2385.000 0.848
2390.000 0.755
2395.000 0.677
2400.000 0.607
2405.000 0.550
2410.000 0.499
2415.000 0.456
2420.000 0.416
2425.000 0.381
2430.000 0.349
2435.000 0.349
2440.000 0.321
2445.000 0.297
2450.000 0.277
2455.000 0.256
2460.000 0.238
2465.000 0.224
2470.000 0.211
2475.000 0.197
2480.000 0.189
2485.000 0.178
2490.000 0.168
2495.000 0.162
2500.000 0.157
2505.000 0.152
2510.000 0.148
2515.000 0.146
2520.000 0.145
2525.000 0.144
2530.000 0.143
2535.000 0.143
2540.000 0.145
2545.000 0.145
2550.000 0.147
2555.000 0.149
2560.000 0.149
2565.000 0.151
2570.000 0.154
2575.000 0.157
2580.000 0.158
2585.000 0.164
2590.000 0.167
2595.000 0.171
2600.000 0.175
2605.000 0.177
2610.000 0.183
2615.000 0.186
2620.000 0.189
2625.000 0.193
2630.000 0.198
2635.000 0.203
2640.000 0.209
2645.000 0.212
2650.000 0.217
2655.000 0.222
2660.000 0.227
2665.000 0.234
2670.000 0.238
2675.000 0.243
2680.000 0.251
2685.000 0.251
2690.000 0.255
2695.000 0.261
2700.000 0.268
2705.000 0.272
2710.000 0.280
2715.000 0.284
2720.000 0.291
2725.000 0.296
2730.000 0.302
2735.000 0.310
2740.000 0.317
2745.000 0.324
2750.000 0.329
2755.000 0.335
2760.000 0.342
2765.000 0.348
2770.000 0.353
2775.000 0.361
2780.000 0.369
2785.000 0.377
2790.000 0.384
2795.000 0.392
2800.000 0.398
2805.000 0.406
2810.000 0.406
2815.000 0.412
2820.000 0.420
2825.000 0.427
2830.000 0.434
2835.000 0.440
2840.000 0.446
2845.000 0.454
2850.000 0.460
2855.000 0.468
2860.000 0.475
2865.000 0.483
2870.000 0.489
2875.000 0.496
2880.000 0.503
2885.000 0.509
2890.000 0.515
2895.000 0.522
2900.000 0.528
2905.000 0.536
2910.000 0.542
2915.000 0.547
2920.000 0.547
2925.000 0.553
2930.000 0.557
2935.000 0.560
2940.000 0.568
2945.000 0.575
2950.000 0.576
2955.000 0.580
2960.000 0.586
2965.000 0.595
2970.000 0.590
2975.000 0.595
2980.000 0.591
2985.000 0.589
2990.000 0.591
2995.000 0.596
3000.000 0.594
3005.000 0.598
3010.000 0.592
3015.000 0.593
3020.000 0.591
3025.000 0.596
3030.000 0.601
3035.000 0.596
3040.000 0.594
3045.000 0.594
3050.000 0.599
3055.000 0.597
3060.000 0.593
3065.000 0.599
3070.000 0.598
3075.000 0.601
3080.000 0.599
3085.000 0.600
3090.000 0.601
3095.000 0.600
3100.000 0.602
3105.000 0.601
3110.000 0.603
3115.000 0.605
3120.000 0.606
3125.000 0.610
3130.000 0.610
3135.000 0.613
3140.000 0.611
3145.000 0.617
3150.000 0.619
3155.000 0.619
3160.000 0.622
3165.000 0.625
3170.000 0.624
3175.000 0.627
3180.000 0.631
3185.000 0.633
3190.000 0.634
3195.000 0.637
3200.000 0.639
3205.000 0.639
3210.000 0.642
3215.000 0.645
3220.000 0.649
3225.000 0.653
3230.000 0.658
3235.000 0.659
3240.000 0.662
3245.000 0.665
3250.000 0.666
3255.000 0.672
3260.000 0.676
3265.000 0.677
3270.000 0.681
3275.000 0.687
3280.000 0.690
3285.000 0.696
3290.000 0.698
3295.000 0.698
3300.000 0.704
3305.000 0.710
3310.000 0.716
3315.000 0.720
3320.000 0.726
3325.000 0.732
3330.000 0.738
3335.000 0.747
3340.000 0.751
3345.000 0.759
3350.000 0.765
3355.000 0.773
3360.000 0.783
3365.000 0.791
3370.000 0.803
3375.000 0.811
3380.000 0.821
3385.000 0.830
3390.000 0.842
3395.000 0.854
3400.000 0.870
3405.000 0.870
3410.000 0.879
3415.000 0.896
3420.000 0.911
3425.000 0.926
3430.000 0.938
3435.000 0.949
3440.000 0.963
3445.000 0.977
3450.000 0.997
3455.000 1.016
3460.000 1.035
3465.000 1.055
3470.000 1.076
3475.000 1.099
3480.000 1.123
3485.000 1.150
3490.000 1.177
3495.000 1.207
3500.000 1.240
3505.000 1.274
3510.000 1.313
3515.000 1.349
3520.000 1.396
3525.000 1.446
3530.000 1.446
3535.000 1.495
3540.000 1.554
3545.000 1.616
3550.000 1.688
3555.000 1.769
3560.000 1.859
3565.000 1.965
3570.000 2.089
3575.000 2.237
3580.000 2.407
3585.000 2.613
3590.000 2.860
3595.000 3.143
3600.000 3.462
3605.000 3.828
3610.000 4.288
3615.000 4.858
3620.000 5.585
3625.000 6.532
3630.000 7.741
3635.000 9.293
3640.000 11.268
3645.000 13.725
3650.000 16.802
3655.000 16.802
3660.000 20.683
3665.000 25.535
3670.000 31.354
3675.000 37.758
3680.000 43.491
3685.000 47.313
3690.000 44.869
3695.000 25.964
3700.000 17.958
3705.000 13.612
3710.000 10.969
3715.000 8.965
3720.000 7.434
3725.000 6.247
3730.000 5.335
3735.000 4.616
3740.000 4.039
3745.000 3.568
3750.000 3.186
3755.000 2.867
3760.000 2.600
3765.000 2.374
3770.000 2.181
3775.000 2.014
3780.000 2.014
3785.000 1.873
3790.000 1.746
3795.000 1.637
3800.000 1.541
3805.000 1.455
3810.000 1.370
3815.000 1.304
3820.000 1.244
3825.000 1.190
3830.000 1.141
3835.000 1.099
3840.000 1.056
3845.000 1.017
3850.000 0.984
3855.000 0.952
3860.000 0.922
3865.000 0.896
3870.000 0.872
3875.000 0.848
3880.000 0.827
3885.000 0.805
3890.000 0.805
3895.000 0.786
3900.000 0.767
3905.000 0.753
3910.000 0.736
3915.000 0.721
3920.000 0.709
3925.000 0.696
3930.000 0.684
3935.000 0.669
3940.000 0.660
3945.000 0.651
3950.000 0.639
3955.000 0.628
3960.000 0.620
3965.000 0.612
3970.000 0.599
3975.000 0.595
3980.000 0.591
3985.000 0.583
3990.000 0.577
3995.000 0.564
4000.000 0.559
4005.000 0.549
4010.000 0.551
4015.000 0.551
4020.000 0.545
4025.000 0.540
4030.000 0.528
4035.000 0.526
4040.000 0.517
4045.000 0.518
4050.000 0.515
4055.000 0.509
4060.000 0.500
4065.000 0.498
4070.000 0.494
4075.000 0.492
4080.000 0.487
4085.000 0.484
4090.000 0.481
4095.000 0.476
4100.000 0.474
4105.000 0.471
4110.000 0.467
4115.000 0.464
4120.000 0.462
4125.000 0.459
4130.000 0.455
4135.000 0.454
4140.000 0.451
4145.000 0.451
4150.000 0.449
4155.000 0.447
4160.000 0.444
4165.000 0.441
4170.000 0.438
4175.000 0.438
4180.000 0.435
4185.000 0.432
4190.000 0.428
4195.000 0.428
4200.000 0.422
4205.000 0.417
4210.000 0.414
4215.000 0.412
4220.000 0.409
4225.000 0.405
4230.000 0.401
4235.000 0.398
4240.000 0.396
4245.000 0.393
4250.000 0.390
4255.000 0.386
4260.000 0.383
4265.000 0.381
4270.000 0.381
4275.000 0.378
4280.000 0.373
4285.000 0.372
4290.000 0.365
4295.000 0.362
4300.000 0.359
4305.000 0.354
4310.000 0.351
4315.000 0.348
4320.000 0.346
4325.000 0.345
4330.000 0.345
4335.000 0.345
4340.000 0.347
4345.000 0.349
4350.000 0.349
4355.000 0.353
4360.000 0.356
4365.000 0.357
4370.000 0.359
4375.000 0.361
4380.000 0.361
4385.000 0.363
4390.000 0.365
4395.000 0.369
4400.000 0.369
4405.000 0.371
4410.000 0.372
4415.000 0.374
4420.000 0.375
4425.000 0.377
4430.000 0.379
4435.000 0.381
4440.000 0.383
4445.000 0.385
4450.000 0.386
4455.000 0.386
4460.000 0.386
4465.000 0.388
4470.000 0.390
4475.000 0.390
4480.000 0.393
4485.000 0.394
4490.000 0.397
4495.000 0.396
4500.000 0.398
4505.000 0.398
4510.000 0.399
4515.000 0.402
4520.000 0.405
4525.000 0.406
4530.000 0.408
4535.000 0.411
4540.000 0.412
4545.000 0.414
4550.000 0.416
4555.000 0.419
4560.000 0.421
4565.000 0.423
4570.000 0.425
4575.000 0.427
4580.000 0.430
4585.000 0.433
4590.000 0.436
4595.000 0.440
4600.000 0.443
4605.000 0.448
4610.000 0.450
4615.000 0.452
4620.000 0.456
4625.000 0.460
4630.000 0.460
4635.000 0.464
4640.000 0.468
4645.000 0.472
4650.000 0.478
4655.000 0.481
4660.000 0.486
4665.000 0.493
4670.000 0.498
4675.000 0.504
4680.000 0.509
4685.000 0.515
4690.000 0.522
4695.000 0.527
4700.000 0.535
4705.000 0.540
4710.000 0.549
4715.000 0.557
4720.000 0.565
4725.000 0.575
4730.000 0.583
4735.000 0.595
4740.000 0.606
4745.000 0.618
4750.000 0.629
4755.000 0.629
4760.000 0.640
4765.000 0.654
4770.000 0.668
4775.000 0.685
4780.000 0.699
4785.000 0.716
4790.000 0.733
4795.000 0.755
4800.000 0.779
4805.000 0.803
4810.000 0.828
4815.000 0.855
4820.000 0.886
4825.000 0.921
4830.000 0.957
4835.000 1.001
4840.000 1.045
4845.000 1.099
4850.000 1.159
4855.000 1.228
4860.000 1.310
4865.000 1.310
4870.000 1.409
4875.000 1.525
4880.000 1.667
4885.000 1.844
4890.000 2.072
4895.000 2.365
4900.000 2.750
4905.000 3.247
4910.000 3.883
4915.000 4.676
4920.000 5.444
4925.000 6.379
4930.000 7.452
4935.000 9.798
4940.000 18.038
4945.000 29.648
4950.000 29.825
4955.000 33.782
4960.000 30.076
4965.000 21.981
4970.000 13.378
4975.000 10.489
4980.000 8.491
4985.000 6.457
4990.000 6.457
4995.000 5.276
5000.000 4.438
5005.000 3.729
5010.000 3.212
5015.000 2.813
5020.000 2.456
5025.000 2.191
5030.000 1.968
5035.000 1.775
5040.000 1.626
5045.000 1.503
5050.000 1.392
5055.000 1.298
5060.000 1.212
5065.000 1.140
5070.000 1.075
5075.000 1.025
5080.000 0.975
5085.000 0.930
5090.000 0.890
5095.000 0.857
5100.000 0.825
5105.000 0.797
5110.000 0.772
5115.000 0.772
5120.000 0.749
5125.000 0.728
5130.000 0.709
5135.000 0.692
5140.000 0.678
5145.000 0.664
5150.000 0.650
5155.000 0.640
5160.000 0.629
5165.000 0.619
5170.000 0.611
5175.000 0.604
5180.000 0.598
5185.000 0.590
5190.000 0.586
5195.000 0.580
5200.000 0.577
5205.000 0.573
5210.000 0.569
5215.000 0.567
5220.000 0.563
5225.000 0.562
5230.000 0.562
5235.000 0.558
5240.000 0.558
5245.000 0.558
5250.000 0.557
5255.000 0.556
5260.000 0.555
5265.000 0.555
5270.000 0.555
5275.000 0.555
5280.000 0.555
5285.000 0.555
5290.000 0.556
5295.000 0.557
5300.000 0.557
5305.000 0.557
5310.000 0.559
5315.000 0.561
5320.000 0.561
5325.000 0.563
5330.000 0.563
5335.000 0.564
5340.000 0.566
5345.000 0.567
5350.000 0.567
5355.000 0.566
5360.000 0.569
5365.000 0.569
5370.000 0.571
5375.000 0.572
5380.000 0.574
5385.000 0.576
5390.000 0.576
5395.000 0.578
5400.000 0.578
5405.000 0.578
5410.000 0.578
5415.000 0.582
5420.000 0.580
5425.000 0.583
5430.000 0.582
5435.000 0.581
5440.000 0.582
5445.000 0.584
5450.000 0.585
5455.000 0.584
5460.000 0.584
5465.000 0.586
5470.000 0.585
5475.000 0.585
5480.000 0.586
5485.000 0.585
5490.000 0.584
5495.000 0.585
5500.000 0.586
5505.000 0.586
5510.000 0.585
5515.000 0.586
5520.000 0.585
5525.000 0.589
5530.000 0.587
5535.000 0.598
5540.000 0.599
5545.000 0.598
5550.000 0.596
5555.000 0.594
5560.000 0.593
5565.000 0.591
5570.000 0.590
5575.000 0.591
5580.000 0.593
5585.000 0.594
5590.000 0.594
5595.000 0.597
5600.000 0.597
5605.000 0.597
5610.000 0.598
5615.000 0.599
5620.000 0.601
5625.000 0.602
5630.000 0.604
5635.000 0.604
5640.000 0.606
5645.000 0.608
5650.000 0.612
5655.000 0.612
5660.000 0.613
5665.000 0.613
5670.000 0.616
5675.000 0.619
5680.000 0.621
5685.000 0.623
5690.000 0.626
5695.000 0.629
5700.000 0.632
5705.000 0.634
5710.000 0.638
5715.000 0.640
5720.000 0.642
5725.000 0.642
5730.000 0.646
5735.000 0.649
5740.000 0.653
5745.000 0.656
5750.000 0.661
5755.000 0.665
5760.000 0.670
5765.000 0.674
5770.000 0.678
5775.000 0.683
5780.000 0.690
5785.000 0.691
5790.000 0.698
5795.000 0.704
5800.000 0.710
5805.000 0.716
5810.000 0.721
5815.000 0.727
5820.000 0.735
5825.000 0.741
5830.000 0.750
5835.000 0.750
5840.000 0.756
5845.000 0.764
5850.000 0.772
5855.000 0.781
5860.000 0.791
5865.000 0.801
5870.000 0.810
5875.000 0.818
5880.000 0.829
5885.000 0.841
5890.000 0.851
5895.000 0.864
5900.000 0.877
5905.000 0.889
5910.000 0.902
5915.000 0.917
5920.000 0.930
5925.000 0.945
5930.000 0.963
5935.000 0.979
5940.000 0.998
5945.000 1.016
5950.000 1.037
5955.000 1.059
5960.000 1.084
5965.000 1.084
5970.000 1.114
5975.000 1.137
5980.000 1.170
5985.000 1.207
5990.000 1.240
5995.000 1.273
6000.000 1.315
6005.000 1.361
6010.000 1.409
6015.000 1.453
6020.000 1.512
6025.000 1.583
6030.000 1.654
6035.000 1.720
6040.000 1.814
6045.000 1.910
6050.000 1.975
6055.000 2.044
6060.000 2.112
6065.000 2.204
6070.000 2.289
6075.000 2.395
6080.000 2.515
6085.000 2.653
6090.000 2.653
6095.000 2.813
6100.000 2.999
6105.000 3.219
6110.000 3.486
6115.000 3.810
6120.000 4.212
6125.000 4.721
6130.000 5.363
6135.000 6.183
6140.000 7.249
6145.000 8.625
6150.000 10.405
6155.000 12.689
6160.000 15.634
6165.000 19.205
6170.000 23.407
6175.000 28.038
6180.000 32.623
6185.000 35.982
6190.000 35.801
6195.000 28.964
6200.000 20.766
6205.000 16.732
6210.000 12.796
6215.000 12.796
6220.000 10.179
6225.000 8.370
6230.000 7.118
6235.000 6.207
6240.000 5.521
6245.000 4.966
6250.000 4.506
6255.000 4.103
6260.000 3.746
6265.000 3.435
6270.000 3.153
6275.000 2.912
6280.000 2.702
6285.000 2.488
6290.000 2.310
6295.000 2.162
6300.000 2.031
6305.000 1.914
6310.000 1.804
6315.000 1.723
6320.000 1.636
6325.000 1.636
6330.000 1.563
6335.000 1.503
6340.000 1.443
6345.000 1.388
6350.000 1.342
6355.000 1.301
6360.000 1.262
6365.000 1.227
6370.000 1.198
6375.000 1.170
6380.000 1.145
6385.000 1.122
6390.000 1.102
6395.000 1.086
6400.000 1.071
6405.000 1.058
6410.000 1.048
6415.000 1.044
6420.000 1.036
6425.000 1.036
6430.000 1.039
6435.000 1.042
6440.000 1.052
6445.000 1.066
6450.000 1.066
6455.000 1.082
6460.000 1.108
6465.000 1.140
6470.000 1.186
6475.000 1.252
6480.000 1.338
6485.000 1.458
6490.000 1.636
6495.000 1.926
6500.000 2.448
6505.000 3.549
6510.000 6.174
6515.000 11.226
6520.000 17.000
6525.000 19.469
6530.000 11.427
6535.000 3.910
6540.000 2.218
6545.000 2.472
6550.000 1.513
6555.000 0.791
6560.000 0.544
6565.000 0.547
6570.000 0.425
6575.000 0.425
6580.000 0.383
6585.000 0.361
6590.000 0.342
6595.000 0.329
6600.000 0.321
6605.000 0.313
6610.000 0.309
6615.000 0.306
6620.000 0.304
6625.000 0.300
6630.000 0.298
6635.000 0.296
6640.000 0.294
6645.000 0.293
6650.000 0.294
6655.000 0.291
6660.000 0.291
6665.000 0.290
6670.000 0.290
6675.000 0.290
6680.000 0.289
6685.000 0.289
6690.000 0.289
6695.000 0.289
6700.000 0.289
6705.000 0.289
6710.000 0.288
6715.000 0.290
6720.000 0.289
6725.000 0.290
6730.000 0.288
6735.000 0.290
6740.000 0.290
6745.000 0.290
6750.000 0.290
6755.000 0.292
6760.000 0.292
6765.000 0.292
6770.000 0.292
6775.000 0.295
6780.000 0.293
6785.000 0.294
6790.000 0.294
6795.000 0.293
6800.000 0.296
6805.000 0.296
6810.000 0.296
6815.000 0.296
6820.000 0.298
6825.000 0.299
6830.000 0.298
6835.000 0.300
6840.000 0.300
6845.000 0.300
6850.000 0.301
6855.000 0.303
6860.000 0.303
6865.000 0.305
6870.000 0.304
6875.000 0.308
6880.000 0.307
6885.000 0.308
6890.000 0.308
6895.000 0.311
6900.000 0.312
6905.000 0.312
6910.000 0.314
6915.000 0.314
6920.000 0.316
6925.000 0.319
6930.000 0.321
6935.000 0.321
6940.000 0.319
6945.000 0.323
6950.000 0.325
6955.000 0.327
6960.000 0.330
6965.000 0.331
6970.000 0.330
6975.000 0.336
6980.000 0.339
6985.000 0.339
6990.000 0.342
6995.000 0.345
7000.000 0.343
7005.000 0.353
7010.000 0.349
7015.000 0.352
7020.000 0.355
7025.000 0.363
7030.000 0.367
7035.000 0.367
7040.000 0.372
7045.000 0.379
7050.000 0.382
7055.000 0.384
7060.000 0.384
7065.000 0.389
7070.000 0.395
7075.000 0.401
7080.000 0.405
7085.000 0.411
7090.000 0.417
7095.000 0.423
7100.000 0.428
7105.000 0.436
7110.000 0.443
7115.000 0.452
7120.000 0.459
7125.000 0.468
7130.000 0.477
7135.000 0.486
7140.000 0.500
7145.000 0.509
7150.000 0.519
7155.000 0.532
7160.000 0.546
7165.000 0.558
7170.000 0.575
7175.000 0.589
7180.000 0.607
7185.000 0.607
7190.000 0.626
7195.000 0.646
7200.000 0.667
7205.000 0.691
7210.000 0.717
7215.000 0.741
7220.000 0.768
7225.000 0.793
7230.000 0.823
7235.000 0.854
7240.000 0.887
7245.000 0.926
7250.000 0.966
7255.000 1.009
7260.000 1.059
7265.000 1.112
7270.000 1.171
7275.000 1.252
7280.000 1.331
7285.000 1.421
7290.000 1.533
7295.000 1.533
7300.000 1.667
7305.000 1.826
7310.000 2.023
7315.000 2.281
7320.000 2.609
7325.000 3.037
7330.000 3.587
7335.000 4.306
7340.000 5.224
7345.000 6.354
7350.000 7.728
7355.000 9.326
7360.000 11.212
7365.000 13.566
7370.000 16.390
7375.000 19.526
7380.000 22.990
7385.000 26.078
7390.000 27.178
7395.000 24.720
7400.000 18.546
7405.000 13.965
7410.000 11.911
7415.000 10.767
7420.000 10.767
7425.000 9.623
7430.000 8.115
7435.000 6.865
7440.000 5.884
7445.000 5.099
7450.000 4.474
7455.000 3.981
7460.000 3.572
7465.000 3.235
7470.000 2.953
7475.000 2.723
7480.000 2.513
7485.000 2.343
7490.000 2.200
7495.000 2.079
7500.000 1.970
7505.000 1.872
7510.000 1.777
7515.000 1.690
7520.000 1.611
7525.000 1.538
7530.000 1.473
7535.000 1.416
7540.000 1.369
7545.000 1.369
7550.000 1.322
7555.000 1.278
7560.000 1.239
7565.000 1.205
7570.000 1.172
7575.000 1.143
7580.000 1.116
7585.000 1.089
7590.000 1.067
7595.000 1.046
7600.000 1.027
7605.000 1.007
7610.000 0.993
7615.000 0.976
7620.000 0.963
7625.000 0.948
7630.000 0.936
7635.000 0.924
7640.000 0.912
7645.000 0.903
7650.000 0.892
7655.000 0.883
7660.000 0.876
7665.000 0.868
7670.000 0.868
7675.000 0.859
7680.000 0.854
7685.000 0.849
7690.000 0.844
7695.000 0.837
7700.000 0.833
7705.000 0.828
7710.000 0.826
7715.000 0.827
7720.000 0.824
7725.000 0.823
7730.000 0.820
7735.000 0.820
7740.000 0.814
7745.000 0.813
7750.000 0.814
7755.000 0.813
7760.000 0.812
7765.000 0.809
7770.000 0.808
7775.000 0.811
7780.000 0.811
7785.000 0.811
7790.000 0.814
7795.000 0.813
7800.000 0.816
7805.000 0.819
7810.000 0.824
7815.000 0.827
7820.000 0.834
7825.000 0.836
7830.000 0.844
7835.000 0.849
7840.000 0.860
7845.000 0.868
7850.000 0.878
7855.000 0.890
7860.000 0.901
7865.000 0.914
7870.000 0.928
7875.000 0.950
7880.000 0.968
7885.000 0.991
7890.000 1.017
7895.000 1.044
7900.000 1.075
7905.000 1.113
7910.000 1.113
7915.000 1.156
7920.000 1.199
7925.000 1.244
7930.000 1.298
7935.000 1.367
7940.000 1.453
7945.000 1.568
7950.000 1.720
7955.000 1.936
7960.000 2.253
7965.000 2.760
7970.000 3.625
7975.000 5.103
7980.000 7.513
7985.000 10.897
7990.000 14.873
7995.000 17.824
8000.000 14.856
8005.000 5.060
8010.000 5.541
8015.000 2.976
8020.000 1.132
8025.000 0.966
8030.000 0.830
8035.000 0.830
8040.000 0.593
8045.000 0.477
8050.000 0.384
8055.000 0.328
8060.000 0.300
8065.000 0.284
8070.000 0.291
8075.000 0.290
8080.000 0.293
8085.000 0.304
8090.000 0.315
8095.000 0.323
8100.000 0.331
8105.000 0.340
8110.000 0.348
8115.000 0.355
8120.000 0.363
8125.000 0.371
8130.000 0.378
8135.000 0.387
8140.000 0.393
8145.000 0.399
8150.000 0.405
8155.000 0.410
8160.000 0.410
8165.000 0.418
8170.000 0.423
8175.000 0.432
8180.000 0.438
8185.000 0.446
8190.000 0.455
8195.000 0.461
8200.000 0.468
8205.000 0.477
8210.000 0.486
8215.000 0.493
8220.000 0.501
8225.000 0.510
8230.000 0.519
8235.000 0.526
8240.000 0.536
8245.000 0.544
8250.000 0.555
8255.000 0.563
8260.000 0.572
8265.000 0.585
8270.000 0.585
8275.000 0.596
8280.000 0.606
8285.000 0.621
8290.000 0.632
8295.000 0.645
8300.000 0.658
8305.000 0.672
8310.000 0.686
8315.000 0.703
8320.000 0.719
8325.000 0.737
8330.000 0.755
8335.000 0.776
8340.000 0.794
8345.000 0.818
8350.000 0.843
8355.000 0.871
8360.000 0.893
8365.000 0.915
8370.000 0.940
8375.000 0.965
8380.000 0.990
8385.000 1.021
8390.000 1.053
8395.000 1.053
8400.000 1.087
8405.000 1.126
8410.000 1.169
8415.000 1.219
8420.000 1.274
8425.000 1.339
8430.000 1.418
8435.000 1.520
8440.000 1.649
8445.000 1.824
8450.000 2.079
8455.000 2.489
8460.000 3.173
8465.000 4.351
8470.000 5.965
8475.000 6.676
8480.000 3.946
8485.000 2.408
8490.000 2.230
8495.000 2.789
8500.000 2.562
8505.000 2.643
8510.000 2.773
8515.000 2.966
8520.000 2.966
8525.000 3.554
8530.000 4.193
8535.000 5.039
8540.000 6.103
8545.000 7.386
8550.000 8.890
8555.000 10.592
8560.000 12.477
8565.000 14.346
8570.000 15.813
8575.000 16.129
8580.000 14.623
8585.000 11.363
8590.000 8.343
8595.000 6.362
8600.000 5.316
8605.000 4.956
8610.000 4.900
8615.000 4.876
8620.000 4.627
8625.000 4.016
8630.000 3.387
8635.000 2.919
8640.000 2.557
8645.000 2.557
8650.000 2.268
8655.000 2.030
8660.000 1.834
8665.000 1.679
8670.000 1.544
8675.000 1.430
8680.000 1.335
8685.000 1.245
8690.000 1.168
8695.000 1.100
8700.000 1.033
8705.000 0.972
8710.000 0.910
8715.000 0.857
8720.000 0.807
8725.000 0.764
8730.000 0.725
8735.000 0.688
8740.000 0.657
8745.000 0.631
8750.000 0.598
8755.000 0.573
8760.000 0.549
8765.000 0.547
8770.000 0.525
8775.000 0.506
8780.000 0.488
8785.000 0.472
8790.000 0.456
8795.000 0.442
8800.000 0.427
8805.000 0.414
8810.000 0.403
8815.000 0.392
8820.000 0.379
8825.000 0.372
8830.000 0.363
8835.000 0.367
8840.000 0.345
8845.000 0.340
8850.000 0.334
8855.000 0.320
8860.000 0.314
8865.000 0.308
8870.000 0.303
8875.000 0.296
8880.000 0.296
8885.000 0.290
8890.000 0.285
8895.000 0.278
8900.000 0.275
8905.000 0.269
8910.000 0.266
8915.000 0.262
8920.000 0.258
8925.000 0.254
8930.000 0.251
8935.000 0.246
8940.000 0.244
8945.000 0.239
8950.000 0.236
8955.000 0.235
8960.000 0.230
8965.000 0.232
8970.000 0.225
8975.000 0.226
8980.000 0.222
8985.000 0.219
8990.000 0.220
8995.000 0.218
9000.000 0.213
9005.000 0.213
9010.000 0.214
9015.000 0.213
9020.000 0.211
9025.000 0.210
9030.000 0.207
9035.000 0.207
9040.000 0.204
9045.000 0.207
9050.000 0.206
9055.000 0.206
9060.000 0.200
9065.000 0.199
9070.000 0.202
9075.000 0.202
9080.000 0.202
9085.000 0.200
9090.000 0.201
9095.000 0.199
9100.000 0.201
9105.000 0.201
9110.000 0.200
9115.000 0.202
9120.000 0.202
9125.000 0.203
9130.000 0.203
9135.000 0.204
9140.000 0.207
9145.000 0.207
9150.000 0.209
9155.000 0.211
9160.000 0.213
9165.000 0.216
9170.000 0.216
9175.000 0.220
9180.000 0.221
9185.000 0.226
9190.000 0.230
9195.000 0.233
9200.000 0.237
9205.000 0.241
9210.000 0.247
9215.000 0.250
9220.000 0.257
9225.000 0.263
9230.000 0.270
9235.000 0.279
9240.000 0.286
9245.000 0.294
9250.000 0.304
9255.000 0.304
9260.000 0.317
9265.000 0.329
9270.000 0.343
9275.000 0.357
9280.000 0.373
9285.000 0.391
9290.000 0.410
9295.000 0.436
9300.000 0.461
9305.000 0.491
9310.000 0.527
9315.000 0.570
9320.000 0.618
9325.000 0.668
9330.000 0.727
9335.000 0.794
9340.000 0.879
9345.000 0.987
9350.000 1.128
9355.000 1.318
9360.000 1.588
9365.000 1.588
9370.000 1.995
9375.000 2.632
9380.000 3.638
9385.000 5.094
9390.000 6.980
9395.000 9.449
9400.000 12.784
9405.000 16.250
9410.000 16.945
9415.000 10.268
9420.000 5.591
9425.000 4.174
9430.000 3.740
9435.000 2.619
9440.000 2.039
9445.000 1.700
9450.000 1.439
9455.000 1.206
9460.000 1.046
9465.000 0.906
9470.000 0.795
9475.000 0.702
9480.000 0.624
9485.000 0.559
9490.000 0.501
9495.000 0.501
9500.000 0.453
9505.000 0.401
9510.000 0.364
9515.000 0.328
9520.000 0.297
9525.000 0.269
9530.000 0.240
9535.000 0.218
9540.000 0.193
9545.000 0.171
9550.000 0.153
9555.000 0.130
9560.000 0.112
9565.000 0.093
9570.000 0.072
9575.000 0.056
9580.000 0.039
9585.000 0.030
9590.000 0.033
9595.000 0.047
9600.000 0.065
9605.000 0.087
9610.000 0.111
9615.000 0.137
9620.000 0.137
9625.000 0.164
9630.000 0.193
9635.000 0.223
9640.000 0.256
9645.000 0.294
9650.000 0.333
9655.000 0.379
9660.000 0.429
9665.000 0.488
9670.000 0.556
9675.000 0.638
9680.000 0.738
9685.000 0.870
9690.000 1.046
9695.000 1.304
9700.000 1.690
9705.000 2.272
9710.000 3.128
9715.000 4.240
9720.000 5.513
9725.000 6.795
9730.000 7.964
9735.000 8.798
9740.000 9.018
9745.000 9.018
9750.000 8.416
9755.000 6.974
9760.000 5.677
9765.000 4.612
9770.000 3.738
9775.000 3.041
9780.000 2.544
9785.000 2.273
9790.000 2.241
9795.000 2.448
9800.000 2.869
9805.000 3.352
9810.000 3.529
9815.000 3.336
9820.000 3.017
9825.000 2.716
9830.000 2.458
9835.000 2.237
9840.000 2.046
9845.000 1.882
9850.000 1.737
9855.000 1.737
9860.000 1.614
9865.000 1.500
9870.000 1.407
9875.000 1.323
9880.000 1.250
9885.000 1.184
9890.000 1.127
9895.000 1.077
9900.000 1.036
9905.000 1.006
9910.000 0.974
9915.000 0.944
9920.000 0.914
9925.000 0.887
9930.000 0.861
9935.000 0.836
9940.000 0.815
9945.000 0.792
9950.000 0.771
9955.000 0.750
9960.000 0.735
9965.000 0.716
9970.000 0.698
9975.000 0.681
9980.000 0.681
9985.000 0.666
9990.000 0.652
9995.000 0.632
10000.000 0.617
10005.000 0.603
10010.000 0.585
10015.000 0.563
10020.000 0.544
10025.000 0.528
10030.000 0.508
10035.000 0.478
10040.000 0.458
10045.000 0.427
10050.000 0.389
10055.000 0.346
10060.000 0.288
10065.000 0.214
10070.000 0.126
10075.000 0.172
10080.000 0.476
10085.000 1.381
10090.000 4.056
10095.000 6.207
10100.000 4.356
10105.000 4.356
10110.000 3.031
10115.000 2.130
10120.000 2.283
10125.000 1.832
10130.000 1.583
10135.000 1.451
10140.000 1.368
10145.000 1.258
10150.000 1.180
10155.000 1.112
10160.000 1.053
10165.000 1.004
10170.000 0.964
10175.000 0.926
10180.000 0.899
10185.000 0.873
10190.000 0.855
10195.000 0.838
10200.000 0.824
10205.000 0.815
10210.000 0.802
10215.000 0.791
10220.000 0.785
10225.000 0.776
10230.000 0.776
10235.000 0.770
10240.000 0.762
10245.000 0.758
10250.000 0.752
10255.000 0.746
10260.000 0.741
10265.000 0.738
10270.000 0.735
10275.000 0.730
10280.000 0.726
10285.000 0.725
10290.000 0.723
10295.000 0.720
10300.000 0.720
10305.000 0.717
10310.000 0.717
10315.000 0.714
10320.000 0.715
10325.000 0.712
10330.000 0.712
10335.000 0.714
10340.000 0.714
10345.000 0.713
10350.000 0.715
10355.000 0.717
10360.000 0.717
10365.000 0.720
10370.000 0.718
10375.000 0.719
10380.000 0.721
10385.000 0.725
10390.000 0.720
10395.000 0.725
10400.000 0.728
10405.000 0.730
10410.000 0.737
10415.000 0.738
10420.000 0.740
10425.000 0.747
10430.000 0.750
10435.000 0.750
10440.000 0.750
10445.000 0.748
10450.000 0.750
10455.000 0.751
10460.000 0.752
10465.000 0.752
10470.000 0.755
10475.000 0.759
10480.000 0.765
10485.000 0.770
10490.000 0.775
10495.000 0.779
10500.000 0.779
10505.000 0.781
10510.000 0.786
10515.000 0.791
10520.000 0.794
10525.000 0.800
10530.000 0.805
10535.000 0.812
10540.000 0.816
10545.000 0.826
10550.000 0.830
10555.000 0.834
10560.000 0.844
10565.000 0.854
10570.000 0.861
10575.000 0.869
10580.000 0.880
10585.000 0.888
10590.000 0.888
10595.000 0.901
10600.000 0.912
10605.000 0.921
10610.000 0.939
10615.000 0.951
10620.000 0.966
10625.000 0.984
10630.000 1.002
10635.000 1.026
10640.000 1.048
10645.000 1.073
10650.000 1.102
10655.000 1.131
10660.000 1.165
10665.000 1.208
10670.000 1.250
10675.000 1.300
10680.000 1.351
10685.000 1.407
10690.000 1.478
10695.000 1.545
10700.000 1.638
10705.000 1.751
10710.000 1.905
10715.000 1.905
10720.000 2.099
10725.000 2.355
10730.000 2.708
10735.000 3.202
10740.000 3.902
10745.000 5.007
10750.000 6.317
10755.000 7.808
10760.000 9.122
10765.000 9.569
10770.000 8.147
10775.000 5.053
10780.000 2.973
10785.000 2.176
10790.000 1.859
10795.000 1.503
10800.000 1.050
10805.000 0.626
10810.000 0.448
10815.000 0.299
10820.000 0.178
10825.000 0.178
10830.000 0.103
10835.000 0.102
10840.000 0.149
10845.000 0.209
10850.000 0.267
10855.000 0.327
10860.000 0.388
10865.000 0.445
10870.000 0.513
10875.000 0.579
10880.000 0.661
10885.000 0.777
10890.000 0.913
10895.000 1.035
10900.000 1.087
10905.000 1.028
10910.000 0.889
10915.000 0.748
10920.000 0.656
10925.000 0.618
10930.000 0.627
10935.000 0.671
10940.000 0.740
10945.000 0.876
10950.000 0.876
10955.000 1.111
10960.000 1.437
10965.000 1.813
10970.000 2.159
10975.000 2.342
10980.000 2.269
10985.000 1.962
10990.000 1.599
10995.000 1.285
11000.000 1.033
11005.000 0.838
11010.000 0.683
11015.000 0.570
11020.000 0.478
11025.000 0.399
11030.000 0.343
11035.000 0.292
11040.000 0.251
11045.000 0.214
11050.000 0.183
11055.000 0.159
11060.000 0.138
11065.000 0.119
11070.000 0.104
11075.000 0.104
11080.000 0.094
11085.000 0.082
11090.000 0.075
11095.000 0.068
11100.000 0.067
11105.000 0.066
11110.000 0.066
11115.000 0.065
11120.000 0.068
11125.000 0.073
11130.000 0.076
11135.000 0.081
11140.000 0.085
11145.000 0.088
11150.000 0.093
11155.000 0.097
11160.000 0.101
11165.000 0.105
11170.000 0.110
11175.000 0.115
11180.000 0.119
11185.000 0.122
11190.000 0.126
11195.000 0.129
11200.000 0.129
11205.000 0.133
11210.000 0.136
11215.000 0.140
11220.000 0.143
11225.000 0.146
11230.000 0.150
11235.000 0.152
11240.000 0.157
11245.000 0.160
11250.000 0.163
11255.000 0.168
11260.000 0.169
11265.000 0.173
11270.000 0.176
11275.000 0.181
11280.000 0.184
11285.000 0.192
11290.000 0.194
11295.000 0.199
11300.000 0.200
11305.000 0.203
11310.000 0.207
11315.000 0.207
11320.000 0.209
11325.000 0.209
11330.000 0.212
11335.000 0.214
11340.000 0.216
11345.000 0.220
11350.000 0.224
11355.000 0.226
11360.000 0.228
11365.000 0.230
11370.000 0.231
11375.000 0.235
11380.000 0.239
11385.000 0.242
11390.000 0.244
11395.000 0.246
11400.000 0.250
11405.000 0.251
11410.000 0.254
11415.000 0.260
11420.000 0.263
11425.000 0.266
11430.000 0.269
11435.000 0.271
11440.000 0.271
11445.000 0.275
11450.000 0.279
11455.000 0.285
11460.000 0.289
11465.000 0.291
11470.000 0.299
11475.000 0.303
11480.000 0.309
11485.000 0.316
11490.000 0.322
11495.000 0.327
11500.000 0.331
11505.000 0.338
11510.000 0.344
11515.000 0.349
11520.000 0.359
11525.000 0.368
11530.000 0.376
11535.000 0.388
11540.000 0.404
11545.000 0.415
11550.000 0.435
11555.000 0.458
11560.000 0.486
11565.000 0.486
11570.000 0.517
11575.000 0.560
11580.000 0.613
11585.000 0.674
11590.000 0.749
11595.000 0.858
11600.000 1.015
11605.000 1.265
11610.000 1.662
11615.000 2.287
11620.000 3.159
11625.000 4.064
11630.000 4.289
11635.000 2.853
11640.000 0.972
11645.000 1.199
11650.000 0.502
11655.000 0.422
11660.000 0.279
11665.000 0.203
11670.000 0.154
11675.000 0.116
11680.000 0.100
11685.000 0.091
11690.000 0.091
11695.000 0.091
11700.000 0.094
11705.000 0.097
11710.000 0.101
11715.000 0.105
11720.000 0.106
11725.000 0.111
11730.000 0.114
11735.000 0.116
11740.000 0.120
11745.000 0.121
11750.000 0.124
11755.000 0.125
11760.000 0.127
11765.000 0.126
11770.000 0.127
11775.000 0.129
11780.000 0.131
11785.000 0.132
11790.000 0.131
11795.000 0.131
11800.000 0.131
11805.000 0.131
11810.000 0.130
11815.000 0.133
11820.000 0.133
11825.000 0.133
11830.000 0.135
11835.000 0.135
11840.000 0.135
11845.000 0.135
11850.000 0.136
11855.000 0.138
11860.000 0.139
11865.000 0.138
11870.000 0.140
11875.000 0.142
11880.000 0.145
11885.000 0.150
11890.000 0.153
11895.000 0.158
11900.000 0.162
11905.000 0.165
11910.000 0.169
11915.000 0.175
11920.000 0.176
11925.000 0.176
11930.000 0.178
11935.000 0.177
11940.000 0.167
11945.000 0.166
11950.000 0.264
11955.000 0.625
11960.000 1.128
11965.000 0.958
11970.000 0.943
11975.000 1.015
11980.000 1.149
11985.000 1.321
11990.000 1.531
11995.000 1.780
12000.000 2.059
