105.000 0.043
110.000 0.011
115.000 0.011
120.000 0.267
125.000 2.188
130.000 2.801
135.000 3.143
140.000 3.464
145.000 3.550
150.000 3.665
155.000 3.674
160.000 3.572
165.000 3.631
170.000 3.551
175.000 3.479
180.000 3.499
185.000 3.394
190.000 3.425
195.000 3.452
200.000 3.473
205.000 3.431
210.000 3.526
215.000 3.578
220.000 3.637
225.000 3.625
230.000 3.787
235.000 3.813
240.000 3.813
245.000 3.850
250.000 3.940
255.000 3.988
260.000 4.055
265.000 4.072
270.000 4.093
275.000 4.187
280.000 4.166
285.000 4.241
290.000 4.223
295.000 4.244
300.000 4.250
305.000 4.295
310.000 4.335
315.000 4.458
320.000 4.487
325.000 4.568
330.000 4.649
335.000 4.821
340.000 4.909
345.000 5.060
350.000 5.231
355.000 5.442
360.000 5.639
365.000 5.639
370.000 5.885
375.000 6.181
380.000 6.481
385.000 6.739
390.000 7.102
395.000 7.444
400.000 7.744
405.000 8.085
410.000 8.374
415.000 8.592
420.000 8.765
425.000 8.859
430.000 8.872
435.000 8.780
440.000 8.593
445.000 8.295
450.000 7.920
455.000 7.512
460.000 7.046
465.000 6.632
470.000 6.217
475.000 6.217
480.000 5.778
485.000 5.367
490.000 5.027
495.000 4.666
500.000 4.351
505.000 4.046
510.000 3.764
515.000 3.477
520.000 3.201
525.000 2.958
530.000 2.768
535.000 2.560
540.000 2.384
545.000 2.228
550.000 2.078
555.000 1.953
560.000 1.838
565.000 1.741
570.000 1.637
575.000 1.547
580.000 1.453
585.000 1.390
590.000 1.310
595.000 1.238
600.000 1.238
605.000 1.183
610.000 1.108
615.000 1.056
620.000 0.992
625.000 0.933
630.000 0.882
635.000 0.822
640.000 0.777
645.000 0.729
650.000 0.690
655.000 0.652
660.000 0.617
665.000 0.582
670.000 0.554
675.000 0.528
680.000 0.506
685.000 0.486
690.000 0.477
695.000 0.462
700.000 0.450
705.000 0.449
710.000 0.433
715.000 0.428
720.000 0.423
725.000 0.423
730.000 0.414
735.000 0.408
740.000 0.405
745.000 0.401
750.000 0.393
755.000 0.385
760.000 0.382
765.000 0.378
770.000 0.379
775.000 0.367
780.000 0.363
785.000 0.356
790.000 0.354
795.000 0.356
800.000 0.352
805.000 0.349
810.000 0.345
815.000 0.344
820.000 0.346
825.000 0.344
830.000 0.339
835.000 0.338
840.000 0.333
845.000 0.332
850.000 0.332
855.000 0.329
860.000 0.326
865.000 0.328
870.000 0.321
875.000 0.320
880.000 0.321
885.000 0.323
890.000 0.321
895.000 0.317
900.000 0.315
905.000 0.311
910.000 0.315
915.000 0.312
920.000 0.310
925.000 0.311
930.000 0.310
935.000 0.313
940.000 0.312
945.000 0.308
950.000 0.304
955.000 0.308
960.000 0.308
965.000 0.307
970.000 0.305
975.000 0.302
980.000 0.311
985.000 0.310
990.000 0.310
995.000 0.305
1000.000 0.299
1005.000 0.309
1010.000 0.297
1015.000 0.296
1020.000 0.297
1025.000 0.301
1030.000 0.311
1035.000 0.300
1040.000 0.307
1045.000 0.315
1050.000 0.307
1055.000 0.313
1060.000 0.295
1065.000 0.304
1070.000 0.298
1075.000 0.302
1080.000 0.304
1085.000 0.304
1090.000 0.300
1095.000 0.301
1100.000 0.305
1105.000 0.319
1110.000 0.313
1115.000 0.313
1120.000 0.301
1125.000 0.305
1130.000 0.301
1135.000 0.306
1140.000 0.304
1145.000 0.303
1150.000 0.305
1155.000 0.303
1160.000 0.304
1165.000 0.309
1170.000 0.309
1175.000 0.322
1180.000 0.319
1185.000 0.320
1190.000 0.314
1195.000 0.311
1200.000 0.308
1205.000 0.312
1210.000 0.311
1215.000 0.311
1220.000 0.309
1225.000 0.308
1230.000 0.311
1235.000 0.312
1240.000 0.314
1245.000 0.317
1250.000 0.327
1255.000 0.324
1260.000 0.321
1265.000 0.318
1270.000 0.320
1275.000 0.323
1280.000 0.322
1285.000 0.322
1290.000 0.326
1295.000 0.324
1300.000 0.325
1305.000 0.328
1310.000 0.333
1315.000 0.330
1320.000 0.330
1325.000 0.332
1330.000 0.332
1335.000 0.335
1340.000 0.335
1345.000 0.337
1350.000 0.337
1355.000 0.343
1360.000 0.342
1365.000 0.345
1370.000 0.352
1375.000 0.347
1380.000 0.353
1385.000 0.353
1390.000 0.353
1395.000 0.355
1400.000 0.357
1405.000 0.359
1410.000 0.361
1415.000 0.364
1420.000 0.368
1425.000 0.371
1430.000 0.375
1435.000 0.376
1440.000 0.376
1445.000 0.382
1450.000 0.382
1455.000 0.382
1460.000 0.382
1465.000 0.386
1470.000 0.385
1475.000 0.384
1480.000 0.382
1485.000 0.383
1490.000 0.376
1495.000 0.379
1500.000 0.369
1505.000 0.374
1510.000 0.371
1515.000 0.373
1520.000 0.376
1525.000 0.392
1530.000 0.411
1535.000 0.411
1540.000 0.414
1545.000 0.422
1550.000 0.431
1555.000 0.438
1560.000 0.451
1565.000 0.457
1570.000 0.470
1575.000 0.470
1580.000 0.479
1585.000 0.489
1590.000 0.499
1595.000 0.506
1600.000 0.519
1605.000 0.535
1610.000 0.543
1615.000 0.551
1620.000 0.565
1625.000 0.576
1630.000 0.585
1635.000 0.602
1640.000 0.615
1645.000 0.626
1650.000 0.641
1655.000 0.653
1660.000 0.671
1665.000 0.685
1670.000 0.699
1675.000 0.717
1680.000 0.735
1685.000 0.752
1690.000 0.779
1695.000 0.791
1700.000 0.791
1705.000 0.815
1710.000 0.832
1715.000 0.852
1720.000 0.877
1725.000 0.897
1730.000 0.918
1735.000 0.939
1740.000 0.962
1745.000 0.994
1750.000 1.010
1755.000 1.036
1760.000 1.062
1765.000 1.092
1770.000 1.123
1775.000 1.148
1780.000 1.179
1785.000 1.206
1790.000 1.230
1795.000 1.255
1800.000 1.286
1805.000 1.310
1810.000 1.339
1815.000 1.372
1820.000 1.390
1825.000 1.390
1830.000 1.419
1835.000 1.440
1840.000 1.460
1845.000 1.478
1850.000 1.494
1855.000 1.511
1860.000 1.537
1865.000 1.557
1870.000 1.574
1875.000 1.581
1880.000 1.585
1885.000 1.595
1890.000 1.596
1895.000 1.598
1900.000 1.604
1905.000 1.595
1910.000 1.600
1915.000 1.601
1920.000 1.598
1925.000 1.597
1930.000 1.591
1935.000 1.591
1940.000 1.586
1945.000 1.583
1950.000 1.571
1955.000 1.568
1960.000 1.560
1965.000 1.554
1970.000 1.554
1975.000 1.540
1980.000 1.530
1985.000 1.531
1990.000 1.522
1995.000 1.514
2000.000 1.523
2005.000 1.502
2010.000 1.516
2015.000 1.516
2020.000 1.511
2025.000 1.491
2030.000 1.491
2035.000 1.497
2040.000 1.497
2045.000 1.488
2050.000 1.485
2055.000 1.494
2060.000 1.494
2065.000 1.488
2070.000 1.484
2075.000 1.485
2080.000 1.493
2085.000 1.498
2090.000 1.503
2095.000 1.511
2100.000 1.522
2105.000 1.529
2110.000 1.538
2115.000 1.551
2120.000 1.570
2125.000 1.581
2130.000 1.593
2135.000 1.612
2140.000 1.626
2145.000 1.649
2150.000 1.669
2155.000 1.698
2160.000 1.730
2165.000 1.762
2170.000 1.796
2175.000 1.835
2180.000 1.883
2185.000 1.883
2190.000 1.933
2195.000 1.983
2200.000 2.047
2205.000 2.118
2210.000 2.195
2215.000 2.286
2220.000 2.400
2225.000 2.556
2230.000 2.728
2235.000 2.968
2240.000 3.264
2245.000 3.651
2250.000 4.176
2255.000 4.914
2260.000 5.962
2265.000 7.447
2270.000 9.563
2275.000 12.488
2280.000 16.248
2285.000 20.909
2290.000 26.345
2295.000 31.595
2300.000 32.691
2305.000 24.613
2310.000 24.613
2315.000 19.044
2320.000 8.133
2325.000 7.682
2330.000 5.847
2335.000 4.325
2340.000 3.441
2345.000 2.882
2350.000 2.370
2355.000 1.993
2360.000 1.698
2365.000 1.460
2370.000 1.266
2375.000 1.090
2380.000 0.965
2385.000 0.858
2390.000 0.767
2395.000 0.689
2400.000 0.623
2405.000 0.564
2410.000 0.515
2415.000 0.469
2420.000 0.469
2425.000 0.428
2430.000 0.394
2435.000 0.363
2440.000 0.336
2445.000 0.310
2450.000 0.288
2455.000 0.270
2460.000 0.252
2465.000 0.234
2470.000 0.224
2475.000 0.210
2480.000 0.199
2485.000 0.190
2490.000 0.183
2495.000 0.174
2500.000 0.169
2505.000 0.165
2510.000 0.161
2515.000 0.160
2520.000 0.157
2525.000 0.156
2530.000 0.156
2535.000 0.156
2540.000 0.158
2545.000 0.158
2550.000 0.158
2555.000 0.162
2560.000 0.162
2565.000 0.164
2570.000 0.168
2575.000 0.171
2580.000 0.174
2585.000 0.173
2590.000 0.180
2595.000 0.184
2600.000 0.188
2605.000 0.194
2610.000 0.198
2615.000 0.201
2620.000 0.206
2625.000 0.213
2630.000 0.209
2635.000 0.221
2640.000 0.221
2645.000 0.229
2650.000 0.239
2655.000 0.239
2660.000 0.249
2665.000 0.249
2670.000 0.249
2675.000 0.259
2680.000 0.264
2685.000 0.269
2690.000 0.276
2695.000 0.282
2700.000 0.288
2705.000 0.293
2710.000 0.300
2715.000 0.307
2720.000 0.312
2725.000 0.319
2730.000 0.326
2735.000 0.333
2740.000 0.340
2745.000 0.348
2750.000 0.353
2755.000 0.361
2760.000 0.366
2765.000 0.375
2770.000 0.380
2775.000 0.390
2780.000 0.396
2785.000 0.403
2790.000 0.412
2795.000 0.412
2800.000 0.419
2805.000 0.428
2810.000 0.435
2815.000 0.443
2820.000 0.451
2825.000 0.459
2830.000 0.466
2835.000 0.473
2840.000 0.480
2845.000 0.489
2850.000 0.497
2855.000 0.505
2860.000 0.511
2865.000 0.521
2870.000 0.530
2875.000 0.539
2880.000 0.546
2885.000 0.554
2890.000 0.562
2895.000 0.570
2900.000 0.578
2905.000 0.585
2910.000 0.585
2915.000 0.595
2920.000 0.602
2925.000 0.606
2930.000 0.613
2935.000 0.617
2940.000 0.625
2945.000 0.628
2950.000 0.634
2955.000 0.640
2960.000 0.640
2965.000 0.646
2970.000 0.649
2975.000 0.647
2980.000 0.642
2985.000 0.643
2990.000 0.643
2995.000 0.650
3000.000 0.644
3005.000 0.647
3010.000 0.641
3015.000 0.639
3020.000 0.642
3025.000 0.646
3030.000 0.646
3035.000 0.646
3040.000 0.646
3045.000 0.639
3050.000 0.640
3055.000 0.640
3060.000 0.638
3065.000 0.645
3070.000 0.638
3075.000 0.641
3080.000 0.640
3085.000 0.642
3090.000 0.641
3095.000 0.643
3100.000 0.642
3105.000 0.642
3110.000 0.644
3115.000 0.644
3120.000 0.644
3125.000 0.646
3130.000 0.648
3135.000 0.650
3140.000 0.652
3145.000 0.652
3150.000 0.653
3155.000 0.657
3160.000 0.657
3165.000 0.657
3170.000 0.664
3175.000 0.664
3180.000 0.665
3185.000 0.669
3190.000 0.671
3195.000 0.670
3200.000 0.674
3205.000 0.677
3210.000 0.681
3215.000 0.684
3220.000 0.687
3225.000 0.691
3230.000 0.696
3235.000 0.700
3240.000 0.701
3245.000 0.706
3250.000 0.710
3255.000 0.713
3260.000 0.718
3265.000 0.724
3270.000 0.724
3275.000 0.729
3280.000 0.735
3285.000 0.735
3290.000 0.740
3295.000 0.745
3300.000 0.748
3305.000 0.757
3310.000 0.760
3315.000 0.767
3320.000 0.771
3325.000 0.778
3330.000 0.785
3335.000 0.794
3340.000 0.800
3345.000 0.806
3350.000 0.815
3355.000 0.825
3360.000 0.835
3365.000 0.844
3370.000 0.858
3375.000 0.866
3380.000 0.874
3385.000 0.886
3390.000 0.900
3395.000 0.900
3400.000 0.911
3405.000 0.927
3410.000 0.940
3415.000 0.956
3420.000 0.970
3425.000 0.984
3430.000 1.000
3435.000 1.014
3440.000 1.032
3445.000 1.051
3450.000 1.073
3455.000 1.094
3460.000 1.115
3465.000 1.138
3470.000 1.162
3475.000 1.191
3480.000 1.218
3485.000 1.249
3490.000 1.279
3495.000 1.313
3500.000 1.352
3505.000 1.389
3510.000 1.433
3515.000 1.479
3520.000 1.479
3525.000 1.526
3530.000 1.586
3535.000 1.645
3540.000 1.711
3545.000 1.783
3550.000 1.864
3555.000 1.960
3560.000 2.068
3565.000 2.191
3570.000 2.336
3575.000 2.508
3580.000 2.709
3585.000 2.950
3590.000 3.220
3595.000 3.514
3600.000 3.866
3605.000 4.293
3610.000 4.831
3615.000 5.503
3620.000 6.361
3625.000 7.476
3630.000 8.898
3635.000 10.694
3640.000 12.968
3645.000 12.968
3650.000 15.812
3655.000 19.335
3660.000 23.720
3665.000 29.072
3670.000 35.348
3675.000 41.911
3680.000 47.118
3685.000 49.513
3690.000 43.724
3695.000 22.999
3700.000 18.092
3705.000 13.776
3710.000 11.127
3715.000 9.169
3720.000 7.635
3725.000 6.465
3730.000 5.546
3735.000 4.817
3740.000 4.231
3745.000 3.754
3750.000 3.359
3755.000 3.029
3760.000 2.751
3765.000 2.520
3770.000 2.520
3775.000 2.314
3780.000 2.143
3785.000 1.992
3790.000 1.860
3795.000 1.747
3800.000 1.644
3805.000 1.554
3810.000 1.473
3815.000 1.402
3820.000 1.337
3825.000 1.279
3830.000 1.226
3835.000 1.178
3840.000 1.135
3845.000 1.094
3850.000 1.058
3855.000 1.021
3860.000 0.987
3865.000 0.960
3870.000 0.934
3875.000 0.908
3880.000 0.908
3885.000 0.883
3890.000 0.862
3895.000 0.841
3900.000 0.824
3905.000 0.805
3910.000 0.789
3915.000 0.773
3920.000 0.759
3925.000 0.745
3930.000 0.729
3935.000 0.716
3940.000 0.704
3945.000 0.691
3950.000 0.680
3955.000 0.669
3960.000 0.661
3965.000 0.654
3970.000 0.641
3975.000 0.636
3980.000 0.626
3985.000 0.619
3990.000 0.613
3995.000 0.604
4000.000 0.593
4005.000 0.593
4010.000 0.588
4015.000 0.586
4020.000 0.581
4025.000 0.573
4030.000 0.558
4035.000 0.562
4040.000 0.550
4045.000 0.549
4050.000 0.547
4055.000 0.538
4060.000 0.531
4065.000 0.532
4070.000 0.525
4075.000 0.524
4080.000 0.521
4085.000 0.516
4090.000 0.510
4095.000 0.508
4100.000 0.504
4105.000 0.502
4110.000 0.497
4115.000 0.495
4120.000 0.492
4125.000 0.490
4130.000 0.490
4135.000 0.485
4140.000 0.484
4145.000 0.481
4150.000 0.477
4155.000 0.474
4160.000 0.473
4165.000 0.471
4170.000 0.465
4175.000 0.465
4180.000 0.462
4185.000 0.457
4190.000 0.454
4195.000 0.452
4200.000 0.449
4205.000 0.445
4210.000 0.442
4215.000 0.437
4220.000 0.434
4225.000 0.431
4230.000 0.429
4235.000 0.425
4240.000 0.421
4245.000 0.419
4250.000 0.416
4255.000 0.416
4260.000 0.413
4265.000 0.410
4270.000 0.406
4275.000 0.403
4280.000 0.399
4285.000 0.394
4290.000 0.390
4295.000 0.387
4300.000 0.382
4305.000 0.379
4310.000 0.376
4315.000 0.373
4320.000 0.370
4325.000 0.369
4330.000 0.367
4335.000 0.367
4340.000 0.369
4345.000 0.371
4350.000 0.372
4355.000 0.375
4360.000 0.376
4365.000 0.376
4370.000 0.379
4375.000 0.381
4380.000 0.384
4385.000 0.386
4390.000 0.387
4395.000 0.389
4400.000 0.392
4405.000 0.393
4410.000 0.396
4415.000 0.399
4420.000 0.398
4425.000 0.402
4430.000 0.403
4435.000 0.410
4440.000 0.411
4445.000 0.413
4450.000 0.414
4455.000 0.413
4460.000 0.415
4465.000 0.416
4470.000 0.418
4475.000 0.421
4480.000 0.420
4485.000 0.422
4490.000 0.422
4495.000 0.424
4500.000 0.427
4505.000 0.428
4510.000 0.431
4515.000 0.432
4520.000 0.434
4525.000 0.438
4530.000 0.439
4535.000 0.441
4540.000 0.444
4545.000 0.448
4550.000 0.450
4555.000 0.452
4560.000 0.455
4565.000 0.457
4570.000 0.461
4575.000 0.463
4580.000 0.467
4585.000 0.470
4590.000 0.474
4595.000 0.478
4600.000 0.481
4605.000 0.486
4610.000 0.491
4615.000 0.491
4620.000 0.494
4625.000 0.499
4630.000 0.502
4635.000 0.508
4640.000 0.512
4645.000 0.519
4650.000 0.524
4655.000 0.528
4660.000 0.534
4665.000 0.540
4670.000 0.547
4675.000 0.554
4680.000 0.560
4685.000 0.568
4690.000 0.576
4695.000 0.582
4700.000 0.593
4705.000 0.601
4710.000 0.612
4715.000 0.620
4720.000 0.631
4725.000 0.639
4730.000 0.653
4735.000 0.663
4740.000 0.677
4745.000 0.677
4750.000 0.690
4755.000 0.703
4760.000 0.718
4765.000 0.735
4770.000 0.753
4775.000 0.771
4780.000 0.789
4785.000 0.811
4790.000 0.833
4795.000 0.860
4800.000 0.888
4805.000 0.914
4810.000 0.946
4815.000 0.981
4820.000 1.016
4825.000 1.059
4830.000 1.105
4835.000 1.158
4840.000 1.218
4845.000 1.287
4850.000 1.376
4855.000 1.376
4860.000 1.471
4865.000 1.581
4870.000 1.716
4875.000 1.876
4880.000 2.081
4885.000 2.336
4890.000 2.666
4895.000 3.092
4900.000 3.644
4905.000 4.335
4910.000 5.091
4915.000 5.953
4920.000 7.033
4925.000 8.282
4930.000 9.852
4935.000 13.334
4940.000 23.534
4945.000 33.999
4950.000 33.117
4955.000 37.709
4960.000 31.767
4965.000 21.859
4970.000 14.359
4975.000 11.917
4980.000 11.917
4985.000 8.911
4990.000 7.426
4995.000 5.979
5000.000 4.993
5005.000 4.271
5010.000 3.704
5015.000 3.212
5020.000 2.849
5025.000 2.548
5030.000 2.293
5035.000 2.077
5040.000 1.908
5045.000 1.767
5050.000 1.644
5055.000 1.535
5060.000 1.435
5065.000 1.359
5070.000 1.280
5075.000 1.218
5080.000 1.164
5085.000 1.112
5090.000 1.064
5095.000 1.029
5100.000 0.990
5105.000 0.990
5110.000 0.958
5115.000 0.929
5120.000 0.902
5125.000 0.879
5130.000 0.858
5135.000 0.838
5140.000 0.823
5145.000 0.805
5150.000 0.791
5155.000 0.777
5160.000 0.766
5165.000 0.755
5170.000 0.747
5175.000 0.737
5180.000 0.729
5185.000 0.722
5190.000 0.716
5195.000 0.710
5200.000 0.706
5205.000 0.701
5210.000 0.696
5215.000 0.693
5220.000 0.692
5225.000 0.688
5230.000 0.688
5235.000 0.685
5240.000 0.685
5245.000 0.681
5250.000 0.680
5255.000 0.680
5260.000 0.680
5265.000 0.678
5270.000 0.680
5275.000 0.678
5280.000 0.678
5285.000 0.679
5290.000 0.678
5295.000 0.680
5300.000 0.681
5305.000 0.681
5310.000 0.683
5315.000 0.684
5320.000 0.683
5325.000 0.684
5330.000 0.684
5335.000 0.687
5340.000 0.688
5345.000 0.688
5350.000 0.689
5355.000 0.689
5360.000 0.691
5365.000 0.692
5370.000 0.693
5375.000 0.693
5380.000 0.694
5385.000 0.695
5390.000 0.700
5395.000 0.701
5400.000 0.701
5405.000 0.700
5410.000 0.700
5415.000 0.699
5420.000 0.699
5425.000 0.700
5430.000 0.703
5435.000 0.702
5440.000 0.702
5445.000 0.702
5450.000 0.705
5455.000 0.705
5460.000 0.705
5465.000 0.705
5470.000 0.705
5475.000 0.705
5480.000 0.706
5485.000 0.705
5490.000 0.706
5495.000 0.705
5500.000 0.708
5505.000 0.708
5510.000 0.707
5515.000 0.705
5520.000 0.706
5525.000 0.708
5530.000 0.710
5535.000 0.712
5540.000 0.717
5545.000 0.718
5550.000 0.716
5555.000 0.713
5560.000 0.712
5565.000 0.712
5570.000 0.712
5575.000 0.711
5580.000 0.715
5585.000 0.715
5590.000 0.715
5595.000 0.716
5600.000 0.716
5605.000 0.718
5610.000 0.719
5615.000 0.719
5620.000 0.724
5625.000 0.723
5630.000 0.726
5635.000 0.726
5640.000 0.729
5645.000 0.731
5650.000 0.733
5655.000 0.734
5660.000 0.736
5665.000 0.738
5670.000 0.743
5675.000 0.745
5680.000 0.749
5685.000 0.751
5690.000 0.753
5695.000 0.756
5700.000 0.760
5705.000 0.765
5710.000 0.768
5715.000 0.768
5720.000 0.773
5725.000 0.775
5730.000 0.781
5735.000 0.784
5740.000 0.788
5745.000 0.795
5750.000 0.797
5755.000 0.802
5760.000 0.808
5765.000 0.812
5770.000 0.820
5775.000 0.827
5780.000 0.835
5785.000 0.842
5790.000 0.848
5795.000 0.854
5800.000 0.859
5805.000 0.868
5810.000 0.876
5815.000 0.885
5820.000 0.891
5825.000 0.900
5830.000 0.908
5835.000 0.917
5840.000 0.917
5845.000 0.928
5850.000 0.939
5855.000 0.950
5860.000 0.961
5865.000 0.975
5870.000 0.988
5875.000 0.999
5880.000 1.015
5885.000 1.032
5890.000 1.046
5895.000 1.063
5900.000 1.083
5905.000 1.101
5910.000 1.121
5915.000 1.140
5920.000 1.159
5925.000 1.181
5930.000 1.203
5935.000 1.227
5940.000 1.250
5945.000 1.279
5950.000 1.279
5955.000 1.309
5960.000 1.338
5965.000 1.369
5970.000 1.413
5975.000 1.448
5980.000 1.495
5985.000 1.544
5990.000 1.592
5995.000 1.640
6000.000 1.701
6005.000 1.770
6010.000 1.849
6015.000 1.923
6020.000 2.012
6025.000 2.116
6030.000 2.182
6035.000 2.256
6040.000 2.324
6045.000 2.405
6050.000 2.482
6055.000 2.570
6060.000 2.677
6065.000 2.791
6070.000 2.925
6075.000 2.925
6080.000 3.069
6085.000 3.243
6090.000 3.446
6095.000 3.678
6100.000 3.949
6105.000 4.291
6110.000 4.682
6115.000 5.168
6120.000 5.770
6125.000 6.531
6130.000 7.493
6135.000 8.721
6140.000 10.319
6145.000 12.357
6150.000 14.957
6155.000 18.206
6160.000 22.047
6165.000 26.470
6170.000 31.411
6175.000 36.695
6180.000 41.628
6185.000 44.477
6190.000 42.065
6195.000 31.811
6200.000 31.811
6205.000 23.726
6210.000 18.460
6215.000 14.545
6220.000 11.832
6225.000 9.841
6230.000 8.406
6235.000 7.346
6240.000 6.536
6245.000 5.885
6250.000 5.332
6255.000 4.853
6260.000 4.436
6265.000 4.063
6270.000 3.736
6275.000 3.447
6280.000 3.196
6285.000 2.971
6290.000 2.774
6295.000 2.604
6300.000 2.450
6305.000 2.312
6310.000 2.189
6315.000 2.091
6320.000 1.985
6325.000 1.985
6330.000 1.899
6335.000 1.825
6340.000 1.744
6345.000 1.679
6350.000 1.625
6355.000 1.572
6360.000 1.524
6365.000 1.481
6370.000 1.442
6375.000 1.407
6380.000 1.380
6385.000 1.350
6390.000 1.326
6395.000 1.304
6400.000 1.285
6405.000 1.270
6410.000 1.256
6415.000 1.248
6420.000 1.239
6425.000 1.233
6430.000 1.235
6435.000 1.235
6440.000 1.238
6445.000 1.245
6450.000 1.256
6455.000 1.274
6460.000 1.297
6465.000 1.332
6470.000 1.379
6475.000 1.441
6480.000 1.527
6485.000 1.650
6490.000 1.831
6495.000 2.119
6500.000 2.630
6505.000 3.712
6510.000 6.383
6515.000 12.126
6520.000 18.310
6525.000 17.930
6530.000 5.898
6535.000 5.509
6540.000 1.442
6545.000 0.681
6550.000 0.423
6555.000 0.506
6560.000 0.505
6565.000 0.505
6570.000 0.351
6575.000 0.354
6580.000 0.367
6585.000 0.365
6590.000 0.364
6595.000 0.375
6600.000 0.374
6605.000 0.378
6610.000 0.379
6615.000 0.381
6620.000 0.381
6625.000 0.383
6630.000 0.381
6635.000 0.381
6640.000 0.380
6645.000 0.380
6650.000 0.380
6655.000 0.381
6660.000 0.380
6665.000 0.380
6670.000 0.380
6675.000 0.379
6680.000 0.378
6685.000 0.379
6690.000 0.379
6695.000 0.377
6700.000 0.377
6705.000 0.377
6710.000 0.377
6715.000 0.378
6720.000 0.378
6725.000 0.378
6730.000 0.379
6735.000 0.379
6740.000 0.379
6745.000 0.380
6750.000 0.381
6755.000 0.379
6760.000 0.381
6765.000 0.384
6770.000 0.383
6775.000 0.383
6780.000 0.384
6785.000 0.385
6790.000 0.387
6795.000 0.388
6800.000 0.388
6805.000 0.389
6810.000 0.389
6815.000 0.389
6820.000 0.392
6825.000 0.394
6830.000 0.395
6835.000 0.396
6840.000 0.396
6845.000 0.397
6850.000 0.399
6855.000 0.401
6860.000 0.402
6865.000 0.404
6870.000 0.406
6875.000 0.409
6880.000 0.410
6885.000 0.412
6890.000 0.416
6895.000 0.416
6900.000 0.418
6905.000 0.421
6910.000 0.423
6915.000 0.426
6920.000 0.428
6925.000 0.428
6930.000 0.430
6935.000 0.435
6940.000 0.437
6945.000 0.441
6950.000 0.441
6955.000 0.445
6960.000 0.450
6965.000 0.455
6970.000 0.457
6975.000 0.464
6980.000 0.464
6985.000 0.468
6990.000 0.474
6995.000 0.482
7000.000 0.484
7005.000 0.491
7010.000 0.490
7015.000 0.497
7020.000 0.501
7025.000 0.510
7030.000 0.520
7035.000 0.521
7040.000 0.529
7045.000 0.539
7050.000 0.539
7055.000 0.546
7060.000 0.549
7065.000 0.559
7070.000 0.568
7075.000 0.579
7080.000 0.585
7085.000 0.596
7090.000 0.606
7095.000 0.615
7100.000 0.626
7105.000 0.638
7110.000 0.649
7115.000 0.664
7120.000 0.676
7125.000 0.690
7130.000 0.705
7135.000 0.721
7140.000 0.738
7145.000 0.759
7150.000 0.778
7155.000 0.802
7160.000 0.823
7165.000 0.845
7170.000 0.869
7175.000 0.869
7180.000 0.896
7185.000 0.927
7190.000 0.957
7195.000 0.990
7200.000 1.027
7205.000 1.066
7210.000 1.111
7215.000 1.150
7220.000 1.195
7225.000 1.239
7230.000 1.283
7235.000 1.333
7240.000 1.389
7245.000 1.448
7250.000 1.514
7255.000 1.587
7260.000 1.671
7265.000 1.766
7270.000 1.873
7275.000 1.997
7280.000 2.140
7285.000 2.311
7290.000 2.517
7295.000 2.762
7300.000 2.762
7305.000 3.068
7310.000 3.461
7315.000 3.946
7320.000 4.567
7325.000 5.357
7330.000 6.486
7335.000 7.735
7340.000 9.216
7345.000 10.902
7350.000 12.865
7355.000 15.237
7360.000 18.064
7365.000 21.234
7370.000 24.952
7375.000 29.129
7380.000 33.229
7385.000 36.049
7390.000 35.886
7395.000 31.332
7400.000 24.005
7405.000 19.065
7410.000 19.065
7415.000 15.961
7420.000 13.749
7425.000 11.795
7430.000 9.935
7435.000 8.500
7440.000 7.338
7445.000 6.432
7450.000 5.701
7455.000 5.106
7460.000 4.619
7465.000 4.211
7470.000 3.863
7475.000 3.565
7480.000 3.308
7485.000 3.081
7490.000 2.878
7495.000 2.709
7500.000 2.552
7505.000 2.410
7510.000 2.286
7515.000 2.175
7520.000 2.073
7525.000 1.983
7530.000 1.906
7535.000 1.906
7540.000 1.838
7545.000 1.770
7550.000 1.709
7555.000 1.653
7560.000 1.602
7565.000 1.557
7570.000 1.516
7575.000 1.476
7580.000 1.442
7585.000 1.409
7590.000 1.379
7595.000 1.349
7600.000 1.325
7605.000 1.298
7610.000 1.275
7615.000 1.256
7620.000 1.236
7625.000 1.215
7630.000 1.199
7635.000 1.183
7640.000 1.167
7645.000 1.153
7650.000 1.141
7655.000 1.130
7660.000 1.130
7665.000 1.116
7670.000 1.107
7675.000 1.097
7680.000 1.086
7685.000 1.078
7690.000 1.069
7695.000 1.061
7700.000 1.053
7705.000 1.048
7710.000 1.039
7715.000 1.034
7720.000 1.031
7725.000 1.024
7730.000 1.018
7735.000 1.014
7740.000 1.012
7745.000 1.010
7750.000 1.006
7755.000 1.005
7760.000 1.004
7765.000 1.001
7770.000 1.000
7775.000 1.001
7780.000 1.000
7785.000 1.000
7790.000 1.001
7795.000 1.003
7800.000 1.004
7805.000 1.005
7810.000 1.011
7815.000 1.012
7820.000 1.015
7825.000 1.022
7830.000 1.029
7835.000 1.032
7840.000 1.039
7845.000 1.047
7850.000 1.057
7855.000 1.064
7860.000 1.076
7865.000 1.089
7870.000 1.102
7875.000 1.120
7880.000 1.136
7885.000 1.156
7890.000 1.178
7895.000 1.178
7900.000 1.205
7905.000 1.234
7910.000 1.267
7915.000 1.309
7920.000 1.356
7925.000 1.414
7930.000 1.480
7935.000 1.565
7940.000 1.670
7945.000 1.808
7950.000 1.988
7955.000 2.212
7960.000 2.537
7965.000 3.053
7970.000 3.940
7975.000 5.622
7980.000 8.719
7985.000 13.183
7990.000 17.553
7995.000 18.707
8000.000 10.670
8005.000 5.591
8010.000 3.492
8015.000 2.918
8020.000 2.918
8025.000 1.324
8030.000 0.767
8035.000 0.487
8040.000 0.449
8045.000 0.346
8050.000 0.332
8055.000 0.342
8060.000 0.362
8065.000 0.380
8070.000 0.405
8075.000 0.428
8080.000 0.444
8085.000 0.464
8090.000 0.476
8095.000 0.489
8100.000 0.502
8105.000 0.514
8110.000 0.525
8115.000 0.534
8120.000 0.543
8125.000 0.556
8130.000 0.563
8135.000 0.572
8140.000 0.580
8145.000 0.580
8150.000 0.589
8155.000 0.599
8160.000 0.609
8165.000 0.616
8170.000 0.626
8175.000 0.637
8180.000 0.649
8185.000 0.658
8190.000 0.669
8195.000 0.680
8200.000 0.692
8205.000 0.704
8210.000 0.716
8215.000 0.728
8220.000 0.740
8225.000 0.752
8230.000 0.765
8235.000 0.779
8240.000 0.791
8245.000 0.808
8250.000 0.822
8255.000 0.836
8260.000 0.852
8265.000 0.868
8270.000 0.868
8275.000 0.887
8280.000 0.906
8285.000 0.925
8290.000 0.945
8295.000 0.966
8300.000 0.991
8305.000 1.015
8310.000 1.039
8315.000 1.066
8320.000 1.099
8325.000 1.127
8330.000 1.161
8335.000 1.197
8340.000 1.229
8345.000 1.258
8350.000 1.288
8355.000 1.322
8360.000 1.353
8365.000 1.391
8370.000 1.429
8375.000 1.467
8380.000 1.510
8385.000 1.510
8390.000 1.561
8395.000 1.613
8400.000 1.668
8405.000 1.733
8410.000 1.804
8415.000 1.881
8420.000 1.972
8425.000 2.079
8430.000 2.205
8435.000 2.357
8440.000 2.556
8445.000 2.814
8450.000 3.181
8455.000 3.736
8460.000 4.628
8465.000 5.959
8470.000 7.468
8475.000 6.610
8480.000 1.489
8485.000 4.641
8490.000 2.871
8495.000 4.139
8500.000 4.429
8505.000 4.679
8510.000 4.679
8515.000 5.187
8520.000 6.129
8525.000 7.216
8530.000 8.620
8535.000 10.315
8540.000 12.335
8545.000 14.660
8550.000 17.247
8555.000 20.002
8560.000 22.777
8565.000 25.285
8570.000 26.842
8575.000 26.610
8580.000 23.963
8585.000 19.400
8590.000 15.219
8595.000 12.110
8600.000 9.952
8605.000 8.606
8610.000 7.836
8615.000 7.240
8620.000 6.431
8625.000 5.580
8630.000 4.902
8635.000 4.902
8640.000 4.352
8645.000 3.904
8650.000 3.529
8655.000 3.219
8660.000 2.928
8665.000 2.706
8670.000 2.526
8675.000 2.370
8680.000 2.229
8685.000 2.088
8690.000 1.961
8695.000 1.841
8700.000 1.744
8705.000 1.653
8710.000 1.565
8715.000 1.488
8720.000 1.416
8725.000 1.353
8730.000 1.292
8735.000 1.239
8740.000 1.194
8745.000 1.148
8750.000 1.103
8755.000 1.064
8760.000 1.064
8765.000 1.029
8770.000 0.993
8775.000 0.964
8780.000 0.936
8785.000 0.909
8790.000 0.885
8795.000 0.863
8800.000 0.839
8805.000 0.820
8810.000 0.802
8815.000 0.782
8820.000 0.766
8825.000 0.744
8830.000 0.737
8835.000 0.712
8840.000 0.717
8845.000 0.704
8850.000 0.685
8855.000 0.672
8860.000 0.662
8865.000 0.653
8870.000 0.653
8875.000 0.641
8880.000 0.632
8885.000 0.623
8890.000 0.614
8895.000 0.605
8900.000 0.598
8905.000 0.590
8910.000 0.583
8915.000 0.575
8920.000 0.570
8925.000 0.562
8930.000 0.556
8935.000 0.551
8940.000 0.544
8945.000 0.540
8950.000 0.537
8955.000 0.530
8960.000 0.526
8965.000 0.521
8970.000 0.519
8975.000 0.514
8980.000 0.507
8985.000 0.505
8990.000 0.502
8995.000 0.502
9000.000 0.503
9005.000 0.494
9010.000 0.496
9015.000 0.494
9020.000 0.493
9025.000 0.490
9030.000 0.484
9035.000 0.485
9040.000 0.480
9045.000 0.481
9050.000 0.481
9055.000 0.478
9060.000 0.474
9065.000 0.478
9070.000 0.474
9075.000 0.476
9080.000 0.475
9085.000 0.476
9090.000 0.476
9095.000 0.477
9100.000 0.476
9105.000 0.478
9110.000 0.478
9115.000 0.480
9120.000 0.480
9125.000 0.481
9130.000 0.484
9135.000 0.484
9140.000 0.487
9145.000 0.491
9150.000 0.493
9155.000 0.496
9160.000 0.502
9165.000 0.503
9170.000 0.507
9175.000 0.510
9180.000 0.517
9185.000 0.522
9190.000 0.528
9195.000 0.533
9200.000 0.541
9205.000 0.546
9210.000 0.555
9215.000 0.564
9220.000 0.572
9225.000 0.583
9230.000 0.592
9235.000 0.604
9240.000 0.615
9245.000 0.615
9250.000 0.628
9255.000 0.643
9260.000 0.657
9265.000 0.676
9270.000 0.695
9275.000 0.716
9280.000 0.740
9285.000 0.763
9290.000 0.792
9295.000 0.823
9300.000 0.858
9305.000 0.896
9310.000 0.948
9315.000 1.004
9320.000 1.065
9325.000 1.142
9330.000 1.234
9335.000 1.344
9340.000 1.463
9345.000 1.616
9350.000 1.804
9355.000 1.804
9360.000 2.058
9365.000 2.419
9370.000 2.964
9375.000 3.829
9380.000 5.199
9385.000 7.236
9390.000 9.922
9395.000 13.273
9400.000 17.171
9405.000 19.802
9410.000 17.199
9415.000 6.677
9420.000 6.852
9425.000 3.192
9430.000 2.789
9435.000 2.119
9440.000 1.581
9445.000 1.233
9450.000 0.956
9455.000 0.751
9460.000 0.592
9465.000 0.464
9470.000 0.354
9475.000 0.268
9480.000 0.268
9485.000 0.193
9490.000 0.127
9495.000 0.078
9500.000 0.050
9505.000 0.063
9510.000 0.097
9515.000 0.134
9520.000 0.171
9525.000 0.206
9530.000 0.240
9535.000 0.274
9540.000 0.308
9545.000 0.342
9550.000 0.376
9555.000 0.409
9560.000 0.444
9565.000 0.480
9570.000 0.515
9575.000 0.553
9580.000 0.592
9585.000 0.634
9590.000 0.679
9595.000 0.729
9600.000 0.784
9605.000 0.784
9610.000 0.844
9615.000 0.914
9620.000 0.990
9625.000 1.081
9630.000 1.191
9635.000 1.315
9640.000 1.464
9645.000 1.654
9650.000 1.887
9655.000 2.177
9660.000 2.543
9665.000 3.000
9670.000 3.556
9675.000 4.233
9680.000 5.026
9685.000 5.925
9690.000 6.919
9695.000 8.009
9700.000 9.206
9705.000 10.535
9710.000 12.056
9715.000 13.825
9720.000 15.769
9725.000 17.791
9730.000 17.791
9735.000 19.559
9740.000 20.642
9745.000 20.567
9750.000 19.073
9755.000 16.579
9760.000 14.176
9765.000 12.171
9770.000 10.528
9775.000 9.146
9780.000 8.013
9785.000 7.147
9790.000 6.669
9795.000 6.663
9800.000 6.936
9805.000 7.015
9810.000 6.631
9815.000 6.089
9820.000 5.564
9825.000 5.063
9830.000 4.607
9835.000 4.208
9840.000 4.208
9845.000 3.861
9850.000 3.548
9855.000 3.273
9860.000 3.034
9865.000 2.818
9870.000 2.634
9875.000 2.474
9880.000 2.331
9885.000 2.204
9890.000 2.090
9895.000 1.992
9900.000 1.911
9905.000 1.844
9910.000 1.789
9915.000 1.732
9920.000 1.676
9925.000 1.622
9930.000 1.569
9935.000 1.516
9940.000 1.469
9945.000 1.426
9950.000 1.386
9955.000 1.347
9960.000 1.311
9965.000 1.311
9970.000 1.280
9975.000 1.244
9980.000 1.218
9985.000 1.188
9990.000 1.161
9995.000 1.131
10000.000 1.102
10005.000 1.080
10010.000 1.049
10015.000 1.023
10020.000 0.995
10025.000 0.968
10030.000 0.943
10035.000 0.907
10040.000 0.879
10045.000 0.840
10050.000 0.796
10055.000 0.744
10060.000 0.674
10065.000 0.591
10070.000 0.479
10075.000 0.385
10080.000 0.585
10085.000 1.489
10090.000 4.367
10095.000 4.367
10100.000 6.026
10105.000 2.781
10110.000 3.688
10115.000 2.370
10120.000 2.250
10125.000 2.059
10130.000 1.927
10135.000 1.777
10140.000 1.669
10145.000 1.564
10150.000 1.487
10155.000 1.421
10160.000 1.361
10165.000 1.309
10170.000 1.265
10175.000 1.226
10180.000 1.191
10185.000 1.161
10190.000 1.133
10195.000 1.110
10200.000 1.090
10205.000 1.077
10210.000 1.065
10215.000 1.055
10220.000 1.055
10225.000 1.048
10230.000 1.041
10235.000 1.034
10240.000 1.029
10245.000 1.025
10250.000 1.023
10255.000 1.020
10260.000 1.015
10265.000 1.013
10270.000 1.012
10275.000 1.008
10280.000 1.010
10285.000 1.008
10290.000 1.008
10295.000 1.010
10300.000 1.009
10305.000 1.011
10310.000 1.011
10315.000 1.010
10320.000 1.012
10325.000 1.013
10330.000 1.013
10335.000 1.014
10340.000 1.016
10345.000 1.017
10350.000 1.019
10355.000 1.024
10360.000 1.024
10365.000 1.029
10370.000 1.032
10375.000 1.034
10380.000 1.038
10385.000 1.045
10390.000 1.046
10395.000 1.055
10400.000 1.061
10405.000 1.066
10410.000 1.072
10415.000 1.078
10420.000 1.091
10425.000 1.100
10430.000 1.103
10435.000 1.109
10440.000 1.115
10445.000 1.121
10450.000 1.128
10455.000 1.128
10460.000 1.135
10465.000 1.143
10470.000 1.156
10475.000 1.166
10480.000 1.178
10485.000 1.188
10490.000 1.198
10495.000 1.208
10500.000 1.214
10505.000 1.222
10510.000 1.231
10515.000 1.241
10520.000 1.254
10525.000 1.265
10530.000 1.278
10535.000 1.292
10540.000 1.310
10545.000 1.329
10550.000 1.356
10555.000 1.375
10560.000 1.392
10565.000 1.406
10570.000 1.421
10575.000 1.438
10580.000 1.438
10585.000 1.454
10590.000 1.476
10595.000 1.498
10600.000 1.526
10605.000 1.562
10610.000 1.592
10615.000 1.624
10620.000 1.657
10625.000 1.701
10630.000 1.739
10635.000 1.782
10640.000 1.825
10645.000 1.881
10650.000 1.926
10655.000 1.974
10660.000 2.034
10665.000 2.094
10670.000 2.169
10675.000 2.258
10680.000 2.342
10685.000 2.444
10690.000 2.561
10695.000 2.712
10700.000 2.887
10705.000 2.887
10710.000 3.108
10715.000 3.391
10720.000 3.758
10725.000 4.243
10730.000 4.909
10735.000 5.822
10740.000 7.099
10745.000 8.733
10750.000 10.727
10755.000 12.812
10760.000 14.369
10765.000 14.373
10770.000 11.462
10775.000 6.888
10780.000 4.124
10785.000 2.843
10790.000 2.141
10795.000 1.301
10800.000 0.730
10805.000 0.404
10810.000 0.310
10815.000 0.310
10820.000 0.452
10825.000 0.637
10830.000 0.823
10835.000 1.009
10840.000 1.194
10845.000 1.402
10850.000 1.771
10855.000 2.361
10860.000 3.160
10865.000 4.110
10870.000 5.176
10875.000 6.272
10880.000 7.374
10885.000 8.476
10890.000 9.482
10895.000 10.238
10900.000 10.563
10905.000 10.238
10910.000 9.224
10915.000 7.942
10920.000 6.724
10925.000 5.663
10930.000 4.766
10935.000 4.047
10940.000 4.047
10945.000 3.510
10950.000 3.149
10955.000 2.994
10960.000 3.037
10965.000 3.354
10970.000 3.774
10975.000 4.023
10980.000 3.854
10985.000 3.427
10990.000 2.980
10995.000 2.593
11000.000 2.261
11005.000 1.994
11010.000 1.768
11015.000 1.585
11020.000 1.431
11025.000 1.297
11030.000 1.189
11035.000 1.084
11040.000 1.003
11045.000 0.926
11050.000 0.862
11055.000 0.801
11060.000 0.745
11065.000 0.745
11070.000 0.701
11075.000 0.657
11080.000 0.617
11085.000 0.584
11090.000 0.553
11095.000 0.527
11100.000 0.500
11105.000 0.474
11110.000 0.452
11115.000 0.430
11120.000 0.411
11125.000 0.393
11130.000 0.375
11135.000 0.361
11140.000 0.345
11145.000 0.332
11150.000 0.319
11155.000 0.305
11160.000 0.294
11165.000 0.285
11170.000 0.274
11175.000 0.264
11180.000 0.253
11185.000 0.245
11190.000 0.245
11195.000 0.237
11200.000 0.229
11205.000 0.220
11210.000 0.213
11215.000 0.207
11220.000 0.200
11225.000 0.194
11230.000 0.186
11235.000 0.181
11240.000 0.175
11245.000 0.172
11250.000 0.165
11255.000 0.161
11260.000 0.155
11265.000 0.152
11270.000 0.147
11275.000 0.143
11280.000 0.140
11285.000 0.138
11290.000 0.133
11295.000 0.129
11300.000 0.129
11305.000 0.126
11310.000 0.121
11315.000 0.120
11320.000 0.115
11325.000 0.110
11330.000 0.107
11335.000 0.106
11340.000 0.103
11345.000 0.100
11350.000 0.098
11355.000 0.095
11360.000 0.092
11365.000 0.090
11370.000 0.088
11375.000 0.087
11380.000 0.084
11385.000 0.082
11390.000 0.082
11395.000 0.081
11400.000 0.078
11405.000 0.076
11410.000 0.076
11415.000 0.075
11420.000 0.072
11425.000 0.072
11430.000 0.072
11435.000 0.070
11440.000 0.069
11445.000 0.068
11450.000 0.069
11455.000 0.068
11460.000 0.066
11465.000 0.066
11470.000 0.066
11475.000 0.066
11480.000 0.064
11485.000 0.065
11490.000 0.065
11495.000 0.064
11500.000 0.064
11505.000 0.063
11510.000 0.066
11515.000 0.066
11520.000 0.067
11525.000 0.066
11530.000 0.067
11535.000 0.070
11540.000 0.073
11545.000 0.077
11550.000 0.077
11555.000 0.083
11560.000 0.089
11565.000 0.099
11570.000 0.109
11575.000 0.124
11580.000 0.143
11585.000 0.169
11590.000 0.204
11595.000 0.252
11600.000 0.322
11605.000 0.430
11610.000 0.621
11615.000 1.034
11620.000 1.926
11625.000 3.027
11630.000 3.206
11635.000 1.699
11640.000 1.317
11645.000 1.172
11650.000 0.839
11655.000 0.772
11660.000 0.669
11665.000 0.597
11670.000 0.550
11675.000 0.550
11680.000 0.507
11685.000 0.479
11690.000 0.453
11695.000 0.433
11700.000 0.417
11705.000 0.404
11710.000 0.396
11715.000 0.387
11720.000 0.381
11725.000 0.377
11730.000 0.376
11735.000 0.375
11740.000 0.373
11745.000 0.375
11750.000 0.376
11755.000 0.380
11760.000 0.381
11765.000 0.388
11770.000 0.393
11775.000 0.400
11780.000 0.408
11785.000 0.419
11790.000 0.421
11795.000 0.434
11800.000 0.447
11805.000 0.462
11810.000 0.478
11815.000 0.498
11820.000 0.520
11825.000 0.541
11830.000 0.567
11835.000 0.594
11840.000 0.626
11845.000 0.667
11850.000 0.708
11855.000 0.752
11860.000 0.790
11865.000 0.828
11870.000 0.872
11875.000 0.915
11880.000 0.972
11885.000 1.031
11890.000 1.112
11895.000 1.209
11900.000 1.287
11905.000 1.361
11910.000 1.454
11915.000 1.454
11920.000 1.566
11925.000 1.697
11930.000 1.850
11935.000 2.013
11940.000 2.142
11945.000 2.103
11950.000 1.721
11955.000 1.259
11960.000 2.052
11965.000 3.269
11970.000 3.792
11975.000 4.431
11980.000 5.081
11985.000 5.749
11990.000 6.469
11995.000 7.199
12000.000 7.935
