105.000 0.042
110.000 0.037
115.000 0.041
120.000 0.820
125.000 2.404
130.000 2.943
135.000 3.312
140.000 3.517
145.000 3.725
150.000 3.769
155.000 3.810
160.000 3.781
165.000 3.766
170.000 3.714
175.000 3.591
180.000 3.612
185.000 3.458
190.000 3.523
195.000 3.512
200.000 3.473
205.000 3.545
210.000 3.570
215.000 3.622
220.000 3.645
225.000 3.645
230.000 3.780
235.000 3.820
240.000 3.945
245.000 3.965
250.000 4.011
255.000 4.052
260.000 4.108
265.000 4.176
270.000 4.221
275.000 4.293
280.000 4.304
285.000 4.373
290.000 4.367
295.000 4.503
300.000 4.561
305.000 4.610
310.000 4.658
315.000 4.767
320.000 4.827
325.000 4.938
330.000 5.065
335.000 5.195
340.000 5.379
345.000 5.498
350.000 5.498
355.000 5.688
360.000 5.885
365.000 6.105
370.000 6.405
375.000 6.639
380.000 6.994
385.000 7.293
390.000 7.613
395.000 7.955
400.000 8.300
405.000 8.603
410.000 8.864
415.000 9.097
420.000 9.208
425.000 9.226
430.000 9.179
435.000 9.011
440.000 8.721
445.000 8.380
450.000 7.930
455.000 7.468
460.000 7.468
465.000 7.001
470.000 6.525
475.000 6.094
480.000 5.658
485.000 5.290
490.000 4.880
495.000 4.558
500.000 4.227
505.000 3.911
510.000 3.625
515.000 3.366
520.000 3.083
525.000 2.857
530.000 2.656
535.000 2.448
540.000 2.290
545.000 2.139
550.000 2.002
555.000 1.871
560.000 1.765
565.000 1.654
570.000 1.548
575.000 1.482
580.000 1.382
585.000 1.382
590.000 1.313
595.000 1.239
600.000 1.172
605.000 1.112
610.000 1.053
615.000 0.983
620.000 0.922
625.000 0.878
630.000 0.805
635.000 0.764
640.000 0.713
645.000 0.673
650.000 0.634
655.000 0.598
660.000 0.560
665.000 0.542
670.000 0.517
675.000 0.508
680.000 0.479
685.000 0.465
690.000 0.453
695.000 0.450
700.000 0.434
705.000 0.424
710.000 0.424
715.000 0.426
720.000 0.417
725.000 0.410
730.000 0.399
735.000 0.394
740.000 0.392
745.000 0.388
750.000 0.381
755.000 0.375
760.000 0.372
765.000 0.370
770.000 0.366
775.000 0.365
780.000 0.352
785.000 0.352
790.000 0.356
795.000 0.349
800.000 0.353
805.000 0.351
810.000 0.349
815.000 0.349
820.000 0.345
825.000 0.349
830.000 0.344
835.000 0.344
840.000 0.341
845.000 0.338
850.000 0.329
855.000 0.331
860.000 0.331
865.000 0.331
870.000 0.327
875.000 0.327
880.000 0.326
885.000 0.325
890.000 0.322
895.000 0.322
900.000 0.318
905.000 0.314
910.000 0.317
915.000 0.320
920.000 0.320
925.000 0.320
930.000 0.316
935.000 0.317
940.000 0.313
945.000 0.313
950.000 0.319
955.000 0.326
960.000 0.319
965.000 0.315
970.000 0.314
975.000 0.319
980.000 0.320
985.000 0.320
990.000 0.322
995.000 0.323
1000.000 0.309
1005.000 0.321
1010.000 0.309
1015.000 0.307
1020.000 0.306
1025.000 0.309
1030.000 0.321
1035.000 0.309
1040.000 0.316
1045.000 0.322
1050.000 0.320
1055.000 0.322
1060.000 0.310
1065.000 0.314
1070.000 0.314
1075.000 0.311
1080.000 0.308
1085.000 0.311
1090.000 0.312
1095.000 0.318
1100.000 0.312
1105.000 0.312
1110.000 0.320
1115.000 0.312
1120.000 0.309
1125.000 0.308
1130.000 0.314
1135.000 0.311
1140.000 0.315
1145.000 0.316
1150.000 0.314
1155.000 0.313
1160.000 0.313
1165.000 0.313
1170.000 0.314
1175.000 0.314
1180.000 0.311
1185.000 0.312
1190.000 0.317
1195.000 0.317
1200.000 0.320
1205.000 0.316
1210.000 0.318
1215.000 0.318
1220.000 0.318
1225.000 0.316
1230.000 0.317
1235.000 0.318
1240.000 0.320
1245.000 0.320
1250.000 0.325
1255.000 0.324
1260.000 0.322
1265.000 0.325
1270.000 0.324
1275.000 0.323
1280.000 0.322
1285.000 0.325
1290.000 0.325
1295.000 0.324
1300.000 0.327
1305.000 0.329
1310.000 0.328
1315.000 0.328
1320.000 0.328
1325.000 0.327
1330.000 0.326
1335.000 0.335
1340.000 0.331
1345.000 0.333
1350.000 0.335
1355.000 0.335
1360.000 0.333
1365.000 0.334
1370.000 0.334
1375.000 0.336
1380.000 0.337
1385.000 0.339
1390.000 0.340
1395.000 0.337
1400.000 0.340
1405.000 0.346
1410.000 0.347
1415.000 0.340
1420.000 0.345
1425.000 0.344
1430.000 0.344
1435.000 0.346
1440.000 0.346
1445.000 0.347
1450.000 0.346
1455.000 0.349
1460.000 0.350
1465.000 0.349
1470.000 0.348
1475.000 0.350
1480.000 0.346
1485.000 0.345
1490.000 0.345
1495.000 0.341
1500.000 0.339
1505.000 0.338
1510.000 0.338
1515.000 0.335
1520.000 0.335
1525.000 0.337
1530.000 0.343
1535.000 0.345
1540.000 0.352
1545.000 0.355
1550.000 0.358
1555.000 0.358
1560.000 0.363
1565.000 0.366
1570.000 0.370
1575.000 0.373
1580.000 0.381
1585.000 0.381
1590.000 0.389
1595.000 0.398
1600.000 0.396
1605.000 0.398
1610.000 0.403
1615.000 0.409
1620.000 0.413
1625.000 0.414
1630.000 0.420
1635.000 0.424
1640.000 0.431
1645.000 0.439
1650.000 0.442
1655.000 0.446
1660.000 0.452
1665.000 0.459
1670.000 0.464
1675.000 0.468
1680.000 0.468
1685.000 0.477
1690.000 0.482
1695.000 0.492
1700.000 0.493
1705.000 0.506
1710.000 0.513
1715.000 0.513
1720.000 0.525
1725.000 0.529
1730.000 0.538
1735.000 0.547
1740.000 0.557
1745.000 0.562
1750.000 0.568
1755.000 0.587
1760.000 0.597
1765.000 0.602
1770.000 0.616
1775.000 0.623
1780.000 0.631
1785.000 0.637
1790.000 0.648
1795.000 0.653
1800.000 0.662
1805.000 0.662
1810.000 0.677
1815.000 0.683
1820.000 0.690
1825.000 0.698
1830.000 0.707
1835.000 0.713
1840.000 0.720
1845.000 0.724
1850.000 0.724
1855.000 0.729
1860.000 0.734
1865.000 0.737
1870.000 0.736
1875.000 0.738
1880.000 0.736
1885.000 0.733
1890.000 0.733
1895.000 0.727
1900.000 0.725
1905.000 0.720
1910.000 0.713
1915.000 0.713
1920.000 0.706
1925.000 0.700
1930.000 0.696
1935.000 0.685
1940.000 0.676
1945.000 0.668
1950.000 0.663
1955.000 0.660
1960.000 0.649
1965.000 0.639
1970.000 0.641
1975.000 0.626
1980.000 0.625
1985.000 0.622
1990.000 0.610
1995.000 0.598
2000.000 0.600
2005.000 0.581
2010.000 0.588
2015.000 0.583
2020.000 0.579
2025.000 0.564
2030.000 0.562
2035.000 0.556
2040.000 0.558
2045.000 0.558
2050.000 0.550
2055.000 0.544
2060.000 0.538
2065.000 0.525
2070.000 0.526
2075.000 0.515
2080.000 0.511
2085.000 0.505
2090.000 0.500
2095.000 0.499
2100.000 0.496
2105.000 0.491
2110.000 0.488
2115.000 0.487
2120.000 0.480
2125.000 0.479
2130.000 0.473
2135.000 0.474
2140.000 0.466
2145.000 0.464
2150.000 0.463
2155.000 0.460
2160.000 0.456
2165.000 0.455
2170.000 0.455
2175.000 0.453
2180.000 0.450
2185.000 0.446
2190.000 0.447
2195.000 0.443
2200.000 0.439
2205.000 0.437
2210.000 0.432
2215.000 0.428
2220.000 0.428
2225.000 0.426
2230.000 0.424
2235.000 0.420
2240.000 0.411
2245.000 0.397
2250.000 0.386
2255.000 0.364
2260.000 0.333
2265.000 0.291
2270.000 0.237
2275.000 0.210
2280.000 0.514
2285.000 1.959
2290.000 5.433
2295.000 5.433
2300.000 11.366
2305.000 23.517
2310.000 23.517
2315.000 15.990
2320.000 5.421
2325.000 2.104
2330.000 1.109
2335.000 0.511
2340.000 0.194
2345.000 0.232
2350.000 0.171
2355.000 0.216
2360.000 0.219
2365.000 0.226
2370.000 0.232
2375.000 0.235
2380.000 0.236
2385.000 0.236
2390.000 0.238
2395.000 0.238
2400.000 0.237
2405.000 0.237
2410.000 0.237
2415.000 0.236
2420.000 0.234
2425.000 0.234
2430.000 0.232
2435.000 0.232
2440.000 0.232
2445.000 0.233
2450.000 0.233
2455.000 0.231
2460.000 0.232
2465.000 0.231
2470.000 0.232
2475.000 0.232
2480.000 0.232
2485.000 0.232
2490.000 0.233
2495.000 0.233
2500.000 0.236
2505.000 0.236
2510.000 0.235
2515.000 0.237
2520.000 0.236
2525.000 0.239
2530.000 0.239
2535.000 0.240
2540.000 0.240
2545.000 0.241
2550.000 0.242
2555.000 0.243
2560.000 0.244
2565.000 0.246
2570.000 0.248
2575.000 0.249
2580.000 0.249
2585.000 0.252
2590.000 0.252
2595.000 0.253
2600.000 0.256
2605.000 0.257
2610.000 0.257
2615.000 0.261
2620.000 0.263
2625.000 0.261
2630.000 0.266
2635.000 0.267
2640.000 0.270
2645.000 0.273
2650.000 0.274
2655.000 0.274
2660.000 0.277
2665.000 0.279
2670.000 0.282
2675.000 0.284
2680.000 0.289
2685.000 0.290
2690.000 0.293
2695.000 0.295
2700.000 0.298
2705.000 0.302
2710.000 0.305
2715.000 0.309
2720.000 0.313
2725.000 0.318
2730.000 0.322
2735.000 0.324
2740.000 0.328
2745.000 0.334
2750.000 0.338
2755.000 0.344
2760.000 0.347
2765.000 0.352
2770.000 0.356
2775.000 0.363
2780.000 0.363
2785.000 0.366
2790.000 0.371
2795.000 0.377
2800.000 0.381
2805.000 0.387
2810.000 0.390
2815.000 0.393
2820.000 0.400
2825.000 0.404
2830.000 0.408
2835.000 0.413
2840.000 0.418
2845.000 0.422
2850.000 0.426
2855.000 0.431
2860.000 0.436
2865.000 0.439
2870.000 0.444
2875.000 0.446
2880.000 0.451
2885.000 0.455
2890.000 0.455
2895.000 0.457
2900.000 0.462
2905.000 0.464
2910.000 0.467
2915.000 0.467
2920.000 0.472
2925.000 0.473
2930.000 0.473
2935.000 0.478
2940.000 0.479
2945.000 0.482
2950.000 0.484
2955.000 0.481
2960.000 0.488
2965.000 0.488
2970.000 0.481
2975.000 0.484
2980.000 0.488
2985.000 0.490
2990.000 0.490
2995.000 0.482
3000.000 0.486
3005.000 0.481
3010.000 0.488
3015.000 0.488
3020.000 0.490
3025.000 0.489
3030.000 0.479
3035.000 0.487
3040.000 0.481
3045.000 0.490
3050.000 0.490
3055.000 0.489
3060.000 0.481
3065.000 0.484
3070.000 0.483
3075.000 0.487
3080.000 0.485
3085.000 0.485
3090.000 0.485
3095.000 0.480
3100.000 0.483
3105.000 0.479
3110.000 0.480
3115.000 0.482
3120.000 0.481
3125.000 0.481
3130.000 0.478
3135.000 0.480
3140.000 0.480
3145.000 0.481
3150.000 0.479
3155.000 0.478
3160.000 0.481
3165.000 0.482
3170.000 0.484
3175.000 0.484
3180.000 0.482
3185.000 0.481
3190.000 0.482
3195.000 0.484
3200.000 0.484
3205.000 0.484
3210.000 0.487
3215.000 0.488
3220.000 0.487
3225.000 0.489
3230.000 0.490
3235.000 0.490
3240.000 0.491
3245.000 0.493
3250.000 0.493
3255.000 0.494
3260.000 0.497
3265.000 0.497
3270.000 0.497
3275.000 0.499
3280.000 0.501
3285.000 0.504
3290.000 0.506
3295.000 0.506
3300.000 0.508
3305.000 0.509
3310.000 0.512
3315.000 0.513
3320.000 0.516
3325.000 0.521
3330.000 0.523
3335.000 0.527
3340.000 0.531
3345.000 0.534
3350.000 0.539
3355.000 0.544
3360.000 0.547
3365.000 0.551
3370.000 0.557
3375.000 0.557
3380.000 0.561
3385.000 0.564
3390.000 0.570
3395.000 0.577
3400.000 0.581
3405.000 0.587
3410.000 0.594
3415.000 0.607
3420.000 0.612
3425.000 0.616
3430.000 0.625
3435.000 0.632
3440.000 0.639
3445.000 0.647
3450.000 0.656
3455.000 0.667
3460.000 0.679
3465.000 0.689
3470.000 0.702
3475.000 0.714
3480.000 0.729
3485.000 0.745
3490.000 0.760
3495.000 0.775
3500.000 0.775
3505.000 0.793
3510.000 0.813
3515.000 0.834
3520.000 0.857
3525.000 0.882
3530.000 0.914
3535.000 0.943
3540.000 0.976
3545.000 1.014
3550.000 1.054
3555.000 1.098
3560.000 1.149
3565.000 1.204
3570.000 1.255
3575.000 1.310
3580.000 1.367
3585.000 1.433
3590.000 1.512
3595.000 1.609
3600.000 1.728
3605.000 1.869
3610.000 2.047
3615.000 2.276
3620.000 2.557
3625.000 2.557
3630.000 2.915
3635.000 3.393
3640.000 4.019
3645.000 4.841
3650.000 5.928
3655.000 7.332
3660.000 9.120
3665.000 11.465
3670.000 14.909
3675.000 20.823
3680.000 30.013
3685.000 38.339
3690.000 37.263
3695.000 19.998
3700.000 11.673
3705.000 8.927
3710.000 6.823
3715.000 5.314
3720.000 4.290
3725.000 3.534
3730.000 2.969
3735.000 2.532
3740.000 2.195
3745.000 1.921
3750.000 1.921
3755.000 1.703
3760.000 1.523
3765.000 1.374
3770.000 1.251
3775.000 1.144
3780.000 1.054
3785.000 0.975
3790.000 0.907
3795.000 0.850
3800.000 0.800
3805.000 0.754
3810.000 0.715
3815.000 0.679
3820.000 0.646
3825.000 0.618
3830.000 0.591
3835.000 0.567
3840.000 0.546
3845.000 0.525
3850.000 0.507
3855.000 0.492
3860.000 0.476
3865.000 0.476
3870.000 0.463
3875.000 0.451
3880.000 0.440
3885.000 0.428
3890.000 0.418
3895.000 0.408
3900.000 0.399
3905.000 0.390
3910.000 0.384
3915.000 0.379
3920.000 0.371
3925.000 0.365
3930.000 0.360
3935.000 0.352
3940.000 0.350
3945.000 0.344
3950.000 0.339
3955.000 0.334
3960.000 0.331
3965.000 0.331
3970.000 0.323
3975.000 0.323
3980.000 0.324
3985.000 0.320
3990.000 0.320
3995.000 0.315
4000.000 0.306
4005.000 0.311
4010.000 0.302
4015.000 0.301
4020.000 0.300
4025.000 0.294
4030.000 0.298
4035.000 0.298
4040.000 0.296
4045.000 0.290
4050.000 0.288
4055.000 0.288
4060.000 0.291
4065.000 0.286
4070.000 0.289
4075.000 0.283
4080.000 0.284
4085.000 0.281
4090.000 0.282
4095.000 0.280
4100.000 0.279
4105.000 0.280
4110.000 0.278
4115.000 0.278
4120.000 0.278
4125.000 0.276
4130.000 0.275
4135.000 0.276
4140.000 0.276
4145.000 0.276
4150.000 0.276
4155.000 0.273
4160.000 0.274
4165.000 0.274
4170.000 0.275
4175.000 0.274
4180.000 0.274
4185.000 0.272
4190.000 0.275
4195.000 0.273
4200.000 0.274
4205.000 0.273
4210.000 0.272
4215.000 0.274
4220.000 0.273
4225.000 0.272
4230.000 0.272
4235.000 0.270
4240.000 0.270
4245.000 0.271
4250.000 0.270
4255.000 0.270
4260.000 0.270
4265.000 0.270
4270.000 0.269
4275.000 0.267
4280.000 0.266
4285.000 0.266
4290.000 0.265
4295.000 0.266
4300.000 0.264
4305.000 0.262
4310.000 0.261
4315.000 0.259
4320.000 0.256
4325.000 0.254
4330.000 0.252
4335.000 0.251
4340.000 0.249
4345.000 0.247
4350.000 0.247
4355.000 0.246
4360.000 0.244
4365.000 0.243
4370.000 0.242
4375.000 0.243
4380.000 0.243
4385.000 0.240
4390.000 0.240
4395.000 0.240
4400.000 0.241
4405.000 0.240
4410.000 0.241
4415.000 0.239
4420.000 0.239
4425.000 0.239
4430.000 0.240
4435.000 0.241
4440.000 0.241
4445.000 0.241
4450.000 0.239
4455.000 0.237
4460.000 0.241
4465.000 0.239
4470.000 0.239
4475.000 0.239
4480.000 0.241
4485.000 0.240
4490.000 0.239
4495.000 0.240
4500.000 0.241
4505.000 0.241
4510.000 0.240
4515.000 0.240
4520.000 0.240
4525.000 0.242
4530.000 0.240
4535.000 0.239
4540.000 0.242
4545.000 0.241
4550.000 0.242
4555.000 0.241
4560.000 0.241
4565.000 0.241
4570.000 0.242
4575.000 0.241
4580.000 0.241
4585.000 0.241
4590.000 0.240
4595.000 0.242
4600.000 0.242
4605.000 0.242
4610.000 0.242
4615.000 0.241
4620.000 0.241
4625.000 0.241
4630.000 0.241
4635.000 0.243
4640.000 0.243
4645.000 0.242
4650.000 0.243
4655.000 0.243
4660.000 0.244
4665.000 0.243
4670.000 0.245
4675.000 0.244
4680.000 0.245
4685.000 0.246
4690.000 0.246
4695.000 0.245
4700.000 0.246
4705.000 0.245
4710.000 0.247
4715.000 0.248
4720.000 0.248
4725.000 0.248
4730.000 0.247
4735.000 0.249
4740.000 0.249
4745.000 0.251
4750.000 0.250
4755.000 0.252
4760.000 0.253
4765.000 0.255
4770.000 0.255
4775.000 0.257
4780.000 0.258
4785.000 0.260
4790.000 0.259
4795.000 0.263
4800.000 0.263
4805.000 0.266
4810.000 0.269
4815.000 0.272
4820.000 0.275
4825.000 0.278
4830.000 0.283
4835.000 0.286
4840.000 0.286
4845.000 0.293
4850.000 0.298
4855.000 0.307
4860.000 0.314
4865.000 0.323
4870.000 0.335
4875.000 0.346
4880.000 0.362
4885.000 0.383
4890.000 0.407
4895.000 0.438
4900.000 0.476
4905.000 0.526
4910.000 0.596
4915.000 0.693
4920.000 0.857
4925.000 1.171
4930.000 1.910
4935.000 3.747
4940.000 6.286
4945.000 6.421
4950.000 1.087
4955.000 5.667
4960.000 5.667
4965.000 3.586
4970.000 4.276
4975.000 4.269
4980.000 1.540
4985.000 2.026
4990.000 1.354
4995.000 1.296
5000.000 1.051
5005.000 0.895
5010.000 0.777
5015.000 0.674
5020.000 0.623
5025.000 0.561
5030.000 0.528
5035.000 0.494
5040.000 0.472
5045.000 0.441
5050.000 0.423
5055.000 0.405
5060.000 0.388
5065.000 0.371
5070.000 0.362
5075.000 0.352
5080.000 0.342
5085.000 0.342
5090.000 0.333
5095.000 0.322
5100.000 0.319
5105.000 0.308
5110.000 0.305
5115.000 0.300
5120.000 0.293
5125.000 0.288
5130.000 0.287
5135.000 0.280
5140.000 0.277
5145.000 0.274
5150.000 0.270
5155.000 0.267
5160.000 0.265
5165.000 0.262
5170.000 0.260
5175.000 0.256
5180.000 0.253
5185.000 0.254
5190.000 0.251
5195.000 0.250
5200.000 0.247
5205.000 0.246
5210.000 0.246
5215.000 0.245
5220.000 0.243
5225.000 0.242
5230.000 0.241
5235.000 0.239
5240.000 0.239
5245.000 0.237
5250.000 0.234
5255.000 0.234
5260.000 0.234
5265.000 0.231
5270.000 0.233
5275.000 0.231
5280.000 0.231
5285.000 0.231
5290.000 0.230
5295.000 0.229
5300.000 0.229
5305.000 0.229
5310.000 0.229
5315.000 0.229
5320.000 0.229
5325.000 0.230
5330.000 0.229
5335.000 0.229
5340.000 0.230
5345.000 0.230
5350.000 0.231
5355.000 0.232
5360.000 0.231
5365.000 0.233
5370.000 0.234
5375.000 0.233
5380.000 0.236
5385.000 0.236
5390.000 0.237
5395.000 0.237
5400.000 0.238
5405.000 0.240
5410.000 0.240
5415.000 0.243
5420.000 0.243
5425.000 0.246
5430.000 0.248
5435.000 0.248
5440.000 0.249
5445.000 0.249
5450.000 0.251
5455.000 0.253
5460.000 0.256
5465.000 0.256
5470.000 0.257
5475.000 0.258
5480.000 0.261
5485.000 0.261
5490.000 0.264
5495.000 0.264
5500.000 0.268
5505.000 0.269
5510.000 0.271
5515.000 0.272
5520.000 0.275
5525.000 0.275
5530.000 0.282
5535.000 0.280
5540.000 0.285
5545.000 0.286
5550.000 0.286
5555.000 0.288
5560.000 0.290
5565.000 0.290
5570.000 0.294
5575.000 0.294
5580.000 0.294
5585.000 0.296
5590.000 0.299
5595.000 0.300
5600.000 0.303
5605.000 0.303
5610.000 0.305
5615.000 0.308
5620.000 0.310
5625.000 0.312
5630.000 0.313
5635.000 0.314
5640.000 0.318
5645.000 0.319
5650.000 0.322
5655.000 0.324
5660.000 0.327
5665.000 0.329
5670.000 0.330
5675.000 0.332
5680.000 0.334
5685.000 0.338
5690.000 0.340
5695.000 0.344
5700.000 0.344
5705.000 0.345
5710.000 0.348
5715.000 0.351
5720.000 0.354
5725.000 0.356
5730.000 0.357
5735.000 0.361
5740.000 0.363
5745.000 0.367
5750.000 0.370
5755.000 0.373
5760.000 0.378
5765.000 0.380
5770.000 0.382
5775.000 0.387
5780.000 0.388
5785.000 0.395
5790.000 0.398
5795.000 0.402
5800.000 0.406
5805.000 0.409
5810.000 0.414
5815.000 0.419
5820.000 0.423
5825.000 0.423
5830.000 0.427
5835.000 0.433
5840.000 0.439
5845.000 0.445
5850.000 0.450
5855.000 0.456
5860.000 0.460
5865.000 0.467
5870.000 0.476
5875.000 0.481
5880.000 0.488
5885.000 0.496
5890.000 0.503
5895.000 0.512
5900.000 0.521
5905.000 0.532
5910.000 0.540
5915.000 0.548
5920.000 0.559
5925.000 0.572
5930.000 0.582
5935.000 0.582
5940.000 0.595
5945.000 0.605
5950.000 0.622
5955.000 0.638
5960.000 0.656
5965.000 0.668
5970.000 0.686
5975.000 0.704
5980.000 0.729
5985.000 0.752
5990.000 0.778
5995.000 0.796
6000.000 0.813
6005.000 0.841
6010.000 0.860
6015.000 0.874
6020.000 0.897
6025.000 0.926
6030.000 0.942
6035.000 0.963
6040.000 0.981
6045.000 1.013
6050.000 1.037
6055.000 1.064
6060.000 1.064
6065.000 1.105
6070.000 1.132
6075.000 1.179
6080.000 1.221
6085.000 1.266
6090.000 1.319
6095.000 1.375
6100.000 1.447
6105.000 1.525
6110.000 1.620
6115.000 1.739
6120.000 1.875
6125.000 2.039
6130.000 2.255
6135.000 2.516
6140.000 2.856
6145.000 3.301
6150.000 3.884
6155.000 4.653
6160.000 5.682
6165.000 7.061
6170.000 8.852
6175.000 11.166
6180.000 13.897
6185.000 13.897
6190.000 16.332
6195.000 17.141
6200.000 14.655
6205.000 10.550
6210.000 8.903
6215.000 6.899
6220.000 5.093
6225.000 4.191
6230.000 3.588
6235.000 3.214
6240.000 2.937
6245.000 2.712
6250.000 2.512
6255.000 2.317
6260.000 2.128
6265.000 1.960
6270.000 1.811
6275.000 1.675
6280.000 1.561
6285.000 1.466
6290.000 1.369
6295.000 1.281
6300.000 1.207
6305.000 1.139
6310.000 1.139
6315.000 1.071
6320.000 1.023
6325.000 0.969
6330.000 0.916
6335.000 0.869
6340.000 0.831
6345.000 0.793
6350.000 0.756
6355.000 0.728
6360.000 0.701
6365.000 0.676
6370.000 0.655
6375.000 0.633
6380.000 0.613
6385.000 0.597
6390.000 0.581
6395.000 0.567
6400.000 0.554
6405.000 0.542
6410.000 0.529
6415.000 0.519
6420.000 0.519
6425.000 0.510
6430.000 0.499
6435.000 0.489
6440.000 0.479
6445.000 0.473
6450.000 0.467
6455.000 0.460
6460.000 0.456
6465.000 0.449
6470.000 0.444
6475.000 0.441
6480.000 0.439
6485.000 0.437
6490.000 0.433
6495.000 0.434
6500.000 0.437
6505.000 0.445
6510.000 0.475
6515.000 0.588
6520.000 0.989
6525.000 2.519
6530.000 5.490
6535.000 6.899
6540.000 5.418
6545.000 5.418
6550.000 2.636
6555.000 1.384
6560.000 0.932
6565.000 0.475
6570.000 0.446
6575.000 0.502
6580.000 0.453
6585.000 0.448
6590.000 0.425
6595.000 0.407
6600.000 0.390
6605.000 0.378
6610.000 0.367
6615.000 0.359
6620.000 0.350
6625.000 0.346
6630.000 0.341
6635.000 0.338
6640.000 0.331
6645.000 0.325
6650.000 0.322
6655.000 0.317
6660.000 0.313
6665.000 0.312
6670.000 0.312
6675.000 0.309
6680.000 0.307
6685.000 0.304
6690.000 0.301
6695.000 0.300
6700.000 0.298
6705.000 0.296
6710.000 0.294
6715.000 0.292
6720.000 0.291
6725.000 0.289
6730.000 0.288
6735.000 0.286
6740.000 0.287
6745.000 0.285
6750.000 0.281
6755.000 0.282
6760.000 0.281
6765.000 0.279
6770.000 0.281
6775.000 0.280
6780.000 0.277
6785.000 0.277
6790.000 0.277
6795.000 0.277
6800.000 0.277
6805.000 0.275
6810.000 0.277
6815.000 0.275
6820.000 0.276
6825.000 0.276
6830.000 0.276
6835.000 0.274
6840.000 0.274
6845.000 0.273
6850.000 0.273
6855.000 0.271
6860.000 0.273
6865.000 0.272
6870.000 0.274
6875.000 0.275
6880.000 0.273
6885.000 0.272
6890.000 0.272
6895.000 0.272
6900.000 0.271
6905.000 0.271
6910.000 0.270
6915.000 0.270
6920.000 0.271
6925.000 0.271
6930.000 0.273
6935.000 0.271
6940.000 0.270
6945.000 0.268
6950.000 0.270
6955.000 0.270
6960.000 0.268
6965.000 0.272
6970.000 0.268
6975.000 0.271
6980.000 0.270
6985.000 0.268
6990.000 0.269
6995.000 0.274
7000.000 0.268
7005.000 0.273
7010.000 0.267
7015.000 0.266
7020.000 0.267
7025.000 0.273
7030.000 0.273
7035.000 0.270
7040.000 0.272
7045.000 0.266
7050.000 0.264
7055.000 0.265
7060.000 0.267
7065.000 0.270
7070.000 0.267
7075.000 0.268
7080.000 0.269
7085.000 0.269
7090.000 0.268
7095.000 0.268
7100.000 0.269
7105.000 0.268
7110.000 0.269
7115.000 0.269
7120.000 0.269
7125.000 0.270
7130.000 0.269
7135.000 0.269
7140.000 0.270
7145.000 0.269
7150.000 0.270
7155.000 0.270
7160.000 0.271
7165.000 0.271
7170.000 0.271
7175.000 0.272
7180.000 0.273
7185.000 0.273
7190.000 0.273
7195.000 0.276
7200.000 0.276
7205.000 0.277
7210.000 0.279
7215.000 0.279
7220.000 0.280
7225.000 0.282
7230.000 0.283
7235.000 0.287
7240.000 0.290
7245.000 0.290
7250.000 0.294
7255.000 0.296
7260.000 0.299
7265.000 0.306
7270.000 0.308
7275.000 0.313
7280.000 0.313
7285.000 0.319
7290.000 0.327
7295.000 0.335
7300.000 0.345
7305.000 0.355
7310.000 0.368
7315.000 0.385
7320.000 0.403
7325.000 0.425
7330.000 0.453
7335.000 0.487
7340.000 0.531
7345.000 0.585
7350.000 0.664
7355.000 0.771
7360.000 0.925
7365.000 1.191
7370.000 1.588
7375.000 2.179
7380.000 2.928
7385.000 3.713
7390.000 4.368
7395.000 4.368
7400.000 4.399
7405.000 3.375
7410.000 1.997
7415.000 1.396
7420.000 1.555
7425.000 1.823
7430.000 1.755
7435.000 1.417
7440.000 1.159
7445.000 1.008
7450.000 0.890
7455.000 0.799
7460.000 0.724
7465.000 0.663
7470.000 0.618
7475.000 0.578
7480.000 0.544
7485.000 0.516
7490.000 0.491
7495.000 0.470
7500.000 0.452
7505.000 0.437
7510.000 0.422
7515.000 0.409
7520.000 0.409
7525.000 0.395
7530.000 0.388
7535.000 0.376
7540.000 0.368
7545.000 0.360
7550.000 0.353
7555.000 0.346
7560.000 0.341
7565.000 0.335
7570.000 0.331
7575.000 0.327
7580.000 0.323
7585.000 0.319
7590.000 0.316
7595.000 0.313
7600.000 0.309
7605.000 0.306
7610.000 0.303
7615.000 0.299
7620.000 0.293
7625.000 0.294
7630.000 0.289
7635.000 0.289
7640.000 0.286
7645.000 0.286
7650.000 0.285
7655.000 0.282
7660.000 0.279
7665.000 0.277
7670.000 0.276
7675.000 0.274
7680.000 0.272
7685.000 0.270
7690.000 0.269
7695.000 0.265
7700.000 0.266
7705.000 0.263
7710.000 0.262
7715.000 0.261
7720.000 0.258
7725.000 0.256
7730.000 0.257
7735.000 0.256
7740.000 0.253
7745.000 0.251
7750.000 0.251
7755.000 0.249
7760.000 0.246
7765.000 0.246
7770.000 0.246
7775.000 0.244
7780.000 0.243
7785.000 0.238
7790.000 0.239
7795.000 0.239
7800.000 0.235
7805.000 0.236
7810.000 0.233
7815.000 0.233
7820.000 0.230
7825.000 0.230
7830.000 0.228
7835.000 0.224
7840.000 0.225
7845.000 0.224
7850.000 0.223
7855.000 0.221
7860.000 0.218
7865.000 0.216
7870.000 0.215
7875.000 0.214
7880.000 0.214
7885.000 0.213
7890.000 0.214
7895.000 0.215
7900.000 0.214
7905.000 0.214
7910.000 0.217
7915.000 0.219
7920.000 0.223
7925.000 0.228
7930.000 0.237
7935.000 0.248
7940.000 0.263
7945.000 0.282
7950.000 0.311
7955.000 0.349
7960.000 0.405
7965.000 0.496
7970.000 0.644
7975.000 0.911
7980.000 1.444
7985.000 2.429
7990.000 3.826
7995.000 5.611
8000.000 7.358
8005.000 7.358
8010.000 7.942
8015.000 7.659
8020.000 4.649
8025.000 3.226
8030.000 1.677
8035.000 1.576
8040.000 1.421
8045.000 1.251
8050.000 1.069
8055.000 0.955
8060.000 0.841
8065.000 0.768
8070.000 0.699
8075.000 0.648
8080.000 0.606
8085.000 0.566
8090.000 0.530
8095.000 0.502
8100.000 0.482
8105.000 0.463
8110.000 0.448
8115.000 0.432
8120.000 0.421
8125.000 0.408
8130.000 0.408
8135.000 0.397
8140.000 0.387
8145.000 0.378
8150.000 0.369
8155.000 0.361
8160.000 0.356
8165.000 0.348
8170.000 0.341
8175.000 0.336
8180.000 0.332
8185.000 0.323
8190.000 0.321
8195.000 0.316
8200.000 0.310
8205.000 0.305
8210.000 0.303
8215.000 0.297
8220.000 0.293
8225.000 0.289
8230.000 0.287
8235.000 0.282
8240.000 0.280
8245.000 0.277
8250.000 0.273
8255.000 0.273
8260.000 0.268
8265.000 0.269
8270.000 0.264
8275.000 0.260
8280.000 0.258
8285.000 0.254
8290.000 0.252
8295.000 0.250
8300.000 0.247
8305.000 0.241
8310.000 0.239
8315.000 0.235
8320.000 0.233
8325.000 0.229
8330.000 0.226
8335.000 0.224
8340.000 0.219
8345.000 0.217
8350.000 0.213
8355.000 0.209
8360.000 0.207
8365.000 0.207
8370.000 0.203
8375.000 0.202
8380.000 0.199
8385.000 0.192
8390.000 0.191
8395.000 0.187
8400.000 0.186
8405.000 0.183
8410.000 0.182
8415.000 0.178
8420.000 0.176
8425.000 0.178
8430.000 0.176
8435.000 0.179
8440.000 0.183
8445.000 0.195
8450.000 0.219
8455.000 0.265
8460.000 0.365
8465.000 0.624
8470.000 1.511
8475.000 3.435
8480.000 5.692
8485.000 6.766
8490.000 6.766
8495.000 3.119
8500.000 3.070
8505.000 1.574
8510.000 1.851
8515.000 1.959
8520.000 2.134
8525.000 2.467
8530.000 2.661
8535.000 3.064
8540.000 3.525
8545.000 4.092
8550.000 4.810
8555.000 5.704
8560.000 6.813
8565.000 8.128
8570.000 9.588
8575.000 10.893
8580.000 11.409
8585.000 10.708
8590.000 8.952
8595.000 7.178
8600.000 5.796
8605.000 4.703
8610.000 3.990
8615.000 3.990
8620.000 3.690
8625.000 3.482
8630.000 2.858
8635.000 2.393
8640.000 2.226
8645.000 2.077
8650.000 1.944
8655.000 1.808
8660.000 1.673
8665.000 1.560
8670.000 1.457
8675.000 1.368
8680.000 1.296
8685.000 1.233
8690.000 1.179
8695.000 1.132
8700.000 1.091
8705.000 1.055
8710.000 1.021
8715.000 0.992
8720.000 0.970
8725.000 0.945
8730.000 0.927
8735.000 0.908
8740.000 0.908
8745.000 0.886
8750.000 0.871
8755.000 0.856
8760.000 0.840
8765.000 0.827
8770.000 0.816
8775.000 0.807
8780.000 0.797
8785.000 0.786
8790.000 0.778
8795.000 0.769
8800.000 0.761
8805.000 0.754
8810.000 0.750
8815.000 0.740
8820.000 0.737
8825.000 0.729
8830.000 0.731
8835.000 0.737
8840.000 0.731
8845.000 0.742
8850.000 0.742
8855.000 0.749
8860.000 0.744
8865.000 0.730
8870.000 0.716
8875.000 0.701
8880.000 0.691
8885.000 0.681
8890.000 0.675
8895.000 0.670
8900.000 0.665
8905.000 0.665
8910.000 0.660
8915.000 0.657
8920.000 0.656
8925.000 0.653
8930.000 0.651
8935.000 0.649
8940.000 0.644
8945.000 0.640
8950.000 0.638
8955.000 0.639
8960.000 0.636
8965.000 0.635
8970.000 0.630
8975.000 0.630
8980.000 0.635
8985.000 0.630
8990.000 0.631
8995.000 0.633
9000.000 0.623
9005.000 0.627
9010.000 0.616
9015.000 0.619
9020.000 0.619
9025.000 0.617
9030.000 0.616
9035.000 0.619
9040.000 0.615
9045.000 0.611
9050.000 0.612
9055.000 0.612
9060.000 0.615
9065.000 0.610
9070.000 0.615
9075.000 0.612
9080.000 0.610
9085.000 0.613
9090.000 0.610
9095.000 0.608
9100.000 0.608
9105.000 0.611
9110.000 0.609
9115.000 0.609
9120.000 0.608
9125.000 0.608
9130.000 0.607
9135.000 0.607
9140.000 0.605
9145.000 0.608
9150.000 0.609
9155.000 0.607
9160.000 0.607
9165.000 0.609
9170.000 0.607
9175.000 0.608
9180.000 0.610
9185.000 0.610
9190.000 0.613
9195.000 0.614
9200.000 0.612
9205.000 0.613
9210.000 0.613
9215.000 0.617
9220.000 0.615
9225.000 0.620
9230.000 0.620
9235.000 0.620
9240.000 0.622
9245.000 0.624
9250.000 0.624
9255.000 0.628
9260.000 0.629
9265.000 0.629
9270.000 0.635
9275.000 0.638
9280.000 0.639
9285.000 0.644
9290.000 0.646
9295.000 0.649
9300.000 0.655
9305.000 0.661
9310.000 0.665
9315.000 0.671
9320.000 0.677
9325.000 0.685
9330.000 0.692
9335.000 0.702
9340.000 0.702
9345.000 0.713
9350.000 0.728
9355.000 0.742
9360.000 0.763
9365.000 0.787
9370.000 0.821
9375.000 0.857
9380.000 0.905
9385.000 0.973
9390.000 1.078
9395.000 1.255
9400.000 1.573
9405.000 2.064
9410.000 2.428
9415.000 1.923
9420.000 0.623
9425.000 0.040
9430.000 0.831
9435.000 0.573
9440.000 0.593
9445.000 0.543
9450.000 0.557
9455.000 0.553
9460.000 0.545
9465.000 0.545
9470.000 0.552
9475.000 0.550
9480.000 0.553
9485.000 0.555
9490.000 0.558
9495.000 0.564
9500.000 0.567
9505.000 0.568
9510.000 0.573
9515.000 0.578
9520.000 0.584
9525.000 0.592
9530.000 0.597
9535.000 0.604
9540.000 0.610
9545.000 0.621
9550.000 0.625
9555.000 0.633
9560.000 0.643
9565.000 0.652
9570.000 0.659
9575.000 0.673
9580.000 0.680
9585.000 0.690
9590.000 0.690
9595.000 0.701
9600.000 0.714
9605.000 0.726
9610.000 0.741
9615.000 0.761
9620.000 0.767
9625.000 0.788
9630.000 0.805
9635.000 0.821
9640.000 0.835
9645.000 0.850
9650.000 0.874
9655.000 0.896
9660.000 0.918
9665.000 0.944
9670.000 0.975
9675.000 1.008
9680.000 1.047
9685.000 1.097
9690.000 1.151
9695.000 1.219
9700.000 1.315
9705.000 1.432
9710.000 1.588
9715.000 1.588
9720.000 1.803
9725.000 2.079
9730.000 2.434
9735.000 2.851
9740.000 3.248
9745.000 3.430
9750.000 3.222
9755.000 2.670
9760.000 1.993
9765.000 1.430
9770.000 1.040
9775.000 0.762
9780.000 0.565
9785.000 0.426
9790.000 0.326
9795.000 0.277
9800.000 0.260
9805.000 0.247
9810.000 0.234
9815.000 0.236
9820.000 0.199
9825.000 0.199
9830.000 0.172
9835.000 0.162
9840.000 0.159
9845.000 0.162
9850.000 0.168
9855.000 0.173
9860.000 0.183
9865.000 0.193
9870.000 0.200
9875.000 0.209
9880.000 0.219
9885.000 0.228
9890.000 0.238
9895.000 0.247
9900.000 0.252
9905.000 0.259
9910.000 0.267
9915.000 0.272
9920.000 0.277
9925.000 0.283
9930.000 0.285
9935.000 0.292
9940.000 0.295
9945.000 0.304
9950.000 0.304
9955.000 0.304
9960.000 0.309
9965.000 0.310
9970.000 0.317
9975.000 0.319
9980.000 0.325
9985.000 0.329
9990.000 0.333
9995.000 0.334
10000.000 0.335
10005.000 0.342
10010.000 0.345
10015.000 0.342
10020.000 0.348
10025.000 0.353
10030.000 0.360
10035.000 0.357
10040.000 0.362
10045.000 0.365
10050.000 0.370
10055.000 0.375
10060.000 0.379
10065.000 0.389
10070.000 0.399
10075.000 0.399
10080.000 0.423
10085.000 0.457
10090.000 0.507
10095.000 0.570
10100.000 0.589
10105.000 0.642
10110.000 1.821
10115.000 2.505
10120.000 1.187
10125.000 0.953
10130.000 0.621
10135.000 0.666
10140.000 0.640
10145.000 0.601
10150.000 0.591
10155.000 0.553
10160.000 0.532
10165.000 0.513
10170.000 0.497
10175.000 0.482
10180.000 0.469
10185.000 0.464
10190.000 0.458
10195.000 0.454
10200.000 0.454
10205.000 0.450
10210.000 0.448
10215.000 0.449
10220.000 0.447
10225.000 0.447
10230.000 0.446
10235.000 0.446
10240.000 0.447
10245.000 0.448
10250.000 0.450
10255.000 0.451
10260.000 0.454
10265.000 0.453
10270.000 0.455
10275.000 0.456
10280.000 0.456
10285.000 0.459
10290.000 0.463
10295.000 0.461
10300.000 0.464
10305.000 0.462
10310.000 0.462
10315.000 0.465
10320.000 0.468
10325.000 0.469
10330.000 0.470
10335.000 0.473
10340.000 0.479
10345.000 0.478
10350.000 0.482
10355.000 0.485
10360.000 0.487
10365.000 0.488
10370.000 0.490
10375.000 0.493
10380.000 0.495
10385.000 0.498
10390.000 0.506
10395.000 0.506
10400.000 0.500
10405.000 0.504
10410.000 0.510
10415.000 0.515
10420.000 0.516
10425.000 0.516
10430.000 0.519
10435.000 0.519
10440.000 0.529
10445.000 0.534
10450.000 0.535
10455.000 0.534
10460.000 0.536
10465.000 0.536
10470.000 0.540
10475.000 0.541
10480.000 0.544
10485.000 0.549
10490.000 0.550
10495.000 0.555
10500.000 0.563
10505.000 0.568
10510.000 0.569
10515.000 0.573
10520.000 0.581
10525.000 0.587
10530.000 0.593
10535.000 0.598
10540.000 0.604
10545.000 0.609
10550.000 0.618
10555.000 0.626
10560.000 0.626
10565.000 0.631
10570.000 0.635
10575.000 0.641
10580.000 0.643
10585.000 0.654
10590.000 0.660
10595.000 0.665
10600.000 0.673
10605.000 0.680
10610.000 0.686
10615.000 0.698
10620.000 0.703
10625.000 0.713
10630.000 0.725
10635.000 0.740
10640.000 0.754
10645.000 0.762
10650.000 0.778
10655.000 0.793
10660.000 0.807
10665.000 0.826
10670.000 0.845
10675.000 0.867
10680.000 0.884
10685.000 0.884
10690.000 0.923
10695.000 0.945
10700.000 0.982
10705.000 1.022
10710.000 1.071
10715.000 1.124
10720.000 1.197
10725.000 1.291
10730.000 1.414
10735.000 1.579
10740.000 1.813
10745.000 2.146
10750.000 2.615
10755.000 3.272
10760.000 4.097
10765.000 4.873
10770.000 5.166
10775.000 4.347
10780.000 2.333
10785.000 1.089
10790.000 0.714
10795.000 0.714
10800.000 0.706
10805.000 0.606
10810.000 0.423
10815.000 0.127
10820.000 0.136
10825.000 0.180
10830.000 0.242
10835.000 0.305
10840.000 0.362
10845.000 0.417
10850.000 0.477
10855.000 0.574
10860.000 0.723
10865.000 0.915
10870.000 1.144
10875.000 1.427
10880.000 1.746
10885.000 2.086
10890.000 2.435
10895.000 2.771
10900.000 3.050
10905.000 3.204
10910.000 3.147
10915.000 2.848
10920.000 2.391
10925.000 2.391
10930.000 1.905
10935.000 1.499
10940.000 1.173
10945.000 0.916
10950.000 0.716
10955.000 0.564
10960.000 0.455
10965.000 0.392
10970.000 0.361
10975.000 0.365
10980.000 0.368
10985.000 0.339
10990.000 0.295
10995.000 0.254
11000.000 0.212
11005.000 0.179
11010.000 0.147
11015.000 0.124
11020.000 0.102
11025.000 0.087
11030.000 0.077
11035.000 0.062
11040.000 0.054
11045.000 0.050
11050.000 0.050
11055.000 0.047
11060.000 0.044
11065.000 0.047
11070.000 0.047
11075.000 0.052
11080.000 0.056
11085.000 0.059
11090.000 0.063
11095.000 0.066
11100.000 0.069
11105.000 0.074
11110.000 0.076
11115.000 0.082
11120.000 0.085
11125.000 0.087
11130.000 0.091
11135.000 0.093
11140.000 0.095
11145.000 0.100
11150.000 0.101
11155.000 0.105
11160.000 0.105
11165.000 0.110
11170.000 0.112
11175.000 0.112
11180.000 0.114
11185.000 0.115
11190.000 0.117
11195.000 0.120
11200.000 0.121
11205.000 0.124
11210.000 0.124
11215.000 0.126
11220.000 0.129
11225.000 0.130
11230.000 0.131
11235.000 0.133
11240.000 0.135
11245.000 0.135
11250.000 0.136
11255.000 0.137
11260.000 0.138
11265.000 0.140
11270.000 0.141
11275.000 0.140
11280.000 0.141
11285.000 0.141
11290.000 0.145
11295.000 0.143
11300.000 0.146
11305.000 0.145
11310.000 0.145
11315.000 0.146
11320.000 0.147
11325.000 0.148
11330.000 0.148
11335.000 0.148
11340.000 0.148
11345.000 0.149
11350.000 0.148
11355.000 0.149
11360.000 0.149
11365.000 0.148
11370.000 0.148
11375.000 0.147
11380.000 0.148
11390.000 0.150
11400.000 0.146
11410.000 0.154
11420.000 0.153
11425.000 0.150
11430.000 0.150
11435.000 0.147
11440.000 0.146
11445.000 0.145
11450.000 0.143
11455.000 0.140
11460.000 0.140
11465.000 0.140
11470.000 0.140
11475.000 0.136
11480.000 0.137
11485.000 0.137
11490.000 0.139
11495.000 0.137
11500.000 0.133
11505.000 0.130
11510.000 0.125
11515.000 0.121
11520.000 0.115
11525.000 0.112
11530.000 0.107
11535.000 0.101
11540.000 0.098
11545.000 0.093
11550.000 0.088
11555.000 0.081
11560.000 0.076
11565.000 0.070
11570.000 0.065
11575.000 0.062
11580.000 0.064
11585.000 0.074
11590.000 0.074
11595.000 0.088
11600.000 0.117
11605.000 0.164
11610.000 0.252
11615.000 0.428
11620.000 0.768
11625.000 1.272
11630.000 1.902
11635.000 2.487
11640.000 2.492
11645.000 1.634
11650.000 2.309
11655.000 2.446
11660.000 1.346
11665.000 1.308
11670.000 1.091
11675.000 0.971
11680.000 0.870
11685.000 0.789
11690.000 0.730
11695.000 0.676
11700.000 0.630
11705.000 0.587
11710.000 0.547
11715.000 0.547
11720.000 0.513
11725.000 0.482
11730.000 0.452
11735.000 0.431
11740.000 0.410
11745.000 0.387
11750.000 0.370
11755.000 0.356
11760.000 0.342
11765.000 0.326
11770.000 0.317
11775.000 0.308
11780.000 0.303
11785.000 0.296
11790.000 0.289
11795.000 0.285
11800.000 0.280
11805.000 0.278
11810.000 0.275
11815.000 0.271
11820.000 0.267
11825.000 0.262
11830.000 0.260
11835.000 0.256
11840.000 0.256
11845.000 0.254
11850.000 0.251
11855.000 0.245
11860.000 0.243
11865.000 0.238
11870.000 0.237
11875.000 0.238
11880.000 0.235
11885.000 0.234
11890.000 0.232
11895.000 0.229
11900.000 0.231
11905.000 0.236
11910.000 0.239
11915.000 0.243
11920.000 0.244
11925.000 0.251
11930.000 0.261
11935.000 0.273
11940.000 0.299
11945.000 0.334
11950.000 0.334
11955.000 0.438
11960.000 0.673
11965.000 1.097
11970.000 1.340
11975.000 0.886
11980.000 0.848
11985.000 0.823
11990.000 0.873
11995.000 0.972
12000.000 1.121
