105.000 0.031
110.000 0.035
115.000 0.269
120.000 0.269
125.000 2.235
130.000 2.811
135.000 3.265
140.000 3.542
145.000 3.677
150.000 3.773
155.000 3.833
160.000 3.802
165.000 3.714
170.000 3.730
175.000 3.625
180.000 3.639
185.000 3.507
190.000 3.529
195.000 3.529
200.000 3.520
205.000 3.545
210.000 3.562
215.000 3.620
220.000 3.742
225.000 3.721
230.000 3.848
235.000 3.880
240.000 3.983
245.000 3.983
250.000 4.018
255.000 4.085
260.000 4.145
265.000 4.186
270.000 4.311
275.000 4.224
280.000 4.317
285.000 4.409
290.000 4.489
295.000 4.518
300.000 4.579
305.000 4.625
310.000 4.681
315.000 4.780
320.000 4.836
325.000 4.962
330.000 5.077
335.000 5.208
340.000 5.359
345.000 5.505
350.000 5.722
355.000 5.876
360.000 6.132
365.000 6.413
370.000 6.413
375.000 6.660
380.000 6.966
385.000 7.281
390.000 7.635
395.000 7.983
400.000 8.316
405.000 8.626
410.000 8.899
415.000 9.129
420.000 9.238
425.000 9.331
430.000 9.292
435.000 9.134
440.000 8.905
445.000 8.549
450.000 8.116
455.000 7.654
460.000 7.164
465.000 6.701
470.000 6.233
475.000 5.797
480.000 5.797
485.000 5.397
490.000 5.023
495.000 4.654
500.000 4.344
505.000 4.011
510.000 3.732
515.000 3.452
520.000 3.192
525.000 2.930
530.000 2.709
535.000 2.508
540.000 2.353
545.000 2.196
550.000 2.042
555.000 1.921
560.000 1.799
565.000 1.697
570.000 1.594
575.000 1.514
580.000 1.440
585.000 1.359
590.000 1.286
595.000 1.204
600.000 1.144
605.000 1.144
610.000 1.084
615.000 1.023
620.000 0.965
625.000 0.905
630.000 0.852
635.000 0.797
640.000 0.746
645.000 0.701
650.000 0.660
655.000 0.630
660.000 0.599
665.000 0.568
670.000 0.538
675.000 0.520
680.000 0.489
685.000 0.472
690.000 0.465
695.000 0.455
700.000 0.447
705.000 0.440
710.000 0.428
715.000 0.422
720.000 0.414
725.000 0.412
730.000 0.412
735.000 0.400
740.000 0.402
745.000 0.394
750.000 0.387
755.000 0.385
760.000 0.383
765.000 0.374
770.000 0.382
775.000 0.366
780.000 0.364
785.000 0.359
790.000 0.359
795.000 0.363
800.000 0.349
805.000 0.352
810.000 0.351
815.000 0.354
820.000 0.354
825.000 0.351
830.000 0.348
835.000 0.341
840.000 0.341
845.000 0.339
850.000 0.335
855.000 0.334
860.000 0.334
865.000 0.340
870.000 0.333
875.000 0.323
880.000 0.329
885.000 0.328
890.000 0.323
895.000 0.327
900.000 0.328
905.000 0.324
910.000 0.335
915.000 0.324
920.000 0.322
925.000 0.319
930.000 0.321
935.000 0.320
940.000 0.321
945.000 0.316
950.000 0.321
955.000 0.318
960.000 0.318
965.000 0.328
970.000 0.328
975.000 0.317
980.000 0.317
985.000 0.321
990.000 0.323
995.000 0.320
1000.000 0.313
1005.000 0.322
1010.000 0.316
1015.000 0.311
1020.000 0.307
1025.000 0.310
1030.000 0.325
1035.000 0.313
1040.000 0.325
1045.000 0.322
1050.000 0.315
1055.000 0.322
1060.000 0.316
1065.000 0.319
1070.000 0.311
1075.000 0.319
1080.000 0.316
1085.000 0.316
1090.000 0.313
1095.000 0.313
1100.000 0.316
1105.000 0.313
1110.000 0.315
1115.000 0.313
1120.000 0.313
1125.000 0.316
1130.000 0.320
1135.000 0.317
1140.000 0.314
1145.000 0.314
1150.000 0.317
1155.000 0.315
1160.000 0.315
1165.000 0.320
1170.000 0.318
1175.000 0.317
1180.000 0.315
1185.000 0.318
1190.000 0.317
1195.000 0.320
1200.000 0.317
1205.000 0.319
1210.000 0.322
1215.000 0.322
1220.000 0.322
1225.000 0.319
1230.000 0.320
1235.000 0.322
1240.000 0.322
1245.000 0.324
1250.000 0.325
1255.000 0.322
1260.000 0.326
1265.000 0.326
1270.000 0.329
1275.000 0.325
1280.000 0.330
1285.000 0.328
1290.000 0.330
1295.000 0.330
1300.000 0.329
1305.000 0.329
1310.000 0.332
1315.000 0.332
1320.000 0.334
1325.000 0.334
1330.000 0.334
1335.000 0.338
1340.000 0.337
1345.000 0.337
1350.000 0.338
1355.000 0.338
1360.000 0.339
1365.000 0.337
1370.000 0.337
1375.000 0.341
1380.000 0.339
1385.000 0.342
1390.000 0.342
1395.000 0.343
1400.000 0.345
1405.000 0.343
1410.000 0.345
1415.000 0.348
1420.000 0.346
1425.000 0.350
1430.000 0.353
1435.000 0.355
1440.000 0.354
1445.000 0.357
1450.000 0.355
1455.000 0.355
1460.000 0.354
1465.000 0.356
1470.000 0.355
1475.000 0.356
1480.000 0.354
1485.000 0.349
1490.000 0.347
1495.000 0.349
1500.000 0.344
1505.000 0.346
1510.000 0.343
1515.000 0.341
1520.000 0.344
1525.000 0.347
1530.000 0.348
1535.000 0.359
1540.000 0.361
1545.000 0.362
1550.000 0.365
1555.000 0.374
1560.000 0.378
1565.000 0.379
1570.000 0.381
1575.000 0.387
1580.000 0.387
1585.000 0.392
1590.000 0.395
1595.000 0.400
1600.000 0.406
1605.000 0.411
1610.000 0.412
1615.000 0.418
1620.000 0.422
1625.000 0.424
1630.000 0.433
1635.000 0.436
1640.000 0.441
1645.000 0.452
1650.000 0.453
1655.000 0.462
1660.000 0.463
1665.000 0.474
1670.000 0.479
1675.000 0.491
1680.000 0.492
1685.000 0.499
1690.000 0.507
1695.000 0.518
1700.000 0.522
1705.000 0.522
1710.000 0.534
1715.000 0.542
1720.000 0.548
1725.000 0.556
1730.000 0.562
1735.000 0.574
1740.000 0.585
1745.000 0.596
1750.000 0.607
1755.000 0.615
1760.000 0.621
1765.000 0.636
1770.000 0.647
1775.000 0.661
1780.000 0.667
1785.000 0.679
1790.000 0.689
1795.000 0.699
1800.000 0.709
1805.000 0.717
1810.000 0.728
1815.000 0.739
1820.000 0.745
1825.000 0.753
1830.000 0.753
1835.000 0.762
1840.000 0.768
1845.000 0.772
1850.000 0.777
1855.000 0.781
1860.000 0.784
1865.000 0.787
1870.000 0.788
1875.000 0.795
1880.000 0.793
1885.000 0.791
1890.000 0.791
1895.000 0.785
1900.000 0.783
1905.000 0.780
1910.000 0.767
1915.000 0.764
1920.000 0.759
1925.000 0.752
1930.000 0.749
1935.000 0.747
1940.000 0.747
1945.000 0.738
1950.000 0.725
1955.000 0.717
1960.000 0.710
1965.000 0.708
1970.000 0.700
1975.000 0.695
1980.000 0.680
1985.000 0.679
1990.000 0.669
1995.000 0.664
2000.000 0.666
2005.000 0.643
2010.000 0.651
2015.000 0.648
2020.000 0.643
2025.000 0.627
2030.000 0.622
2035.000 0.624
2040.000 0.620
2045.000 0.607
2050.000 0.600
2055.000 0.601
2060.000 0.596
2065.000 0.596
2070.000 0.590
2075.000 0.583
2080.000 0.578
2085.000 0.579
2090.000 0.571
2095.000 0.567
2100.000 0.566
2105.000 0.559
2110.000 0.554
2115.000 0.552
2120.000 0.550
2125.000 0.548
2130.000 0.542
2135.000 0.541
2140.000 0.537
2145.000 0.532
2150.000 0.532
2155.000 0.529
2160.000 0.530
2165.000 0.528
2170.000 0.529
2175.000 0.527
2180.000 0.527
2185.000 0.527
2190.000 0.527
2195.000 0.528
2200.000 0.526
2205.000 0.531
2210.000 0.528
2215.000 0.531
2220.000 0.531
2225.000 0.538
2230.000 0.541
2235.000 0.543
2240.000 0.548
2245.000 0.550
2250.000 0.549
2255.000 0.549
2260.000 0.546
2265.000 0.530
2270.000 0.499
2275.000 0.434
2280.000 0.334
2285.000 0.489
2290.000 2.631
2295.000 7.748
2300.000 15.194
2305.000 21.015
2310.000 16.576
2315.000 16.576
2320.000 3.773
2325.000 2.254
2330.000 1.282
2335.000 0.557
2340.000 0.198
2345.000 0.225
2350.000 0.139
2355.000 0.153
2360.000 0.158
2365.000 0.167
2370.000 0.178
2375.000 0.183
2380.000 0.188
2385.000 0.194
2390.000 0.196
2395.000 0.198
2400.000 0.199
2405.000 0.204
2410.000 0.204
2415.000 0.205
2420.000 0.207
2425.000 0.207
2430.000 0.208
2435.000 0.207
2440.000 0.209
2445.000 0.209
2450.000 0.210
2455.000 0.211
2460.000 0.212
2465.000 0.211
2470.000 0.214
2475.000 0.216
2480.000 0.215
2485.000 0.218
2490.000 0.217
2495.000 0.218
2500.000 0.220
2505.000 0.220
2510.000 0.221
2515.000 0.221
2520.000 0.222
2525.000 0.224
2530.000 0.225
2535.000 0.226
2540.000 0.227
2545.000 0.228
2550.000 0.229
2555.000 0.229
2560.000 0.231
2565.000 0.231
2570.000 0.233
2575.000 0.235
2580.000 0.235
2585.000 0.237
2590.000 0.238
2595.000 0.239
2600.000 0.242
2605.000 0.244
2610.000 0.245
2615.000 0.246
2620.000 0.249
2625.000 0.250
2630.000 0.251
2635.000 0.254
2640.000 0.257
2645.000 0.259
2650.000 0.258
2655.000 0.262
2660.000 0.265
2665.000 0.267
2670.000 0.269
2675.000 0.273
2680.000 0.273
2685.000 0.275
2690.000 0.277
2695.000 0.280
2700.000 0.284
2705.000 0.284
2710.000 0.290
2715.000 0.293
2720.000 0.295
2725.000 0.300
2730.000 0.303
2735.000 0.306
2740.000 0.311
2745.000 0.310
2750.000 0.316
2755.000 0.321
2760.000 0.322
2765.000 0.327
2770.000 0.330
2775.000 0.333
2780.000 0.339
2785.000 0.343
2790.000 0.346
2795.000 0.350
2800.000 0.354
2805.000 0.354
2810.000 0.356
2815.000 0.362
2820.000 0.365
2825.000 0.368
2830.000 0.372
2835.000 0.375
2840.000 0.381
2845.000 0.386
2850.000 0.391
2855.000 0.394
2860.000 0.397
2865.000 0.401
2870.000 0.406
2875.000 0.409
2880.000 0.413
2885.000 0.418
2890.000 0.420
2895.000 0.423
2900.000 0.427
2905.000 0.429
2910.000 0.433
2915.000 0.433
2920.000 0.435
2925.000 0.436
2930.000 0.439
2935.000 0.444
2940.000 0.444
2945.000 0.449
2950.000 0.452
2955.000 0.456
2960.000 0.455
2965.000 0.455
2970.000 0.462
2975.000 0.458
2980.000 0.464
2985.000 0.466
2990.000 0.463
2995.000 0.458
3000.000 0.468
3005.000 0.457
3010.000 0.466
3015.000 0.469
3020.000 0.469
3025.000 0.459
3030.000 0.463
3035.000 0.461
3040.000 0.461
3045.000 0.468
3050.000 0.465
3055.000 0.466
3060.000 0.463
3065.000 0.454
3070.000 0.461
3075.000 0.453
3080.000 0.450
3085.000 0.450
3090.000 0.451
3095.000 0.449
3100.000 0.444
3105.000 0.442
3110.000 0.441
3115.000 0.438
3120.000 0.437
3125.000 0.435
3130.000 0.435
3135.000 0.436
3140.000 0.435
3145.000 0.436
3150.000 0.438
3155.000 0.439
3160.000 0.442
3165.000 0.442
3170.000 0.442
3175.000 0.448
3180.000 0.450
3185.000 0.452
3190.000 0.453
3195.000 0.453
3200.000 0.458
3205.000 0.459
3210.000 0.461
3215.000 0.464
3220.000 0.466
3225.000 0.470
3230.000 0.470
3235.000 0.470
3240.000 0.472
3245.000 0.475
3250.000 0.475
3255.000 0.477
3260.000 0.480
3265.000 0.480
3270.000 0.485
3275.000 0.485
3280.000 0.488
3285.000 0.490
3290.000 0.490
3295.000 0.491
3300.000 0.494
3305.000 0.499
3310.000 0.500
3315.000 0.503
3320.000 0.506
3325.000 0.510
3330.000 0.509
3335.000 0.516
3340.000 0.518
3345.000 0.523
3350.000 0.527
3355.000 0.533
3360.000 0.537
3365.000 0.539
3370.000 0.545
3375.000 0.548
3380.000 0.553
3385.000 0.559
3390.000 0.564
3395.000 0.571
3400.000 0.571
3405.000 0.577
3410.000 0.590
3415.000 0.595
3420.000 0.601
3425.000 0.606
3430.000 0.613
3435.000 0.624
3440.000 0.631
3445.000 0.640
3450.000 0.652
3455.000 0.662
3460.000 0.675
3465.000 0.687
3470.000 0.698
3475.000 0.712
3480.000 0.727
3485.000 0.743
3490.000 0.763
3495.000 0.778
3500.000 0.798
3505.000 0.822
3510.000 0.845
3515.000 0.872
3520.000 0.901
3525.000 0.901
3530.000 0.992
3535.000 1.024
3540.000 1.055
3545.000 1.082
3550.000 1.106
3555.000 1.145
3560.000 1.198
3565.000 1.227
3570.000 1.280
3575.000 1.326
3580.000 1.382
3585.000 1.449
3590.000 1.532
3595.000 1.629
3600.000 1.757
3605.000 1.902
3610.000 2.113
3615.000 2.345
3620.000 2.647
3625.000 3.051
3630.000 3.559
3635.000 4.265
3640.000 5.207
3645.000 6.465
3650.000 6.465
3655.000 8.103
3660.000 10.194
3665.000 12.899
3670.000 16.565
3675.000 21.509
3680.000 27.108
3685.000 31.266
3690.000 31.288
3695.000 21.787
3700.000 11.493
3705.000 9.137
3710.000 7.046
3715.000 5.590
3720.000 4.482
3725.000 3.691
3730.000 3.092
3735.000 2.635
3740.000 2.276
3745.000 1.987
3750.000 1.756
3755.000 1.566
3760.000 1.409
3765.000 1.279
3770.000 1.169
3775.000 1.169
3780.000 1.076
3785.000 0.997
3790.000 0.927
3795.000 0.865
3800.000 0.816
3805.000 0.771
3810.000 0.729
3815.000 0.692
3820.000 0.659
3825.000 0.630
3830.000 0.602
3835.000 0.579
3840.000 0.558
3845.000 0.539
3850.000 0.522
3855.000 0.506
3860.000 0.491
3865.000 0.474
3870.000 0.463
3875.000 0.452
3880.000 0.439
3885.000 0.430
3890.000 0.420
3895.000 0.419
3900.000 0.410
3905.000 0.405
3910.000 0.396
3915.000 0.389
3920.000 0.382
3925.000 0.376
3930.000 0.370
3935.000 0.366
3940.000 0.360
3945.000 0.358
3950.000 0.353
3955.000 0.348
3960.000 0.346
3965.000 0.340
3970.000 0.335
3975.000 0.330
3980.000 0.331
3985.000 0.328
3990.000 0.322
3995.000 0.316
4000.000 0.322
4005.000 0.312
4010.000 0.312
4015.000 0.308
4020.000 0.308
4025.000 0.303
4030.000 0.307
4035.000 0.308
4040.000 0.304
4045.000 0.299
4050.000 0.298
4055.000 0.294
4060.000 0.296
4065.000 0.300
4070.000 0.293
4075.000 0.292
4080.000 0.293
4085.000 0.290
4090.000 0.289
4095.000 0.292
4100.000 0.289
4105.000 0.287
4110.000 0.288
4115.000 0.288
4120.000 0.284
4125.000 0.284
4130.000 0.286
4135.000 0.286
4140.000 0.284
4145.000 0.285
4150.000 0.284
4155.000 0.284
4160.000 0.283
4165.000 0.283
4170.000 0.284
4175.000 0.284
4180.000 0.284
4185.000 0.283
4190.000 0.285
4195.000 0.284
4200.000 0.284
4205.000 0.283
4210.000 0.283
4215.000 0.284
4220.000 0.282
4225.000 0.282
4230.000 0.282
4235.000 0.280
4240.000 0.280
4245.000 0.280
4250.000 0.280
4255.000 0.279
4260.000 0.279
4265.000 0.279
4270.000 0.279
4275.000 0.278
4280.000 0.277
4285.000 0.277
4290.000 0.276
4295.000 0.276
4300.000 0.272
4305.000 0.270
4310.000 0.270
4315.000 0.267
4320.000 0.265
4325.000 0.263
4330.000 0.261
4335.000 0.259
4340.000 0.257
4345.000 0.255
4350.000 0.255
4355.000 0.252
4360.000 0.251
4365.000 0.249
4370.000 0.250
4375.000 0.249
4380.000 0.248
4385.000 0.248
4390.000 0.249
4395.000 0.248
4400.000 0.246
4405.000 0.247
4410.000 0.248
4415.000 0.249
4420.000 0.249
4425.000 0.249
4430.000 0.248
4435.000 0.249
4440.000 0.250
4445.000 0.248
4450.000 0.249
4455.000 0.250
4460.000 0.249
4465.000 0.249
4470.000 0.249
4475.000 0.250
4480.000 0.248
4485.000 0.248
4490.000 0.250
4495.000 0.248
4500.000 0.248
4505.000 0.250
4510.000 0.249
4515.000 0.251
4520.000 0.250
4525.000 0.250
4530.000 0.250
4535.000 0.249
4540.000 0.250
4545.000 0.251
4550.000 0.252
4555.000 0.251
4560.000 0.251
4565.000 0.251
4570.000 0.252
4575.000 0.251
4580.000 0.252
4585.000 0.253
4590.000 0.252
4595.000 0.253
4600.000 0.253
4605.000 0.252
4610.000 0.253
4615.000 0.253
4620.000 0.255
4625.000 0.255
4630.000 0.255
4635.000 0.254
4640.000 0.254
4645.000 0.256
4650.000 0.256
4655.000 0.256
4660.000 0.257
4665.000 0.256
4670.000 0.259
4675.000 0.258
4680.000 0.259
4685.000 0.259
4690.000 0.261
4695.000 0.262
4700.000 0.262
4705.000 0.262
4710.000 0.263
4715.000 0.264
4720.000 0.265
4725.000 0.267
4730.000 0.268
4735.000 0.268
4740.000 0.272
4745.000 0.271
4750.000 0.271
4755.000 0.274
4760.000 0.276
4765.000 0.277
4770.000 0.279
4775.000 0.281
4780.000 0.284
4785.000 0.285
4790.000 0.290
4795.000 0.292
4800.000 0.296
4805.000 0.301
4810.000 0.303
4815.000 0.311
4820.000 0.315
4825.000 0.323
4830.000 0.328
4835.000 0.338
4840.000 0.346
4845.000 0.356
4850.000 0.367
4855.000 0.383
4860.000 0.396
4865.000 0.416
4870.000 0.437
4875.000 0.437
4880.000 0.462
4885.000 0.497
4890.000 0.538
4895.000 0.587
4900.000 0.653
4905.000 0.744
4910.000 0.877
4915.000 1.082
4920.000 1.460
4925.000 2.114
4930.000 3.326
4935.000 5.159
4940.000 7.480
4945.000 7.182
4950.000 1.888
4955.000 8.101
4960.000 8.824
4965.000 12.925
4970.000 9.670
4975.000 3.600
4980.000 3.610
4985.000 3.610
4990.000 2.920
4995.000 2.435
5000.000 1.878
5005.000 1.588
5010.000 1.378
5015.000 1.211
5020.000 1.056
5025.000 0.948
5030.000 0.865
5035.000 0.794
5040.000 0.732
5045.000 0.675
5050.000 0.633
5055.000 0.599
5060.000 0.575
5065.000 0.540
5070.000 0.522
5075.000 0.498
5080.000 0.479
5085.000 0.463
5090.000 0.450
5095.000 0.434
5100.000 0.424
5105.000 0.413
5110.000 0.413
5115.000 0.403
5120.000 0.394
5125.000 0.385
5130.000 0.379
5135.000 0.370
5140.000 0.366
5145.000 0.359
5150.000 0.353
5155.000 0.348
5160.000 0.344
5165.000 0.339
5170.000 0.334
5175.000 0.330
5180.000 0.327
5185.000 0.323
5190.000 0.318
5195.000 0.318
5200.000 0.314
5205.000 0.310
5210.000 0.308
5215.000 0.305
5220.000 0.303
5225.000 0.302
5230.000 0.298
5235.000 0.298
5240.000 0.296
5245.000 0.294
5250.000 0.291
5255.000 0.289
5260.000 0.287
5265.000 0.285
5270.000 0.283
5275.000 0.280
5280.000 0.280
5285.000 0.277
5290.000 0.277
5295.000 0.275
5300.000 0.273
5305.000 0.271
5310.000 0.270
5315.000 0.269
5320.000 0.267
5325.000 0.265
5330.000 0.266
5335.000 0.263
5340.000 0.263
5345.000 0.262
5350.000 0.260
5355.000 0.259
5360.000 0.259
5365.000 0.259
5370.000 0.257
5375.000 0.256
5380.000 0.257
5385.000 0.256
5390.000 0.256
5395.000 0.256
5400.000 0.256
5405.000 0.254
5410.000 0.256
5415.000 0.253
5420.000 0.256
5425.000 0.255
5430.000 0.255
5435.000 0.256
5440.000 0.256
5445.000 0.255
5450.000 0.256
5455.000 0.256
5460.000 0.258
5465.000 0.258
5470.000 0.258
5475.000 0.258
5480.000 0.261
5485.000 0.260
5490.000 0.260
5495.000 0.261
5500.000 0.262
5505.000 0.262
5510.000 0.263
5515.000 0.264
5520.000 0.266
5525.000 0.267
5530.000 0.268
5535.000 0.274
5540.000 0.277
5545.000 0.277
5550.000 0.277
5555.000 0.278
5560.000 0.278
5565.000 0.276
5570.000 0.277
5575.000 0.278
5580.000 0.279
5585.000 0.279
5590.000 0.281
5595.000 0.281
5600.000 0.284
5605.000 0.283
5610.000 0.284
5615.000 0.288
5620.000 0.289
5625.000 0.290
5630.000 0.292
5635.000 0.293
5640.000 0.296
5645.000 0.297
5650.000 0.298
5655.000 0.301
5660.000 0.302
5665.000 0.304
5670.000 0.306
5675.000 0.306
5680.000 0.309
5685.000 0.311
5690.000 0.313
5695.000 0.314
5700.000 0.317
5705.000 0.318
5710.000 0.321
5715.000 0.323
5720.000 0.323
5725.000 0.325
5730.000 0.328
5735.000 0.331
5740.000 0.332
5745.000 0.334
5750.000 0.338
5755.000 0.340
5760.000 0.343
5765.000 0.345
5770.000 0.348
5775.000 0.351
5780.000 0.354
5785.000 0.357
5790.000 0.359
5795.000 0.363
5800.000 0.367
5805.000 0.370
5810.000 0.374
5815.000 0.379
5820.000 0.382
5825.000 0.386
5830.000 0.390
5835.000 0.396
5840.000 0.398
5845.000 0.398
5850.000 0.403
5855.000 0.410
5860.000 0.415
5865.000 0.421
5870.000 0.425
5875.000 0.433
5880.000 0.439
5885.000 0.445
5890.000 0.450
5895.000 0.456
5900.000 0.465
5905.000 0.477
5910.000 0.482
5915.000 0.491
5920.000 0.500
5925.000 0.509
5930.000 0.519
5935.000 0.533
5940.000 0.543
5945.000 0.558
5950.000 0.570
5955.000 0.570
5960.000 0.586
5965.000 0.599
5970.000 0.621
5975.000 0.634
5980.000 0.662
5985.000 0.682
5990.000 0.700
5995.000 0.713
6000.000 0.721
6005.000 0.745
6010.000 0.758
6015.000 0.773
6020.000 0.791
6025.000 0.820
6030.000 0.843
6035.000 0.858
6040.000 0.883
6045.000 0.918
6050.000 0.945
6055.000 0.967
6060.000 1.003
6065.000 1.045
6070.000 1.082
6075.000 1.129
6080.000 1.129
6085.000 1.179
6090.000 1.240
6095.000 1.317
6100.000 1.396
6105.000 1.495
6110.000 1.611
6115.000 1.749
6120.000 1.915
6125.000 2.125
6130.000 2.388
6135.000 2.725
6140.000 3.155
6145.000 3.717
6150.000 4.449
6155.000 5.414
6160.000 6.698
6165.000 8.411
6170.000 10.617
6175.000 13.317
6180.000 16.256
6185.000 18.763
6190.000 19.717
6195.000 18.057
6200.000 15.333
6205.000 12.696
6210.000 12.696
6215.000 9.614
6220.000 7.229
6225.000 5.752
6230.000 4.643
6235.000 3.850
6240.000 3.269
6245.000 2.832
6250.000 2.487
6255.000 2.220
6260.000 1.993
6265.000 1.798
6270.000 1.640
6275.000 1.501
6280.000 1.382
6285.000 1.283
6290.000 1.199
6295.000 1.121
6300.000 1.055
6305.000 0.997
6310.000 0.954
6315.000 0.895
6320.000 0.867
6325.000 0.839
6330.000 0.803
6335.000 0.803
6340.000 0.766
6345.000 0.731
6350.000 0.698
6355.000 0.673
6360.000 0.652
6365.000 0.629
6370.000 0.611
6375.000 0.596
6380.000 0.579
6385.000 0.565
6390.000 0.553
6395.000 0.543
6400.000 0.530
6405.000 0.519
6410.000 0.511
6415.000 0.507
6420.000 0.496
6425.000 0.490
6430.000 0.482
6435.000 0.477
6440.000 0.471
6445.000 0.471
6450.000 0.470
6455.000 0.463
6460.000 0.458
6465.000 0.459
6470.000 0.456
6475.000 0.455
6480.000 0.455
6485.000 0.457
6490.000 0.460
6495.000 0.469
6500.000 0.484
6505.000 0.501
6510.000 0.531
6515.000 0.582
6520.000 0.651
6525.000 0.752
6530.000 1.240
6535.000 3.410
6540.000 5.014
6545.000 2.538
6550.000 1.640
6555.000 0.898
6560.000 0.382
6565.000 0.565
6570.000 0.565
6575.000 0.405
6580.000 0.486
6585.000 0.421
6590.000 0.397
6595.000 0.384
6600.000 0.370
6605.000 0.364
6610.000 0.353
6615.000 0.347
6620.000 0.342
6625.000 0.335
6630.000 0.331
6635.000 0.325
6640.000 0.323
6645.000 0.319
6650.000 0.316
6655.000 0.314
6660.000 0.311
6665.000 0.308
6670.000 0.304
6675.000 0.304
6680.000 0.301
6685.000 0.301
6690.000 0.298
6695.000 0.298
6700.000 0.297
6705.000 0.296
6710.000 0.296
6715.000 0.294
6720.000 0.292
6725.000 0.292
6730.000 0.291
6735.000 0.289
6740.000 0.289
6745.000 0.288
6750.000 0.289
6755.000 0.285
6760.000 0.287
6765.000 0.286
6770.000 0.285
6775.000 0.285
6780.000 0.285
6785.000 0.283
6790.000 0.284
6795.000 0.284
6800.000 0.284
6805.000 0.284
6810.000 0.283
6815.000 0.283
6820.000 0.283
6825.000 0.283
6830.000 0.282
6835.000 0.283
6840.000 0.282
6845.000 0.281
6850.000 0.281
6855.000 0.279
6860.000 0.279
6865.000 0.281
6870.000 0.280
6875.000 0.283
6880.000 0.282
6885.000 0.281
6890.000 0.281
6895.000 0.280
6900.000 0.279
6905.000 0.279
6910.000 0.280
6915.000 0.278
6920.000 0.279
6925.000 0.280
6930.000 0.280
6935.000 0.280
6940.000 0.280
6945.000 0.280
6950.000 0.279
6955.000 0.280
6960.000 0.282
6965.000 0.280
6970.000 0.277
6975.000 0.282
6980.000 0.282
6985.000 0.281
6990.000 0.282
6995.000 0.285
7000.000 0.277
7005.000 0.284
7010.000 0.280
7015.000 0.278
7020.000 0.280
7025.000 0.284
7030.000 0.284
7035.000 0.283
7040.000 0.280
7045.000 0.281
7050.000 0.281
7055.000 0.281
7060.000 0.282
7065.000 0.286
7070.000 0.283
7075.000 0.288
7080.000 0.287
7085.000 0.287
7090.000 0.289
7095.000 0.289
7100.000 0.289
7105.000 0.292
7110.000 0.291
7115.000 0.291
7120.000 0.292
7125.000 0.292
7130.000 0.294
7135.000 0.295
7140.000 0.298
7145.000 0.299
7150.000 0.301
7155.000 0.303
7160.000 0.305
7165.000 0.307
7170.000 0.308
7175.000 0.313
7180.000 0.313
7185.000 0.312
7190.000 0.316
7195.000 0.321
7200.000 0.323
7205.000 0.326
7210.000 0.331
7215.000 0.335
7220.000 0.338
7225.000 0.345
7230.000 0.351
7235.000 0.357
7240.000 0.364
7245.000 0.372
7250.000 0.382
7255.000 0.390
7260.000 0.401
7265.000 0.415
7270.000 0.426
7275.000 0.440
7280.000 0.457
7285.000 0.477
7290.000 0.498
7295.000 0.522
7300.000 0.553
7305.000 0.553
7310.000 0.588
7315.000 0.627
7320.000 0.677
7325.000 0.738
7330.000 0.813
7335.000 0.916
7340.000 1.051
7345.000 1.238
7350.000 1.508
7355.000 1.885
7360.000 2.485
7365.000 3.168
7370.000 4.173
7375.000 5.213
7380.000 6.509
7385.000 8.029
7390.000 9.379
7395.000 9.805
7400.000 8.560
7405.000 5.990
7410.000 3.809
7415.000 3.809
7420.000 2.535
7425.000 2.531
7430.000 2.700
7435.000 2.384
7440.000 2.088
7445.000 1.774
7450.000 1.543
7455.000 1.364
7460.000 1.218
7465.000 1.103
7470.000 1.007
7475.000 0.927
7480.000 0.863
7485.000 0.809
7490.000 0.763
7495.000 0.722
7500.000 0.687
7505.000 0.654
7510.000 0.626
7515.000 0.601
7520.000 0.578
7525.000 0.559
7530.000 0.540
7535.000 0.524
7540.000 0.524
7545.000 0.504
7550.000 0.494
7555.000 0.480
7560.000 0.469
7565.000 0.458
7570.000 0.449
7575.000 0.438
7580.000 0.429
7585.000 0.422
7590.000 0.414
7595.000 0.408
7600.000 0.402
7605.000 0.394
7610.000 0.390
7615.000 0.385
7620.000 0.379
7625.000 0.373
7630.000 0.369
7635.000 0.365
7640.000 0.359
7645.000 0.357
7650.000 0.354
7655.000 0.348
7660.000 0.346
7665.000 0.346
7670.000 0.342
7675.000 0.340
7680.000 0.335
7685.000 0.333
7690.000 0.330
7695.000 0.330
7700.000 0.325
7705.000 0.323
7710.000 0.318
7715.000 0.315
7720.000 0.314
7725.000 0.309
7730.000 0.308
7735.000 0.305
7740.000 0.303
7745.000 0.299
7750.000 0.300
7755.000 0.296
7760.000 0.292
7765.000 0.290
7770.000 0.286
7775.000 0.285
7780.000 0.281
7785.000 0.281
7790.000 0.281
7795.000 0.277
7800.000 0.274
7805.000 0.269
7810.000 0.269
7815.000 0.266
7820.000 0.263
7825.000 0.259
7830.000 0.257
7835.000 0.254
7840.000 0.254
7845.000 0.248
7850.000 0.245
7855.000 0.242
7860.000 0.239
7865.000 0.234
7870.000 0.231
7875.000 0.229
7880.000 0.226
7885.000 0.224
7890.000 0.219
7895.000 0.216
7900.000 0.212
7905.000 0.212
7910.000 0.208
7915.000 0.209
7920.000 0.207
7925.000 0.208
7930.000 0.210
7935.000 0.216
7940.000 0.226
7945.000 0.240
7950.000 0.262
7955.000 0.296
7960.000 0.350
7965.000 0.436
7970.000 0.570
7975.000 0.844
7980.000 1.420
7985.000 2.644
7990.000 4.511
7995.000 6.871
8000.000 9.039
8005.000 7.723
8010.000 2.532
8015.000 6.008
8020.000 1.994
8025.000 2.022
8030.000 2.022
8035.000 1.867
8040.000 1.595
8045.000 1.300
8050.000 1.111
8055.000 1.004
8060.000 0.896
8065.000 0.820
8070.000 0.757
8075.000 0.706
8080.000 0.656
8085.000 0.619
8090.000 0.587
8095.000 0.557
8100.000 0.538
8105.000 0.518
8110.000 0.501
8115.000 0.485
8120.000 0.476
8125.000 0.463
8130.000 0.453
8135.000 0.440
8140.000 0.433
8145.000 0.421
8150.000 0.414
8155.000 0.414
8160.000 0.410
8165.000 0.402
8170.000 0.397
8175.000 0.389
8180.000 0.386
8185.000 0.383
8190.000 0.377
8195.000 0.372
8200.000 0.369
8205.000 0.362
8210.000 0.359
8215.000 0.357
8220.000 0.351
8225.000 0.347
8230.000 0.345
8235.000 0.341
8240.000 0.339
8245.000 0.336
8250.000 0.335
8255.000 0.331
8260.000 0.328
8265.000 0.325
8270.000 0.322
8275.000 0.319
8280.000 0.319
8285.000 0.316
8290.000 0.315
8295.000 0.310
8300.000 0.311
8305.000 0.305
8310.000 0.302
8315.000 0.299
8320.000 0.295
8325.000 0.291
8330.000 0.289
8335.000 0.287
8340.000 0.284
8345.000 0.281
8350.000 0.278
8355.000 0.276
8360.000 0.271
8365.000 0.268
8370.000 0.265
8375.000 0.261
8380.000 0.260
8385.000 0.256
8390.000 0.256
8395.000 0.257
8400.000 0.255
8405.000 0.250
8410.000 0.247
8415.000 0.246
8420.000 0.249
8425.000 0.249
8430.000 0.252
8435.000 0.260
8440.000 0.268
8445.000 0.288
8450.000 0.321
8455.000 0.381
8460.000 0.504
8465.000 0.805
8470.000 1.717
8475.000 3.558
8480.000 5.667
8485.000 6.632
8490.000 3.106
8495.000 2.619
8500.000 1.105
8505.000 1.394
8510.000 1.400
8515.000 1.400
8520.000 1.439
8525.000 1.617
8530.000 1.735
8535.000 2.082
8540.000 2.518
8545.000 3.059
8550.000 3.741
8555.000 4.645
8560.000 5.772
8565.000 7.116
8570.000 8.681
8575.000 10.236
8580.000 11.240
8585.000 11.232
8590.000 10.118
8595.000 8.624
8600.000 7.466
8605.000 6.534
8610.000 5.586
8615.000 4.381
8620.000 3.060
8625.000 2.010
8630.000 1.394
8635.000 1.317
8640.000 1.317
8645.000 1.294
8650.000 1.251
8655.000 1.203
8660.000 1.151
8665.000 1.098
8670.000 1.050
8675.000 1.007
8680.000 0.970
8685.000 0.938
8690.000 0.912
8695.000 0.890
8700.000 0.869
8705.000 0.849
8710.000 0.831
8715.000 0.815
8720.000 0.799
8725.000 0.786
8730.000 0.774
8735.000 0.763
8740.000 0.751
8745.000 0.744
8750.000 0.739
8755.000 0.730
8760.000 0.724
8765.000 0.724
8770.000 0.719
8775.000 0.715
8780.000 0.710
8785.000 0.705
8790.000 0.700
8795.000 0.695
8800.000 0.694
8805.000 0.691
8810.000 0.689
8815.000 0.685
8820.000 0.685
8825.000 0.678
8830.000 0.695
8835.000 0.678
8840.000 0.685
8845.000 0.693
8850.000 0.691
8855.000 0.688
8860.000 0.676
8865.000 0.672
8870.000 0.668
8875.000 0.668
8880.000 0.665
8885.000 0.659
8890.000 0.656
8895.000 0.656
8900.000 0.651
8905.000 0.650
8910.000 0.650
8915.000 0.647
8920.000 0.648
8925.000 0.647
8930.000 0.645
8935.000 0.642
8940.000 0.643
8945.000 0.642
8950.000 0.640
8955.000 0.640
8960.000 0.639
8965.000 0.641
8970.000 0.637
8975.000 0.636
8980.000 0.640
8985.000 0.640
8990.000 0.637
8995.000 0.632
9000.000 0.632
9005.000 0.640
9010.000 0.631
9015.000 0.632
9020.000 0.634
9025.000 0.631
9030.000 0.634
9035.000 0.638
9040.000 0.636
9045.000 0.632
9050.000 0.632
9055.000 0.632
9060.000 0.635
9065.000 0.637
9070.000 0.633
9075.000 0.634
9080.000 0.634
9085.000 0.635
9090.000 0.638
9095.000 0.635
9100.000 0.639
9105.000 0.639
9110.000 0.642
9115.000 0.640
9120.000 0.639
9125.000 0.639
9130.000 0.640
9135.000 0.643
9140.000 0.645
9145.000 0.646
9150.000 0.647
9155.000 0.647
9160.000 0.647
9165.000 0.649
9170.000 0.653
9175.000 0.652
9180.000 0.655
9185.000 0.658
9190.000 0.660
9195.000 0.661
9200.000 0.663
9205.000 0.666
9210.000 0.669
9215.000 0.672
9220.000 0.673
9225.000 0.678
9230.000 0.682
9235.000 0.683
9240.000 0.687
9245.000 0.690
9250.000 0.690
9255.000 0.697
9260.000 0.701
9265.000 0.702
9270.000 0.708
9275.000 0.717
9280.000 0.722
9285.000 0.728
9290.000 0.735
9295.000 0.740
9300.000 0.747
9305.000 0.754
9310.000 0.766
9315.000 0.776
9320.000 0.789
9325.000 0.800
9330.000 0.815
9335.000 0.832
9340.000 0.855
9345.000 0.871
9350.000 0.887
9355.000 0.914
9360.000 0.914
9365.000 0.948
9370.000 0.980
9375.000 1.027
9380.000 1.091
9385.000 1.184
9390.000 1.326
9395.000 1.568
9400.000 1.973
9405.000 2.553
9410.000 3.050
9415.000 2.748
9420.000 2.161
9425.000 1.967
9430.000 1.192
9435.000 0.832
9440.000 0.572
9445.000 0.451
9450.000 0.497
9455.000 0.510
9460.000 0.509
9465.000 0.538
9470.000 0.546
9475.000 0.560
9480.000 0.570
9485.000 0.570
9490.000 0.579
9495.000 0.583
9500.000 0.590
9505.000 0.595
9510.000 0.603
9515.000 0.612
9520.000 0.623
9525.000 0.636
9530.000 0.649
9535.000 0.663
9540.000 0.678
9545.000 0.686
9550.000 0.700
9555.000 0.713
9560.000 0.728
9565.000 0.743
9570.000 0.761
9575.000 0.779
9580.000 0.793
9585.000 0.813
9590.000 0.826
9595.000 0.843
9600.000 0.859
9605.000 0.880
9610.000 0.880
9615.000 0.897
9620.000 0.912
9625.000 0.945
9630.000 0.965
9635.000 0.987
9640.000 1.015
9645.000 1.041
9650.000 1.071
9655.000 1.104
9660.000 1.146
9665.000 1.191
9670.000 1.246
9675.000 1.305
9680.000 1.377
9685.000 1.465
9690.000 1.574
9695.000 1.714
9700.000 1.886
9705.000 2.112
9710.000 2.419
9715.000 2.814
9720.000 3.342
9725.000 4.130
9730.000 4.918
9735.000 4.918
9740.000 5.668
9745.000 6.140
9750.000 6.021
9755.000 5.186
9760.000 4.012
9765.000 2.959
9770.000 2.274
9775.000 1.714
9780.000 1.331
9785.000 1.060
9790.000 0.889
9795.000 0.807
9800.000 0.759
9805.000 0.683
9810.000 0.579
9815.000 0.501
9820.000 0.443
9825.000 0.383
9830.000 0.328
9835.000 0.278
9840.000 0.237
9845.000 0.207
9850.000 0.207
9855.000 0.181
9860.000 0.156
9865.000 0.138
9870.000 0.125
9875.000 0.115
9880.000 0.107
9885.000 0.105
9890.000 0.101
9895.000 0.103
9900.000 0.104
9905.000 0.107
9910.000 0.110
9915.000 0.114
9920.000 0.119
9925.000 0.124
9930.000 0.129
9935.000 0.133
9940.000 0.138
9945.000 0.141
9950.000 0.146
9955.000 0.151
9960.000 0.156
9965.000 0.163
9970.000 0.162
9975.000 0.162
9980.000 0.169
9985.000 0.173
9990.000 0.178
9995.000 0.179
10000.000 0.182
10005.000 0.190
10010.000 0.192
10015.000 0.190
10020.000 0.194
10025.000 0.199
10030.000 0.204
10035.000 0.202
10040.000 0.207
10045.000 0.211
10050.000 0.212
10055.000 0.211
10060.000 0.210
10065.000 0.211
10070.000 0.210
10075.000 0.211
10080.000 0.212
10085.000 0.207
10090.000 0.200
10095.000 0.149
10100.000 0.149
10105.000 0.111
10110.000 0.665
10115.000 1.957
10120.000 1.269
10125.000 0.818
10130.000 0.578
10135.000 0.613
10140.000 0.562
10145.000 0.502
10150.000 0.495
10155.000 0.465
10160.000 0.447
10165.000 0.427
10170.000 0.412
10175.000 0.399
10180.000 0.394
10185.000 0.386
10190.000 0.381
10195.000 0.381
10200.000 0.375
10205.000 0.372
10210.000 0.370
10215.000 0.368
10220.000 0.367
10225.000 0.367
10230.000 0.367
10235.000 0.370
10240.000 0.368
10245.000 0.370
10250.000 0.373
10255.000 0.375
10260.000 0.377
10265.000 0.374
10270.000 0.376
10275.000 0.379
10280.000 0.376
10285.000 0.380
10290.000 0.379
10295.000 0.382
10300.000 0.382
10305.000 0.386
10310.000 0.387
10315.000 0.387
10320.000 0.388
10325.000 0.390
10330.000 0.391
10335.000 0.391
10340.000 0.395
10345.000 0.393
10350.000 0.396
10355.000 0.397
10360.000 0.399
10365.000 0.400
10370.000 0.403
10375.000 0.406
10380.000 0.408
10385.000 0.414
10390.000 0.410
10395.000 0.414
10400.000 0.418
10405.000 0.420
10410.000 0.421
10415.000 0.423
10420.000 0.422
10425.000 0.424
10430.000 0.428
10435.000 0.432
10440.000 0.437
10445.000 0.438
10450.000 0.439
10455.000 0.442
10460.000 0.442
10465.000 0.444
10470.000 0.446
10475.000 0.450
10480.000 0.454
10485.000 0.456
10490.000 0.458
10495.000 0.460
10500.000 0.463
10505.000 0.468
10510.000 0.469
10515.000 0.475
10520.000 0.479
10525.000 0.482
10530.000 0.488
10535.000 0.487
10540.000 0.490
10545.000 0.496
10550.000 0.502
10555.000 0.506
10560.000 0.514
10565.000 0.519
10570.000 0.524
10575.000 0.529
10580.000 0.535
10585.000 0.535
10590.000 0.539
10595.000 0.543
10600.000 0.550
10605.000 0.559
10610.000 0.562
10615.000 0.570
10620.000 0.580
10625.000 0.584
10630.000 0.593
10635.000 0.606
10640.000 0.620
10645.000 0.627
10650.000 0.640
10655.000 0.654
10660.000 0.668
10665.000 0.679
10670.000 0.695
10675.000 0.715
10680.000 0.730
10685.000 0.754
10690.000 0.779
10695.000 0.808
10700.000 0.840
10705.000 0.880
10710.000 0.880
10715.000 0.927
10720.000 0.983
10725.000 1.059
10730.000 1.154
10735.000 1.472
10740.000 1.472
10745.000 2.116
10750.000 2.116
10755.000 2.645
10760.000 3.332
10765.000 4.003
10770.000 4.289
10775.000 3.668
10780.000 2.179
10785.000 1.033
10790.000 0.794
10795.000 0.815
10800.000 0.596
10805.000 0.331
10810.000 0.220
10815.000 0.122
10820.000 0.091
10825.000 0.125
10830.000 0.131
10835.000 0.181
10840.000 0.221
10845.000 0.262
10850.000 0.304
10855.000 0.341
10860.000 0.393
10865.000 0.472
10870.000 0.579
10875.000 0.721
10880.000 0.904
10885.000 1.113
10890.000 1.350
10895.000 1.599
10900.000 1.805
10905.000 1.917
10910.000 1.883
10915.000 1.678
10920.000 1.360
10925.000 1.056
10930.000 0.809
10935.000 0.617
10940.000 0.475
10945.000 0.475
10950.000 0.364
10955.000 0.284
10960.000 0.221
10965.000 0.169
10970.000 0.118
10975.000 0.065
10980.000 0.036
10985.000 0.111
10990.000 0.150
10995.000 0.142
11000.000 0.127
11005.000 0.121
11010.000 0.117
11015.000 0.112
11020.000 0.110
11025.000 0.112
11030.000 0.110
11035.000 0.112
11040.000 0.110
11045.000 0.112
11050.000 0.114
11055.000 0.116
11060.000 0.118
11065.000 0.118
11070.000 0.118
11075.000 0.124
11080.000 0.123
11085.000 0.125
11090.000 0.128
11095.000 0.130
11100.000 0.129
11105.000 0.132
11110.000 0.136
11115.000 0.138
11120.000 0.139
11125.000 0.139
11130.000 0.142
11135.000 0.143
11140.000 0.146
11145.000 0.146
11150.000 0.148
11155.000 0.150
11160.000 0.151
11165.000 0.154
11170.000 0.153
11175.000 0.154
11180.000 0.156
11185.000 0.157
11190.000 0.158
11195.000 0.158
11200.000 0.160
11205.000 0.162
11210.000 0.161
11215.000 0.163
11220.000 0.164
11225.000 0.164
11230.000 0.163
11235.000 0.165
11240.000 0.167
11245.000 0.167
11250.000 0.167
11255.000 0.169
11260.000 0.170
11265.000 0.171
11270.000 0.171
11275.000 0.172
11280.000 0.173
11285.000 0.174
11290.000 0.174
11295.000 0.176
11300.000 0.175
11305.000 0.173
11310.000 0.173
11315.000 0.172
11320.000 0.172
11325.000 0.170
11330.000 0.169
11335.000 0.170
11340.000 0.168
11345.000 0.167
11350.000 0.166
11355.000 0.167
11360.000 0.165
11365.000 0.167
11370.000 0.165
11375.000 0.163
11380.000 0.161
11385.000 0.161
11390.000 0.160
11395.000 0.159
11400.000 0.159
11405.000 0.157
11410.000 0.155
11415.000 0.154
11420.000 0.152
11425.000 0.152
11430.000 0.152
11435.000 0.150
11440.000 0.149
11445.000 0.146
11450.000 0.144
11455.000 0.143
11460.000 0.141
11465.000 0.136
11470.000 0.135
11475.000 0.133
11480.000 0.133
11485.000 0.130
11490.000 0.127
11495.000 0.126
11500.000 0.121
11505.000 0.118
11510.000 0.113
11515.000 0.109
11520.000 0.104
11525.000 0.101
11530.000 0.095
11535.000 0.089
11540.000 0.085
11545.000 0.079
11550.000 0.074
11555.000 0.067
11560.000 0.067
11565.000 0.062
11570.000 0.057
11575.000 0.056
11580.000 0.058
11585.000 0.067
11590.000 0.084
11595.000 0.113
11600.000 0.153
11605.000 0.231
11610.000 0.382
11615.000 0.678
11620.000 1.140
11625.000 1.830
11630.000 2.705
11635.000 3.386
11640.000 2.872
11645.000 1.199
11650.000 1.621
11655.000 1.522
11660.000 1.080
11665.000 0.974
11670.000 0.824
11675.000 0.735
11680.000 0.666
11685.000 0.605
11690.000 0.605
11695.000 0.555
11700.000 0.506
11705.000 0.470
11710.000 0.438
11715.000 0.414
11720.000 0.389
11725.000 0.367
11730.000 0.349
11735.000 0.335
11740.000 0.320
11745.000 0.307
11750.000 0.295
11755.000 0.284
11760.000 0.277
11765.000 0.269
11770.000 0.260
11775.000 0.257
11780.000 0.250
11785.000 0.243
11790.000 0.239
11795.000 0.232
11800.000 0.229
11805.000 0.221
11810.000 0.221
11815.000 0.220
11820.000 0.214
11825.000 0.207
11830.000 0.202
11835.000 0.199
11840.000 0.195
11845.000 0.189
11850.000 0.186
11855.000 0.184
11860.000 0.178
11865.000 0.174
11870.000 0.171
11875.000 0.168
11880.000 0.165
11885.000 0.163
11890.000 0.161
11895.000 0.164
11900.000 0.168
11905.000 0.175
11910.000 0.176
11915.000 0.181
11920.000 0.181
11925.000 0.183
11930.000 0.184
11935.000 0.187
11940.000 0.186
11945.000 0.177
11950.000 0.172
11955.000 0.248
11960.000 0.657
11965.000 1.379
11970.000 1.561
11975.000 1.208
11980.000 1.361
11985.000 1.458
11990.000 1.619
11995.000 1.833
12000.000 2.078
