105.000 0.043
110.000 0.025
115.000 0.023
120.000 0.195
125.000 2.184
130.000 2.861
135.000 3.216
140.000 3.464
145.000 3.635
150.000 3.775
155.000 3.766
160.000 3.750
165.000 3.738
170.000 3.635
175.000 3.582
180.000 3.533
185.000 3.512
190.000 3.459
195.000 3.459
200.000 3.484
205.000 3.484
210.000 3.472
215.000 3.553
220.000 3.579
225.000 3.613
230.000 3.705
235.000 3.749
240.000 3.825
245.000 3.896
250.000 3.946
255.000 4.042
260.000 4.131
265.000 4.138
270.000 4.203
275.000 4.220
280.000 4.290
285.000 4.317
290.000 4.355
295.000 4.433
300.000 4.469
305.000 4.534
310.000 4.680
315.000 4.698
320.000 4.791
325.000 4.886
330.000 4.886
335.000 4.988
340.000 5.153
345.000 5.263
350.000 5.431
355.000 5.612
360.000 5.840
365.000 6.087
370.000 6.308
375.000 6.561
380.000 6.908
385.000 7.181
390.000 7.528
395.000 7.843
400.000 8.192
405.000 8.520
410.000 8.769
415.000 9.021
420.000 9.159
425.000 9.203
430.000 9.153
435.000 9.053
440.000 8.783
445.000 8.460
450.000 8.024
455.000 8.024
460.000 7.571
465.000 7.094
470.000 6.617
475.000 6.192
480.000 5.750
485.000 5.339
490.000 4.990
495.000 4.640
500.000 4.309
505.000 4.001
510.000 3.710
515.000 3.427
520.000 3.170
525.000 2.920
530.000 2.716
535.000 2.524
540.000 2.348
545.000 2.176
550.000 2.038
555.000 1.911
560.000 1.802
565.000 1.697
570.000 1.592
575.000 1.506
580.000 1.506
585.000 1.439
590.000 1.355
595.000 1.290
600.000 1.231
605.000 1.171
610.000 1.111
615.000 1.050
620.000 1.003
625.000 0.950
630.000 0.899
635.000 0.839
640.000 0.778
645.000 0.737
650.000 0.698
655.000 0.648
660.000 0.626
665.000 0.594
670.000 0.567
675.000 0.541
680.000 0.506
685.000 0.490
690.000 0.490
695.000 0.469
700.000 0.456
705.000 0.445
710.000 0.430
715.000 0.428
720.000 0.419
725.000 0.414
730.000 0.416
735.000 0.403
740.000 0.396
745.000 0.389
750.000 0.382
755.000 0.380
760.000 0.370
765.000 0.368
770.000 0.366
775.000 0.362
780.000 0.352
785.000 0.354
790.000 0.352
795.000 0.348
800.000 0.351
805.000 0.349
810.000 0.347
815.000 0.347
820.000 0.346
825.000 0.348
830.000 0.343
835.000 0.336
840.000 0.337
845.000 0.339
850.000 0.334
855.000 0.329
860.000 0.334
865.000 0.326
870.000 0.326
875.000 0.323
880.000 0.322
885.000 0.331
890.000 0.319
895.000 0.318
900.000 0.326
905.000 0.317
910.000 0.321
915.000 0.314
920.000 0.316
925.000 0.316
930.000 0.319
935.000 0.305
940.000 0.316
945.000 0.316
950.000 0.315
955.000 0.313
960.000 0.312
965.000 0.309
970.000 0.315
975.000 0.311
980.000 0.315
985.000 0.316
990.000 0.328
995.000 0.314
1000.000 0.303
1005.000 0.323
1010.000 0.313
1015.000 0.307
1020.000 0.303
1025.000 0.309
1030.000 0.319
1035.000 0.304
1040.000 0.327
1045.000 0.315
1050.000 0.313
1055.000 0.316
1060.000 0.306
1065.000 0.309
1070.000 0.309
1075.000 0.303
1080.000 0.309
1085.000 0.314
1090.000 0.308
1095.000 0.305
1100.000 0.313
1105.000 0.304
1110.000 0.307
1115.000 0.310
1120.000 0.310
1125.000 0.308
1130.000 0.314
1135.000 0.310
1140.000 0.310
1145.000 0.310
1150.000 0.313
1155.000 0.311
1160.000 0.310
1165.000 0.311
1170.000 0.312
1175.000 0.314
1180.000 0.314
1185.000 0.314
1190.000 0.315
1195.000 0.314
1200.000 0.312
1205.000 0.315
1210.000 0.316
1215.000 0.313
1220.000 0.316
1225.000 0.315
1230.000 0.316
1235.000 0.321
1240.000 0.318
1245.000 0.319
1250.000 0.328
1255.000 0.318
1260.000 0.318
1265.000 0.316
1270.000 0.323
1275.000 0.319
1280.000 0.319
1285.000 0.328
1290.000 0.324
1295.000 0.326
1300.000 0.329
1305.000 0.329
1310.000 0.325
1315.000 0.328
1320.000 0.330
1325.000 0.333
1330.000 0.331
1335.000 0.333
1340.000 0.331
1345.000 0.336
1350.000 0.339
1355.000 0.340
1360.000 0.338
1365.000 0.338
1370.000 0.341
1375.000 0.341
1380.000 0.341
1385.000 0.346
1390.000 0.346
1395.000 0.345
1400.000 0.348
1405.000 0.346
1410.000 0.346
1415.000 0.351
1420.000 0.354
1425.000 0.351
1430.000 0.351
1435.000 0.357
1440.000 0.357
1445.000 0.360
1450.000 0.357
1455.000 0.359
1460.000 0.361
1465.000 0.362
1470.000 0.359
1475.000 0.358
1480.000 0.358
1485.000 0.357
1490.000 0.353
1495.000 0.354
1500.000 0.350
1505.000 0.351
1510.000 0.348
1515.000 0.348
1520.000 0.351
1525.000 0.359
1530.000 0.362
1535.000 0.370
1540.000 0.372
1545.000 0.380
1550.000 0.386
1555.000 0.386
1560.000 0.392
1565.000 0.403
1570.000 0.405
1575.000 0.409
1580.000 0.416
1585.000 0.423
1590.000 0.429
1595.000 0.435
1600.000 0.439
1605.000 0.445
1610.000 0.452
1615.000 0.461
1620.000 0.467
1625.000 0.468
1630.000 0.477
1635.000 0.485
1640.000 0.491
1645.000 0.503
1650.000 0.511
1655.000 0.516
1660.000 0.524
1665.000 0.524
1670.000 0.543
1675.000 0.544
1680.000 0.552
1685.000 0.566
1690.000 0.573
1695.000 0.585
1700.000 0.595
1705.000 0.610
1710.000 0.621
1715.000 0.631
1720.000 0.639
1725.000 0.654
1730.000 0.668
1735.000 0.683
1740.000 0.697
1745.000 0.715
1750.000 0.725
1755.000 0.740
1760.000 0.757
1765.000 0.771
1770.000 0.786
1775.000 0.804
1780.000 0.817
1785.000 0.831
1790.000 0.831
1795.000 0.849
1800.000 0.859
1805.000 0.875
1810.000 0.895
1815.000 0.910
1820.000 0.922
1825.000 0.931
1830.000 0.948
1835.000 0.956
1840.000 0.969
1845.000 0.980
1850.000 0.988
1855.000 0.992
1860.000 1.005
1865.000 1.006
1870.000 1.012
1875.000 1.018
1880.000 1.016
1885.000 1.022
1890.000 1.024
1895.000 1.019
1900.000 1.015
1905.000 1.011
1910.000 1.010
1915.000 1.010
1920.000 1.002
1925.000 0.999
1930.000 0.994
1935.000 0.986
1940.000 0.978
1945.000 0.972
1950.000 0.964
1955.000 0.954
1960.000 0.947
1965.000 0.944
1970.000 0.938
1975.000 0.930
1980.000 0.920
1985.000 0.917
1990.000 0.905
1995.000 0.897
2000.000 0.904
2005.000 0.878
2010.000 0.885
2015.000 0.882
2020.000 0.877
2025.000 0.869
2030.000 0.857
2035.000 0.865
2040.000 0.865
2045.000 0.859
2050.000 0.847
2055.000 0.838
2060.000 0.842
2065.000 0.837
2070.000 0.827
2075.000 0.827
2080.000 0.826
2085.000 0.824
2090.000 0.818
2095.000 0.817
2100.000 0.816
2105.000 0.813
2110.000 0.815
2115.000 0.814
2120.000 0.820
2125.000 0.822
2130.000 0.817
2135.000 0.821
2140.000 0.823
2145.000 0.829
2150.000 0.829
2155.000 0.830
2160.000 0.837
2165.000 0.844
2170.000 0.851
2175.000 0.860
2180.000 0.874
2185.000 0.883
2190.000 0.895
2195.000 0.905
2200.000 0.923
2205.000 0.942
2210.000 0.958
2215.000 0.983
2220.000 1.012
2225.000 1.048
2230.000 1.087
2235.000 1.136
2240.000 1.192
2245.000 1.266
2250.000 1.360
2255.000 1.484
2260.000 1.648
2265.000 1.876
2270.000 2.211
2275.000 2.211
2280.000 2.874
2285.000 3.348
2290.000 4.328
2295.000 5.183
2300.000 6.105
2305.000 10.628
2310.000 17.990
2315.000 14.791
2320.000 3.795
2325.000 2.280
2330.000 1.690
2335.000 1.356
2340.000 1.205
2345.000 0.816
2350.000 0.673
2355.000 0.518
2360.000 0.412
2365.000 0.332
2370.000 0.259
2375.000 0.213
2380.000 0.174
2385.000 0.145
2390.000 0.123
2395.000 0.104
2400.000 0.104
2405.000 0.090
2410.000 0.083
2415.000 0.082
2420.000 0.078
2425.000 0.078
2430.000 0.080
2435.000 0.085
2440.000 0.088
2445.000 0.092
2450.000 0.094
2455.000 0.097
2460.000 0.102
2465.000 0.104
2470.000 0.108
2475.000 0.111
2480.000 0.115
2485.000 0.116
2490.000 0.119
2495.000 0.121
2500.000 0.124
2505.000 0.126
2510.000 0.128
2515.000 0.131
2520.000 0.132
2525.000 0.132
2530.000 0.135
2535.000 0.135
2540.000 0.137
2545.000 0.138
2550.000 0.140
2555.000 0.140
2560.000 0.141
2565.000 0.144
2570.000 0.145
2575.000 0.146
2580.000 0.147
2585.000 0.148
2590.000 0.150
2595.000 0.149
2600.000 0.151
2605.000 0.150
2610.000 0.150
2615.000 0.153
2620.000 0.154
2625.000 0.153
2630.000 0.155
2635.000 0.155
2640.000 0.154
2645.000 0.155
2650.000 0.156
2655.000 0.157
2660.000 0.157
2665.000 0.158
2670.000 0.158
2675.000 0.159
2680.000 0.159
2685.000 0.159
2690.000 0.159
2695.000 0.160
2700.000 0.162
2705.000 0.161
2710.000 0.161
2715.000 0.163
2720.000 0.161
2725.000 0.164
2730.000 0.163
2735.000 0.165
2740.000 0.168
2745.000 0.163
2750.000 0.165
2755.000 0.165
2760.000 0.166
2765.000 0.166
2770.000 0.169
2775.000 0.166
2780.000 0.168
2785.000 0.170
2790.000 0.170
2795.000 0.172
2800.000 0.172
2805.000 0.176
2810.000 0.175
2815.000 0.177
2820.000 0.179
2825.000 0.180
2830.000 0.182
2835.000 0.182
2840.000 0.187
2845.000 0.189
2850.000 0.188
2855.000 0.204
2860.000 0.202
2865.000 0.233
2870.000 0.242
2875.000 0.244
2880.000 0.238
2885.000 0.234
2890.000 0.234
2895.000 0.230
2900.000 0.227
2905.000 0.223
2910.000 0.220
2915.000 0.220
2920.000 0.220
2925.000 0.222
2930.000 0.223
2935.000 0.228
2940.000 0.306
2945.000 0.327
2950.000 0.319
2955.000 0.310
2960.000 0.300
2965.000 0.287
2970.000 0.285
2975.000 0.276
2980.000 0.275
2985.000 0.272
2990.000 0.272
2995.000 0.262
3000.000 0.272
3005.000 0.261
3010.000 0.268
3015.000 0.268
3020.000 0.271
3025.000 0.271
3030.000 0.264
3035.000 0.270
3040.000 0.269
3045.000 0.277
3050.000 0.278
3055.000 0.279
3060.000 0.277
3065.000 0.272
3070.000 0.279
3075.000 0.276
3080.000 0.275
3085.000 0.278
3090.000 0.280
3095.000 0.280
3100.000 0.280
3105.000 0.281
3110.000 0.282
3115.000 0.283
3120.000 0.283
3125.000 0.283
3130.000 0.285
3135.000 0.284
3140.000 0.285
3145.000 0.287
3150.000 0.289
3155.000 0.290
3160.000 0.290
3165.000 0.294
3170.000 0.294
3175.000 0.295
3180.000 0.298
3185.000 0.300
3190.000 0.299
3195.000 0.301
3200.000 0.302
3205.000 0.304
3210.000 0.308
3215.000 0.309
3220.000 0.310
3225.000 0.312
3230.000 0.316
3235.000 0.316
3240.000 0.319
3245.000 0.321
3250.000 0.321
3255.000 0.323
3260.000 0.324
3265.000 0.327
3270.000 0.328
3275.000 0.354
3280.000 0.366
3285.000 0.363
3290.000 0.363
3295.000 0.361
3300.000 0.361
3305.000 0.362
3310.000 0.361
3315.000 0.363
3320.000 0.362
3325.000 0.362
3330.000 0.364
3335.000 0.365
3340.000 0.368
3345.000 0.369
3350.000 0.370
3355.000 0.373
3360.000 0.375
3365.000 0.378
3370.000 0.379
3375.000 0.379
3380.000 0.382
3385.000 0.387
3390.000 0.389
3395.000 0.390
3400.000 0.395
3405.000 0.399
3410.000 0.402
3415.000 0.408
3420.000 0.412
3425.000 0.418
3430.000 0.421
3435.000 0.424
3440.000 0.429
3445.000 0.433
3450.000 0.440
3455.000 0.445
3460.000 0.451
3465.000 0.459
3470.000 0.465
3475.000 0.473
3480.000 0.480
3485.000 0.491
3490.000 0.499
3495.000 0.511
3500.000 0.511
3505.000 0.521
3510.000 0.532
3515.000 0.542
3520.000 0.557
3525.000 0.570
3530.000 0.589
3535.000 0.608
3540.000 0.623
3545.000 0.645
3550.000 0.664
3555.000 0.688
3560.000 0.715
3565.000 0.746
3570.000 0.780
3575.000 0.823
3580.000 0.870
3585.000 0.926
3590.000 0.984
3595.000 1.058
3600.000 1.151
3605.000 1.272
3610.000 1.422
3615.000 1.445
3620.000 1.661
3625.000 1.949
3630.000 2.331
3635.000 2.818
3640.000 3.476
3645.000 4.383
3650.000 5.592
3655.000 7.196
3660.000 9.320
3665.000 12.281
3670.000 16.515
3675.000 21.314
3680.000 23.616
3685.000 18.045
3690.000 11.312
3695.000 10.960
3700.000 7.322
3705.000 6.079
3710.000 4.587
3715.000 3.501
3720.000 2.834
3725.000 2.396
3730.000 2.036
3735.000 2.036
3740.000 1.755
3745.000 1.533
3750.000 1.356
3755.000 1.211
3760.000 1.090
3765.000 0.993
3770.000 0.911
3775.000 0.842
3780.000 0.780
3785.000 0.731
3790.000 0.685
3795.000 0.646
3800.000 0.610
3805.000 0.578
3810.000 0.552
3815.000 0.527
3820.000 0.508
3825.000 0.488
3830.000 0.473
3835.000 0.455
3840.000 0.442
3845.000 0.429
3850.000 0.418
3855.000 0.408
3860.000 0.408
3865.000 0.397
3870.000 0.388
3875.000 0.380
3880.000 0.370
3885.000 0.365
3890.000 0.359
3895.000 0.352
3900.000 0.344
3905.000 0.341
3910.000 0.335
3915.000 0.331
3920.000 0.325
3925.000 0.321
3930.000 0.318
3935.000 0.316
3940.000 0.311
3945.000 0.310
3950.000 0.306
3955.000 0.304
3960.000 0.302
3965.000 0.298
3970.000 0.297
3975.000 0.292
3980.000 0.294
3985.000 0.294
3990.000 0.292
3995.000 0.289
4000.000 0.286
4005.000 0.290
4010.000 0.284
4015.000 0.281
4020.000 0.279
4025.000 0.280
4030.000 0.281
4035.000 0.282
4040.000 0.280
4045.000 0.273
4050.000 0.274
4055.000 0.275
4060.000 0.276
4065.000 0.278
4070.000 0.275
4075.000 0.272
4080.000 0.274
4085.000 0.273
4090.000 0.273
4095.000 0.274
4100.000 0.272
4105.000 0.272
4110.000 0.272
4115.000 0.272
4120.000 0.272
4125.000 0.272
4130.000 0.272
4135.000 0.272
4140.000 0.272
4145.000 0.272
4150.000 0.274
4155.000 0.275
4160.000 0.273
4165.000 0.273
4170.000 0.275
4175.000 0.274
4180.000 0.275
4185.000 0.276
4190.000 0.277
4195.000 0.278
4200.000 0.277
4205.000 0.277
4210.000 0.277
4215.000 0.277
4220.000 0.277
4225.000 0.278
4230.000 0.277
4235.000 0.277
4240.000 0.277
4245.000 0.277
4250.000 0.276
4255.000 0.276
4260.000 0.275
4265.000 0.277
4270.000 0.275
4275.000 0.275
4280.000 0.275
4285.000 0.275
4290.000 0.275
4295.000 0.275
4300.000 0.272
4305.000 0.271
4310.000 0.269
4315.000 0.267
4320.000 0.266
4325.000 0.262
4330.000 0.260
4335.000 0.257
4340.000 0.256
4345.000 0.256
4350.000 0.255
4355.000 0.254
4360.000 0.253
4365.000 0.251
4370.000 0.250
4375.000 0.250
4380.000 0.251
4385.000 0.248
4390.000 0.250
4395.000 0.249
4400.000 0.250
4405.000 0.251
4410.000 0.251
4415.000 0.251
4420.000 0.251
4425.000 0.252
4430.000 0.252
4435.000 0.253
4440.000 0.254
4445.000 0.253
4450.000 0.253
4455.000 0.254
4460.000 0.254
4465.000 0.253
4470.000 0.253
4475.000 0.253
4480.000 0.255
4485.000 0.255
4490.000 0.256
4495.000 0.257
4500.000 0.257
4505.000 0.257
4510.000 0.259
4515.000 0.258
4520.000 0.260
4525.000 0.260
4530.000 0.260
4535.000 0.261
4540.000 0.260
4545.000 0.261
4550.000 0.262
4555.000 0.263
4560.000 0.263
4565.000 0.264
4570.000 0.265
4575.000 0.266
4580.000 0.267
4585.000 0.269
4590.000 0.271
4595.000 0.270
4600.000 0.270
4605.000 0.272
4610.000 0.272
4615.000 0.273
4620.000 0.274
4625.000 0.277
4630.000 0.276
4635.000 0.278
4640.000 0.281
4645.000 0.283
4650.000 0.285
4655.000 0.287
4660.000 0.288
4665.000 0.289
4670.000 0.293
4675.000 0.294
4680.000 0.297
4685.000 0.299
4690.000 0.301
4695.000 0.304
4700.000 0.305
4705.000 0.310
4710.000 0.310
4715.000 0.315
4720.000 0.317
4725.000 0.321
4730.000 0.327
4735.000 0.329
4740.000 0.334
4745.000 0.340
4750.000 0.346
4755.000 0.352
4760.000 0.358
4765.000 0.366
4770.000 0.373
4775.000 0.383
4780.000 0.391
4785.000 0.403
4790.000 0.414
4795.000 0.429
4800.000 0.443
4805.000 0.459
4810.000 0.478
4815.000 0.500
4820.000 0.524
4825.000 0.553
4830.000 0.586
4835.000 0.586
4840.000 0.619
4845.000 0.666
4850.000 0.718
4855.000 0.782
4860.000 0.865
4865.000 0.934
4870.000 1.001
4875.000 1.088
4880.000 1.206
4885.000 1.344
4890.000 1.519
4895.000 1.746
4900.000 2.026
4905.000 2.407
4910.000 2.916
4915.000 3.645
4920.000 4.643
4925.000 6.212
4930.000 8.451
4935.000 11.423
4940.000 13.845
4945.000 10.547
4950.000 9.644
4955.000 20.766
4960.000 20.766
4965.000 20.718
4970.000 18.606
4975.000 9.785
4980.000 7.812
4985.000 6.645
4990.000 5.005
4995.000 4.407
5000.000 3.650
5005.000 3.102
5010.000 2.667
5015.000 2.316
5020.000 2.064
5025.000 1.840
5030.000 1.668
5035.000 1.528
5040.000 1.406
5045.000 1.299
5050.000 1.214
5055.000 1.143
5060.000 1.086
5065.000 1.025
5070.000 0.985
5075.000 0.938
5080.000 0.899
5085.000 0.899
5090.000 0.866
5095.000 0.838
5100.000 0.805
5105.000 0.783
5110.000 0.764
5115.000 0.746
5120.000 0.727
5125.000 0.710
5130.000 0.697
5135.000 0.683
5140.000 0.671
5145.000 0.661
5150.000 0.650
5155.000 0.640
5160.000 0.632
5165.000 0.622
5170.000 0.616
5175.000 0.607
5180.000 0.605
5185.000 0.598
5190.000 0.590
5195.000 0.590
5200.000 0.586
5205.000 0.581
5210.000 0.574
5215.000 0.572
5220.000 0.568
5225.000 0.564
5230.000 0.559
5235.000 0.553
5240.000 0.549
5245.000 0.544
5250.000 0.541
5255.000 0.538
5260.000 0.535
5265.000 0.532
5270.000 0.529
5275.000 0.525
5280.000 0.522
5285.000 0.521
5290.000 0.518
5295.000 0.513
5300.000 0.512
5305.000 0.507
5310.000 0.502
5315.000 0.499
5320.000 0.499
5325.000 0.496
5330.000 0.491
5335.000 0.488
5340.000 0.484
5345.000 0.482
5350.000 0.478
5355.000 0.477
5360.000 0.471
5365.000 0.468
5370.000 0.464
5375.000 0.462
5380.000 0.457
5385.000 0.452
5390.000 0.449
5395.000 0.444
5400.000 0.441
5405.000 0.438
5410.000 0.435
5415.000 0.430
5420.000 0.426
5425.000 0.422
5430.000 0.420
5435.000 0.415
5440.000 0.414
5445.000 0.414
5450.000 0.412
5455.000 0.406
5460.000 0.402
5465.000 0.401
5470.000 0.397
5475.000 0.394
5480.000 0.391
5485.000 0.387
5490.000 0.382
5495.000 0.382
5500.000 0.379
5505.000 0.374
5510.000 0.373
5515.000 0.370
5520.000 0.367
5525.000 0.365
5530.000 0.366
5535.000 0.362
5540.000 0.359
5545.000 0.358
5550.000 0.353
5555.000 0.349
5560.000 0.347
5565.000 0.344
5570.000 0.342
5575.000 0.338
5580.000 0.338
5585.000 0.336
5590.000 0.334
5595.000 0.334
5600.000 0.332
5605.000 0.331
5610.000 0.329
5615.000 0.326
5620.000 0.323
5625.000 0.322
5630.000 0.319
5635.000 0.319
5640.000 0.317
5645.000 0.317
5650.000 0.317
5655.000 0.313
5660.000 0.312
5665.000 0.308
5670.000 0.308
5675.000 0.307
5680.000 0.305
5685.000 0.306
5690.000 0.304
5695.000 0.303
5700.000 0.303
5705.000 0.300
5710.000 0.299
5715.000 0.298
5720.000 0.298
5725.000 0.297
5730.000 0.297
5735.000 0.294
5740.000 0.294
5745.000 0.292
5750.000 0.292
5755.000 0.292
5760.000 0.289
5765.000 0.288
5770.000 0.287
5775.000 0.288
5780.000 0.286
5785.000 0.282
5790.000 0.284
5795.000 0.283
5800.000 0.281
5805.000 0.279
5810.000 0.278
5815.000 0.276
5820.000 0.276
5825.000 0.275
5830.000 0.272
5835.000 0.271
5840.000 0.271
5845.000 0.271
5850.000 0.269
5855.000 0.268
5860.000 0.265
5865.000 0.266
5870.000 0.263
5875.000 0.262
5880.000 0.261
5885.000 0.258
5890.000 0.257
5895.000 0.257
5900.000 0.255
5905.000 0.253
5910.000 0.249
5915.000 0.248
5920.000 0.246
5925.000 0.244
5930.000 0.240
5935.000 0.239
5940.000 0.236
5945.000 0.234
5950.000 0.233
5955.000 0.231
5960.000 0.224
5965.000 0.224
5970.000 0.224
5975.000 0.220
5980.000 0.221
5985.000 0.218
5990.000 0.215
5995.000 0.213
6000.000 0.201
6005.000 0.206
6010.000 0.196
6015.000 0.191
6020.000 0.189
6025.000 0.190
6030.000 0.191
6035.000 0.181
6040.000 0.183
6045.000 0.183
6050.000 0.180
6055.000 0.176
6060.000 0.173
6065.000 0.178
6070.000 0.174
6075.000 0.177
6080.000 0.180
6085.000 0.185
6090.000 0.187
6095.000 0.196
6100.000 0.206
6105.000 0.218
6110.000 0.237
6115.000 0.261
6120.000 0.286
6125.000 0.321
6130.000 0.364
6135.000 0.420
6140.000 0.494
6145.000 0.600
6150.000 0.754
6155.000 1.009
6160.000 1.487
6165.000 2.347
6170.000 3.686
6175.000 5.467
6180.000 7.744
6185.000 10.170
6190.000 11.724
6195.000 10.621
6200.000 7.043
6205.000 7.043
6210.000 6.672
6215.000 4.615
6220.000 4.319
6225.000 3.313
6230.000 2.613
6235.000 2.045
6240.000 1.550
6245.000 1.135
6250.000 0.812
6255.000 0.556
6260.000 0.362
6265.000 0.221
6270.000 0.126
6275.000 0.078
6280.000 0.089
6285.000 0.118
6290.000 0.148
6295.000 0.172
6300.000 0.192
6305.000 0.211
6310.000 0.218
6315.000 0.241
6320.000 0.241
6325.000 0.249
6330.000 0.255
6335.000 0.255
6340.000 0.260
6345.000 0.261
6350.000 0.266
6355.000 0.268
6360.000 0.269
6365.000 0.271
6370.000 0.274
6375.000 0.275
6380.000 0.278
6385.000 0.279
6390.000 0.282
6395.000 0.283
6400.000 0.285
6405.000 0.288
6410.000 0.289
6415.000 0.292
6420.000 0.292
6425.000 0.297
6430.000 0.300
6435.000 0.302
6440.000 0.305
6445.000 0.312
6450.000 0.317
6455.000 0.324
6460.000 0.324
6465.000 0.332
6470.000 0.343
6475.000 0.356
6480.000 0.375
6485.000 0.400
6490.000 0.433
6495.000 0.487
6500.000 0.571
6505.000 0.731
6510.000 1.085
6515.000 1.977
6520.000 3.566
6525.000 4.937
6530.000 3.684
6535.000 2.207
6540.000 4.569
6545.000 2.183
6550.000 1.014
6555.000 1.128
6560.000 1.085
6565.000 0.552
6570.000 0.646
6575.000 0.481
6580.000 0.437
6585.000 0.466
6590.000 0.434
6595.000 0.410
6600.000 0.383
6605.000 0.371
6610.000 0.355
6615.000 0.343
6620.000 0.335
6625.000 0.327
6630.000 0.320
6635.000 0.314
6640.000 0.309
6645.000 0.302
6650.000 0.300
6655.000 0.298
6660.000 0.291
6665.000 0.290
6670.000 0.288
6675.000 0.284
6680.000 0.282
6685.000 0.281
6690.000 0.291
6695.000 0.291
6700.000 0.290
6705.000 0.286
6710.000 0.283
6715.000 0.280
6720.000 0.278
6725.000 0.277
6730.000 0.276
6735.000 0.273
6740.000 0.272
6745.000 0.273
6750.000 0.270
6755.000 0.271
6760.000 0.269
6765.000 0.266
6770.000 0.266
6775.000 0.268
6780.000 0.267
6785.000 0.267
6790.000 0.267
6795.000 0.266
6800.000 0.265
6805.000 0.267
6810.000 0.265
6815.000 0.265
6820.000 0.265
6825.000 0.265
6830.000 0.279
6835.000 0.278
6840.000 0.276
6845.000 0.274
6850.000 0.274
6855.000 0.272
6860.000 0.271
6865.000 0.272
6870.000 0.275
6875.000 0.273
6880.000 0.272
6885.000 0.271
6890.000 0.269
6895.000 0.268
6900.000 0.270
6905.000 0.268
6910.000 0.267
6915.000 0.267
6920.000 0.266
6925.000 0.266
6930.000 0.269
6935.000 0.267
6940.000 0.268
6945.000 0.268
6950.000 0.267
6955.000 0.265
6960.000 0.267
6965.000 0.266
6970.000 0.263
6975.000 0.267
6980.000 0.267
6985.000 0.266
6990.000 0.269
6995.000 0.270
7000.000 0.262
7005.000 0.271
7010.000 0.266
7015.000 0.266
7020.000 0.266
7025.000 0.271
7030.000 0.272
7035.000 0.270
7040.000 0.267
7045.000 0.270
7050.000 0.271
7055.000 0.272
7060.000 0.275
7065.000 0.272
7070.000 0.272
7075.000 0.279
7080.000 0.279
7085.000 0.279
7090.000 0.280
7095.000 0.282
7100.000 0.284
7105.000 0.284
7110.000 0.287
7115.000 0.289
7120.000 0.293
7125.000 0.295
7130.000 0.299
7135.000 0.302
7140.000 0.305
7145.000 0.308
7150.000 0.312
7155.000 0.316
7160.000 0.322
7165.000 0.326
7170.000 0.330
7175.000 0.340
7180.000 0.340
7185.000 0.346
7190.000 0.353
7195.000 0.361
7200.000 0.370
7205.000 0.379
7210.000 0.391
7215.000 0.405
7220.000 0.418
7225.000 0.434
7230.000 0.450
7235.000 0.469
7240.000 0.488
7245.000 0.516
7250.000 0.544
7255.000 0.579
7260.000 0.617
7265.000 0.665
7270.000 0.713
7275.000 0.755
7280.000 0.808
7285.000 0.866
7290.000 0.932
7295.000 1.013
7300.000 1.119
7305.000 1.119
7310.000 1.237
7315.000 1.376
7320.000 1.552
7325.000 1.756
7330.000 2.004
7335.000 2.324
7340.000 2.713
7345.000 3.148
7350.000 3.754
7355.000 4.515
7360.000 5.480
7365.000 6.697
7370.000 8.156
7375.000 10.078
7380.000 12.320
7385.000 14.769
7390.000 16.924
7395.000 17.765
7400.000 16.103
7405.000 12.155
7410.000 9.192
7415.000 6.975
7420.000 5.503
7425.000 4.891
7430.000 4.158
7435.000 4.158
7440.000 3.620
7445.000 3.155
7450.000 2.766
7455.000 2.456
7460.000 2.193
7465.000 1.980
7470.000 1.802
7475.000 1.657
7480.000 1.531
7485.000 1.425
7490.000 1.343
7495.000 1.266
7500.000 1.200
7505.000 1.141
7510.000 1.087
7515.000 1.041
7520.000 0.998
7525.000 0.961
7530.000 0.926
7535.000 0.894
7540.000 0.865
7545.000 0.837
7550.000 0.811
7555.000 0.811
7560.000 0.788
7565.000 0.764
7570.000 0.744
7575.000 0.726
7580.000 0.709
7585.000 0.693
7590.000 0.677
7595.000 0.664
7600.000 0.651
7605.000 0.641
7610.000 0.630
7615.000 0.620
7620.000 0.610
7625.000 0.600
7630.000 0.591
7635.000 0.582
7640.000 0.575
7645.000 0.570
7650.000 0.561
7655.000 0.554
7660.000 0.549
7665.000 0.549
7670.000 0.544
7675.000 0.536
7680.000 0.532
7685.000 0.526
7690.000 0.521
7695.000 0.516
7700.000 0.513
7705.000 0.507
7710.000 0.504
7715.000 0.500
7720.000 0.497
7725.000 0.493
7730.000 0.489
7735.000 0.486
7740.000 0.483
7745.000 0.480
7750.000 0.475
7755.000 0.472
7760.000 0.468
7765.000 0.466
7770.000 0.460
7775.000 0.461
7780.000 0.455
7785.000 0.453
7790.000 0.453
7795.000 0.448
7800.000 0.445
7805.000 0.443
7810.000 0.441
7815.000 0.436
7820.000 0.433
7825.000 0.430
7830.000 0.427
7835.000 0.422
7840.000 0.420
7845.000 0.415
7850.000 0.410
7855.000 0.409
7860.000 0.403
7865.000 0.399
7870.000 0.393
7875.000 0.391
7880.000 0.385
7885.000 0.378
7890.000 0.373
7895.000 0.364
7900.000 0.358
7905.000 0.349
7910.000 0.339
7915.000 0.339
7920.000 0.329
7925.000 0.318
7930.000 0.303
7935.000 0.290
7940.000 0.271
7945.000 0.254
7950.000 0.229
7955.000 0.200
7960.000 0.170
7965.000 0.140
7970.000 0.136
7975.000 0.217
7980.000 0.420
7985.000 0.927
7990.000 2.816
7995.000 6.976
8000.000 10.704
8005.000 10.383
8010.000 3.823
8015.000 5.758
8020.000 1.799
8025.000 1.699
8030.000 1.694
8035.000 1.401
8040.000 1.401
8045.000 1.245
8050.000 1.210
8055.000 1.091
8060.000 1.008
8065.000 0.950
8070.000 0.890
8075.000 0.851
8080.000 0.811
8085.000 0.781
8090.000 0.751
8095.000 0.732
8100.000 0.717
8105.000 0.703
8110.000 0.690
8115.000 0.683
8120.000 0.678
8125.000 0.668
8130.000 0.662
8135.000 0.656
8140.000 0.651
8145.000 0.646
8150.000 0.643
8155.000 0.643
8160.000 0.640
8165.000 0.636
8170.000 0.634
8175.000 0.634
8180.000 0.630
8185.000 0.629
8190.000 0.631
8195.000 0.630
8200.000 0.633
8205.000 0.634
8210.000 0.637
8215.000 0.637
8220.000 0.639
8225.000 0.642
8230.000 0.644
8235.000 0.645
8240.000 0.649
8245.000 0.650
8250.000 0.655
8255.000 0.658
8260.000 0.661
8265.000 0.665
8270.000 0.668
8275.000 0.675
8280.000 0.675
8285.000 0.679
8290.000 0.685
8295.000 0.690
8300.000 0.696
8305.000 0.702
8310.000 0.710
8315.000 0.717
8320.000 0.722
8325.000 0.730
8330.000 0.738
8335.000 0.745
8340.000 0.757
8345.000 0.766
8350.000 0.776
8355.000 0.784
8360.000 0.798
8365.000 0.816
8370.000 0.825
8375.000 0.841
8380.000 0.862
8385.000 0.881
8390.000 0.901
8395.000 0.926
8400.000 0.951
8405.000 0.951
8410.000 0.983
8415.000 1.020
8420.000 1.058
8425.000 1.104
8430.000 1.162
8435.000 1.228
8440.000 1.297
8445.000 1.387
8450.000 1.515
8455.000 1.716
8460.000 2.039
8465.000 2.639
8470.000 3.717
8475.000 5.331
8480.000 6.197
8485.000 3.928
8490.000 2.092
8495.000 1.224
8500.000 1.815
8505.000 1.674
8510.000 1.630
8515.000 1.580
8520.000 1.640
8525.000 1.825
8530.000 1.825
8535.000 2.091
8540.000 2.480
8545.000 2.986
8550.000 3.672
8555.000 4.546
8560.000 5.593
8565.000 6.886
8570.000 7.983
8575.000 8.677
8580.000 8.506
8585.000 7.204
8590.000 5.390
8595.000 4.025
8600.000 3.165
8605.000 2.605
8610.000 2.196
8615.000 1.964
8620.000 1.843
8625.000 1.486
8630.000 1.126
8635.000 0.931
8640.000 0.931
8645.000 0.781
8650.000 0.661
8655.000 0.566
8660.000 0.491
8665.000 0.427
8670.000 0.370
8675.000 0.325
8680.000 0.287
8685.000 0.254
8690.000 0.226
8695.000 0.203
8700.000 0.183
8705.000 0.169
8710.000 0.154
8715.000 0.146
8720.000 0.136
8725.000 0.132
8730.000 0.128
8735.000 0.126
8740.000 0.134
8745.000 0.129
8750.000 0.129
8755.000 0.131
8760.000 0.135
8765.000 0.135
8770.000 0.139
8775.000 0.142
8780.000 0.147
8785.000 0.152
8790.000 0.156
8795.000 0.162
8800.000 0.166
8805.000 0.171
8810.000 0.177
8815.000 0.182
8820.000 0.188
8825.000 0.198
8830.000 0.185
8835.000 0.213
8840.000 0.220
8845.000 0.220
8850.000 0.220
8855.000 0.220
8860.000 0.226
8865.000 0.230
8870.000 0.235
8875.000 0.240
8880.000 0.246
8885.000 0.249
8890.000 0.249
8895.000 0.254
8900.000 0.258
8905.000 0.265
8910.000 0.267
8915.000 0.272
8920.000 0.277
8925.000 0.280
8930.000 0.284
8935.000 0.290
8940.000 0.296
8945.000 0.298
8950.000 0.302
8955.000 0.306
8960.000 0.311
8965.000 0.318
8970.000 0.318
8975.000 0.325
8980.000 0.333
8985.000 0.336
8990.000 0.341
8995.000 0.338
9000.000 0.345
9005.000 0.346
9010.000 0.349
9015.000 0.349
9020.000 0.355
9025.000 0.355
9030.000 0.356
9035.000 0.365
9040.000 0.363
9045.000 0.366
9050.000 0.368
9055.000 0.372
9060.000 0.377
9065.000 0.380
9070.000 0.384
9075.000 0.385
9080.000 0.387
9085.000 0.389
9090.000 0.395
9095.000 0.396
9100.000 0.401
9105.000 0.401
9110.000 0.405
9115.000 0.407
9120.000 0.410
9125.000 0.410
9130.000 0.413
9135.000 0.414
9140.000 0.419
9145.000 0.424
9150.000 0.427
9155.000 0.429
9160.000 0.436
9165.000 0.436
9170.000 0.440
9175.000 0.442
9180.000 0.447
9185.000 0.452
9190.000 0.458
9195.000 0.462
9200.000 0.466
9205.000 0.468
9210.000 0.474
9215.000 0.482
9220.000 0.488
9225.000 0.492
9230.000 0.496
9235.000 0.504
9240.000 0.510
9245.000 0.517
9250.000 0.517
9255.000 0.523
9260.000 0.530
9265.000 0.540
9270.000 0.548
9275.000 0.556
9280.000 0.565
9285.000 0.579
9290.000 0.589
9295.000 0.600
9300.000 0.614
9305.000 0.630
9310.000 0.650
9315.000 0.665
9320.000 0.689
9325.000 0.714
9330.000 0.741
9335.000 0.777
9340.000 0.817
9345.000 0.864
9350.000 0.923
9355.000 0.997
9360.000 1.077
9365.000 1.187
9370.000 1.343
9375.000 1.343
9380.000 1.572
9385.000 1.939
9390.000 2.550
9395.000 3.542
9400.000 4.997
9405.000 6.764
9410.000 8.223
9415.000 7.736
9420.000 3.971
9425.000 2.899
9430.000 0.436
9435.000 1.239
9440.000 0.601
9445.000 0.363
9450.000 0.281
9455.000 0.195
9460.000 0.165
9465.000 0.162
9470.000 0.170
9475.000 0.181
9480.000 0.193
9485.000 0.205
9490.000 0.218
9495.000 0.229
9500.000 0.229
9505.000 0.239
9510.000 0.250
9515.000 0.260
9520.000 0.269
9525.000 0.276
9530.000 0.287
9535.000 0.293
9540.000 0.301
9545.000 0.313
9550.000 0.322
9555.000 0.335
9560.000 0.345
9565.000 0.356
9570.000 0.369
9575.000 0.381
9580.000 0.397
9585.000 0.410
9590.000 0.428
9595.000 0.447
9600.000 0.466
9605.000 0.486
9610.000 0.486
9615.000 0.508
9620.000 0.531
9625.000 0.556
9630.000 0.578
9635.000 0.603
9640.000 0.632
9645.000 0.658
9650.000 0.692
9655.000 0.731
9660.000 0.771
9665.000 0.820
9670.000 0.882
9675.000 0.952
9680.000 1.032
9685.000 1.125
9690.000 1.234
9695.000 1.387
9700.000 1.575
9705.000 1.831
9710.000 2.169
9715.000 2.615
9720.000 3.195
9725.000 3.883
9730.000 4.629
9735.000 4.629
9740.000 5.319
9745.000 5.762
9750.000 5.711
9755.000 5.022
9760.000 3.992
9765.000 3.055
9770.000 2.351
9775.000 1.825
9780.000 1.429
9785.000 1.106
9790.000 0.833
9795.000 0.585
9800.000 0.378
9805.000 0.277
9810.000 0.210
9815.000 0.157
9820.000 0.191
9825.000 0.205
9830.000 0.204
9835.000 0.195
9840.000 0.183
9845.000 0.174
9850.000 0.162
9855.000 0.152
9860.000 0.152
9865.000 0.142
9870.000 0.135
9875.000 0.127
9880.000 0.119
9885.000 0.114
9890.000 0.110
9895.000 0.104
9900.000 0.101
9905.000 0.097
9910.000 0.094
9915.000 0.092
9920.000 0.090
9925.000 0.089
9930.000 0.088
9935.000 0.087
9940.000 0.087
9945.000 0.087
9950.000 0.087
9955.000 0.085
9960.000 0.083
9965.000 0.087
9970.000 0.084
9975.000 0.085
9980.000 0.085
9985.000 0.086
9990.000 0.086
9995.000 0.084
10000.000 0.080
10005.000 0.083
10010.000 0.078
10015.000 0.075
10020.000 0.074
10025.000 0.073
10030.000 0.072
10035.000 0.065
10040.000 0.065
10045.000 0.058
10050.000 0.051
10055.000 0.045
10060.000 0.038
10065.000 0.038
10070.000 0.055
10075.000 0.092
10080.000 0.160
10085.000 0.298
10090.000 0.642
10095.000 1.302
10100.000 1.302
10105.000 1.489
10110.000 0.554
10115.000 1.956
10120.000 0.466
10125.000 0.717
10130.000 0.484
10135.000 0.427
10140.000 0.430
10145.000 0.400
10150.000 0.363
10155.000 0.337
10160.000 0.315
10165.000 0.298
10170.000 0.284
10175.000 0.272
10180.000 0.262
10185.000 0.250
10190.000 0.244
10195.000 0.237
10200.000 0.230
10205.000 0.225
10210.000 0.220
10215.000 0.216
10220.000 0.212
10225.000 0.212
10230.000 0.209
10235.000 0.208
10240.000 0.204
10245.000 0.203
10250.000 0.201
10255.000 0.200
10260.000 0.196
10265.000 0.195
10270.000 0.195
10275.000 0.193
10280.000 0.193
10285.000 0.190
10290.000 0.189
10295.000 0.189
10300.000 0.186
10305.000 0.186
10310.000 0.185
10315.000 0.183
10320.000 0.183
10325.000 0.182
10330.000 0.181
10335.000 0.181
10340.000 0.179
10345.000 0.177
10350.000 0.177
10355.000 0.178
10360.000 0.176
10365.000 0.175
10370.000 0.175
10375.000 0.174
10380.000 0.173
10385.000 0.171
10390.000 0.172
10395.000 0.171
10400.000 0.168
10405.000 0.170
10410.000 0.168
10415.000 0.167
10420.000 0.165
10425.000 0.164
10430.000 0.163
10435.000 0.162
10440.000 0.161
10445.000 0.159
10450.000 0.157
10455.000 0.155
10460.000 0.154
10465.000 0.153
10470.000 0.151
10475.000 0.151
10480.000 0.151
10485.000 0.148
10490.000 0.147
10495.000 0.145
10500.000 0.143
10505.000 0.142
10510.000 0.140
10515.000 0.137
10520.000 0.135
10525.000 0.134
10530.000 0.133
10535.000 0.130
10540.000 0.127
10545.000 0.126
10550.000 0.122
10555.000 0.120
10560.000 0.117
10565.000 0.114
10570.000 0.112
10575.000 0.109
10580.000 0.107
10585.000 0.107
10590.000 0.104
10595.000 0.100
10600.000 0.098
10605.000 0.094
10610.000 0.091
10615.000 0.087
10620.000 0.083
10625.000 0.080
10630.000 0.074
10635.000 0.073
10640.000 0.069
10645.000 0.066
10650.000 0.060
10655.000 0.055
10660.000 0.053
10665.000 0.049
10670.000 0.048
10675.000 0.046
10680.000 0.061
10685.000 0.051
10690.000 0.056
10695.000 0.059
10700.000 0.069
10705.000 0.078
10710.000 0.078
10715.000 0.095
10720.000 0.114
10725.000 0.137
10730.000 0.167
10735.000 0.210
10740.000 0.269
10745.000 0.370
10750.000 0.533
10755.000 0.767
10760.000 1.062
10765.000 1.372
10770.000 1.529
10775.000 1.300
10780.000 0.710
10785.000 0.463
10790.000 0.677
10795.000 0.903
10800.000 0.537
10805.000 0.254
10810.000 0.150
10815.000 0.091
10820.000 0.073
10825.000 0.122
10830.000 0.177
10835.000 0.178
10840.000 0.234
10845.000 0.298
10850.000 0.384
10855.000 0.540
10860.000 0.745
10865.000 0.989
10870.000 1.275
10875.000 1.632
10880.000 2.094
10885.000 2.618
10890.000 3.200
10895.000 3.824
10900.000 4.533
10905.000 5.026
10910.000 5.230
10915.000 5.086
10920.000 4.655
10925.000 4.157
10930.000 3.723
10935.000 3.360
10940.000 3.107
10945.000 2.851
10950.000 2.655
10955.000 2.511
10960.000 2.511
10965.000 2.437
10970.000 2.422
10975.000 2.403
10980.000 2.310
10985.000 2.149
10990.000 1.986
10995.000 1.854
11000.000 1.761
11005.000 1.666
11010.000 1.597
11015.000 1.522
11020.000 1.456
11025.000 1.387
11030.000 1.318
11035.000 1.273
11040.000 1.199
11045.000 1.134
11050.000 1.086
11055.000 1.058
11060.000 1.004
11065.000 0.954
11070.000 0.954
11075.000 0.906
11080.000 0.868
11085.000 0.831
11090.000 0.798
11095.000 0.768
11100.000 0.740
11105.000 0.715
11110.000 0.694
11115.000 0.676
11120.000 0.659
11125.000 0.647
11130.000 0.636
11135.000 0.628
11140.000 0.623
11145.000 0.616
11150.000 0.609
11155.000 0.603
11160.000 0.601
11165.000 0.595
11170.000 0.592
11175.000 0.590
11180.000 0.584
11185.000 0.580
11190.000 0.572
11195.000 0.572
11200.000 0.569
11205.000 0.565
11210.000 0.561
11215.000 0.558
11220.000 0.553
11225.000 0.552
11230.000 0.549
11235.000 0.547
11240.000 0.547
11245.000 0.543
11250.000 0.541
11255.000 0.540
11260.000 0.538
11265.000 0.532
11270.000 0.529
11275.000 0.526
11280.000 0.530
11285.000 0.526
11290.000 0.524
11295.000 0.524
11300.000 0.524
11305.000 0.519
11310.000 0.510
11315.000 0.507
11320.000 0.507
11325.000 0.508
11330.000 0.506
11335.000 0.501
11340.000 0.501
11345.000 0.498
11350.000 0.494
11355.000 0.492
11360.000 0.489
11365.000 0.488
11370.000 0.485
11375.000 0.485
11380.000 0.483
11385.000 0.481
11390.000 0.477
11395.000 0.477
11400.000 0.474
11405.000 0.475
11410.000 0.472
11415.000 0.469
11420.000 0.464
11425.000 0.465
11430.000 0.461
11435.000 0.458
11440.000 0.457
11445.000 0.457
11450.000 0.453
11455.000 0.453
11460.000 0.449
11465.000 0.448
11470.000 0.443
11475.000 0.440
11480.000 0.444
11485.000 0.440
11490.000 0.434
11495.000 0.431
11500.000 0.427
11505.000 0.424
11510.000 0.417
11515.000 0.414
11520.000 0.410
11525.000 0.407
11530.000 0.401
11535.000 0.399
11540.000 0.393
11545.000 0.387
11550.000 0.382
11555.000 0.382
11560.000 0.371
11565.000 0.363
11570.000 0.354
11575.000 0.343
11580.000 0.327
11585.000 0.310
11590.000 0.288
11595.000 0.263
11600.000 0.230
11605.000 0.195
11610.000 0.171
11615.000 0.200
11620.000 0.401
11625.000 1.131
11630.000 2.318
11635.000 3.413
11640.000 3.367
11645.000 1.543
11650.000 0.566
11655.000 1.448
11660.000 0.932
11665.000 0.984
11670.000 0.924
11675.000 0.867
11680.000 0.823
11685.000 0.823
11690.000 0.788
11695.000 0.748
11700.000 0.710
11705.000 0.680
11710.000 0.650
11715.000 0.626
11720.000 0.604
11725.000 0.584
11730.000 0.566
11735.000 0.550
11740.000 0.535
11745.000 0.520
11750.000 0.511
11755.000 0.503
11760.000 0.497
11765.000 0.492
11770.000 0.495
11775.000 0.491
11780.000 0.491
11785.000 0.491
11790.000 0.488
11795.000 0.486
11800.000 0.486
11805.000 0.484
11810.000 0.484
11815.000 0.481
11820.000 0.482
11825.000 0.480
11830.000 0.482
11835.000 0.480
11840.000 0.480
11845.000 0.480
11850.000 0.482
11855.000 0.478
11860.000 0.479
11865.000 0.480
11870.000 0.482
11875.000 0.486
11880.000 0.491
11885.000 0.495
11890.000 0.506
11895.000 0.516
11900.000 0.533
11905.000 0.549
11910.000 0.559
11915.000 0.570
11920.000 0.592
11925.000 0.620
11930.000 0.664
11935.000 0.664
11940.000 0.745
11945.000 0.874
11950.000 1.085
11955.000 1.327
11960.000 1.373
11965.000 1.028
11970.000 0.418
11975.000 0.147
11980.000 0.181
11985.000 0.202
11990.000 0.220
11995.000 0.245
12000.000 0.289
