105.000 0.044
110.000 0.036
115.000 0.025
120.000 2.157
125.000 2.749
130.000 2.749
135.000 3.121
140.000 3.415
145.000 3.599
150.000 3.729
155.000 3.782
160.000 3.770
165.000 3.754
170.000 3.647
175.000 3.644
180.000 4.117
185.000 3.170
190.000 2.883
195.000 3.470
200.000 3.440
205.000 3.475
210.000 3.530
215.000 3.532
220.000 3.430
225.000 3.529
230.000 4.001
235.000 3.725
240.000 3.817
245.000 3.906
250.000 3.951
255.000 3.951
260.000 4.109
265.000 4.109
270.000 4.130
275.000 4.116
280.000 4.174
285.000 4.177
290.000 4.200
295.000 4.278
300.000 4.364
305.000 4.363
310.000 4.384
315.000 4.471
320.000 4.555
325.000 4.653
330.000 4.736
335.000 4.883
340.000 5.005
345.000 5.119
350.000 5.347
355.000 5.528
360.000 5.770
365.000 5.983
370.000 6.230
375.000 6.535
380.000 6.574
385.000 6.869
390.000 7.226
395.000 7.540
400.000 7.866
405.000 8.211
410.000 8.492
415.000 8.705
420.000 8.896
425.000 8.972
430.000 8.974
435.000 8.870
440.000 8.677
445.000 8.361
450.000 7.973
455.000 7.562
460.000 7.094
465.000 6.636
470.000 6.212
475.000 5.785
480.000 5.383
485.000 5.018
490.000 5.018
495.000 4.671
500.000 4.361
505.000 4.037
510.000 3.756
515.000 3.459
520.000 3.210
525.000 2.981
530.000 2.748
535.000 2.562
540.000 2.376
545.000 2.216
550.000 2.057
555.000 1.935
560.000 1.814
565.000 1.722
570.000 1.616
575.000 1.529
580.000 1.457
585.000 1.382
590.000 1.299
595.000 1.240
600.000 1.171
605.000 1.111
610.000 1.052
615.000 1.052
620.000 0.990
625.000 0.888
630.000 0.888
635.000 0.830
640.000 0.780
645.000 0.731
650.000 0.696
655.000 0.657
660.000 0.622
665.000 0.591
670.000 0.560
675.000 0.534
680.000 0.555
685.000 0.547
690.000 0.526
695.000 0.495
700.000 0.479
705.000 0.466
710.000 0.457
715.000 0.429
720.000 0.431
725.000 0.419
730.000 0.416
735.000 0.406
740.000 0.406
745.000 0.394
750.000 0.391
755.000 0.386
760.000 0.380
765.000 0.374
770.000 0.373
775.000 0.364
780.000 0.359
785.000 0.360
790.000 0.354
795.000 0.350
800.000 0.347
805.000 0.348
810.000 0.346
815.000 0.343
820.000 0.342
825.000 0.342
830.000 0.339
835.000 0.331
840.000 0.336
845.000 0.327
850.000 0.333
855.000 0.324
860.000 0.324
865.000 0.324
870.000 0.321
875.000 0.317
880.000 0.325
885.000 0.323
890.000 0.319
895.000 0.316
900.000 0.316
905.000 0.315
910.000 0.314
915.000 0.311
920.000 0.308
925.000 0.318
930.000 0.308
935.000 0.311
940.000 0.315
945.000 0.315
950.000 0.312
955.000 0.307
960.000 0.311
965.000 0.307
970.000 0.309
975.000 0.309
980.000 0.302
985.000 0.308
990.000 0.310
995.000 0.303
1000.000 0.307
1005.000 0.308
1010.000 0.307
1015.000 0.305
1020.000 0.297
1025.000 0.300
1030.000 0.310
1035.000 0.302
1040.000 0.318
1045.000 0.310
1050.000 0.309
1055.000 0.303
1060.000 0.309
1065.000 0.297
1070.000 0.315
1075.000 0.309
1080.000 0.304
1085.000 0.303
1090.000 0.304
1095.000 0.316
1100.000 0.316
1105.000 0.308
1110.000 0.302
1115.000 0.303
1120.000 0.305
1125.000 0.304
1130.000 0.304
1135.000 0.311
1140.000 0.308
1145.000 0.307
1150.000 0.305
1155.000 0.308
1160.000 0.310
1165.000 0.309
1170.000 0.309
1175.000 0.308
1180.000 0.305
1185.000 0.315
1190.000 0.308
1195.000 0.311
1200.000 0.310
1205.000 0.313
1210.000 0.312
1215.000 0.312
1220.000 0.311
1225.000 0.312
1230.000 0.312
1235.000 0.314
1240.000 0.316
1245.000 0.315
1250.000 0.314
1255.000 0.315
1260.000 0.319
1265.000 0.319
1270.000 0.319
1275.000 0.324
1280.000 0.323
1285.000 0.321
1290.000 0.325
1295.000 0.322
1300.000 0.325
1305.000 0.323
1310.000 0.329
1315.000 0.328
1320.000 0.327
1325.000 0.329
1330.000 0.333
1335.000 0.334
1340.000 0.332
1345.000 0.336
1350.000 0.335
1355.000 0.335
1360.000 0.339
1365.000 0.334
1370.000 0.337
1375.000 0.343
1380.000 0.342
1385.000 0.342
1390.000 0.347
1395.000 0.345
1400.000 0.348
1405.000 0.350
1410.000 0.347
1415.000 0.350
1420.000 0.353
1425.000 0.356
1430.000 0.356
1435.000 0.357
1440.000 0.357
1445.000 0.359
1450.000 0.365
1455.000 0.361
1460.000 0.361
1465.000 0.361
1470.000 0.360
1475.000 0.360
1480.000 0.360
1485.000 0.360
1490.000 0.358
1495.000 0.358
1500.000 0.356
1505.000 0.354
1510.000 0.353
1515.000 0.350
1520.000 0.353
1525.000 0.361
1530.000 0.364
1535.000 0.373
1540.000 0.376
1545.000 0.385
1550.000 0.392
1555.000 0.395
1560.000 0.403
1565.000 0.410
1570.000 0.415
1575.000 0.427
1580.000 0.431
1585.000 0.435
1590.000 0.435
1595.000 0.449
1600.000 0.449
1605.000 0.455
1610.000 0.465
1615.000 0.471
1620.000 0.476
1625.000 0.486
1630.000 0.493
1635.000 0.501
1640.000 0.506
1645.000 0.514
1650.000 0.525
1655.000 0.531
1660.000 0.543
1665.000 0.557
1670.000 0.562
1675.000 0.569
1680.000 0.585
1685.000 0.596
1690.000 0.607
1695.000 0.618
1700.000 0.631
1705.000 0.641
1710.000 0.654
1715.000 0.654
1720.000 0.675
1725.000 0.683
1730.000 0.698
1735.000 0.707
1740.000 0.727
1745.000 0.743
1750.000 0.760
1755.000 0.776
1760.000 0.788
1765.000 0.806
1770.000 0.823
1775.000 0.840
1780.000 0.859
1785.000 0.885
1790.000 0.896
1795.000 0.910
1800.000 0.923
1805.000 0.941
1810.000 0.962
1815.000 0.978
1820.000 0.995
1825.000 1.005
1830.000 1.021
1835.000 1.034
1840.000 1.034
1845.000 1.046
1850.000 1.060
1855.000 1.073
1860.000 1.071
1865.000 1.081
1870.000 1.090
1875.000 1.098
1880.000 1.095
1885.000 1.099
1890.000 1.105
1895.000 1.104
1900.000 1.098
1905.000 1.091
1910.000 1.090
1915.000 1.087
1920.000 1.088
1925.000 1.082
1930.000 1.073
1935.000 1.067
1940.000 1.062
1945.000 1.051
1950.000 1.051
1955.000 1.045
1960.000 1.041
1965.000 1.036
1970.000 1.017
1975.000 1.025
1980.000 1.012
1985.000 0.998
1990.000 0.987
1995.000 0.983
2000.000 0.980
2005.000 0.965
2010.000 0.962
2015.000 0.968
2020.000 0.964
2025.000 0.951
2030.000 0.939
2035.000 0.953
2040.000 0.937
2045.000 0.932
2050.000 0.921
2055.000 0.919
2060.000 0.923
2065.000 0.920
2070.000 0.918
2075.000 0.918
2080.000 0.912
2085.000 0.908
2090.000 0.909
2095.000 0.913
2100.000 0.908
2105.000 0.911
2110.000 0.908
2115.000 0.909
2120.000 0.916
2125.000 0.919
2130.000 0.919
2135.000 0.924
2140.000 0.926
2145.000 0.933
2150.000 0.940
2155.000 0.946
2160.000 0.954
2165.000 0.964
2170.000 0.975
2175.000 0.986
2180.000 1.005
2185.000 1.023
2190.000 1.038
2195.000 1.054
2200.000 1.054
2205.000 1.081
2210.000 1.107
2215.000 1.137
2220.000 1.169
2225.000 1.216
2230.000 1.262
2235.000 1.329
2240.000 1.409
2245.000 1.506
2250.000 1.621
2255.000 1.792
2260.000 2.015
2265.000 2.330
2270.000 2.798
2275.000 3.519
2280.000 4.583
2285.000 6.071
2290.000 7.888
2295.000 9.728
2300.000 11.899
2305.000 16.162
2310.000 17.764
2315.000 5.454
2320.000 5.056
2325.000 5.056
2330.000 3.214
2335.000 2.250
2340.000 1.575
2345.000 1.244
2350.000 0.965
2355.000 0.779
2360.000 0.617
2365.000 0.502
2370.000 0.409
2375.000 0.340
2380.000 0.284
2385.000 0.237
2390.000 0.199
2395.000 0.169
2400.000 0.141
2405.000 0.120
2410.000 0.102
2415.000 0.086
2420.000 0.072
2425.000 0.065
2430.000 0.060
2435.000 0.060
2440.000 0.055
2445.000 0.053
2450.000 0.055
2455.000 0.056
2460.000 0.058
2465.000 0.060
2470.000 0.064
2475.000 0.068
2480.000 0.072
2485.000 0.075
2490.000 0.077
2495.000 0.081
2500.000 0.084
2505.000 0.087
2510.000 0.090
2515.000 0.092
2520.000 0.097
2525.000 0.096
2530.000 0.099
2535.000 0.101
2540.000 0.102
2545.000 0.104
2550.000 0.105
2555.000 0.106
2560.000 0.106
2565.000 0.108
2570.000 0.110
2575.000 0.111
2580.000 0.111
2585.000 0.112
2590.000 0.115
2595.000 0.114
2600.000 0.115
2605.000 0.117
2610.000 0.118
2615.000 0.116
2620.000 0.117
2625.000 0.119
2630.000 0.119
2635.000 0.119
2640.000 0.118
2645.000 0.119
2650.000 0.120
2655.000 0.119
2660.000 0.119
2665.000 0.120
2670.000 0.120
2675.000 0.116
2680.000 0.118
2685.000 0.118
2690.000 0.117
2695.000 0.117
2700.000 0.116
2705.000 0.116
2710.000 0.114
2715.000 0.114
2720.000 0.115
2725.000 0.114
2730.000 0.114
2735.000 0.112
2740.000 0.112
2745.000 0.110
2750.000 0.110
2755.000 0.109
2760.000 0.107
2765.000 0.105
2770.000 0.108
2775.000 0.105
2780.000 0.106
2785.000 0.104
2790.000 0.102
2795.000 0.102
2800.000 0.103
2805.000 0.101
2810.000 0.101
2815.000 0.100
2820.000 0.100
2825.000 0.099
2830.000 0.101
2835.000 0.100
2840.000 0.101
2845.000 0.101
2850.000 0.101
2855.000 0.102
2860.000 0.103
2865.000 0.104
2870.000 0.104
2875.000 0.107
2880.000 0.107
2885.000 0.109
2890.000 0.111
2895.000 0.113
2900.000 0.116
2905.000 0.117
2910.000 0.120
2915.000 0.120
2920.000 0.120
2925.000 0.125
2930.000 0.127
2935.000 0.131
2940.000 0.135
2945.000 0.137
2950.000 0.139
2955.000 0.140
2960.000 0.144
2965.000 0.152
2970.000 0.155
2975.000 0.158
2980.000 0.156
2985.000 0.160
2990.000 0.162
2995.000 0.166
3000.000 0.178
3005.000 0.172
3010.000 0.179
3015.000 0.185
3020.000 0.187
3025.000 0.186
3030.000 0.190
3035.000 0.195
3040.000 0.200
3045.000 0.200
3050.000 0.200
3055.000 0.202
3060.000 0.207
3065.000 0.205
3070.000 0.208
3075.000 0.209
3080.000 0.212
3085.000 0.216
3090.000 0.216
3095.000 0.219
3100.000 0.222
3105.000 0.223
3110.000 0.226
3115.000 0.226
3120.000 0.228
3125.000 0.230
3130.000 0.230
3135.000 0.235
3140.000 0.237
3145.000 0.237
3150.000 0.237
3155.000 0.240
3160.000 0.241
3165.000 0.243
3170.000 0.247
3175.000 0.247
3180.000 0.246
3185.000 0.248
3190.000 0.249
3195.000 0.250
3200.000 0.251
3205.000 0.253
3210.000 0.254
3215.000 0.254
3220.000 0.253
3225.000 0.257
3230.000 0.258
3235.000 0.260
3240.000 0.261
3245.000 0.262
3250.000 0.264
3255.000 0.265
3260.000 0.266
3265.000 0.268
3270.000 0.269
3275.000 0.270
3280.000 0.272
3285.000 0.273
3290.000 0.274
3295.000 0.274
3300.000 0.274
3305.000 0.278
3310.000 0.279
3315.000 0.280
3320.000 0.281
3325.000 0.285
3330.000 0.285
3335.000 0.290
3340.000 0.290
3345.000 0.292
3350.000 0.291
3355.000 0.294
3360.000 0.296
3365.000 0.297
3370.000 0.300
3375.000 0.302
3380.000 0.305
3385.000 0.306
3390.000 0.309
3395.000 0.313
3400.000 0.314
3405.000 0.316
3410.000 0.316
3415.000 0.323
3420.000 0.328
3425.000 0.328
3430.000 0.330
3435.000 0.333
3440.000 0.336
3445.000 0.339
3450.000 0.341
3455.000 0.345
3460.000 0.347
3465.000 0.351
3470.000 0.358
3475.000 0.363
3480.000 0.368
3485.000 0.371
3490.000 0.379
3495.000 0.385
3500.000 0.391
3505.000 0.400
3510.000 0.406
3515.000 0.415
3520.000 0.425
3525.000 0.436
3530.000 0.444
3535.000 0.444
3540.000 0.457
3545.000 0.472
3550.000 0.485
3555.000 0.499
3560.000 0.516
3565.000 0.535
3570.000 0.554
3575.000 0.580
3580.000 0.605
3585.000 0.639
3590.000 0.673
3595.000 0.715
3600.000 0.763
3605.000 0.826
3610.000 0.904
3615.000 1.002
3620.000 1.134
3625.000 1.329
3630.000 1.615
3635.000 2.041
3640.000 2.689
3645.000 3.653
3650.000 4.985
3655.000 6.732
3660.000 6.732
3665.000 9.092
3670.000 12.620
3675.000 16.972
3680.000 19.668
3685.000 15.005
3690.000 2.484
3695.000 9.330
3700.000 5.125
3705.000 3.553
3710.000 2.908
3715.000 2.460
3720.000 1.997
3725.000 1.681
3730.000 1.434
3735.000 1.245
3740.000 1.095
3745.000 0.976
3750.000 0.877
3755.000 0.796
3760.000 0.731
3765.000 0.675
3770.000 0.626
3775.000 0.587
3780.000 0.550
3785.000 0.550
3790.000 0.520
3795.000 0.495
3800.000 0.472
3805.000 0.450
3810.000 0.432
3815.000 0.415
3820.000 0.402
3825.000 0.389
3830.000 0.378
3835.000 0.368
3840.000 0.359
3845.000 0.351
3850.000 0.341
3855.000 0.336
3860.000 0.328
3865.000 0.321
3870.000 0.318
3875.000 0.310
3880.000 0.305
3885.000 0.301
3890.000 0.299
3895.000 0.299
3900.000 0.295
3905.000 0.289
3910.000 0.289
3915.000 0.287
3920.000 0.285
3925.000 0.282
3930.000 0.279
3935.000 0.276
3940.000 0.275
3945.000 0.273
3950.000 0.269
3955.000 0.267
3960.000 0.265
3965.000 0.265
3970.000 0.267
3975.000 0.264
3980.000 0.258
3985.000 0.259
3990.000 0.256
3995.000 0.260
4000.000 0.264
4005.000 0.257
4010.000 0.254
4015.000 0.254
4020.000 0.254
4025.000 0.251
4030.000 0.254
4035.000 0.261
4040.000 0.251
4045.000 0.254
4050.000 0.257
4055.000 0.257
4060.000 0.251
4065.000 0.253
4070.000 0.254
4075.000 0.255
4080.000 0.255
4085.000 0.254
4090.000 0.254
4095.000 0.252
4100.000 0.253
4105.000 0.252
4110.000 0.253
4115.000 0.254
4120.000 0.254
4125.000 0.254
4130.000 0.256
4135.000 0.256
4140.000 0.256
4145.000 0.256
4150.000 0.257
4155.000 0.257
4160.000 0.256
4165.000 0.259
4170.000 0.260
4175.000 0.259
4180.000 0.259
4185.000 0.261
4190.000 0.261
4195.000 0.262
4200.000 0.263
4205.000 0.263
4210.000 0.264
4215.000 0.264
4220.000 0.265
4225.000 0.264
4230.000 0.264
4235.000 0.263
4240.000 0.264
4245.000 0.264
4250.000 0.263
4255.000 0.263
4260.000 0.264
4265.000 0.264
4270.000 0.264
4275.000 0.264
4280.000 0.265
4285.000 0.266
4290.000 0.264
4295.000 0.265
4300.000 0.263
4305.000 0.262
4310.000 0.261
4315.000 0.259
4320.000 0.256
4325.000 0.256
4330.000 0.253
4335.000 0.252
4340.000 0.250
4345.000 0.249
4350.000 0.248
4355.000 0.245
4360.000 0.246
4365.000 0.246
4370.000 0.244
4375.000 0.244
4380.000 0.244
4385.000 0.244
4390.000 0.243
4395.000 0.243
4400.000 0.243
4405.000 0.244
4410.000 0.244
4415.000 0.244
4420.000 0.244
4425.000 0.246
4430.000 0.245
4435.000 0.248
4440.000 0.251
4445.000 0.249
4450.000 0.248
4455.000 0.249
4460.000 0.248
4465.000 0.249
4470.000 0.249
4475.000 0.249
4480.000 0.250
4485.000 0.251
4490.000 0.251
4495.000 0.251
4500.000 0.252
4505.000 0.252
4510.000 0.252
4515.000 0.254
4520.000 0.254
4525.000 0.255
4530.000 0.257
4535.000 0.258
4540.000 0.258
4545.000 0.259
4550.000 0.259
4555.000 0.260
4560.000 0.261
4565.000 0.261
4570.000 0.263
4575.000 0.262
4580.000 0.264
4585.000 0.266
4590.000 0.265
4595.000 0.268
4600.000 0.267
4605.000 0.269
4610.000 0.271
4615.000 0.273
4620.000 0.275
4625.000 0.276
4630.000 0.276
4635.000 0.280
4640.000 0.279
4645.000 0.282
4650.000 0.283
4655.000 0.285
4660.000 0.288
4665.000 0.291
4670.000 0.292
4675.000 0.296
4680.000 0.298
4685.000 0.301
4690.000 0.305
4695.000 0.309
4700.000 0.311
4705.000 0.316
4710.000 0.321
4715.000 0.325
4720.000 0.331
4725.000 0.336
4730.000 0.340
4735.000 0.351
4740.000 0.357
4745.000 0.365
4750.000 0.372
4755.000 0.372
4760.000 0.381
4765.000 0.389
4770.000 0.400
4775.000 0.412
4780.000 0.425
4785.000 0.440
4790.000 0.455
4795.000 0.475
4800.000 0.496
4805.000 0.520
4810.000 0.548
4815.000 0.581
4820.000 0.609
4825.000 0.634
4830.000 0.660
4835.000 0.697
4840.000 0.734
4845.000 0.774
4850.000 0.827
4855.000 0.882
4860.000 0.951
4865.000 1.034
4870.000 1.034
4875.000 1.136
4880.000 1.261
4885.000 1.414
4890.000 1.613
4895.000 1.864
4900.000 2.200
4905.000 2.647
4910.000 3.262
4915.000 4.108
4920.000 5.324
4925.000 6.919
4930.000 9.060
4935.000 11.880
4940.000 14.498
4945.000 12.732
4950.000 9.318
4955.000 22.090
4960.000 20.282
4965.000 20.153
4970.000 12.523
4975.000 8.168
4980.000 6.958
4985.000 5.933
4990.000 4.797
4995.000 4.797
5000.000 3.970
5005.000 3.428
5010.000 2.967
5015.000 2.621
5020.000 2.317
5025.000 2.076
5030.000 1.873
5035.000 1.721
5040.000 1.575
5045.000 1.459
5050.000 1.368
5055.000 1.283
5060.000 1.214
5065.000 1.157
5070.000 1.095
5075.000 1.052
5080.000 1.011
5085.000 0.972
5090.000 0.940
5095.000 0.912
5100.000 0.883
5105.000 0.859
5110.000 0.837
5115.000 0.815
5120.000 0.815
5125.000 0.797
5130.000 0.779
5135.000 0.765
5140.000 0.750
5145.000 0.739
5150.000 0.727
5155.000 0.718
5160.000 0.707
5165.000 0.699
5170.000 0.691
5175.000 0.681
5180.000 0.678
5185.000 0.669
5190.000 0.662
5195.000 0.658
5200.000 0.652
5205.000 0.648
5210.000 0.648
5215.000 0.645
5220.000 0.638
5225.000 0.633
5230.000 0.629
5235.000 0.625
5240.000 0.622
5245.000 0.622
5250.000 0.617
5255.000 0.614
5260.000 0.609
5265.000 0.606
5270.000 0.605
5275.000 0.601
5280.000 0.598
5285.000 0.596
5290.000 0.593
5295.000 0.590
5300.000 0.586
5305.000 0.584
5310.000 0.581
5315.000 0.577
5320.000 0.576
5325.000 0.570
5330.000 0.567
5335.000 0.565
5340.000 0.561
5345.000 0.557
5350.000 0.554
5355.000 0.554
5360.000 0.551
5365.000 0.546
5370.000 0.541
5375.000 0.537
5380.000 0.533
5385.000 0.530
5390.000 0.526
5395.000 0.521
5400.000 0.519
5405.000 0.514
5410.000 0.512
5415.000 0.507
5420.000 0.504
5425.000 0.500
5430.000 0.497
5435.000 0.492
5440.000 0.489
5445.000 0.485
5450.000 0.482
5455.000 0.477
5460.000 0.473
5465.000 0.470
5470.000 0.467
5475.000 0.465
5480.000 0.465
5485.000 0.461
5490.000 0.457
5495.000 0.455
5500.000 0.451
5505.000 0.448
5510.000 0.444
5515.000 0.441
5520.000 0.437
5525.000 0.435
5530.000 0.431
5535.000 0.429
5540.000 0.434
5545.000 0.430
5550.000 0.426
5555.000 0.423
5560.000 0.419
5565.000 0.414
5570.000 0.410
5575.000 0.407
5580.000 0.405
5585.000 0.403
5590.000 0.400
5595.000 0.398
5600.000 0.396
5605.000 0.396
5610.000 0.394
5615.000 0.392
5620.000 0.390
5625.000 0.386
5630.000 0.386
5635.000 0.384
5640.000 0.384
5645.000 0.380
5650.000 0.380
5655.000 0.378
5660.000 0.376
5665.000 0.375
5670.000 0.371
5675.000 0.372
5680.000 0.368
5685.000 0.369
5690.000 0.369
5695.000 0.366
5700.000 0.364
5705.000 0.363
5710.000 0.362
5715.000 0.360
5720.000 0.359
5725.000 0.360
5730.000 0.360
5735.000 0.358
5740.000 0.355
5745.000 0.357
5750.000 0.355
5755.000 0.355
5760.000 0.356
5765.000 0.354
5770.000 0.352
5775.000 0.351
5780.000 0.351
5785.000 0.353
5790.000 0.349
5795.000 0.349
5800.000 0.349
5805.000 0.348
5810.000 0.348
5815.000 0.346
5820.000 0.344
5825.000 0.344
5830.000 0.344
5835.000 0.343
5840.000 0.343
5845.000 0.343
5850.000 0.343
5855.000 0.344
5860.000 0.343
5865.000 0.343
5870.000 0.342
5875.000 0.340
5880.000 0.341
5885.000 0.341
5890.000 0.341
5895.000 0.340
5900.000 0.341
5905.000 0.341
5910.000 0.340
5915.000 0.340
5920.000 0.338
5925.000 0.337
5930.000 0.337
5935.000 0.336
5940.000 0.337
5945.000 0.334
5950.000 0.333
5955.000 0.332
5960.000 0.332
5965.000 0.332
5970.000 0.338
5975.000 0.332
5980.000 0.333
5985.000 0.334
5990.000 0.334
5995.000 0.334
6000.000 0.326
6005.000 0.334
6010.000 0.326
6015.000 0.328
6020.000 0.330
6025.000 0.326
6030.000 0.329
6035.000 0.334
6040.000 0.333
6045.000 0.328
6050.000 0.330
6055.000 0.333
6060.000 0.338
6065.000 0.337
6070.000 0.342
6075.000 0.340
6080.000 0.342
6085.000 0.347
6090.000 0.347
6095.000 0.354
6100.000 0.357
6105.000 0.361
6110.000 0.365
6115.000 0.373
6120.000 0.382
6125.000 0.391
6130.000 0.402
6135.000 0.414
6140.000 0.429
6145.000 0.447
6150.000 0.468
6155.000 0.491
6160.000 0.519
6165.000 0.546
6170.000 0.569
6175.000 0.575
6180.000 0.541
6185.000 0.490
6190.000 0.706
6195.000 2.004
6200.000 3.508
6205.000 2.001
6210.000 0.541
6215.000 0.541
6220.000 0.189
6225.000 0.398
6230.000 0.506
6235.000 0.566
6240.000 0.600
6245.000 0.615
6250.000 0.609
6255.000 0.587
6260.000 0.560
6265.000 0.534
6270.000 0.505
6275.000 0.481
6280.000 0.457
6285.000 0.436
6290.000 0.417
6295.000 0.401
6300.000 0.386
6305.000 0.371
6310.000 0.358
6315.000 0.346
6320.000 0.347
6325.000 0.347
6330.000 0.341
6335.000 0.335
6340.000 0.325
6345.000 0.316
6350.000 0.307
6355.000 0.302
6360.000 0.296
6365.000 0.291
6370.000 0.285
6375.000 0.282
6380.000 0.279
6385.000 0.275
6390.000 0.273
6395.000 0.272
6400.000 0.266
6405.000 0.267
6410.000 0.263
6415.000 0.265
6420.000 0.261
6425.000 0.261
6430.000 0.259
6435.000 0.257
6440.000 0.258
6445.000 0.260
6450.000 0.260
6455.000 0.259
6460.000 0.262
6465.000 0.267
6470.000 0.274
6475.000 0.284
6480.000 0.320
6485.000 0.320
6490.000 0.356
6495.000 0.410
6500.000 0.497
6505.000 0.673
6510.000 1.103
6515.000 2.303
6520.000 4.544
6525.000 7.194
6530.000 7.284
6535.000 1.435
6540.000 5.590
6545.000 1.623
6550.000 0.975
6555.000 1.036
6560.000 1.256
6565.000 1.045
6570.000 0.772
6575.000 0.680
6580.000 0.680
6585.000 0.653
6590.000 0.598
6595.000 0.549
6600.000 0.521
6605.000 0.467
6610.000 0.467
6615.000 0.450
6620.000 0.429
6625.000 0.415
6630.000 0.405
6635.000 0.392
6640.000 0.381
6645.000 0.372
6650.000 0.365
6655.000 0.359
6660.000 0.351
6665.000 0.346
6670.000 0.342
6675.000 0.336
6680.000 0.332
6685.000 0.329
6690.000 0.326
6695.000 0.321
6700.000 0.318
6705.000 0.318
6710.000 0.315
6715.000 0.313
6720.000 0.310
6725.000 0.307
6730.000 0.304
6735.000 0.306
6740.000 0.302
6745.000 0.301
6750.000 0.300
6755.000 0.297
6760.000 0.296
6765.000 0.294
6770.000 0.294
6775.000 0.294
6780.000 0.292
6785.000 0.291
6790.000 0.290
6795.000 0.288
6800.000 0.290
6805.000 0.289
6810.000 0.288
6815.000 0.286
6820.000 0.287
6825.000 0.285
6830.000 0.285
6835.000 0.285
6840.000 0.283
6845.000 0.283
6850.000 0.280
6855.000 0.280
6860.000 0.280
6865.000 0.279
6870.000 0.278
6875.000 0.278
6880.000 0.277
6885.000 0.277
6890.000 0.277
6895.000 0.275
6900.000 0.274
6905.000 0.274
6910.000 0.274
6915.000 0.273
6920.000 0.271
6925.000 0.272
6930.000 0.270
6935.000 0.270
6940.000 0.270
6945.000 0.270
6950.000 0.268
6955.000 0.267
6960.000 0.266
6965.000 0.266
6970.000 0.267
6975.000 0.263
6980.000 0.263
6985.000 0.267
6990.000 0.265
6995.000 0.260
7000.000 0.262
7005.000 0.263
7010.000 0.264
7015.000 0.259
7020.000 0.259
7025.000 0.263
7030.000 0.259
7035.000 0.257
7040.000 0.256
7045.000 0.258
7050.000 0.259
7055.000 0.255
7060.000 0.254
7065.000 0.254
7070.000 0.256
7075.000 0.252
7080.000 0.252
7085.000 0.251
7090.000 0.251
7095.000 0.251
7100.000 0.251
7105.000 0.253
7110.000 0.251
7115.000 0.250
7120.000 0.251
7125.000 0.250
7130.000 0.250
7135.000 0.249
7140.000 0.251
7145.000 0.250
7150.000 0.249
7155.000 0.249
7160.000 0.250
7165.000 0.252
7170.000 0.255
7175.000 0.255
7180.000 0.255
7185.000 0.258
7190.000 0.258
7195.000 0.261
7200.000 0.263
7205.000 0.265
7210.000 0.269
7215.000 0.272
7220.000 0.279
7225.000 0.281
7230.000 0.287
7235.000 0.295
7240.000 0.303
7245.000 0.312
7250.000 0.322
7255.000 0.333
7260.000 0.349
7265.000 0.363
7270.000 0.383
7275.000 0.405
7280.000 0.432
7285.000 0.461
7290.000 0.495
7295.000 0.546
7300.000 0.602
7305.000 0.675
7310.000 0.769
7315.000 0.782
7320.000 0.909
7325.000 1.072
7330.000 1.272
7335.000 1.495
7340.000 1.763
7345.000 2.097
7350.000 2.522
7355.000 3.048
7360.000 3.723
7365.000 4.650
7370.000 5.851
7375.000 7.342
7380.000 9.264
7385.000 11.373
7390.000 13.331
7395.000 14.250
7400.000 13.077
7405.000 9.872
7410.000 7.231
7415.000 5.581
7420.000 4.479
7425.000 4.479
7430.000 3.764
7435.000 3.251
7440.000 2.848
7445.000 2.509
7450.000 2.225
7455.000 1.993
7460.000 1.794
7465.000 1.625
7470.000 1.488
7475.000 1.375
7480.000 1.275
7485.000 1.194
7490.000 1.130
7495.000 1.071
7500.000 1.020
7505.000 0.977
7510.000 0.938
7515.000 0.902
7520.000 0.867
7525.000 0.838
7530.000 0.812
7535.000 0.787
7540.000 0.769
7545.000 0.748
7550.000 0.748
7555.000 0.730
7560.000 0.713
7565.000 0.700
7570.000 0.684
7575.000 0.673
7580.000 0.659
7585.000 0.649
7590.000 0.636
7595.000 0.629
7600.000 0.619
7605.000 0.612
7610.000 0.602
7615.000 0.596
7620.000 0.587
7625.000 0.581
7630.000 0.576
7635.000 0.571
7640.000 0.565
7645.000 0.562
7650.000 0.557
7655.000 0.553
7660.000 0.550
7665.000 0.546
7670.000 0.542
7675.000 0.542
7680.000 0.538
7685.000 0.534
7690.000 0.533
7695.000 0.527
7700.000 0.528
7705.000 0.523
7710.000 0.519
7715.000 0.516
7720.000 0.515
7725.000 0.511
7730.000 0.509
7735.000 0.507
7740.000 0.502
7745.000 0.502
7750.000 0.498
7755.000 0.497
7760.000 0.493
7765.000 0.490
7770.000 0.491
7775.000 0.487
7780.000 0.484
7785.000 0.483
7790.000 0.482
7795.000 0.481
7800.000 0.481
7805.000 0.478
7810.000 0.475
7815.000 0.474
7820.000 0.470
7825.000 0.470
7830.000 0.467
7835.000 0.464
7840.000 0.463
7845.000 0.460
7850.000 0.457
7855.000 0.454
7860.000 0.452
7865.000 0.449
7870.000 0.445
7875.000 0.441
7880.000 0.438
7885.000 0.434
7890.000 0.431
7895.000 0.425
7900.000 0.421
7905.000 0.413
7910.000 0.413
7915.000 0.407
7920.000 0.400
7925.000 0.390
7930.000 0.382
7935.000 0.371
7940.000 0.357
7945.000 0.338
7950.000 0.316
7955.000 0.289
7960.000 0.253
7965.000 0.211
7970.000 0.157
7975.000 0.096
7980.000 0.172
7985.000 0.469
7990.000 1.579
7995.000 5.021
8000.000 8.959
8005.000 10.413
8010.000 5.361
8015.000 4.947
8020.000 0.914
8025.000 1.464
8030.000 1.505
8035.000 1.505
8040.000 1.379
8045.000 1.118
8050.000 1.110
8055.000 1.006
8060.000 0.969
8065.000 0.912
8070.000 0.873
8075.000 0.829
8080.000 0.796
8085.000 0.766
8090.000 0.739
8095.000 0.724
8100.000 0.706
8105.000 0.698
8110.000 0.688
8115.000 0.678
8120.000 0.672
8125.000 0.666
8130.000 0.660
8135.000 0.657
8140.000 0.657
8145.000 0.653
8150.000 0.653
8155.000 0.654
8160.000 0.654
8165.000 0.657
8170.000 0.661
8175.000 0.664
8180.000 0.668
8185.000 0.671
8190.000 0.675
8195.000 0.676
8200.000 0.682
8205.000 0.686
8210.000 0.689
8215.000 0.695
8220.000 0.697
8225.000 0.705
8230.000 0.708
8235.000 0.714
8240.000 0.719
8245.000 0.726
8250.000 0.732
8255.000 0.742
8260.000 0.751
8265.000 0.758
8270.000 0.763
8275.000 0.774
8280.000 0.783
8285.000 0.783
8290.000 0.793
8295.000 0.801
8300.000 0.813
8305.000 0.825
8310.000 0.836
8315.000 0.850
8320.000 0.863
8325.000 0.878
8330.000 0.897
8335.000 0.914
8340.000 0.925
8345.000 0.941
8350.000 0.953
8355.000 0.970
8360.000 0.984
8365.000 1.003
8370.000 1.024
8375.000 1.040
8380.000 1.061
8385.000 1.083
8390.000 1.103
8395.000 1.129
8400.000 1.129
8405.000 1.160
8410.000 1.195
8415.000 1.234
8420.000 1.272
8425.000 1.311
8430.000 1.361
8435.000 1.422
8440.000 1.501
8445.000 1.598
8450.000 1.740
8455.000 1.945
8460.000 2.269
8465.000 2.832
8470.000 3.828
8475.000 5.333
8480.000 6.221
8485.000 4.011
8490.000 2.077
8495.000 2.010
8500.000 2.348
8505.000 2.076
8510.000 2.139
8515.000 2.248
8520.000 2.325
8525.000 2.325
8530.000 2.732
8535.000 3.211
8540.000 3.881
8545.000 4.746
8550.000 5.844
8555.000 7.185
8560.000 8.747
8565.000 10.451
8570.000 12.161
8575.000 13.615
8580.000 14.149
8585.000 13.288
8590.000 10.934
8595.000 8.459
8600.000 6.654
8605.000 5.325
8610.000 4.187
8615.000 3.108
8620.000 2.392
8625.000 1.866
8630.000 1.421
8635.000 1.278
8640.000 1.156
8645.000 1.038
8650.000 1.038
8655.000 0.935
8660.000 0.843
8665.000 0.760
8670.000 0.688
8675.000 0.623
8680.000 0.571
8685.000 0.520
8690.000 0.480
8695.000 0.440
8700.000 0.408
8705.000 0.378
8710.000 0.352
8715.000 0.326
8720.000 0.305
8725.000 0.286
8730.000 0.270
8735.000 0.254
8740.000 0.232
8745.000 0.235
8750.000 0.214
8755.000 0.203
8760.000 0.193
8765.000 0.184
8770.000 0.177
8775.000 0.177
8780.000 0.170
8785.000 0.163
8790.000 0.157
8795.000 0.152
8800.000 0.148
8805.000 0.145
8810.000 0.143
8815.000 0.140
8820.000 0.139
8825.000 0.131
8830.000 0.143
8835.000 0.147
8840.000 0.148
8845.000 0.143
8850.000 0.128
8855.000 0.137
8860.000 0.135
8865.000 0.136
8870.000 0.137
8875.000 0.138
8880.000 0.139
8885.000 0.139
8890.000 0.141
8895.000 0.142
8900.000 0.144
8905.000 0.145
8910.000 0.149
8915.000 0.150
8920.000 0.153
8925.000 0.153
8930.000 0.157
8935.000 0.159
8940.000 0.160
8945.000 0.162
8950.000 0.165
8955.000 0.167
8960.000 0.171
8965.000 0.171
8970.000 0.174
8975.000 0.175
8980.000 0.179
8985.000 0.182
8990.000 0.181
8995.000 0.182
9000.000 0.189
9005.000 0.185
9010.000 0.185
9015.000 0.191
9020.000 0.193
9025.000 0.196
9030.000 0.195
9035.000 0.202
9040.000 0.199
9045.000 0.205
9050.000 0.208
9055.000 0.209
9060.000 0.208
9065.000 0.213
9070.000 0.214
9075.000 0.218
9080.000 0.218
9085.000 0.222
9090.000 0.224
9095.000 0.223
9100.000 0.228
9105.000 0.231
9110.000 0.232
9115.000 0.235
9120.000 0.235
9125.000 0.238
9130.000 0.240
9135.000 0.240
9140.000 0.244
9145.000 0.245
9150.000 0.249
9155.000 0.251
9160.000 0.252
9165.000 0.255
9170.000 0.258
9175.000 0.262
9180.000 0.264
9185.000 0.267
9190.000 0.271
9195.000 0.275
9200.000 0.278
9205.000 0.281
9210.000 0.286
9215.000 0.289
9220.000 0.292
9225.000 0.298
9230.000 0.301
9235.000 0.308
9240.000 0.312
9245.000 0.315
9250.000 0.323
9255.000 0.328
9260.000 0.328
9265.000 0.336
9270.000 0.340
9275.000 0.350
9280.000 0.368
9285.000 0.368
9290.000 0.378
9295.000 0.390
9300.000 0.402
9305.000 0.415
9310.000 0.432
9315.000 0.450
9320.000 0.469
9325.000 0.494
9330.000 0.521
9335.000 0.551
9340.000 0.585
9345.000 0.620
9350.000 0.665
9355.000 0.719
9360.000 0.797
9365.000 0.897
9370.000 0.897
9375.000 1.044
9380.000 1.276
9385.000 1.666
9390.000 2.329
9395.000 3.416
9400.000 4.959
9405.000 6.849
9410.000 8.741
9415.000 9.054
9420.000 5.261
9425.000 2.267
9430.000 1.193
9435.000 1.581
9440.000 0.835
9445.000 0.653
9450.000 0.524
9455.000 0.431
9460.000 0.342
9465.000 0.284
9470.000 0.235
9475.000 0.199
9480.000 0.170
9485.000 0.149
9490.000 0.131
9495.000 0.131
9500.000 0.118
9505.000 0.108
9510.000 0.098
9515.000 0.093
9520.000 0.089
9525.000 0.085
9530.000 0.085
9535.000 0.082
9540.000 0.082
9545.000 0.080
9550.000 0.082
9555.000 0.083
9560.000 0.083
9565.000 0.083
9570.000 0.083
9575.000 0.085
9580.000 0.084
9585.000 0.085
9590.000 0.085
9595.000 0.086
9600.000 0.085
9605.000 0.085
9610.000 0.084
9615.000 0.082
9620.000 0.082
9625.000 0.079
9630.000 0.080
9635.000 0.080
9640.000 0.078
9645.000 0.077
9650.000 0.073
9655.000 0.070
9660.000 0.069
9665.000 0.065
9670.000 0.061
9675.000 0.056
9680.000 0.052
9685.000 0.046
9690.000 0.040
9695.000 0.037
9700.000 0.036
9705.000 0.039
9710.000 0.052
9715.000 0.072
9720.000 0.100
9725.000 0.139
9730.000 0.189
9735.000 0.249
9740.000 0.314
9745.000 0.314
9750.000 0.374
9755.000 0.402
9760.000 0.377
9765.000 0.333
9770.000 0.294
9775.000 0.267
9780.000 0.259
9785.000 0.267
9790.000 0.300
9795.000 0.348
9800.000 0.401
9805.000 0.448
9810.000 0.492
9815.000 0.488
9820.000 0.448
9825.000 0.420
9830.000 0.396
9835.000 0.375
9840.000 0.357
9845.000 0.343
9850.000 0.328
9855.000 0.328
9860.000 0.319
9865.000 0.308
9870.000 0.299
9875.000 0.293
9880.000 0.286
9885.000 0.279
9890.000 0.275
9895.000 0.270
9900.000 0.265
9905.000 0.260
9910.000 0.258
9915.000 0.254
9920.000 0.251
9925.000 0.247
9930.000 0.244
9935.000 0.242
9940.000 0.237
9945.000 0.237
9950.000 0.235
9955.000 0.233
9960.000 0.229
9965.000 0.225
9970.000 0.224
9975.000 0.218
9980.000 0.218
9985.000 0.215
9990.000 0.213
9995.000 0.207
10000.000 0.207
10005.000 0.201
10010.000 0.197
10015.000 0.190
10020.000 0.184
10025.000 0.179
10030.000 0.177
10035.000 0.165
10040.000 0.159
10045.000 0.147
10050.000 0.134
10055.000 0.120
10060.000 0.104
10065.000 0.076
10070.000 0.043
10075.000 0.013
10080.000 0.091
10085.000 0.234
10090.000 0.580
10095.000 1.423
10100.000 2.239
10105.000 2.239
10110.000 1.227
10115.000 1.728
10120.000 1.175
10125.000 1.023
10130.000 0.762
10135.000 0.673
10140.000 0.583
10145.000 0.555
10150.000 0.517
10155.000 0.483
10160.000 0.454
10165.000 0.431
10170.000 0.409
10175.000 0.391
10180.000 0.374
10185.000 0.361
10190.000 0.351
10195.000 0.342
10200.000 0.336
10205.000 0.329
10210.000 0.325
10215.000 0.316
10220.000 0.312
10225.000 0.307
10230.000 0.303
10235.000 0.303
10240.000 0.299
10245.000 0.297
10250.000 0.294
10255.000 0.290
10260.000 0.288
10265.000 0.285
10270.000 0.282
10275.000 0.279
10280.000 0.277
10285.000 0.275
10290.000 0.270
10295.000 0.271
10300.000 0.267
10305.000 0.267
10310.000 0.262
10315.000 0.262
10320.000 0.259
10325.000 0.258
10330.000 0.256
10335.000 0.254
10340.000 0.252
10345.000 0.252
10350.000 0.252
10355.000 0.249
10360.000 0.248
10365.000 0.246
10370.000 0.244
10375.000 0.243
10380.000 0.240
10385.000 0.238
10390.000 0.244
10395.000 0.240
10400.000 0.238
10405.000 0.230
10410.000 0.230
10415.000 0.226
10420.000 0.227
10425.000 0.223
10430.000 0.221
10435.000 0.220
10440.000 0.217
10445.000 0.214
10450.000 0.212
10455.000 0.210
10460.000 0.205
10465.000 0.205
10470.000 0.205
10475.000 0.202
10480.000 0.200
10485.000 0.197
10490.000 0.195
10495.000 0.193
10500.000 0.192
10505.000 0.189
10510.000 0.186
10515.000 0.183
10520.000 0.180
10525.000 0.177
10530.000 0.175
10535.000 0.171
10540.000 0.167
10545.000 0.165
10550.000 0.162
10555.000 0.159
10560.000 0.155
10565.000 0.151
10570.000 0.149
10575.000 0.145
10580.000 0.141
10585.000 0.136
10590.000 0.130
10595.000 0.130
10600.000 0.128
10605.000 0.123
10610.000 0.119
10615.000 0.114
10620.000 0.109
10625.000 0.104
10630.000 0.097
10635.000 0.093
10640.000 0.085
10645.000 0.081
10650.000 0.073
10655.000 0.067
10660.000 0.061
10665.000 0.055
10670.000 0.050
10675.000 0.048
10680.000 0.043
10685.000 0.063
10690.000 0.059
10695.000 0.065
10700.000 0.079
10705.000 0.098
10710.000 0.123
10715.000 0.153
10720.000 0.153
10725.000 0.191
10730.000 0.248
10735.000 0.332
10740.000 0.473
10745.000 0.693
10750.000 0.992
10755.000 1.387
10760.000 1.948
10765.000 2.657
10770.000 3.219
10775.000 3.187
10780.000 2.176
10785.000 1.403
10790.000 1.457
10795.000 1.780
10800.000 1.357
10805.000 0.756
10810.000 0.724
10815.000 0.550
10820.000 0.412
10825.000 0.309
10830.000 0.309
10835.000 0.222
10840.000 0.162
10845.000 0.134
10850.000 0.156
10855.000 0.213
10860.000 0.291
10865.000 0.406
10870.000 0.629
10875.000 0.930
10880.000 1.273
10885.000 1.727
10890.000 2.335
10895.000 3.028
10900.000 3.717
10905.000 4.301
10910.000 4.649
10915.000 4.666
10920.000 4.405
10925.000 4.010
10930.000 3.629
10935.000 3.303
10940.000 3.035
10945.000 2.799
10950.000 2.598
10955.000 2.598
10960.000 2.420
10965.000 2.251
10970.000 2.075
10975.000 1.872
10980.000 1.608
10985.000 1.376
10990.000 1.282
10995.000 1.277
11000.000 1.279
11005.000 1.257
11010.000 1.243
11015.000 1.221
11020.000 1.189
11025.000 1.157
11030.000 1.114
11035.000 1.073
11040.000 1.032
11045.000 1.012
11050.000 0.972
11055.000 0.941
11060.000 0.905
11065.000 0.874
11070.000 0.839
11075.000 0.810
11080.000 0.810
11085.000 0.787
11090.000 0.762
11095.000 0.738
11100.000 0.716
11105.000 0.700
11110.000 0.681
11115.000 0.672
11120.000 0.659
11125.000 0.648
11130.000 0.644
11135.000 0.641
11140.000 0.631
11145.000 0.628
11150.000 0.624
11155.000 0.622
11160.000 0.618
11165.000 0.615
11170.000 0.612
11175.000 0.607
11180.000 0.603
11185.000 0.600
11190.000 0.598
11195.000 0.597
11200.000 0.595
11205.000 0.595
11210.000 0.590
11215.000 0.590
11220.000 0.585
11225.000 0.582
11230.000 0.580
11235.000 0.579
11240.000 0.578
11245.000 0.576
11250.000 0.575
11255.000 0.570
11260.000 0.566
11265.000 0.566
11270.000 0.566
11275.000 0.565
11280.000 0.566
11285.000 0.568
11290.000 0.570
11295.000 0.569
11300.000 0.566
11305.000 0.561
11310.000 0.558
11315.000 0.558
11320.000 0.553
11325.000 0.554
11330.000 0.556
11335.000 0.550
11340.000 0.552
11345.000 0.551
11350.000 0.554
11355.000 0.548
11360.000 0.550
11365.000 0.543
11370.000 0.547
11375.000 0.546
11380.000 0.545
11385.000 0.542
11390.000 0.541
11395.000 0.539
11400.000 0.539
11405.000 0.538
11410.000 0.537
11415.000 0.537
11420.000 0.538
11425.000 0.536
11430.000 0.532
11435.000 0.530
11440.000 0.530
11445.000 0.528
11450.000 0.527
11455.000 0.528
11460.000 0.525
11465.000 0.527
11470.000 0.523
11475.000 0.523
11480.000 0.526
11485.000 0.525
11490.000 0.522
11495.000 0.521
11500.000 0.517
11505.000 0.519
11510.000 0.518
11515.000 0.514
11520.000 0.511
11525.000 0.511
11530.000 0.511
11535.000 0.510
11540.000 0.504
11545.000 0.502
11550.000 0.499
11555.000 0.491
11560.000 0.491
11565.000 0.491
11570.000 0.483
11575.000 0.479
11580.000 0.470
11585.000 0.460
11590.000 0.447
11595.000 0.433
11600.000 0.410
11605.000 0.386
11610.000 0.351
11615.000 0.318
11620.000 0.316
11625.000 0.514
11630.000 1.308
11635.000 2.517
11640.000 3.085
11645.000 2.008
11650.000 0.381
11655.000 1.207
11660.000 0.886
11665.000 0.977
11670.000 0.915
11675.000 0.857
11680.000 0.813
11685.000 0.780
11690.000 0.780
11695.000 0.750
11700.000 0.725
11705.000 0.700
11710.000 0.680
11715.000 0.663
11720.000 0.646
11725.000 0.631
11730.000 0.619
11735.000 0.616
11740.000 0.613
11745.000 0.613
11750.000 0.612
11755.000 0.613
11760.000 0.614
11765.000 0.616
11770.000 0.618
11775.000 0.628
11780.000 0.628
11785.000 0.624
11790.000 0.624
11795.000 0.629
11800.000 0.629
11805.000 0.629
11810.000 0.637
11815.000 0.640
11820.000 0.642
11825.000 0.647
11830.000 0.652
11835.000 0.658
11840.000 0.665
11845.000 0.672
11850.000 0.677
11855.000 0.686
11860.000 0.692
11865.000 0.699
11870.000 0.709
11875.000 0.724
11880.000 0.738
11885.000 0.749
11890.000 0.770
11895.000 0.793
11900.000 0.818
11905.000 0.849
11910.000 0.878
11915.000 0.908
11920.000 0.949
11925.000 1.010
11930.000 1.010
11935.000 1.100
11940.000 1.225
11945.000 1.423
11950.000 1.700
11955.000 1.950
11960.000 1.829
11965.000 1.048
11970.000 0.262
11975.000 0.438
11980.000 0.553
11985.000 0.632
11990.000 0.748
11995.000 0.889
12000.000 1.033
