1801.000 0.003
1802.000 4.079
1803.000 4.181
1804.000 4.196
1805.000 4.202
1806.000 4.220
1807.000 4.231
1808.000 4.249
1809.000 4.267
1810.000 4.287
1811.000 4.312
1812.000 4.317
1813.000 4.333
1814.000 4.344
1815.000 4.339
1816.000 4.337
1817.000 4.349
1818.000 4.363
1819.000 4.375
1820.000 4.389
1821.000 4.403
1822.000 4.422
1823.000 4.432
1824.000 4.445
1825.000 4.466
1826.000 4.478
1827.000 4.478
1828.000 4.493
1829.000 4.513
1830.000 4.515
1831.000 4.521
1832.000 4.519
1833.000 4.509
1834.000 4.502
1835.000 4.492
1836.000 4.467
1837.000 4.444
1838.000 4.404
1839.000 4.360
1840.000 4.312
1841.000 4.263
1842.000 4.200
1843.000 4.137
1844.000 4.072
1845.000 4.008
1846.000 4.058
1847.000 3.989
1848.000 3.949
1849.000 3.867
1850.000 3.811
1851.000 3.758
1852.000 3.696
1853.000 3.637
1854.000 3.596
1855.000 3.566
1856.000 3.555
1857.000 3.548
1858.000 3.545
1859.000 3.557
1860.000 3.557
1861.000 3.550
1862.000 3.539
1863.000 3.523
1864.000 3.488
1865.000 3.456
1866.000 3.404
1867.000 3.347
1868.000 3.271
1869.000 3.168
1870.000 3.061
1871.000 2.938
1872.000 2.809
1873.000 2.734
1874.000 2.610
1875.000 2.484
1876.000 2.373
1877.000 2.276
1878.000 2.209
1879.000 2.198
1880.000 2.202
1881.000 2.214
1882.000 2.215
1883.000 2.224
1884.000 2.228
1885.000 2.234
1886.000 2.241
1887.000 2.242
1888.000 2.244
1889.000 2.249
1890.000 2.256
1891.000 2.264
1892.000 2.267
1893.000 2.268
1894.000 2.277
1895.000 2.281
1896.000 2.278
1897.000 2.284
1898.000 2.287
1899.000 2.293
1900.000 2.299
1901.000 2.305
1902.000 2.308
1903.000 2.317
1904.000 2.321
1905.000 2.330
1906.000 2.335
1907.000 2.338
1908.000 2.341
1909.000 2.342
1910.000 2.346
1911.000 2.350
1912.000 2.356
1913.000 2.363
1914.000 2.364
1915.000 2.373
1916.000 2.377
1917.000 2.384
1918.000 2.387
1919.000 2.393
1920.000 2.401
1921.000 2.451
1922.000 2.450
1923.000 2.445
1924.000 2.445
1925.000 2.444
1926.000 2.438
1927.000 2.436
1928.000 2.437
1929.000 2.443
1930.000 2.444
1931.000 2.452
1932.000 2.451
1933.000 2.453
1934.000 2.461
1935.000 2.462
1936.000 2.465
1937.000 2.472
1938.000 2.480
1939.000 2.489
1940.000 2.496
1941.000 2.501
1942.000 2.508
1943.000 2.511
1944.000 2.522
1945.000 2.523
1946.000 2.525
1947.000 2.537
1948.000 2.541
1949.000 2.546
1950.000 2.559
1951.000 2.564
1952.000 2.569
1953.000 2.573
1954.000 2.581
1955.000 2.594
1956.000 2.603
1957.000 2.614
1958.000 2.613
1959.000 2.625
1960.000 2.623
1961.000 2.644
1962.000 2.648
1963.000 2.663
1964.000 2.663
1965.000 2.675
1966.000 2.688
1967.000 2.686
1968.000 2.698
1969.000 2.699
1970.000 2.705
1971.000 2.716
1972.000 2.724
1973.000 2.750
1974.000 2.771
1975.000 2.767
1976.000 2.779
1977.000 2.799
1978.000 2.796
1979.000 2.811
1980.000 2.825
1981.000 2.837
1982.000 2.848
1983.000 2.855
1984.000 2.863
1985.000 2.873
1986.000 2.889
1987.000 2.901
1988.000 2.915
1989.000 2.940
1990.000 2.958
1991.000 2.970
1992.000 2.984
1993.000 3.006
1994.000 3.015
1995.000 3.024
1996.000 3.049
1997.000 3.059
1998.000 3.071
1999.000 3.101
2000.000 3.125
2001.000 3.151
2002.000 3.171
2003.000 3.192
2004.000 3.208
2005.000 3.222
2006.000 3.240
2007.000 3.277
2008.000 3.295
2009.000 3.313
2010.000 3.353
2011.000 3.364
2012.000 3.397
2013.000 3.431
2014.000 3.450
2015.000 3.475
2016.000 3.508
2017.000 3.543
2018.000 3.575
2019.000 3.597
2020.000 3.632
2021.000 3.670
2022.000 3.701
2023.000 3.741
2024.000 3.791
2025.000 3.820
2026.000 3.877
2027.000 3.903
2028.000 3.962
2029.000 4.013
2030.000 4.034
2031.000 4.077
2032.000 4.137
2033.000 4.199
2034.000 4.263
2035.000 4.327
2036.000 4.388
2037.000 4.462
2038.000 4.540
2039.000 4.616
2040.000 4.683
2041.000 4.771
2042.000 4.806
2043.000 4.892
2044.000 4.975
2045.000 5.078
2046.000 5.175
2047.000 5.277
2048.000 5.397
2049.000 5.527
2050.000 5.665
2051.000 5.798
2052.000 5.939
2053.000 6.091
2054.000 6.256
2055.000 6.341
2056.000 6.520
2057.000 6.702
2058.000 6.926
2059.000 7.140
2060.000 7.379
2061.000 7.631
2062.000 7.911
2063.000 8.210
2064.000 8.555
2065.000 8.913
2066.000 9.298
2067.000 9.500
2068.000 9.940
2069.000 10.405
2070.000 10.911
2071.000 11.497
2072.000 12.089
2073.000 12.710
2074.000 13.366
2075.000 14.011
2076.000 14.670
2077.000 15.283
2078.000 15.553
2079.000 15.985
2080.000 16.271
2081.000 16.338
2082.000 16.136
2083.000 15.675
2084.000 14.968
2085.000 14.120
2086.000 13.197
2087.000 12.283
2088.000 11.407
2089.000 10.597
2090.000 9.861
2091.000 9.508
2092.000 8.859
2093.000 8.270
2094.000 7.736
2095.000 7.260
2096.000 6.824
2097.000 6.423
2098.000 6.052
2099.000 5.707
2100.000 5.407
2101.000 5.125
2102.000 4.874
2103.000 4.625
2104.000 4.509
2105.000 4.293
2106.000 4.084
2107.000 3.888
2108.000 3.732
2109.000 3.550
2110.000 3.383
2111.000 3.230
2112.000 3.082
2113.000 2.941
2114.000 2.803
2115.000 2.641
2116.000 2.551
2117.000 2.388
2118.000 2.227
2119.000 2.084
2120.000 1.943
2121.000 1.833
2122.000 1.732
2123.000 1.625
2124.000 1.540
2125.000 1.460
2126.000 1.416
2127.000 1.391
2128.000 1.317
2129.000 1.246
2130.000 1.184
2131.000 1.124
2132.000 1.070
2133.000 1.020
2134.000 0.974
2135.000 0.929
2136.000 0.883
2137.000 0.844
2138.000 0.804
2139.000 0.768
2140.000 0.752
2141.000 0.717
2142.000 0.684
2143.000 0.650
2144.000 0.622
2145.000 0.589
2146.000 0.563
2147.000 0.535
2148.000 0.509
2149.000 0.482
2150.000 0.458
2151.000 0.433
2152.000 0.422
2153.000 0.397
2154.000 0.374
2155.000 0.353
2156.000 0.334
2157.000 0.310
2158.000 0.295
2159.000 0.275
2160.000 0.255
2161.000 0.237
2162.000 0.218
2163.000 0.200
2164.000 0.182
2165.000 0.172
2166.000 0.155
2167.000 0.140
2168.000 0.125
2169.000 0.113
2170.000 0.098
2171.000 0.092
2172.000 0.085
2173.000 0.085
2174.000 0.085
2175.000 0.091
2176.000 0.094
2177.000 0.106
2178.000 0.114
2179.000 0.128
2180.000 0.141
2181.000 0.158
2182.000 0.172
2183.000 0.186
2184.000 0.203
2185.000 0.220
2186.000 0.239
2187.000 0.257
2188.000 0.266
2189.000 0.285
2190.000 0.304
2191.000 0.323
2192.000 0.342
2193.000 0.365
2194.000 0.388
2195.000 0.411
2196.000 0.435
2197.000 0.459
2198.000 0.484
2199.000 0.507
2200.000 0.531
2201.000 0.544
2202.000 0.568
2203.000 0.596
2204.000 0.626
2205.000 0.655
2206.000 0.686
2207.000 0.727
2208.000 0.761
2209.000 0.801
2210.000 0.845
2211.000 0.892
2212.000 0.943
2213.000 0.969
2214.000 1.032
2215.000 1.096
2216.000 1.176
2217.000 1.255
2218.000 1.354
2219.000 1.464
2220.000 1.539
2221.000 1.617
2222.000 1.703
2223.000 1.787
2224.000 1.830
2225.000 1.926
2226.000 2.020
2227.000 2.113
2228.000 2.223
2229.000 2.333
2230.000 2.454
2231.000 2.592
2232.000 2.730
2233.000 2.909
2234.000 3.079
2235.000 3.280
2236.000 3.490
2237.000 3.599
2238.000 3.845
2239.000 4.133
2240.000 4.478
2241.000 4.878
2242.000 5.344
2243.000 5.853
2244.000 6.447
2245.000 7.082
2246.000 7.763
2247.000 8.424
2248.000 8.997
2249.000 9.204
2250.000 9.314
2251.000 9.040
2252.000 8.485
2253.000 7.994
2254.000 7.523
2255.000 6.996
2256.000 6.457
2257.000 5.967
2258.000 5.508
2259.000 5.086
2260.000 4.721
2261.000 4.392
2262.000 4.246
2263.000 3.959
2264.000 3.733
2265.000 3.515
2266.000 3.317
2267.000 3.134
2268.000 2.973
2269.000 2.818
2270.000 2.693
2271.000 2.579
2272.000 2.464
2273.000 2.416
2274.000 2.319
2275.000 2.229
2276.000 2.140
2277.000 2.063
2278.000 1.987
2279.000 1.919
2280.000 1.852
2281.000 1.798
2282.000 1.742
2283.000 1.684
2284.000 1.628
2285.000 1.578
2286.000 1.552
2287.000 1.525
2288.000 1.468
2289.000 1.425
2290.000 1.385
2291.000 1.355
2292.000 1.320
2293.000 1.290
2294.000 1.249
2295.000 1.208
2296.000 1.164
2297.000 1.123
2298.000 1.099
2299.000 1.057
2300.000 1.020
2301.000 0.984
2302.000 0.955
2303.000 0.930
2304.000 0.898
2305.000 0.874
2306.000 0.850
2307.000 0.825
2308.000 0.804
2309.000 0.782
2310.000 0.759
2311.000 0.750
2312.000 0.737
2313.000 0.716
2314.000 0.699
2315.000 0.685
2316.000 0.668
2317.000 0.654
2318.000 0.638
2319.000 0.621
2320.000 0.607
2321.000 0.598
2322.000 0.593
2323.000 0.576
2324.000 0.568
2325.000 0.556
2326.000 0.546
2327.000 0.536
2328.000 0.526
2329.000 0.515
2330.000 0.505
2331.000 0.494
2332.000 0.486
2333.000 0.476
2334.000 0.474
2335.000 0.460
2336.000 0.454
2337.000 0.445
2338.000 0.438
2339.000 0.429
2340.000 0.421
2341.000 0.416
2342.000 0.408
2343.000 0.401
2344.000 0.393
2345.000 0.386
2346.000 0.379
2347.000 0.378
2348.000 0.374
2349.000 0.367
2350.000 0.364
2351.000 0.360
2352.000 0.353
2353.000 0.344
2354.000 0.337
2355.000 0.330
2356.000 0.324
2357.000 0.315
2358.000 0.313
2359.000 0.309
2360.000 0.306
2361.000 0.300
2362.000 0.294
2363.000 0.289
2364.000 0.285
2365.000 0.282
2366.000 0.276
2367.000 0.279
2368.000 0.275
2369.000 0.268
2370.000 0.263
2371.000 0.261
2372.000 0.256
2373.000 0.250
2374.000 0.248
2375.000 0.244
2376.000 0.242
2377.000 0.241
2378.000 0.235
2379.000 0.231
2380.000 0.227
2381.000 0.224
2382.000 0.219
2383.000 0.218
2384.000 0.216
2385.000 0.213
2386.000 0.211
2387.000 0.208
2388.000 0.203
2389.000 0.201
2390.000 0.199
2391.000 0.194
2392.000 0.191
2393.000 0.190
2394.000 0.184
2395.000 0.185
2396.000 0.181
2397.000 0.179
2398.000 0.174
2399.000 0.171
2400.000 0.170
2401.000 0.167
2402.000 0.164
2403.000 0.162
2404.000 0.159
2405.000 0.156
2406.000 0.154
2407.000 0.151
2408.000 0.150
2409.000 0.148
2410.000 0.147
2411.000 0.144
2412.000 0.140
2413.000 0.141
2414.000 0.136
2415.000 0.134
2416.000 0.130
2417.000 0.133
2418.000 0.130
2419.000 0.126
2420.000 0.126
2421.000 0.122
2422.000 0.120
2423.000 0.117
2424.000 0.118
2425.000 0.115
2426.000 0.112
2427.000 0.110
2428.000 0.108
2429.000 0.105
2430.000 0.103
2431.000 0.102
2432.000 0.101
2433.000 0.097
2434.000 0.096
2435.000 0.094
2436.000 0.093
2437.000 0.092
2438.000 0.092
2439.000 0.089
2440.000 0.086
2441.000 0.084
2442.000 0.083
2443.000 0.081
2444.000 0.081
2445.000 0.077
2446.000 0.077
2447.000 0.077
2448.000 0.075
2449.000 0.074
2450.000 0.073
2451.000 0.070
2452.000 0.070
2453.000 0.068
2454.000 0.066
2455.000 0.063
2456.000 0.063
2457.000 0.061
2458.000 0.059
2459.000 0.059
2460.000 0.058
2461.000 0.055
2462.000 0.054
2463.000 0.054
2464.000 0.053
2465.000 0.052
2466.000 0.049
2467.000 0.049
2468.000 0.048
2469.000 0.048
2470.000 0.048
2471.000 0.043
2472.000 0.043
2473.000 0.042
2474.000 0.040
2475.000 0.039
2476.000 0.038
2477.000 0.037
2478.000 0.036
2479.000 0.036
2480.000 0.035
2481.000 0.032
2482.000 0.032
2483.000 0.030
2484.000 0.030
2485.000 0.031
2486.000 0.029
2487.000 0.029
2488.000 0.028
2489.000 0.026
2490.000 0.026
2491.000 0.026
2492.000 0.023
2493.000 0.024
2494.000 0.025
2495.000 0.024
2496.000 0.024
2497.000 0.023
2498.000 0.024
2499.000 0.022
2500.000 0.022
2501.000 0.021
2502.000 0.026
2503.000 0.021
2504.000 0.024
2505.000 0.024
2506.000 0.025
2507.000 0.026
2508.000 0.025
2509.000 0.027
2510.000 0.026
2511.000 0.026
2512.000 0.027
2513.000 0.027
2514.000 0.027
2515.000 0.028
2516.000 0.031
2517.000 0.031
2518.000 0.031
2519.000 0.031
2520.000 0.032
2521.000 0.033
2522.000 0.032
2523.000 0.033
2524.000 0.035
2525.000 0.034
2526.000 0.037
2527.000 0.037
2528.000 0.037
2529.000 0.038
2530.000 0.038
2531.000 0.041
2532.000 0.041
2533.000 0.042
2534.000 0.045
2535.000 0.044
2536.000 0.045
2537.000 0.047
2538.000 0.047
2539.000 0.048
2540.000 0.049
2541.000 0.049
2542.000 0.050
2543.000 0.053
2544.000 0.052
2545.000 0.053
2546.000 0.054
2547.000 0.055
2548.000 0.056
2549.000 0.058
2550.000 0.059
2551.000 0.060
2552.000 0.062
2553.000 0.063
2554.000 0.061
2555.000 0.063
2556.000 0.065
2557.000 0.065
2558.000 0.067
2559.000 0.067
2560.000 0.068
2561.000 0.069
2562.000 0.070
2563.000 0.073
2564.000 0.072
2565.000 0.074
2566.000 0.075
2567.000 0.075
2568.000 0.078
2569.000 0.080
2570.000 0.079
2571.000 0.080
2572.000 0.083
2573.000 0.084
2574.000 0.088
2575.000 0.085
2576.000 0.088
2577.000 0.088
2578.000 0.089
2579.000 0.091
2580.000 0.092
2581.000 0.095
2582.000 0.095
2583.000 0.097
2584.000 0.097
2585.000 0.099
2586.000 0.101
2587.000 0.103
2588.000 0.105
2589.000 0.104
2590.000 0.107
2591.000 0.105
2592.000 0.108
2593.000 0.110
2594.000 0.110
2595.000 0.117
2596.000 0.117
2597.000 0.118
2598.000 0.123
2599.000 0.122
2600.000 0.127
