1801.000 0.005
1802.000 2.830
1803.000 2.915
1804.000 2.870
1805.000 2.860
1806.000 2.875
1807.000 2.887
1808.000 2.891
1809.000 2.898
1810.000 2.929
1811.000 2.905
1812.000 2.927
1813.000 2.941
1814.000 2.951
1815.000 2.957
1816.000 2.976
1817.000 2.987
1818.000 3.002
1819.000 3.007
1820.000 3.014
1821.000 3.037
1822.000 3.045
1823.000 3.047
1824.000 3.061
1825.000 3.055
1826.000 3.052
1827.000 3.045
1828.000 3.023
1829.000 3.005
1830.000 2.972
1831.000 2.961
1832.000 2.903
1833.000 2.833
1834.000 2.793
1835.000 2.736
1836.000 2.664
1837.000 2.592
1838.000 2.538
1839.000 2.477
1840.000 2.434
1841.000 2.400
1842.000 2.377
1843.000 2.380
1844.000 2.377
1845.000 2.375
1846.000 2.384
1847.000 2.380
1848.000 2.373
1849.000 2.370
1850.000 2.364
1851.000 2.347
1852.000 2.320
1853.000 2.291
1854.000 2.249
1855.000 2.194
1856.000 2.124
1857.000 2.052
1858.000 1.970
1859.000 1.928
1860.000 1.844
1861.000 1.758
1862.000 1.680
1863.000 1.602
1864.000 1.544
1865.000 1.496
1866.000 1.493
1867.000 1.494
1868.000 1.502
1869.000 1.509
1870.000 1.511
1871.000 1.519
1872.000 1.522
1873.000 1.528
1874.000 1.532
1875.000 1.530
1876.000 1.538
1877.000 1.539
1878.000 1.543
1879.000 1.547
1880.000 1.550
1881.000 1.560
1882.000 1.563
1883.000 1.565
1884.000 1.566
1885.000 1.575
1886.000 1.579
1887.000 1.584
1888.000 1.590
1889.000 1.592
1890.000 1.587
1891.000 1.591
1892.000 1.602
1893.000 1.611
1894.000 1.611
1895.000 1.620
1896.000 1.619
1897.000 1.622
1898.000 1.624
1899.000 1.622
1900.000 1.625
1901.000 1.636
1902.000 1.648
1903.000 1.642
1904.000 1.660
1905.000 1.653
1906.000 1.667
1907.000 1.672
1908.000 1.667
1909.000 1.675
1910.000 1.685
1911.000 1.679
1912.000 1.686
1913.000 1.686
1914.000 1.677
1915.000 1.690
1916.000 1.688
1917.000 1.703
1918.000 1.716
1919.000 1.724
1920.000 1.728
1921.000 1.728
1922.000 1.728
1923.000 1.736
1924.000 1.736
1925.000 1.736
1926.000 1.739
1927.000 1.746
1928.000 1.747
1929.000 1.762
1930.000 1.767
1931.000 1.772
1932.000 1.766
1933.000 1.775
1934.000 1.781
1935.000 1.788
1936.000 1.792
1937.000 1.791
1938.000 1.802
1939.000 1.808
1940.000 1.810
1941.000 1.826
1942.000 1.833
1943.000 1.825
1944.000 1.829
1945.000 1.843
1946.000 1.845
1947.000 1.859
1948.000 1.860
1949.000 1.870
1950.000 1.884
1951.000 1.886
1952.000 1.889
1953.000 1.909
1954.000 1.914
1955.000 1.913
1956.000 1.921
1957.000 1.917
1958.000 1.937
1959.000 1.940
1960.000 1.942
1961.000 1.955
1962.000 1.966
1963.000 1.992
1964.000 1.974
1965.000 1.992
1966.000 1.993
1967.000 1.995
1968.000 2.014
1969.000 2.018
1970.000 2.038
1971.000 2.043
1972.000 2.055
1973.000 2.067
1974.000 2.088
1975.000 2.089
1976.000 2.095
1977.000 2.116
1978.000 2.114
1979.000 2.131
1980.000 2.145
1981.000 2.144
1982.000 2.161
1983.000 2.162
1984.000 2.174
1985.000 2.190
1986.000 2.207
1987.000 2.215
1988.000 2.227
1989.000 2.257
1990.000 2.275
1991.000 2.285
1992.000 2.295
1993.000 2.303
1994.000 2.330
1995.000 2.340
1996.000 2.369
1997.000 2.377
1998.000 2.393
1999.000 2.423
2000.000 2.447
2001.000 2.474
2002.000 2.495
2003.000 2.520
2004.000 2.538
2005.000 2.539
2006.000 2.567
2007.000 2.604
2008.000 2.613
2009.000 2.630
2010.000 2.675
2011.000 2.688
2012.000 2.725
2013.000 2.769
2014.000 2.787
2015.000 2.820
2016.000 2.851
2017.000 2.885
2018.000 2.909
2019.000 2.946
2020.000 2.982
2021.000 3.024
2022.000 3.049
2023.000 3.088
2024.000 3.142
2025.000 3.169
2026.000 3.232
2027.000 3.264
2028.000 3.325
2029.000 3.376
2030.000 3.398
2031.000 3.445
2032.000 3.514
2033.000 3.577
2034.000 3.641
2035.000 3.706
2036.000 3.782
2037.000 3.858
2038.000 3.941
2039.000 4.016
2040.000 4.094
2041.000 4.146
2042.000 4.228
2043.000 4.329
2044.000 4.417
2045.000 4.534
2046.000 4.650
2047.000 4.763
2048.000 4.887
2049.000 5.028
2050.000 5.174
2051.000 5.331
2052.000 5.500
2053.000 5.682
2054.000 5.777
2055.000 5.969
2056.000 6.176
2057.000 6.390
2058.000 6.646
2059.000 6.902
2060.000 7.185
2061.000 7.502
2062.000 7.839
2063.000 8.215
2064.000 8.609
2065.000 9.036
2066.000 9.250
2067.000 9.746
2068.000 10.275
2069.000 10.862
2070.000 11.516
2071.000 12.229
2072.000 13.003
2073.000 13.866
2074.000 14.732
2075.000 15.567
2076.000 16.315
2077.000 16.992
2078.000 17.540
2079.000 17.745
2080.000 17.968
2081.000 17.882
2082.000 17.396
2083.000 16.628
2084.000 15.681
2085.000 14.685
2086.000 13.662
2087.000 12.722
2088.000 11.858
2089.000 11.052
2090.000 10.681
2091.000 10.012
2092.000 9.399
2093.000 8.852
2094.000 8.355
2095.000 7.907
2096.000 7.510
2097.000 7.130
2098.000 6.796
2099.000 6.479
2100.000 6.195
2101.000 5.937
2102.000 5.806
2103.000 5.599
2104.000 5.378
2105.000 5.175
2106.000 5.002
2107.000 4.838
2108.000 4.686
2109.000 4.534
2110.000 4.386
2111.000 4.254
2112.000 4.120
2113.000 4.001
2114.000 3.881
2115.000 3.832
2116.000 3.732
2117.000 3.630
2118.000 3.532
2119.000 3.441
2120.000 3.349
2121.000 3.295
2122.000 3.216
2123.000 3.136
2124.000 3.058
2125.000 2.978
2126.000 2.904
2127.000 2.828
2128.000 2.778
2129.000 2.675
2130.000 2.591
2131.000 2.511
2132.000 2.436
2133.000 2.378
2134.000 2.324
2135.000 2.267
2136.000 2.215
2137.000 2.159
2138.000 2.111
2139.000 2.088
2140.000 2.045
2141.000 2.005
2142.000 1.970
2143.000 1.936
2144.000 1.901
2145.000 1.868
2146.000 1.838
2147.000 1.811
2148.000 1.783
2149.000 1.757
2150.000 1.733
2151.000 1.722
2152.000 1.695
2153.000 1.671
2154.000 1.656
2155.000 1.635
2156.000 1.617
2157.000 1.599
2158.000 1.582
2159.000 1.569
2160.000 1.554
2161.000 1.542
2162.000 1.531
2163.000 1.518
2164.000 1.513
2165.000 1.503
2166.000 1.488
2167.000 1.478
2168.000 1.468
2169.000 1.457
2170.000 1.454
2171.000 1.447
2172.000 1.445
2173.000 1.441
2174.000 1.433
2175.000 1.431
2176.000 1.428
2177.000 1.464
2178.000 1.456
2179.000 1.446
2180.000 1.442
2181.000 1.440
2182.000 1.441
2183.000 1.444
2184.000 1.447
2185.000 1.454
2186.000 1.461
2187.000 1.465
2188.000 1.469
2189.000 1.478
2190.000 1.489
2191.000 1.497
2192.000 1.508
2193.000 1.523
2194.000 1.577
2195.000 1.587
2196.000 1.595
2197.000 1.609
2198.000 1.626
2199.000 1.650
2200.000 1.656
2201.000 1.684
2202.000 1.719
2203.000 1.747
2204.000 1.779
2205.000 1.803
2206.000 1.825
2207.000 1.841
2208.000 1.875
2209.000 1.900
2210.000 1.938
2211.000 1.966
2212.000 1.984
2213.000 2.027
2214.000 2.059
2215.000 2.104
2216.000 2.133
2217.000 2.173
2218.000 2.219
2219.000 2.265
2220.000 2.311
2221.000 2.368
2222.000 2.423
2223.000 2.481
2224.000 2.553
2225.000 2.593
2226.000 2.670
2227.000 2.757
2228.000 2.850
2229.000 2.948
2230.000 3.063
2231.000 3.193
2232.000 3.324
2233.000 3.474
2234.000 3.643
2235.000 3.817
2236.000 3.918
2237.000 4.131
2238.000 4.367
2239.000 4.628
2240.000 4.933
2241.000 5.250
2242.000 5.625
2243.000 6.062
2244.000 6.503
2245.000 6.972
2246.000 7.426
2247.000 7.803
2248.000 7.927
2249.000 8.093
2250.000 8.127
2251.000 8.002
2252.000 7.678
2253.000 7.191
2254.000 6.622
2255.000 6.053
2256.000 5.524
2257.000 5.048
2258.000 4.644
2259.000 4.276
2260.000 3.951
2261.000 3.797
2262.000 3.598
2263.000 3.341
2264.000 3.112
2265.000 2.907
2266.000 2.730
2267.000 2.578
2268.000 2.438
2269.000 2.325
2270.000 2.204
2271.000 2.099
2272.000 2.005
2273.000 1.964
2274.000 1.873
2275.000 1.799
2276.000 1.723
2277.000 1.652
2278.000 1.595
2279.000 1.536
2280.000 1.486
2281.000 1.428
2282.000 1.387
2283.000 1.336
2284.000 1.317
2285.000 1.267
2286.000 1.213
2287.000 1.155
2288.000 1.102
2289.000 1.054
2290.000 1.010
2291.000 0.982
2292.000 0.953
2293.000 0.916
2294.000 0.890
2295.000 0.857
2296.000 0.833
2297.000 0.816
2298.000 0.805
2299.000 0.783
2300.000 0.758
2301.000 0.736
2302.000 0.715
2303.000 0.695
2304.000 0.679
2305.000 0.666
2306.000 0.652
2307.000 0.640
2308.000 0.626
2309.000 0.616
2310.000 0.611
2311.000 0.599
2312.000 0.591
2313.000 0.577
2314.000 0.571
2315.000 0.562
2316.000 0.551
2317.000 0.543
2318.000 0.534
2319.000 0.528
2320.000 0.521
2321.000 0.515
2322.000 0.513
2323.000 0.508
2324.000 0.500
2325.000 0.498
2326.000 0.492
2327.000 0.494
2328.000 0.491
2329.000 0.484
2330.000 0.478
2331.000 0.472
2332.000 0.461
2333.000 0.460
2334.000 0.453
2335.000 0.447
2336.000 0.440
2337.000 0.435
2338.000 0.431
2339.000 0.427
2340.000 0.424
2341.000 0.423
2342.000 0.417
2343.000 0.417
2344.000 0.411
2345.000 0.409
2346.000 0.406
2347.000 0.405
2348.000 0.403
2349.000 0.400
2350.000 0.400
2351.000 0.393
2352.000 0.394
2353.000 0.396
2354.000 0.391
2355.000 0.388
2356.000 0.385
2357.000 0.383
2358.000 0.381
2359.000 0.380
2360.000 0.378
2361.000 0.374
2362.000 0.372
2363.000 0.371
2364.000 0.372
2365.000 0.367
2366.000 0.366
2367.000 0.364
2368.000 0.362
2369.000 0.363
2370.000 0.358
2371.000 0.359
2372.000 0.355
2373.000 0.356
2374.000 0.354
2375.000 0.353
2376.000 0.355
2377.000 0.352
2378.000 0.352
2379.000 0.350
2380.000 0.348
2381.000 0.348
2382.000 0.348
2383.000 0.346
2384.000 0.345
2385.000 0.345
2386.000 0.343
2387.000 0.341
2388.000 0.343
2389.000 0.345
2390.000 0.343
2391.000 0.342
2392.000 0.339
2393.000 0.341
2394.000 0.339
2395.000 0.340
2396.000 0.337
2397.000 0.341
2398.000 0.341
2399.000 0.344
2400.000 0.341
2401.000 0.340
2402.000 0.341
2403.000 0.339
2404.000 0.338
2405.000 0.342
2406.000 0.343
2407.000 0.343
2408.000 0.341
2409.000 0.340
2410.000 0.334
2411.000 0.337
2412.000 0.335
2413.000 0.337
2414.000 0.336
2415.000 0.336
2416.000 0.335
2417.000 0.333
2418.000 0.332
2419.000 0.335
2420.000 0.334
2421.000 0.333
2422.000 0.332
2423.000 0.333
2424.000 0.337
2425.000 0.337
2426.000 0.334
2427.000 0.333
2428.000 0.334
2429.000 0.330
2430.000 0.332
2431.000 0.335
2432.000 0.335
2433.000 0.336
2434.000 0.335
2435.000 0.335
2436.000 0.336
2437.000 0.338
2438.000 0.333
2439.000 0.334
2440.000 0.335
2441.000 0.332
2442.000 0.335
2443.000 0.334
2444.000 0.338
2445.000 0.337
2446.000 0.336
2447.000 0.336
2448.000 0.338
2449.000 0.339
2450.000 0.339
2451.000 0.341
2452.000 0.339
2453.000 0.339
2454.000 0.344
2455.000 0.342
2456.000 0.342
2457.000 0.343
2458.000 0.343
2459.000 0.343
2460.000 0.346
2461.000 0.345
2462.000 0.348
2463.000 0.349
2464.000 0.348
2465.000 0.350
2466.000 0.351
2467.000 0.350
2468.000 0.352
2469.000 0.352
2470.000 0.357
2471.000 0.354
2472.000 0.357
2473.000 0.356
2474.000 0.359
2475.000 0.363
2476.000 0.363
2477.000 0.363
2478.000 0.362
2479.000 0.365
2480.000 0.366
2481.000 0.367
2482.000 0.368
2483.000 0.369
2484.000 0.374
2485.000 0.372
2486.000 0.378
2487.000 0.377
2488.000 0.377
2489.000 0.383
2490.000 0.384
2491.000 0.386
2492.000 0.383
2493.000 0.382
2494.000 0.382
2495.000 0.383
2496.000 0.381
2497.000 0.381
2498.000 0.388
2499.000 0.381
2500.000 0.383
2501.000 0.387
2502.000 0.382
2503.000 0.383
2504.000 0.382
2505.000 0.389
2506.000 0.384
2507.000 0.385
2508.000 0.384
2509.000 0.386
2510.000 0.384
2511.000 0.381
2512.000 0.386
2513.000 0.381
2514.000 0.384
2515.000 0.389
2516.000 0.385
2517.000 0.382
2518.000 0.387
2519.000 0.387
2520.000 0.384
2521.000 0.384
2522.000 0.383
2523.000 0.386
2524.000 0.391
2525.000 0.388
2526.000 0.386
2527.000 0.386
2528.000 0.388
2529.000 0.385
2530.000 0.388
2531.000 0.387
2532.000 0.385
2533.000 0.387
2534.000 0.383
2535.000 0.391
2536.000 0.389
2537.000 0.387
2538.000 0.391
2539.000 0.385
2540.000 0.385
2541.000 0.384
2542.000 0.386
2543.000 0.386
2544.000 0.385
2545.000 0.388
2546.000 0.386
2547.000 0.388
2548.000 0.383
2549.000 0.386
2550.000 0.385
2551.000 0.388
2552.000 0.391
2553.000 0.388
2554.000 0.393
2555.000 0.386
2556.000 0.386
2557.000 0.388
2558.000 0.388
2559.000 0.388
2560.000 0.386
2561.000 0.392
2562.000 0.389
2563.000 0.388
2564.000 0.389
2565.000 0.393
2566.000 0.389
2567.000 0.389
2568.000 0.394
2569.000 0.387
2570.000 0.388
2571.000 0.389
2572.000 0.391
2573.000 0.393
2574.000 0.387
2575.000 0.396
2576.000 0.395
2577.000 0.396
2578.000 0.392
2579.000 0.392
2580.000 0.400
2581.000 0.390
2582.000 0.391
2583.000 0.389
2584.000 0.393
2585.000 0.390
2586.000 0.392
2587.000 0.391
2588.000 0.399
2589.000 0.397
2590.000 0.394
2591.000 0.396
2592.000 0.394
2593.000 0.397
2594.000 0.402
2595.000 0.399
2596.000 0.402
2597.000 0.396
2598.000 0.402
2599.000 0.400
2600.000 0.395
