1801.000 0.003
1802.000 4.257
1803.000 4.316
1804.000 4.309
1805.000 4.320
1806.000 4.334
1807.000 4.345
1808.000 4.362
1809.000 4.390
1810.000 4.382
1811.000 4.389
1812.000 4.381
1813.000 4.390
1814.000 4.397
1815.000 4.404
1816.000 4.422
1817.000 4.430
1818.000 4.453
1819.000 4.459
1820.000 4.476
1821.000 4.496
1822.000 4.505
1823.000 4.519
1824.000 4.536
1825.000 4.546
1826.000 4.559
1827.000 4.563
1828.000 4.572
1829.000 4.568
1830.000 4.571
1831.000 4.564
1832.000 4.539
1833.000 4.521
1834.000 4.485
1835.000 4.449
1836.000 4.424
1837.000 4.363
1838.000 4.294
1839.000 4.245
1840.000 4.145
1841.000 4.066
1842.000 3.978
1843.000 3.909
1844.000 3.841
1845.000 3.776
1846.000 3.727
1847.000 3.677
1848.000 3.652
1849.000 3.616
1850.000 3.594
1851.000 3.596
1852.000 3.600
1853.000 3.600
1854.000 3.613
1855.000 3.619
1856.000 3.634
1857.000 3.626
1858.000 3.615
1859.000 3.602
1860.000 3.588
1861.000 3.562
1862.000 3.521
1863.000 3.461
1864.000 3.390
1865.000 3.302
1866.000 3.192
1867.000 3.070
1868.000 2.943
1869.000 2.813
1870.000 2.677
1871.000 2.554
1872.000 2.496
1873.000 2.390
1874.000 2.296
1875.000 2.252
1876.000 2.250
1877.000 2.252
1878.000 2.258
1879.000 2.266
1880.000 2.269
1881.000 2.276
1882.000 2.283
1883.000 2.286
1884.000 2.289
1885.000 2.299
1886.000 2.310
1887.000 2.310
1888.000 2.314
1889.000 2.323
1890.000 2.324
1891.000 2.333
1892.000 2.338
1893.000 2.345
1894.000 2.350
1895.000 2.355
1896.000 2.356
1897.000 2.362
1898.000 2.363
1899.000 2.369
1900.000 2.376
1901.000 2.378
1902.000 2.386
1903.000 2.388
1904.000 2.393
1905.000 2.405
1906.000 2.407
1907.000 2.413
1908.000 2.415
1909.000 2.418
1910.000 2.421
1911.000 2.429
1912.000 2.435
1913.000 2.438
1914.000 2.441
1915.000 2.447
1916.000 2.449
1917.000 2.447
1918.000 2.457
1919.000 2.457
1920.000 2.469
1921.000 2.472
1922.000 2.474
1923.000 2.483
1924.000 2.484
1925.000 2.490
1926.000 2.496
1927.000 2.504
1928.000 2.503
1929.000 2.511
1930.000 2.518
1931.000 2.529
1932.000 2.527
1933.000 2.532
1934.000 2.537
1935.000 2.539
1936.000 2.540
1937.000 2.538
1938.000 2.550
1939.000 2.559
1940.000 2.572
1941.000 2.573
1942.000 2.575
1943.000 2.582
1944.000 2.593
1945.000 2.599
1946.000 2.601
1947.000 2.611
1948.000 2.621
1949.000 2.622
1950.000 2.632
1951.000 2.645
1952.000 2.641
1953.000 2.648
1954.000 2.652
1955.000 2.666
1956.000 2.677
1957.000 2.673
1958.000 2.687
1959.000 2.702
1960.000 2.702
1961.000 2.714
1962.000 2.719
1963.000 2.734
1964.000 2.734
1965.000 2.753
1966.000 2.759
1967.000 2.758
1968.000 2.769
1969.000 2.769
1970.000 2.777
1971.000 2.791
1972.000 2.800
1973.000 2.817
1974.000 2.830
1975.000 2.833
1976.000 2.846
1977.000 2.864
1978.000 2.871
1979.000 2.886
1980.000 2.893
1981.000 2.891
1982.000 2.915
1983.000 2.919
1984.000 2.926
1985.000 2.939
1986.000 2.953
1987.000 2.966
1988.000 2.978
1989.000 3.002
1990.000 3.023
1991.000 3.029
1992.000 3.045
1993.000 3.065
1994.000 3.078
1995.000 3.084
1996.000 3.116
1997.000 3.125
1998.000 3.142
1999.000 3.169
2000.000 3.190
2001.000 3.214
2002.000 3.241
2003.000 3.261
2004.000 3.274
2005.000 3.284
2006.000 3.298
2007.000 3.316
2008.000 3.363
2009.000 3.372
2010.000 3.410
2011.000 3.423
2012.000 3.465
2013.000 3.492
2014.000 3.511
2015.000 3.540
2016.000 3.570
2017.000 3.602
2018.000 3.624
2019.000 3.654
2020.000 3.694
2021.000 3.731
2022.000 3.756
2023.000 3.791
2024.000 3.847
2025.000 3.877
2026.000 3.928
2027.000 3.960
2028.000 4.019
2029.000 4.059
2030.000 4.076
2031.000 4.128
2032.000 4.185
2033.000 4.249
2034.000 4.309
2035.000 4.368
2036.000 4.426
2037.000 4.509
2038.000 4.569
2039.000 4.642
2040.000 4.710
2041.000 4.800
2042.000 4.876
2043.000 4.920
2044.000 5.012
2045.000 5.118
2046.000 5.207
2047.000 5.312
2048.000 5.428
2049.000 5.548
2050.000 5.678
2051.000 5.810
2052.000 5.946
2053.000 6.102
2054.000 6.176
2055.000 6.343
2056.000 6.529
2057.000 6.706
2058.000 6.921
2059.000 7.132
2060.000 7.381
2061.000 7.671
2062.000 7.950
2063.000 8.263
2064.000 8.595
2065.000 8.901
2066.000 9.095
2067.000 9.500
2068.000 9.937
2069.000 10.411
2070.000 10.920
2071.000 11.483
2072.000 12.079
2073.000 12.712
2074.000 13.357
2075.000 14.033
2076.000 14.712
2077.000 15.331
2078.000 15.834
2079.000 16.047
2080.000 16.342
2081.000 16.421
2082.000 16.238
2083.000 15.775
2084.000 15.087
2085.000 14.228
2086.000 13.286
2087.000 12.336
2088.000 11.458
2089.000 10.610
2090.000 9.863
2091.000 9.171
2092.000 8.836
2093.000 8.226
2094.000 7.688
2095.000 7.195
2096.000 6.752
2097.000 6.336
2098.000 5.965
2099.000 5.605
2100.000 5.296
2101.000 5.020
2102.000 4.748
2103.000 4.642
2104.000 4.401
2105.000 4.175
2106.000 3.972
2107.000 3.777
2108.000 3.600
2109.000 3.426
2110.000 3.261
2111.000 3.115
2112.000 2.972
2113.000 2.828
2114.000 2.666
2115.000 2.574
2116.000 2.385
2117.000 2.224
2118.000 2.073
2119.000 1.942
2120.000 1.822
2121.000 1.716
2122.000 1.618
2123.000 1.530
2124.000 1.450
2125.000 1.372
2126.000 1.305
2127.000 1.236
2128.000 1.205
2129.000 1.138
2130.000 1.082
2131.000 1.026
2132.000 0.974
2133.000 0.925
2134.000 0.881
2135.000 0.837
2136.000 0.794
2137.000 0.754
2138.000 0.718
2139.000 0.683
2140.000 0.666
2141.000 0.630
2142.000 0.599
2143.000 0.576
2144.000 0.545
2145.000 0.514
2146.000 0.483
2147.000 0.456
2148.000 0.440
2149.000 0.408
2150.000 0.382
2151.000 0.369
2152.000 0.344
2153.000 0.321
2154.000 0.297
2155.000 0.275
2156.000 0.253
2157.000 0.232
2158.000 0.213
2159.000 0.191
2160.000 0.172
2161.000 0.156
2162.000 0.148
2163.000 0.127
2164.000 0.119
2165.000 0.104
2166.000 0.092
2167.000 0.088
2168.000 0.083
2169.000 0.083
2170.000 0.087
2171.000 0.095
2172.000 0.108
2173.000 0.121
2174.000 0.137
2175.000 0.153
2176.000 0.158
2177.000 0.174
2178.000 0.192
2179.000 0.209
2180.000 0.225
2181.000 0.242
2182.000 0.265
2183.000 0.287
2184.000 0.304
2185.000 0.323
2186.000 0.343
2187.000 0.362
2188.000 0.383
2189.000 0.392
2190.000 0.415
2191.000 0.439
2192.000 0.462
2193.000 0.487
2194.000 0.512
2195.000 0.536
2196.000 0.562
2197.000 0.587
2198.000 0.614
2199.000 0.642
2200.000 0.656
2201.000 0.703
2202.000 0.729
2203.000 0.760
2204.000 0.797
2205.000 0.834
2206.000 0.875
2207.000 0.917
2208.000 0.970
2209.000 1.023
2210.000 1.080
2211.000 1.146
2212.000 1.183
2213.000 1.263
2214.000 1.346
2215.000 1.446
2216.000 1.535
2217.000 1.604
2218.000 1.712
2219.000 1.789
2220.000 1.864
2221.000 1.944
2222.000 2.022
2223.000 2.105
2224.000 2.187
2225.000 2.240
2226.000 2.331
2227.000 2.441
2228.000 2.565
2229.000 2.713
2230.000 2.875
2231.000 3.008
2232.000 3.170
2233.000 3.385
2234.000 3.565
2235.000 3.773
2236.000 4.017
2237.000 4.140
2238.000 4.374
2239.000 4.710
2240.000 5.158
2241.000 5.570
2242.000 6.058
2243.000 6.598
2244.000 7.207
2245.000 7.872
2246.000 8.606
2247.000 9.297
2248.000 9.899
2249.000 10.120
2250.000 10.214
2251.000 9.906
2252.000 9.370
2253.000 8.931
2254.000 8.429
2255.000 7.829
2256.000 7.228
2257.000 6.664
2258.000 6.157
2259.000 5.691
2260.000 5.280
2261.000 5.090
2262.000 4.739
2263.000 4.437
2264.000 4.164
2265.000 3.928
2266.000 3.708
2267.000 3.550
2268.000 3.368
2269.000 3.193
2270.000 3.040
2271.000 2.895
2272.000 2.765
2273.000 2.654
2274.000 2.594
2275.000 2.493
2276.000 2.393
2277.000 2.303
2278.000 2.232
2279.000 2.155
2280.000 2.081
2281.000 2.015
2282.000 1.973
2283.000 1.899
2284.000 1.838
2285.000 1.790
2286.000 1.751
2287.000 1.698
2288.000 1.646
2289.000 1.611
2290.000 1.578
2291.000 1.525
2292.000 1.476
2293.000 1.435
2294.000 1.399
2295.000 1.331
2296.000 1.279
2297.000 1.226
2298.000 1.202
2299.000 1.157
2300.000 1.116
2301.000 1.085
2302.000 1.048
2303.000 1.020
2304.000 0.988
2305.000 0.963
2306.000 0.938
2307.000 0.903
2308.000 0.881
2309.000 0.862
2310.000 0.851
2311.000 0.828
2312.000 0.805
2313.000 0.784
2314.000 0.779
2315.000 0.759
2316.000 0.738
2317.000 0.720
2318.000 0.701
2319.000 0.686
2320.000 0.675
2321.000 0.658
2322.000 0.651
2323.000 0.640
2324.000 0.628
2325.000 0.615
2326.000 0.605
2327.000 0.597
2328.000 0.582
2329.000 0.569
2330.000 0.556
2331.000 0.544
2332.000 0.535
2333.000 0.526
2334.000 0.514
2335.000 0.508
2336.000 0.504
2337.000 0.495
2338.000 0.482
2339.000 0.475
2340.000 0.466
2341.000 0.453
2342.000 0.447
2343.000 0.445
2344.000 0.436
2345.000 0.427
2346.000 0.421
2347.000 0.415
2348.000 0.410
2349.000 0.404
2350.000 0.397
2351.000 0.391
2352.000 0.385
2353.000 0.379
2354.000 0.371
2355.000 0.368
2356.000 0.364
2357.000 0.356
2358.000 0.354
2359.000 0.348
2360.000 0.341
2361.000 0.335
2362.000 0.329
2363.000 0.326
2364.000 0.319
2365.000 0.315
2366.000 0.314
2367.000 0.309
2368.000 0.303
2369.000 0.299
2370.000 0.294
2371.000 0.290
2372.000 0.286
2373.000 0.281
2374.000 0.276
2375.000 0.273
2376.000 0.268
2377.000 0.264
2378.000 0.259
2379.000 0.256
2380.000 0.251
2381.000 0.249
2382.000 0.245
2383.000 0.243
2384.000 0.241
2385.000 0.236
2386.000 0.231
2387.000 0.228
2388.000 0.226
2389.000 0.223
2390.000 0.220
2391.000 0.218
2392.000 0.214
2393.000 0.210
2394.000 0.205
2395.000 0.204
2396.000 0.202
2397.000 0.200
2398.000 0.195
2399.000 0.192
2400.000 0.190
2401.000 0.187
2402.000 0.182
2403.000 0.178
2404.000 0.180
2405.000 0.177
2406.000 0.175
2407.000 0.172
2408.000 0.168
2409.000 0.167
2410.000 0.163
2411.000 0.161
2412.000 0.161
2413.000 0.158
2414.000 0.154
2415.000 0.152
2416.000 0.150
2417.000 0.148
2418.000 0.145
2419.000 0.145
2420.000 0.142
2421.000 0.138
2422.000 0.139
2423.000 0.136
2424.000 0.132
2425.000 0.131
2426.000 0.129
2427.000 0.127
2428.000 0.124
2429.000 0.120
2430.000 0.119
2431.000 0.116
2432.000 0.115
2433.000 0.112
2434.000 0.110
2435.000 0.109
2436.000 0.107
2437.000 0.106
2438.000 0.104
2439.000 0.102
2440.000 0.101
2441.000 0.099
2442.000 0.096
2443.000 0.095
2444.000 0.093
2445.000 0.091
2446.000 0.091
2447.000 0.089
2448.000 0.087
2449.000 0.086
2450.000 0.085
2451.000 0.083
2452.000 0.081
2453.000 0.079
2454.000 0.078
2455.000 0.076
2456.000 0.076
2457.000 0.076
2458.000 0.074
2459.000 0.074
2460.000 0.069
2461.000 0.072
2462.000 0.068
2463.000 0.066
2464.000 0.065
2465.000 0.064
2466.000 0.061
2467.000 0.061
2468.000 0.061
2469.000 0.059
2470.000 0.056
2471.000 0.060
2472.000 0.057
2473.000 0.055
2474.000 0.054
2475.000 0.051
2476.000 0.053
2477.000 0.050
2478.000 0.050
2479.000 0.048
2480.000 0.048
2481.000 0.049
2482.000 0.046
2483.000 0.046
2484.000 0.046
2485.000 0.045
2486.000 0.043
2487.000 0.041
2488.000 0.042
2489.000 0.041
2490.000 0.041
2491.000 0.042
2492.000 0.041
2493.000 0.041
2494.000 0.041
2495.000 0.040
2496.000 0.040
2497.000 0.040
2498.000 0.040
2499.000 0.038
2500.000 0.039
2501.000 0.038
2502.000 0.041
2503.000 0.039
2504.000 0.040
2505.000 0.041
2506.000 0.039
2507.000 0.043
2508.000 0.040
2509.000 0.042
2510.000 0.042
2511.000 0.041
2512.000 0.042
2513.000 0.041
2514.000 0.042
2515.000 0.044
2516.000 0.044
2517.000 0.044
2518.000 0.046
2519.000 0.046
2520.000 0.046
2521.000 0.046
2522.000 0.048
2523.000 0.048
2524.000 0.049
2525.000 0.048
2526.000 0.049
2527.000 0.050
2528.000 0.051
2529.000 0.051
2530.000 0.051
2531.000 0.053
2532.000 0.055
2533.000 0.055
2534.000 0.057
2535.000 0.058
2536.000 0.058
2537.000 0.061
2538.000 0.060
2539.000 0.061
2540.000 0.062
2541.000 0.063
2542.000 0.064
2543.000 0.065
2544.000 0.066
2545.000 0.067
2546.000 0.067
2547.000 0.070
2548.000 0.070
2549.000 0.071
2550.000 0.072
2551.000 0.073
2552.000 0.075
2553.000 0.074
2554.000 0.076
2555.000 0.078
2556.000 0.079
2557.000 0.081
2558.000 0.082
2559.000 0.082
2560.000 0.082
2561.000 0.083
2562.000 0.084
2563.000 0.087
2564.000 0.087
2565.000 0.090
2566.000 0.089
2567.000 0.090
2568.000 0.092
2569.000 0.092
2570.000 0.093
2571.000 0.094
2572.000 0.096
2573.000 0.100
2574.000 0.099
2575.000 0.099
2576.000 0.100
2577.000 0.103
2578.000 0.103
2579.000 0.106
2580.000 0.106
2581.000 0.109
2582.000 0.111
2583.000 0.111
2584.000 0.112
2585.000 0.114
2586.000 0.116
2587.000 0.119
2588.000 0.120
2589.000 0.121
2590.000 0.123
2591.000 0.125
2592.000 0.126
2593.000 0.126
2594.000 0.132
2595.000 0.132
2596.000 0.136
2597.000 0.136
2598.000 0.139
2599.000 0.140
2600.000 0.142
