1801.000 0.008
1802.000 4.186
1803.000 4.166
1804.000 4.132
1805.000 4.123
1806.000 4.117
1807.000 4.131
1808.000 4.132
1809.000 4.141
1810.000 4.173
1811.000 4.182
1812.000 4.194
1813.000 4.207
1814.000 4.213
1815.000 4.219
1816.000 4.219
1817.000 4.214
1818.000 4.222
1819.000 4.230
1820.000 4.231
1821.000 4.253
1822.000 4.256
1823.000 4.274
1824.000 4.291
1825.000 4.375
1826.000 4.375
1827.000 4.376
1828.000 4.376
1829.000 4.377
1830.000 4.376
1831.000 4.376
1832.000 4.371
1833.000 4.370
1834.000 4.354
1835.000 4.341
1836.000 4.321
1837.000 4.308
1838.000 4.265
1839.000 4.215
1840.000 4.155
1841.000 4.113
1842.000 4.077
1843.000 4.060
1844.000 3.973
1845.000 3.977
1846.000 3.854
1847.000 3.744
1848.000 3.669
1849.000 3.598
1850.000 3.546
1851.000 3.499
1852.000 3.453
1853.000 3.419
1854.000 3.405
1855.000 3.408
1856.000 3.417
1857.000 3.423
1858.000 3.429
1859.000 3.422
1860.000 3.418
1861.000 3.434
1862.000 3.419
1863.000 3.405
1864.000 3.377
1865.000 3.343
1866.000 3.292
1867.000 3.270
1868.000 3.322
1869.000 3.193
1870.000 3.071
1871.000 2.944
1872.000 2.804
1873.000 2.698
1874.000 2.568
1875.000 2.437
1876.000 2.324
1877.000 2.281
1878.000 2.185
1879.000 2.149
1880.000 2.150
1881.000 2.146
1882.000 2.148
1883.000 2.148
1884.000 2.151
1885.000 2.153
1886.000 2.155
1887.000 2.158
1888.000 2.160
1889.000 2.165
1890.000 2.168
1891.000 2.174
1892.000 2.178
1893.000 2.190
1894.000 2.190
1895.000 2.190
1896.000 2.200
1897.000 2.200
1898.000 2.199
1899.000 2.207
1900.000 2.214
1901.000 2.215
1902.000 2.222
1903.000 2.230
1904.000 2.234
1905.000 2.240
1906.000 2.240
1907.000 2.250
1908.000 2.253
1909.000 2.253
1910.000 2.253
1911.000 2.264
1912.000 2.267
1913.000 2.273
1914.000 2.278
1915.000 2.278
1916.000 2.284
1917.000 2.285
1918.000 2.295
1919.000 2.302
1920.000 2.297
1921.000 2.306
1922.000 2.313
1923.000 2.317
1924.000 2.325
1925.000 2.324
1926.000 2.322
1927.000 2.331
1928.000 2.334
1929.000 2.336
1930.000 2.343
1931.000 2.353
1932.000 2.355
1933.000 2.366
1934.000 2.372
1935.000 2.371
1936.000 2.383
1937.000 2.412
1938.000 2.416
1939.000 2.413
1940.000 2.415
1941.000 2.417
1942.000 2.422
1943.000 2.431
1944.000 2.430
1945.000 2.438
1946.000 2.443
1947.000 2.452
1948.000 2.453
1949.000 2.464
1950.000 2.469
1951.000 2.472
1952.000 2.480
1953.000 2.487
1954.000 2.491
1955.000 2.500
1956.000 2.510
1957.000 2.515
1958.000 2.520
1959.000 2.536
1960.000 2.546
1961.000 2.543
1962.000 2.568
1963.000 2.565
1964.000 2.570
1965.000 2.591
1966.000 2.590
1967.000 2.591
1968.000 2.607
1969.000 2.615
1970.000 2.623
1971.000 2.632
1972.000 2.636
1973.000 2.647
1974.000 2.665
1975.000 2.677
1976.000 2.677
1977.000 2.688
1978.000 2.698
1979.000 2.712
1980.000 2.719
1981.000 2.741
1982.000 2.756
1983.000 2.754
1984.000 2.772
1985.000 2.784
1986.000 2.801
1987.000 2.815
1988.000 2.828
1989.000 2.893
1990.000 2.907
1991.000 2.897
1992.000 2.919
1993.000 2.917
1994.000 2.939
1995.000 2.946
1996.000 2.971
1997.000 2.975
1998.000 2.992
1999.000 3.018
2000.000 3.031
2001.000 3.055
2002.000 3.075
2003.000 3.096
2004.000 3.113
2005.000 3.129
2006.000 3.147
2007.000 3.173
2008.000 3.206
2009.000 3.235
2010.000 3.274
2011.000 3.281
2012.000 3.312
2013.000 3.320
2014.000 3.352
2015.000 3.386
2016.000 3.429
2017.000 3.461
2018.000 3.488
2019.000 3.545
2020.000 3.574
2021.000 3.594
2022.000 3.633
2023.000 3.694
2024.000 3.731
2025.000 3.737
2026.000 3.768
2027.000 3.813
2028.000 3.842
2029.000 3.901
2030.000 3.953
2031.000 3.995
2032.000 4.053
2033.000 4.104
2034.000 4.166
2035.000 4.229
2036.000 4.299
2037.000 4.341
2038.000 4.416
2039.000 4.474
2040.000 4.548
2041.000 4.634
2042.000 4.712
2043.000 4.802
2044.000 4.881
2045.000 4.980
2046.000 5.090
2047.000 5.190
2048.000 5.317
2049.000 5.376
2050.000 5.514
2051.000 5.634
2052.000 5.770
2053.000 5.903
2054.000 6.058
2055.000 6.225
2056.000 6.409
2057.000 6.610
2058.000 6.823
2059.000 7.027
2060.000 7.268
2061.000 7.552
2062.000 7.674
2063.000 7.961
2064.000 8.268
2065.000 8.616
2066.000 8.983
2067.000 9.395
2068.000 9.820
2069.000 10.307
2070.000 10.815
2071.000 11.362
2072.000 11.943
2073.000 12.582
2074.000 12.968
2075.000 13.661
2076.000 14.294
2077.000 14.904
2078.000 15.411
2079.000 15.810
2080.000 16.075
2081.000 16.092
2082.000 15.876
2083.000 15.364
2084.000 14.637
2085.000 14.177
2086.000 13.290
2087.000 12.408
2088.000 11.520
2089.000 10.681
2090.000 9.969
2091.000 9.253
2092.000 8.639
2093.000 8.074
2094.000 7.563
2095.000 7.083
2096.000 6.661
2097.000 6.264
2098.000 6.086
2099.000 5.749
2100.000 5.443
2101.000 5.161
2102.000 4.890
2103.000 4.663
2104.000 4.456
2105.000 4.237
2106.000 4.030
2107.000 3.842
2108.000 3.669
2109.000 3.499
2110.000 3.422
2111.000 3.272
2112.000 3.136
2113.000 3.005
2114.000 2.876
2115.000 2.752
2116.000 2.597
2117.000 2.421
2118.000 2.272
2119.000 2.125
2120.000 1.999
2121.000 1.885
2122.000 1.781
2123.000 1.731
2124.000 1.648
2125.000 1.561
2126.000 1.483
2127.000 1.410
2128.000 1.343
2129.000 1.282
2130.000 1.224
2131.000 1.169
2132.000 1.113
2133.000 1.068
2134.000 1.025
2135.000 0.996
2136.000 0.950
2137.000 0.909
2138.000 0.869
2139.000 0.832
2140.000 0.797
2141.000 0.764
2142.000 0.725
2143.000 0.696
2144.000 0.667
2145.000 0.638
2146.000 0.623
2147.000 0.596
2148.000 0.567
2149.000 0.543
2150.000 0.519
2151.000 0.494
2152.000 0.471
2153.000 0.455
2154.000 0.430
2155.000 0.410
2156.000 0.386
2157.000 0.365
2158.000 0.346
2159.000 0.337
2160.000 0.315
2161.000 0.297
2162.000 0.281
2163.000 0.264
2164.000 0.245
2165.000 0.228
2166.000 0.209
2167.000 0.194
2168.000 0.178
2169.000 0.162
2170.000 0.149
2171.000 0.139
2172.000 0.129
2173.000 0.115
2174.000 0.106
2175.000 0.096
2176.000 0.091
2177.000 0.090
2178.000 0.087
2179.000 0.091
2180.000 0.096
2181.000 0.105
2182.000 0.112
2183.000 0.126
2184.000 0.133
2185.000 0.147
2186.000 0.160
2187.000 0.174
2188.000 0.193
2189.000 0.209
2190.000 0.224
2191.000 0.240
2192.000 0.259
2193.000 0.276
2194.000 0.294
2195.000 0.301
2196.000 0.321
2197.000 0.345
2198.000 0.367
2199.000 0.391
2200.000 0.413
2201.000 0.435
2202.000 0.456
2203.000 0.480
2204.000 0.507
2205.000 0.531
2206.000 0.558
2207.000 0.569
2208.000 0.600
2209.000 0.633
2210.000 0.676
2211.000 0.688
2212.000 0.746
2213.000 0.784
2214.000 0.829
2215.000 0.877
2216.000 0.926
2217.000 0.986
2218.000 1.050
2219.000 1.126
2220.000 1.168
2221.000 1.265
2222.000 1.376
2223.000 1.465
2224.000 1.549
2225.000 1.658
2226.000 1.749
2227.000 1.843
2228.000 1.933
2229.000 2.041
2230.000 2.155
2231.000 2.266
2232.000 2.412
2233.000 2.499
2234.000 2.658
2235.000 2.813
2236.000 2.988
2237.000 3.219
2238.000 3.471
2239.000 3.743
2240.000 4.057
2241.000 4.406
2242.000 4.823
2243.000 5.301
2244.000 5.563
2245.000 6.114
2246.000 6.712
2247.000 7.328
2248.000 7.850
2249.000 8.144
2250.000 8.119
2251.000 7.759
2252.000 7.248
2253.000 6.833
2254.000 6.422
2255.000 5.954
2256.000 5.719
2257.000 5.281
2258.000 4.888
2259.000 4.548
2260.000 4.237
2261.000 3.943
2262.000 3.669
2263.000 3.431
2264.000 3.209
2265.000 3.018
2266.000 2.846
2267.000 2.725
2268.000 2.587
2269.000 2.527
2270.000 2.408
2271.000 2.298
2272.000 2.194
2273.000 2.097
2274.000 2.008
2275.000 1.928
2276.000 1.854
2277.000 1.788
2278.000 1.730
2279.000 1.675
2280.000 1.616
2281.000 1.596
2282.000 1.538
2283.000 1.490
2284.000 1.438
2285.000 1.395
2286.000 1.360
2287.000 1.329
2288.000 1.857
2289.000 1.960
2290.000 1.892
2291.000 1.825
2292.000 1.787
2293.000 1.617
2294.000 1.401
2295.000 1.244
2296.000 1.125
2297.000 1.030
2298.000 0.970
2299.000 0.929
2300.000 0.886
2301.000 0.856
2302.000 0.828
2303.000 0.805
2304.000 0.787
2305.000 0.777
2306.000 0.753
2307.000 0.728
2308.000 0.705
2309.000 0.689
2310.000 0.668
2311.000 0.655
2312.000 0.638
2313.000 0.621
2314.000 0.607
2315.000 0.592
2316.000 0.577
2317.000 0.566
2318.000 0.556
2319.000 0.543
2320.000 0.529
2321.000 0.518
2322.000 0.506
2323.000 0.501
2324.000 0.491
2325.000 0.480
2326.000 0.477
2327.000 0.463
2328.000 0.455
2329.000 0.445
2330.000 0.439
2331.000 0.432
2332.000 0.424
2333.000 0.413
2334.000 0.405
2335.000 0.397
2336.000 0.391
2337.000 0.383
2338.000 0.378
2339.000 0.370
2340.000 0.365
2341.000 0.362
2342.000 0.355
2343.000 0.351
2344.000 0.346
2345.000 0.341
2346.000 0.337
2347.000 0.329
2348.000 0.322
2349.000 0.318
2350.000 0.312
2351.000 0.306
2352.000 0.300
2353.000 0.298
2354.000 0.290
2355.000 0.288
2356.000 0.282
2357.000 0.281
2358.000 0.276
2359.000 0.270
2360.000 0.264
2361.000 0.261
2362.000 0.257
2363.000 0.255
2364.000 0.248
2365.000 0.243
2366.000 0.243
2367.000 0.239
2368.000 0.234
2369.000 0.230
2370.000 0.227
2371.000 0.224
2372.000 0.221
2373.000 0.216
2374.000 0.214
2375.000 0.210
2376.000 0.207
2377.000 0.202
2378.000 0.204
2379.000 0.201
2380.000 0.198
2381.000 0.194
2382.000 0.191
2383.000 0.186
2384.000 0.185
2385.000 0.183
2386.000 0.178
2387.000 0.175
2388.000 0.173
2389.000 0.171
2390.000 0.169
2391.000 0.165
2392.000 0.163
2393.000 0.160
2394.000 0.159
2395.000 0.156
2396.000 0.154
2397.000 0.151
2398.000 0.148
2399.000 0.148
2400.000 0.145
2401.000 0.143
2402.000 0.143
2403.000 0.140
2404.000 0.135
2405.000 0.136
2406.000 0.133
2407.000 0.131
2408.000 0.128
2409.000 0.125
2410.000 0.125
2411.000 0.124
2412.000 0.121
2413.000 0.119
2414.000 0.117
2415.000 0.116
2416.000 0.113
2417.000 0.111
2418.000 0.110
2419.000 0.109
2420.000 0.106
2421.000 0.105
2422.000 0.104
2423.000 0.101
2424.000 0.099
2425.000 0.098
2426.000 0.095
2427.000 0.097
2428.000 0.092
2429.000 0.090
2430.000 0.089
2431.000 0.086
2432.000 0.085
2433.000 0.084
2434.000 0.079
2435.000 0.079
2436.000 0.078
2437.000 0.074
2438.000 0.075
2439.000 0.073
2440.000 0.072
2441.000 0.070
2442.000 0.069
2443.000 0.068
2444.000 0.064
2445.000 0.065
2446.000 0.063
2447.000 0.060
2448.000 0.061
2449.000 0.060
2450.000 0.058
2451.000 0.058
2452.000 0.057
2453.000 0.055
2454.000 0.054
2455.000 0.051
2456.000 0.050
2457.000 0.049
2458.000 0.046
2459.000 0.046
2460.000 0.045
2461.000 0.043
2462.000 0.043
2463.000 0.043
2464.000 0.041
2465.000 0.040
2466.000 0.039
2467.000 0.037
2468.000 0.036
2469.000 0.035
2470.000 0.033
2471.000 0.033
2472.000 0.030
2473.000 0.031
2474.000 0.030
2475.000 0.027
2476.000 0.028
2477.000 0.024
2478.000 0.024
2479.000 0.022
2480.000 0.022
2481.000 0.020
2482.000 0.018
2483.000 0.019
2484.000 0.017
2485.000 0.016
2486.000 0.014
2487.000 0.015
2488.000 0.012
2489.000 0.012
2490.000 0.011
2491.000 0.011
2492.000 0.008
2493.000 0.008
2494.000 0.008
2495.000 0.007
2496.000 0.005
2497.000 0.005
2498.000 0.004
2499.000 0.002
2500.000 0.003
2501.000 0.003
2502.000 0.003
2503.000 0.003
2504.000 0.004
2505.000 0.005
2506.000 0.007
2507.000 0.006
2508.000 0.009
2509.000 0.008
2510.000 0.008
2511.000 0.011
2512.000 0.010
2513.000 0.013
2514.000 0.012
2515.000 0.013
2516.000 0.014
2517.000 0.015
2518.000 0.017
2519.000 0.017
2520.000 0.018
2521.000 0.019
2522.000 0.020
2523.000 0.023
2524.000 0.021
2525.000 0.024
2526.000 0.024
2527.000 0.024
2528.000 0.026
2529.000 0.027
2530.000 0.028
2531.000 0.029
2532.000 0.029
2533.000 0.031
2534.000 0.032
2535.000 0.032
2536.000 0.034
2537.000 0.033
2538.000 0.034
2539.000 0.036
2540.000 0.036
2541.000 0.038
2542.000 0.040
2543.000 0.041
2544.000 0.041
2545.000 0.040
2546.000 0.041
2547.000 0.043
2548.000 0.045
2549.000 0.044
2550.000 0.045
2551.000 0.045
2552.000 0.048
2553.000 0.047
2554.000 0.050
2555.000 0.051
2556.000 0.050
2557.000 0.052
2558.000 0.054
2559.000 0.054
2560.000 0.053
2561.000 0.055
2562.000 0.057
2563.000 0.057
2564.000 0.059
2565.000 0.058
2566.000 0.061
2567.000 0.061
2568.000 0.062
2569.000 0.064
2570.000 0.064
2571.000 0.066
2572.000 0.066
2573.000 0.069
2574.000 0.068
2575.000 0.069
2576.000 0.071
2577.000 0.070
2578.000 0.072
2579.000 0.073
2580.000 0.073
2581.000 0.074
2582.000 0.076
2583.000 0.080
2584.000 0.079
2585.000 0.080
2586.000 0.079
2587.000 0.085
2588.000 0.084
2589.000 0.085
2590.000 0.089
2591.000 0.089
2592.000 0.089
2593.000 0.091
2594.000 0.094
2595.000 0.092
2596.000 0.096
2597.000 0.096
2598.000 0.098
2599.000 0.101
2600.000 0.104
