1801.000 0.003
1802.000 2.747
1803.000 2.757
1804.000 2.759
1805.000 2.774
1806.000 2.786
1807.000 2.784
1808.000 2.773
1809.000 2.774
1810.000 2.779
1811.000 2.789
1812.000 2.797
1813.000 2.808
1814.000 2.811
1815.000 2.817
1816.000 2.832
1817.000 2.828
1818.000 2.839
1819.000 2.841
1820.000 2.857
1821.000 2.879
1822.000 2.886
1823.000 2.949
1824.000 2.941
1825.000 2.930
1826.000 2.917
1827.000 2.908
1828.000 2.892
1829.000 2.864
1830.000 2.852
1831.000 2.816
1832.000 2.778
1833.000 2.736
1834.000 2.688
1835.000 2.628
1836.000 2.564
1837.000 2.506
1838.000 2.441
1839.000 2.381
1840.000 2.326
1841.000 2.318
1842.000 2.277
1843.000 2.255
1844.000 2.241
1845.000 2.244
1846.000 2.259
1847.000 2.257
1848.000 2.267
1849.000 2.278
1850.000 2.273
1851.000 2.276
1852.000 2.272
1853.000 2.281
1854.000 2.264
1855.000 2.268
1856.000 2.244
1857.000 2.238
1858.000 2.207
1859.000 2.173
1860.000 2.125
1861.000 2.074
1862.000 2.011
1863.000 1.936
1864.000 1.852
1865.000 1.773
1866.000 1.728
1867.000 1.646
1868.000 1.583
1869.000 1.517
1870.000 1.457
1871.000 1.425
1872.000 1.427
1873.000 1.434
1874.000 1.435
1875.000 1.434
1876.000 1.440
1877.000 1.443
1878.000 1.449
1879.000 1.452
1880.000 1.453
1881.000 1.459
1882.000 1.462
1883.000 1.467
1884.000 1.470
1885.000 1.477
1886.000 1.481
1887.000 1.483
1888.000 1.489
1889.000 1.493
1890.000 1.496
1891.000 1.497
1892.000 1.506
1893.000 1.509
1894.000 1.511
1895.000 1.513
1896.000 1.515
1897.000 1.525
1898.000 1.523
1899.000 1.530
1900.000 1.540
1901.000 1.540
1902.000 1.540
1903.000 1.545
1904.000 1.554
1905.000 1.555
1906.000 1.558
1907.000 1.579
1908.000 1.580
1909.000 1.590
1910.000 1.583
1911.000 1.586
1912.000 1.594
1913.000 1.609
1914.000 1.619
1915.000 1.615
1916.000 1.611
1917.000 1.615
1918.000 1.613
1919.000 1.626
1920.000 1.628
1921.000 1.631
1922.000 1.632
1923.000 1.639
1924.000 1.640
1925.000 1.643
1926.000 1.643
1927.000 1.651
1928.000 1.648
1929.000 1.675
1930.000 1.678
1931.000 1.687
1932.000 1.683
1933.000 1.687
1934.000 1.691
1935.000 1.692
1936.000 1.693
1937.000 1.701
1938.000 1.704
1939.000 1.716
1940.000 1.717
1941.000 1.722
1942.000 1.728
1943.000 1.738
1944.000 1.737
1945.000 1.744
1946.000 1.754
1947.000 1.758
1948.000 1.764
1949.000 1.773
1950.000 1.777
1951.000 1.782
1952.000 1.787
1953.000 1.797
1954.000 1.803
1955.000 1.806
1956.000 1.813
1957.000 1.817
1958.000 1.819
1959.000 1.836
1960.000 1.847
1961.000 1.845
1962.000 1.864
1963.000 1.866
1964.000 1.867
1965.000 1.889
1966.000 1.897
1967.000 1.895
1968.000 1.902
1969.000 1.914
1970.000 1.924
1971.000 1.932
1972.000 1.943
1973.000 1.958
1974.000 1.978
1975.000 1.985
1976.000 1.982
1977.000 2.004
1978.000 2.006
1979.000 2.028
1980.000 2.026
1981.000 2.047
1982.000 2.063
1983.000 2.070
1984.000 2.080
1985.000 2.093
1986.000 2.107
1987.000 2.125
1988.000 2.138
1989.000 2.153
1990.000 2.158
1991.000 2.176
1992.000 2.205
1993.000 2.205
1994.000 2.235
1995.000 2.241
1996.000 2.274
1997.000 2.289
1998.000 2.294
1999.000 2.305
2000.000 2.333
2001.000 2.361
2002.000 2.377
2003.000 2.405
2004.000 2.427
2005.000 2.441
2006.000 2.467
2007.000 2.503
2008.000 2.516
2009.000 2.542
2010.000 2.572
2011.000 2.599
2012.000 2.623
2013.000 2.640
2014.000 2.668
2015.000 2.709
2016.000 2.744
2017.000 2.780
2018.000 2.812
2019.000 2.848
2020.000 2.887
2021.000 2.915
2022.000 2.952
2023.000 3.005
2024.000 3.007
2025.000 3.078
2026.000 3.111
2027.000 3.167
2028.000 3.212
2029.000 3.270
2030.000 3.325
2031.000 3.372
2032.000 3.420
2033.000 3.486
2034.000 3.550
2035.000 3.631
2036.000 3.702
2037.000 3.752
2038.000 3.826
2039.000 3.896
2040.000 3.992
2041.000 4.075
2042.000 4.173
2043.000 4.265
2044.000 4.363
2045.000 4.462
2046.000 4.576
2047.000 4.705
2048.000 4.756
2049.000 4.893
2050.000 5.025
2051.000 5.192
2052.000 5.345
2053.000 5.511
2054.000 5.694
2055.000 5.924
2056.000 6.117
2057.000 6.329
2058.000 6.555
2059.000 6.829
2060.000 7.094
2061.000 7.241
2062.000 7.562
2063.000 7.922
2064.000 8.301
2065.000 8.715
2066.000 9.165
2067.000 9.663
2068.000 10.225
2069.000 10.817
2070.000 11.470
2071.000 12.187
2072.000 12.989
2073.000 13.405
2074.000 14.262
2075.000 15.136
2076.000 15.966
2077.000 16.652
2078.000 17.214
2079.000 17.653
2080.000 17.855
2081.000 17.753
2082.000 17.296
2083.000 16.554
2084.000 15.621
2085.000 14.633
2086.000 14.057
2087.000 13.082
2088.000 12.205
2089.000 11.388
2090.000 10.661
2091.000 9.998
2092.000 9.413
2093.000 8.873
2094.000 8.386
2095.000 7.956
2096.000 7.556
2097.000 7.372
2098.000 7.025
2099.000 6.699
2100.000 6.414
2101.000 6.152
2102.000 5.900
2103.000 5.676
2104.000 5.471
2105.000 5.273
2106.000 5.090
2107.000 4.908
2108.000 4.752
2109.000 4.671
2110.000 4.527
2111.000 4.389
2112.000 4.263
2113.000 4.137
2114.000 4.023
2115.000 3.912
2116.000 3.810
2117.000 3.690
2118.000 3.604
2119.000 3.521
2120.000 3.438
2121.000 3.359
2122.000 3.338
2123.000 3.262
2124.000 3.199
2125.000 3.133
2126.000 3.078
2127.000 3.008
2128.000 2.934
2129.000 2.874
2130.000 2.814
2131.000 2.761
2132.000 2.709
2133.000 2.636
2134.000 2.600
2135.000 2.538
2136.000 2.485
2137.000 2.420
2138.000 2.371
2139.000 2.314
2140.000 2.268
2141.000 2.225
2142.000 2.183
2143.000 2.149
2144.000 2.119
2145.000 2.110
2146.000 2.067
2147.000 2.037
2148.000 2.007
2149.000 1.981
2150.000 1.958
2151.000 1.935
2152.000 1.914
2153.000 1.891
2154.000 1.874
2155.000 1.858
2156.000 1.837
2157.000 1.822
2158.000 1.813
2159.000 1.802
2160.000 1.786
2161.000 1.773
2162.000 1.759
2163.000 1.753
2164.000 1.744
2165.000 1.731
2166.000 1.719
2167.000 1.716
2168.000 1.709
2169.000 1.707
2170.000 1.703
2171.000 1.702
2172.000 1.693
2173.000 1.701
2174.000 1.698
2175.000 1.698
2176.000 1.703
2177.000 1.699
2178.000 1.708
2179.000 1.715
2180.000 1.716
2181.000 1.727
2182.000 1.732
2183.000 1.740
2184.000 1.748
2185.000 1.766
2186.000 1.777
2187.000 1.793
2188.000 1.811
2189.000 1.831
2190.000 1.851
2191.000 1.873
2192.000 1.896
2193.000 1.911
2194.000 1.913
2195.000 1.932
2196.000 1.950
2197.000 1.960
2198.000 1.977
2199.000 1.990
2200.000 2.009
2201.000 2.024
2202.000 2.055
2203.000 2.080
2204.000 2.116
2205.000 2.145
2206.000 2.164
2207.000 2.182
2208.000 2.213
2209.000 2.245
2210.000 2.280
2211.000 2.314
2212.000 2.351
2213.000 2.390
2214.000 2.427
2215.000 2.477
2216.000 2.533
2217.000 2.573
2218.000 2.623
2219.000 2.642
2220.000 2.707
2221.000 2.766
2222.000 2.839
2223.000 2.912
2224.000 3.000
2225.000 3.093
2226.000 3.184
2227.000 3.285
2228.000 3.408
2229.000 3.528
2230.000 3.667
2231.000 3.814
2232.000 3.896
2233.000 4.062
2234.000 4.250
2235.000 4.470
2236.000 4.696
2237.000 4.957
2238.000 5.255
2239.000 5.575
2240.000 5.934
2241.000 6.344
2242.000 6.873
2243.000 7.128
2244.000 7.680
2245.000 8.256
2246.000 8.859
2247.000 9.316
2248.000 9.638
2249.000 9.750
2250.000 9.786
2251.000 9.603
2252.000 9.196
2253.000 8.618
2254.000 7.952
2255.000 7.613
2256.000 6.970
2257.000 6.369
2258.000 5.862
2259.000 5.383
2260.000 4.973
2261.000 4.613
2262.000 4.291
2263.000 4.011
2264.000 3.747
2265.000 3.523
2266.000 3.323
2267.000 3.139
2268.000 3.052
2269.000 2.883
2270.000 2.747
2271.000 2.620
2272.000 2.508
2273.000 2.394
2274.000 2.293
2275.000 2.205
2276.000 2.122
2277.000 2.037
2278.000 1.956
2279.000 1.883
2280.000 1.849
2281.000 1.792
2282.000 1.729
2283.000 1.673
2284.000 1.621
2285.000 1.576
2286.000 1.511
2287.000 1.443
2288.000 1.377
2289.000 1.312
2290.000 1.265
2291.000 1.239
2292.000 1.194
2293.000 1.149
2294.000 1.112
2295.000 1.073
2296.000 1.038
2297.000 1.011
2298.000 0.978
2299.000 0.947
2300.000 0.921
2301.000 0.894
2302.000 0.874
2303.000 0.856
2304.000 0.844
2305.000 0.823
2306.000 0.806
2307.000 0.792
2308.000 0.770
2309.000 0.755
2310.000 0.744
2311.000 0.726
2312.000 0.713
2313.000 0.700
2314.000 0.690
2315.000 0.675
2316.000 0.676
2317.000 0.664
2318.000 0.650
2319.000 0.643
2320.000 0.632
2321.000 0.624
2322.000 0.615
2323.000 0.607
2324.000 0.598
2325.000 0.588
2326.000 0.585
2327.000 0.575
2328.000 0.567
2329.000 0.564
2330.000 0.557
2331.000 0.549
2332.000 0.543
2333.000 0.541
2334.000 0.531
2335.000 0.530
2336.000 0.521
2337.000 0.514
2338.000 0.511
2339.000 0.505
2340.000 0.504
2341.000 0.500
2342.000 0.501
2343.000 0.493
2344.000 0.487
2345.000 0.481
2346.000 0.476
2347.000 0.470
2348.000 0.474
2349.000 0.472
2350.000 0.464
2351.000 0.458
2352.000 0.458
2353.000 0.457
2354.000 0.452
2355.000 0.448
2356.000 0.446
2357.000 0.439
2358.000 0.436
2359.000 0.438
2360.000 0.432
2361.000 0.432
2362.000 0.429
2363.000 0.426
2364.000 0.425
2365.000 0.422
2366.000 0.422
2367.000 0.421
2368.000 0.417
2369.000 0.415
2370.000 0.413
2371.000 0.409
2372.000 0.405
2373.000 0.405
2374.000 0.404
2375.000 0.400
2376.000 0.397
2377.000 0.399
2378.000 0.396
2379.000 0.397
2380.000 0.398
2381.000 0.392
2382.000 0.393
2383.000 0.388
2384.000 0.388
2385.000 0.387
2386.000 0.383
2387.000 0.382
2388.000 0.381
2389.000 0.382
2390.000 0.379
2391.000 0.381
2392.000 0.378
2393.000 0.378
2394.000 0.378
2395.000 0.375
2396.000 0.376
2397.000 0.374
2398.000 0.373
2399.000 0.370
2400.000 0.371
2401.000 0.370
2402.000 0.369
2403.000 0.369
2404.000 0.369
2405.000 0.371
2406.000 0.369
2407.000 0.368
2408.000 0.366
2409.000 0.364
2410.000 0.364
2411.000 0.364
2412.000 0.363
2413.000 0.362
2414.000 0.360
2415.000 0.360
2416.000 0.360
2417.000 0.361
2418.000 0.361
2419.000 0.359
2420.000 0.361
2421.000 0.360
2422.000 0.361
2423.000 0.359
2424.000 0.358
2425.000 0.356
2426.000 0.359
2427.000 0.357
2428.000 0.355
2429.000 0.354
2430.000 0.356
2431.000 0.359
2432.000 0.355
2433.000 0.356
2434.000 0.354
2435.000 0.356
2436.000 0.357
2437.000 0.356
2438.000 0.354
2439.000 0.356
2440.000 0.356
2441.000 0.355
2442.000 0.356
2443.000 0.355
2444.000 0.355
2445.000 0.357
2446.000 0.356
2447.000 0.354
2448.000 0.358
2449.000 0.358
2450.000 0.360
2451.000 0.358
2452.000 0.359
2453.000 0.361
2454.000 0.361
2455.000 0.362
2456.000 0.360
2457.000 0.360
2458.000 0.359
2459.000 0.359
2460.000 0.361
2461.000 0.361
2462.000 0.360
2463.000 0.363
2464.000 0.362
2465.000 0.365
2466.000 0.365
2467.000 0.366
2468.000 0.366
2469.000 0.365
2470.000 0.368
2471.000 0.367
2472.000 0.368
2473.000 0.371
2474.000 0.369
2475.000 0.372
2476.000 0.372
2477.000 0.372
2478.000 0.371
2479.000 0.376
2480.000 0.379
2481.000 0.374
2482.000 0.379
2483.000 0.378
2484.000 0.378
2485.000 0.382
2486.000 0.383
2487.000 0.380
2488.000 0.383
2489.000 0.389
2490.000 0.387
2491.000 0.390
2492.000 0.389
2493.000 0.391
2494.000 0.394
2495.000 0.394
2496.000 0.396
2497.000 0.395
2498.000 0.395
2499.000 0.397
2500.000 0.397
2501.000 0.402
2502.000 0.403
2503.000 0.404
2504.000 0.402
2505.000 0.406
2506.000 0.411
2507.000 0.412
2508.000 0.414
2509.000 0.412
2510.000 0.418
2511.000 0.418
2512.000 0.420
2513.000 0.417
2514.000 0.417
2515.000 0.419
2516.000 0.418
2517.000 0.420
2518.000 0.421
2519.000 0.421
2520.000 0.422
2521.000 0.421
2522.000 0.418
2523.000 0.420
2524.000 0.421
2525.000 0.419
2526.000 0.420
2527.000 0.425
2528.000 0.422
2529.000 0.423
2530.000 0.423
2531.000 0.424
2532.000 0.424
2533.000 0.421
2534.000 0.420
2535.000 0.421
2536.000 0.427
2537.000 0.423
2538.000 0.422
2539.000 0.421
2540.000 0.423
2541.000 0.421
2542.000 0.418
2543.000 0.420
2544.000 0.422
2545.000 0.423
2546.000 0.426
2547.000 0.421
2548.000 0.423
2549.000 0.419
2550.000 0.424
2551.000 0.421
2552.000 0.419
2553.000 0.420
2554.000 0.420
2555.000 0.423
2556.000 0.423
2557.000 0.429
2558.000 0.427
2559.000 0.429
2560.000 0.423
2561.000 0.425
2562.000 0.425
2563.000 0.424
2564.000 0.427
2565.000 0.426
2566.000 0.425
2567.000 0.424
2568.000 0.425
2569.000 0.427
2570.000 0.428
2571.000 0.428
2572.000 0.426
2573.000 0.428
2574.000 0.425
2575.000 0.426
2576.000 0.431
2577.000 0.428
2578.000 0.430
2579.000 0.428
2580.000 0.432
2581.000 0.434
2582.000 0.427
2583.000 0.429
2584.000 0.430
2585.000 0.435
2586.000 0.433
2587.000 0.430
2588.000 0.432
2589.000 0.431
2590.000 0.434
2591.000 0.434
2592.000 0.438
2593.000 0.436
2594.000 0.438
2595.000 0.438
2596.000 0.440
2597.000 0.437
2598.000 0.437
2599.000 0.436
2600.000 0.438
