1801.000 0.020
1802.000 3.164
1803.000 3.184
1804.000 3.186
1805.000 3.182
1806.000 3.213
1807.000 3.248
1808.000 3.232
1809.000 3.215
1810.000 3.216
1811.000 3.221
1812.000 3.228
1813.000 3.243
1814.000 3.248
1815.000 3.261
1816.000 3.254
1817.000 3.268
1818.000 3.267
1819.000 3.276
1820.000 3.280
1821.000 3.300
1822.000 3.290
1823.000 3.289
1824.000 3.292
1825.000 3.276
1826.000 3.248
1827.000 3.244
1828.000 3.215
1829.000 3.172
1830.000 3.134
1831.000 3.078
1832.000 3.015
1833.000 2.944
1834.000 2.877
1835.000 2.812
1836.000 2.746
1837.000 2.688
1838.000 2.646
1839.000 2.629
1840.000 2.597
1841.000 2.581
1842.000 2.565
1843.000 2.576
1844.000 2.585
1845.000 2.596
1846.000 2.593
1847.000 2.615
1848.000 2.614
1849.000 2.613
1850.000 2.622
1851.000 2.620
1852.000 2.622
1853.000 2.610
1854.000 2.609
1855.000 2.600
1856.000 2.593
1857.000 2.564
1858.000 2.533
1859.000 2.487
1860.000 2.428
1861.000 2.368
1862.000 2.288
1863.000 2.252
1864.000 2.149
1865.000 2.058
1866.000 1.959
1867.000 1.869
1868.000 1.785
1869.000 1.714
1870.000 1.652
1871.000 1.626
1872.000 1.631
1873.000 1.630
1874.000 1.631
1875.000 1.638
1876.000 1.643
1877.000 1.645
1878.000 1.652
1879.000 1.656
1880.000 1.661
1881.000 1.668
1882.000 1.671
1883.000 1.675
1884.000 1.682
1885.000 1.687
1886.000 1.686
1887.000 1.692
1888.000 1.692
1889.000 1.697
1890.000 1.700
1891.000 1.706
1892.000 1.714
1893.000 1.715
1894.000 1.719
1895.000 1.723
1896.000 1.728
1897.000 1.726
1898.000 1.734
1899.000 1.737
1900.000 1.742
1901.000 1.746
1902.000 1.750
1903.000 1.753
1904.000 1.759
1905.000 1.770
1906.000 1.792
1907.000 1.787
1908.000 1.786
1909.000 1.787
1910.000 1.794
1911.000 1.794
1912.000 1.795
1913.000 1.799
1914.000 1.805
1915.000 1.803
1916.000 1.810
1917.000 1.814
1918.000 1.812
1919.000 1.820
1920.000 1.825
1921.000 1.829
1922.000 1.831
1923.000 1.833
1924.000 1.841
1925.000 1.842
1926.000 1.850
1927.000 1.847
1928.000 1.855
1929.000 1.858
1930.000 1.862
1931.000 1.872
1932.000 1.875
1933.000 1.880
1934.000 1.883
1935.000 1.888
1936.000 1.894
1937.000 1.890
1938.000 1.900
1939.000 1.906
1940.000 1.913
1941.000 1.919
1942.000 1.926
1943.000 1.934
1944.000 1.927
1945.000 1.944
1946.000 1.948
1947.000 1.959
1948.000 1.959
1949.000 1.970
1950.000 1.969
1951.000 1.971
1952.000 1.978
1953.000 1.984
1954.000 1.996
1955.000 1.996
1956.000 1.999
1957.000 2.013
1958.000 2.026
1959.000 2.033
1960.000 2.033
1961.000 2.045
1962.000 2.052
1963.000 2.065
1964.000 2.076
1965.000 2.076
1966.000 2.089
1967.000 2.104
1968.000 2.115
1969.000 2.120
1970.000 2.132
1971.000 2.140
1972.000 2.153
1973.000 2.158
1974.000 2.158
1975.000 2.170
1976.000 2.189
1977.000 2.190
1978.000 2.209
1979.000 2.208
1980.000 2.235
1981.000 2.237
1982.000 2.245
1983.000 2.262
1984.000 2.278
1985.000 2.277
1986.000 2.290
1987.000 2.305
1988.000 2.326
1989.000 2.356
1990.000 2.414
1991.000 2.407
1992.000 2.432
1993.000 2.449
1994.000 3.856
1995.000 3.967
1996.000 3.601
1997.000 3.209
1998.000 3.062
1999.000 2.841
2000.000 2.679
2001.000 2.583
2002.000 2.568
2003.000 2.589
2004.000 2.611
2005.000 2.620
2006.000 2.638
2007.000 2.679
2008.000 2.693
2009.000 2.709
2010.000 2.755
2011.000 2.759
2012.000 2.801
2013.000 2.834
2014.000 2.853
2015.000 2.889
2016.000 2.919
2017.000 2.957
2018.000 2.987
2019.000 3.020
2020.000 3.056
2021.000 3.084
2022.000 3.116
2023.000 3.143
2024.000 3.199
2025.000 3.243
2026.000 3.277
2027.000 3.330
2028.000 3.385
2029.000 3.420
2030.000 3.481
2031.000 3.537
2032.000 3.593
2033.000 3.647
2034.000 3.731
2035.000 3.800
2036.000 3.857
2037.000 3.915
2038.000 3.970
2039.000 4.048
2040.000 4.126
2041.000 4.195
2042.000 4.287
2043.000 4.366
2044.000 4.469
2045.000 4.580
2046.000 4.631
2047.000 4.742
2048.000 4.856
2049.000 4.978
2050.000 5.233
2051.000 5.365
2052.000 5.516
2053.000 5.666
2054.000 5.814
2055.000 5.984
2056.000 6.176
2057.000 6.280
2058.000 6.486
2059.000 6.725
2060.000 6.974
2061.000 7.250
2062.000 7.548
2063.000 7.874
2064.000 8.231
2065.000 8.618
2066.000 9.054
2067.000 9.520
2068.000 10.023
2069.000 10.623
2070.000 10.910
2071.000 11.515
2072.000 12.183
2073.000 12.876
2074.000 13.617
2075.000 14.372
2076.000 15.105
2077.000 15.746
2078.000 16.265
2079.000 16.686
2080.000 16.825
2081.000 16.689
2082.000 16.256
2083.000 15.953
2084.000 15.200
2085.000 14.312
2086.000 13.410
2087.000 12.533
2088.000 11.685
2089.000 10.967
2090.000 10.231
2091.000 9.565
2092.000 8.999
2093.000 8.461
2094.000 7.979
2095.000 7.749
2096.000 7.336
2097.000 6.963
2098.000 6.620
2099.000 6.303
2100.000 6.020
2101.000 5.762
2102.000 5.499
2103.000 5.296
2104.000 5.084
2105.000 4.878
2106.000 4.786
2107.000 4.614
2108.000 4.443
2109.000 4.287
2110.000 4.138
2111.000 3.999
2112.000 3.874
2113.000 3.749
2114.000 3.636
2115.000 3.530
2116.000 3.420
2117.000 3.334
2118.000 3.235
2119.000 3.192
2120.000 3.094
2121.000 3.014
2122.000 2.941
2123.000 2.868
2124.000 2.805
2125.000 2.731
2126.000 2.657
2127.000 2.580
2128.000 2.486
2129.000 2.401
2130.000 2.318
2131.000 2.283
2132.000 2.208
2133.000 2.142
2134.000 2.080
2135.000 2.026
2136.000 1.966
2137.000 1.917
2138.000 1.864
2139.000 1.872
2140.000 1.821
2141.000 1.765
2142.000 1.720
2143.000 1.677
2144.000 1.661
2145.000 1.623
2146.000 1.590
2147.000 1.559
2148.000 1.529
2149.000 1.500
2150.000 1.472
2151.000 1.447
2152.000 1.423
2153.000 1.401
2154.000 1.382
2155.000 1.370
2156.000 1.352
2157.000 1.333
2158.000 1.313
2159.000 1.295
2160.000 1.280
2161.000 1.266
2162.000 1.248
2163.000 1.236
2164.000 1.220
2165.000 1.209
2166.000 1.195
2167.000 1.214
2168.000 1.198
2169.000 1.180
2170.000 1.168
2171.000 1.156
2172.000 1.144
2173.000 1.132
2174.000 1.129
2175.000 1.118
2176.000 1.111
2177.000 1.105
2178.000 1.096
2179.000 1.092
2180.000 1.092
2181.000 1.087
2182.000 1.091
2183.000 1.084
2184.000 1.080
2185.000 1.081
2186.000 1.079
2187.000 1.079
2188.000 1.077
2189.000 1.079
2190.000 1.077
2191.000 1.078
2192.000 1.080
2193.000 1.082
2194.000 1.084
2195.000 1.087
2196.000 1.093
2197.000 1.095
2198.000 1.102
2199.000 1.107
2200.000 1.116
2201.000 1.128
2202.000 1.138
2203.000 1.164
2204.000 1.175
2205.000 1.182
2206.000 1.201
2207.000 1.215
2208.000 1.234
2209.000 1.258
2210.000 1.284
2211.000 1.312
2212.000 1.342
2213.000 1.377
2214.000 1.412
2215.000 1.457
2216.000 1.479
2217.000 1.519
2218.000 1.548
2219.000 1.575
2220.000 1.607
2221.000 1.645
2222.000 1.687
2223.000 1.728
2224.000 1.782
2225.000 1.829
2226.000 1.881
2227.000 1.941
2228.000 1.971
2229.000 2.034
2230.000 2.102
2231.000 2.179
2232.000 2.265
2233.000 2.364
2234.000 2.458
2235.000 2.578
2236.000 2.705
2237.000 2.850
2238.000 3.011
2239.000 3.180
2240.000 3.391
2241.000 3.495
2242.000 3.732
2243.000 3.991
2244.000 4.285
2245.000 4.594
2246.000 4.905
2247.000 5.191
2248.000 5.392
2249.000 5.515
2250.000 5.506
2251.000 5.386
2252.000 5.130
2253.000 4.962
2254.000 4.551
2255.000 4.148
2256.000 3.774
2257.000 3.433
2258.000 3.137
2259.000 2.878
2260.000 2.661
2261.000 2.458
2262.000 2.283
2263.000 2.124
2264.000 1.983
2265.000 1.919
2266.000 1.806
2267.000 1.699
2268.000 1.607
2269.000 1.522
2270.000 1.445
2271.000 1.374
2272.000 1.306
2273.000 1.248
2274.000 1.187
2275.000 1.137
2276.000 1.096
2277.000 1.070
2278.000 1.009
2279.000 0.951
2280.000 0.917
2281.000 0.870
2282.000 0.825
2283.000 0.787
2284.000 0.750
2285.000 0.721
2286.000 0.691
2287.000 0.664
2288.000 0.639
2289.000 0.615
2290.000 0.606
2291.000 0.592
2292.000 0.573
2293.000 0.561
2294.000 0.552
2295.000 0.537
2296.000 0.521
2297.000 0.508
2298.000 0.496
2299.000 0.484
2300.000 0.475
2301.000 0.466
2302.000 0.463
2303.000 0.456
2304.000 0.446
2305.000 0.439
2306.000 0.432
2307.000 0.424
2308.000 0.419
2309.000 0.414
2310.000 0.406
2311.000 0.402
2312.000 0.394
2313.000 0.391
2314.000 0.389
2315.000 0.385
2316.000 0.378
2317.000 0.377
2318.000 0.372
2319.000 0.366
2320.000 0.362
2321.000 0.361
2322.000 0.359
2323.000 0.353
2324.000 0.349
2325.000 0.348
2326.000 0.345
2327.000 0.343
2328.000 0.339
2329.000 0.337
2330.000 0.335
2331.000 0.332
2332.000 0.330
2333.000 0.328
2334.000 0.326
2335.000 0.328
2336.000 0.322
2337.000 0.320
2338.000 0.318
2339.000 0.316
2340.000 0.313
2341.000 0.311
2342.000 0.310
2343.000 0.308
2344.000 0.308
2345.000 0.306
2346.000 0.305
2347.000 0.302
2348.000 0.299
2349.000 0.299
2350.000 0.298
2351.000 0.297
2352.000 0.298
2353.000 0.297
2354.000 0.297
2355.000 0.296
2356.000 0.295
2357.000 0.295
2358.000 0.295
2359.000 0.294
2360.000 0.292
2361.000 0.293
2362.000 0.289
2363.000 0.289
2364.000 0.290
2365.000 0.289
2366.000 0.286
2367.000 0.287
2368.000 0.286
2369.000 0.286
2370.000 0.285
2371.000 0.284
2372.000 0.283
2373.000 0.283
2374.000 0.284
2375.000 0.287
2376.000 0.283
2377.000 0.281
2378.000 0.280
2379.000 0.279
2380.000 0.281
2381.000 0.278
2382.000 0.277
2383.000 0.278
2384.000 0.276
2385.000 0.274
2386.000 0.276
2387.000 0.276
2388.000 0.280
2389.000 0.277
2390.000 0.277
2391.000 0.274
2392.000 0.278
2393.000 0.276
2394.000 0.278
2395.000 0.278
2396.000 0.277
2397.000 0.275
2398.000 0.276
2399.000 0.274
2400.000 0.273
2401.000 0.273
2402.000 0.277
2403.000 0.275
2404.000 0.274
2405.000 0.276
2406.000 0.276
2407.000 0.281
2408.000 0.276
2409.000 0.278
2410.000 0.277
2411.000 0.278
2412.000 0.277
2413.000 0.276
2414.000 0.277
2415.000 0.276
2416.000 0.278
2417.000 0.278
2418.000 0.279
2419.000 0.280
2420.000 0.281
2421.000 0.283
2422.000 0.280
2423.000 0.283
2424.000 0.283
2425.000 0.285
2426.000 0.283
2427.000 0.285
2428.000 0.286
2429.000 0.285
2430.000 0.294
2431.000 0.292
2432.000 0.289
2433.000 0.289
2434.000 0.288
2435.000 0.288
2436.000 0.285
2437.000 0.287
2438.000 0.286
2439.000 0.287
2440.000 0.285
2441.000 0.287
2442.000 0.289
2443.000 0.288
2444.000 0.289
2445.000 0.291
2446.000 0.297
2447.000 0.296
2448.000 0.295
2449.000 0.302
2450.000 0.298
2451.000 0.300
2452.000 0.295
2453.000 0.301
2454.000 0.302
2455.000 0.298
2456.000 0.303
2457.000 0.298
2458.000 0.304
2459.000 0.303
2460.000 0.306
2461.000 0.302
2462.000 0.304
2463.000 0.303
2464.000 0.304
2465.000 0.307
2466.000 0.309
2467.000 0.313
2468.000 0.314
2469.000 0.314
2470.000 0.316
2471.000 0.314
2472.000 0.321
2473.000 0.318
2474.000 0.319
2475.000 0.319
2476.000 0.322
2477.000 0.323
2478.000 0.321
2479.000 0.323
2480.000 0.321
2481.000 0.324
2482.000 0.322
2483.000 0.319
2484.000 0.324
2485.000 0.321
2486.000 0.331
2487.000 0.328
2488.000 0.328
2489.000 0.332
2490.000 0.329
2491.000 0.326
2492.000 0.327
2493.000 0.327
2494.000 0.328
2495.000 0.324
2496.000 0.328
2497.000 0.326
2498.000 0.329
2499.000 0.323
2500.000 0.324
2501.000 0.327
2502.000 0.325
2503.000 0.327
2504.000 0.324
2505.000 0.325
2506.000 0.328
2507.000 0.324
2508.000 0.326
2509.000 0.327
2510.000 0.334
2511.000 0.328
2512.000 0.333
2513.000 0.328
2514.000 0.329
2515.000 0.330
2516.000 0.327
2517.000 0.328
2518.000 0.328
2519.000 0.324
2520.000 0.326
2521.000 0.332
2522.000 0.330
2523.000 0.332
2524.000 0.332
2525.000 0.328
2526.000 0.331
2527.000 0.330
2528.000 0.334
2529.000 0.334
2530.000 0.330
2531.000 0.331
2532.000 0.328
2533.000 0.332
2534.000 0.330
2535.000 0.328
2536.000 0.332
2537.000 0.330
2538.000 0.334
2539.000 0.328
2540.000 0.331
2541.000 0.332
2542.000 0.331
2543.000 0.329
2544.000 0.327
2545.000 0.335
2546.000 0.330
2547.000 0.335
2548.000 0.329
2549.000 0.331
2550.000 0.334
2551.000 0.333
2552.000 0.333
2553.000 0.331
2554.000 0.329
2555.000 0.335
2556.000 0.330
2557.000 0.333
2558.000 0.326
2559.000 0.332
2560.000 0.330
2561.000 0.336
2562.000 0.338
2563.000 0.335
2564.000 0.337
2565.000 0.334
2566.000 0.334
2567.000 0.335
2568.000 0.333
2569.000 0.336
2570.000 0.334
2571.000 0.334
2572.000 0.333
2573.000 0.334
2574.000 0.331
2575.000 0.333
2576.000 0.335
2577.000 0.330
2578.000 0.334
2579.000 0.333
2580.000 0.335
2581.000 0.330
2582.000 0.333
2583.000 0.329
2584.000 0.340
2585.000 0.340
2586.000 0.336
2587.000 0.333
2588.000 0.333
2589.000 0.331
2590.000 0.334
2591.000 0.330
2592.000 0.336
2593.000 0.336
2594.000 0.337
2595.000 0.335
2596.000 0.336
2597.000 0.340
2598.000 0.335
2599.000 0.338
2600.000 0.334
