1801.000 0.003
1802.000 1.462
1803.000 2.216
1804.000 2.233
1805.000 2.236
1806.000 2.238
1807.000 2.191
1808.000 2.171
1809.000 2.147
1810.000 2.131
1811.000 2.125
1812.000 2.133
1813.000 2.134
1814.000 2.145
1815.000 2.151
1816.000 2.165
1817.000 2.175
1818.000 2.187
1819.000 2.209
1820.000 2.212
1821.000 2.226
1822.000 2.233
1823.000 2.248
1824.000 2.251
1825.000 2.260
1826.000 2.267
1827.000 2.281
1828.000 2.282
1829.000 2.285
1830.000 2.291
1831.000 2.289
1832.000 2.279
1833.000 2.277
1834.000 2.264
1835.000 2.269
1836.000 2.245
1837.000 2.234
1838.000 2.237
1839.000 2.226
1840.000 2.219
1841.000 2.222
1842.000 2.241
1843.000 2.252
1844.000 2.267
1845.000 2.280
1846.000 2.291
1847.000 2.279
1848.000 2.268
1849.000 2.241
1850.000 2.239
1851.000 2.230
1852.000 2.228
1853.000 2.227
1854.000 2.221
1855.000 2.206
1856.000 2.192
1857.000 2.177
1858.000 2.145
1859.000 2.100
1860.000 2.071
1861.000 1.987
1862.000 1.948
1863.000 1.868
1864.000 1.786
1865.000 1.706
1866.000 1.621
1867.000 1.551
1868.000 1.482
1869.000 1.426
1870.000 1.402
1871.000 1.397
1872.000 1.400
1873.000 1.406
1874.000 1.410
1875.000 1.414
1876.000 1.449
1877.000 1.442
1878.000 1.438
1879.000 1.429
1880.000 1.441
1881.000 1.434
1882.000 1.443
1883.000 1.453
1884.000 1.512
1885.000 1.491
1886.000 1.482
1887.000 1.469
1888.000 1.484
1889.000 1.542
1890.000 1.511
1891.000 1.498
1892.000 1.501
1893.000 1.496
1894.000 1.503
1895.000 1.499
1896.000 1.506
1897.000 1.503
1898.000 1.508
1899.000 1.515
1900.000 1.518
1901.000 1.520
1902.000 1.520
1903.000 1.526
1904.000 1.530
1905.000 1.543
1906.000 1.540
1907.000 1.540
1908.000 1.545
1909.000 1.547
1910.000 1.549
1911.000 1.556
1912.000 1.558
1913.000 1.563
1914.000 1.568
1915.000 1.571
1916.000 1.576
1917.000 1.578
1918.000 1.587
1919.000 1.605
1920.000 1.606
1921.000 1.604
1922.000 1.608
1923.000 1.620
1924.000 1.625
1925.000 1.621
1926.000 1.618
1927.000 1.629
1928.000 1.629
1929.000 1.634
1930.000 1.643
1931.000 1.651
1932.000 1.652
1933.000 1.664
1934.000 1.666
1935.000 1.667
1936.000 1.673
1937.000 1.674
1938.000 1.679
1939.000 1.689
1940.000 1.694
1941.000 1.703
1942.000 1.713
1943.000 1.713
1944.000 1.714
1945.000 1.722
1946.000 1.723
1947.000 1.736
1948.000 1.734
1949.000 1.747
1950.000 1.756
1951.000 1.754
1952.000 1.758
1953.000 1.766
1954.000 1.770
1955.000 1.782
1956.000 1.785
1957.000 1.797
1958.000 1.812
1959.000 1.807
1960.000 1.820
1961.000 1.817
1962.000 1.836
1963.000 1.840
1964.000 1.857
1965.000 1.865
1966.000 1.871
1967.000 1.886
1968.000 1.900
1969.000 1.910
1970.000 1.919
1971.000 1.925
1972.000 1.933
1973.000 1.932
1974.000 1.942
1975.000 1.955
1976.000 1.977
1977.000 1.975
1978.000 1.997
1979.000 1.996
1980.000 2.022
1981.000 2.013
1982.000 2.042
1983.000 2.053
1984.000 2.070
1985.000 2.071
1986.000 2.087
1987.000 2.102
1988.000 2.123
1989.000 2.141
1990.000 2.163
1991.000 2.163
1992.000 2.192
1993.000 2.198
1994.000 2.226
1995.000 2.230
1996.000 2.247
1997.000 2.268
1998.000 2.266
1999.000 2.294
2000.000 2.323
2001.000 2.346
2002.000 2.370
2003.000 2.388
2004.000 2.406
2005.000 2.427
2006.000 2.437
2007.000 2.491
2008.000 2.501
2009.000 2.541
2010.000 2.553
2011.000 2.567
2012.000 2.610
2013.000 2.642
2014.000 2.657
2015.000 2.689
2016.000 2.732
2017.000 2.764
2018.000 2.773
2019.000 2.828
2020.000 2.862
2021.000 2.902
2022.000 2.933
2023.000 2.962
2024.000 3.016
2025.000 3.058
2026.000 3.104
2027.000 3.147
2028.000 3.208
2029.000 3.245
2030.000 3.281
2031.000 3.369
2032.000 3.404
2033.000 3.465
2034.000 3.533
2035.000 3.600
2036.000 3.665
2037.000 3.749
2038.000 3.823
2039.000 3.902
2040.000 3.981
2041.000 4.059
2042.000 4.112
2043.000 4.266
2044.000 4.325
2045.000 4.478
2046.000 4.523
2047.000 4.652
2048.000 4.777
2049.000 4.915
2050.000 5.087
2051.000 5.235
2052.000 5.388
2053.000 5.553
2054.000 5.733
2055.000 5.827
2056.000 6.033
2057.000 6.377
2058.000 6.501
2059.000 6.762
2060.000 7.044
2061.000 7.385
2062.000 7.745
2063.000 8.108
2064.000 8.557
2065.000 8.975
2066.000 9.394
2067.000 9.648
2068.000 10.173
2069.000 11.073
2070.000 11.748
2071.000 12.140
2072.000 12.944
2073.000 13.840
2074.000 14.701
2075.000 15.567
2076.000 16.398
2077.000 17.116
2078.000 17.408
2079.000 18.037
2080.000 18.145
2081.000 17.923
2082.000 17.668
2083.000 16.974
2084.000 16.076
2085.000 15.044
2086.000 13.995
2087.000 13.025
2088.000 12.176
2089.000 11.388
2090.000 10.673
2091.000 10.328
2092.000 9.391
2093.000 9.124
2094.000 8.636
2095.000 8.188
2096.000 7.758
2097.000 7.435
2098.000 7.100
2099.000 6.756
2100.000 6.448
2101.000 6.188
2102.000 5.941
2103.000 5.707
2104.000 5.601
2105.000 5.297
2106.000 5.115
2107.000 5.026
2108.000 4.844
2109.000 4.709
2110.000 4.566
2111.000 4.440
2112.000 4.315
2113.000 4.181
2114.000 4.058
2115.000 3.954
2116.000 3.893
2117.000 3.815
2118.000 3.717
2119.000 3.624
2120.000 3.552
2121.000 3.467
2122.000 3.384
2123.000 3.307
2124.000 3.239
2125.000 3.176
2126.000 3.114
2127.000 3.059
2128.000 2.990
2129.000 2.959
2130.000 2.902
2131.000 2.840
2132.000 2.789
2133.000 2.723
2134.000 2.669
2135.000 2.599
2136.000 2.532
2137.000 2.473
2138.000 2.419
2139.000 2.366
2140.000 2.333
2141.000 2.294
2142.000 2.270
2143.000 2.238
2144.000 2.192
2145.000 2.160
2146.000 2.129
2147.000 2.099
2148.000 2.081
2149.000 2.052
2150.000 2.033
2151.000 2.006
2152.000 1.988
2153.000 1.976
2154.000 1.942
2155.000 1.928
2156.000 1.915
2157.000 1.899
2158.000 1.890
2159.000 1.871
2160.000 1.863
2161.000 1.851
2162.000 1.833
2163.000 1.831
2164.000 1.816
2165.000 1.806
2166.000 1.813
2167.000 1.808
2168.000 1.798
2169.000 1.800
2170.000 1.792
2171.000 1.792
2172.000 1.789
2173.000 1.789
2174.000 1.792
2175.000 1.786
2176.000 1.797
2177.000 1.804
2178.000 1.803
2179.000 1.804
2180.000 1.807
2181.000 1.824
2182.000 1.838
2183.000 1.846
2184.000 1.859
2185.000 1.874
2186.000 1.893
2187.000 1.905
2188.000 1.946
2189.000 1.965
2190.000 1.971
2191.000 1.972
2192.000 1.983
2193.000 2.002
2194.000 2.020
2195.000 2.037
2196.000 2.046
2197.000 2.076
2198.000 2.098
2199.000 2.112
2200.000 2.119
2201.000 2.138
2202.000 2.180
2203.000 2.199
2204.000 2.219
2205.000 2.243
2206.000 2.271
2207.000 2.292
2208.000 2.318
2209.000 2.362
2210.000 2.401
2211.000 2.435
2212.000 2.499
2213.000 2.529
2214.000 2.551
2215.000 2.590
2216.000 2.658
2217.000 2.682
2218.000 2.741
2219.000 2.800
2220.000 2.861
2221.000 2.937
2222.000 3.008
2223.000 3.110
2224.000 3.153
2225.000 3.249
2226.000 3.398
2227.000 3.454
2228.000 3.561
2229.000 3.695
2230.000 3.826
2231.000 3.987
2232.000 4.152
2233.000 4.354
2234.000 4.569
2235.000 4.786
2236.000 5.039
2237.000 5.182
2238.000 5.619
2239.000 5.790
2240.000 6.152
2241.000 6.559
2242.000 7.040
2243.000 7.567
2244.000 8.182
2245.000 8.777
2246.000 9.358
2247.000 9.869
2248.000 10.144
2249.000 10.191
2250.000 10.249
2251.000 10.191
2252.000 9.834
2253.000 9.267
2254.000 8.596
2255.000 7.885
2256.000 7.210
2257.000 6.604
2258.000 6.103
2259.000 5.602
2260.000 5.186
2261.000 4.980
2262.000 4.615
2263.000 4.314
2264.000 4.042
2265.000 3.778
2266.000 3.562
2267.000 3.355
2268.000 3.173
2269.000 3.012
2270.000 2.875
2271.000 2.742
2272.000 2.629
2273.000 2.570
2274.000 2.405
2275.000 2.358
2276.000 2.258
2277.000 2.169
2278.000 2.091
2279.000 2.013
2280.000 1.946
2281.000 1.898
2282.000 1.819
2283.000 1.760
2284.000 1.703
2285.000 1.680
2286.000 1.634
2287.000 1.565
2288.000 1.447
2289.000 1.415
2290.000 1.349
2291.000 1.300
2292.000 1.252
2293.000 1.210
2294.000 1.169
2295.000 1.128
2296.000 1.091
2297.000 1.079
2298.000 1.036
2299.000 1.002
2300.000 0.969
2301.000 0.955
2302.000 0.927
2303.000 0.904
2304.000 0.883
2305.000 0.864
2306.000 0.846
2307.000 0.820
2308.000 0.804
2309.000 0.790
2310.000 0.786
2311.000 0.779
2312.000 0.751
2313.000 0.744
2314.000 0.728
2315.000 0.714
2316.000 0.702
2317.000 0.691
2318.000 0.679
2319.000 0.668
2320.000 0.653
2321.000 0.648
2322.000 0.636
2323.000 0.638
2324.000 0.630
2325.000 0.621
2326.000 0.612
2327.000 0.603
2328.000 0.595
2329.000 0.583
2330.000 0.579
2331.000 0.570
2332.000 0.564
2333.000 0.556
2334.000 0.554
2335.000 0.547
2336.000 0.541
2337.000 0.535
2338.000 0.538
2339.000 0.530
2340.000 0.525
2341.000 0.519
2342.000 0.514
2343.000 0.512
2344.000 0.504
2345.000 0.503
2346.000 0.498
2347.000 0.495
2348.000 0.489
2349.000 0.487
2350.000 0.483
2351.000 0.478
2352.000 0.474
2353.000 0.472
2354.000 0.463
2355.000 0.463
2356.000 0.461
2357.000 0.459
2358.000 0.452
2359.000 0.453
2360.000 0.450
2361.000 0.449
2362.000 0.447
2363.000 0.442
2364.000 0.440
2365.000 0.435
2366.000 0.433
2367.000 0.431
2368.000 0.429
2369.000 0.431
2370.000 0.426
2371.000 0.426
2372.000 0.420
2373.000 0.418
2374.000 0.421
2375.000 0.416
2376.000 0.412
2377.000 0.413
2378.000 0.409
2379.000 0.407
2380.000 0.406
2381.000 0.402
2382.000 0.405
2383.000 0.401
2384.000 0.402
2385.000 0.400
2386.000 0.397
2387.000 0.398
2388.000 0.397
2389.000 0.396
2390.000 0.391
2391.000 0.388
2392.000 0.388
2393.000 0.389
2394.000 0.389
2395.000 0.386
2396.000 0.387
2397.000 0.383
2398.000 0.382
2399.000 0.382
2400.000 0.382
2401.000 0.379
2402.000 0.377
2403.000 0.377
2404.000 0.376
2405.000 0.372
2406.000 0.373
2407.000 0.375
2408.000 0.373
2409.000 0.376
2410.000 0.374
2411.000 0.374
2412.000 0.371
2413.000 0.372
2414.000 0.371
2415.000 0.371
2416.000 0.367
2417.000 0.365
2418.000 0.366
2419.000 0.365
2420.000 0.368
2421.000 0.366
2422.000 0.367
2423.000 0.365
2424.000 0.363
2425.000 0.367
2426.000 0.365
2427.000 0.367
2428.000 0.364
2429.000 0.362
2430.000 0.365
2431.000 0.363
2432.000 0.361
2433.000 0.360
2434.000 0.357
2435.000 0.359
2436.000 0.362
2437.000 0.360
2438.000 0.360
2439.000 0.359
2440.000 0.358
2441.000 0.358
2442.000 0.361
2443.000 0.360
2444.000 0.361
2445.000 0.360
2446.000 0.360
2447.000 0.358
2448.000 0.362
2449.000 0.361
2450.000 0.361
2451.000 0.365
2452.000 0.363
2453.000 0.363
2454.000 0.363
2455.000 0.363
2456.000 0.361
2457.000 0.362
2458.000 0.363
2459.000 0.373
2460.000 0.368
2461.000 0.369
2462.000 0.369
2463.000 0.368
2464.000 0.368
2465.000 0.371
2466.000 0.370
2467.000 0.371
2468.000 0.368
2469.000 0.369
2470.000 0.369
2471.000 0.368
2472.000 0.373
2473.000 0.370
2474.000 0.372
2475.000 0.371
2476.000 0.371
2477.000 0.372
2478.000 0.375
2479.000 0.374
2480.000 0.372
2481.000 0.376
2482.000 0.373
2483.000 0.386
2484.000 0.385
2485.000 0.396
2486.000 0.406
2487.000 0.403
2488.000 0.399
2489.000 0.395
2490.000 0.391
2491.000 0.393
2492.000 0.393
2493.000 0.391
2494.000 0.390
2495.000 0.393
2496.000 0.394
2497.000 0.395
2498.000 0.392
2499.000 0.396
2500.000 0.396
2501.000 0.398
2502.000 0.399
2503.000 0.397
2504.000 0.403
2505.000 0.410
2506.000 0.403
2507.000 0.411
2508.000 0.410
2509.000 0.414
2510.000 0.410
2511.000 0.415
2512.000 0.417
2513.000 0.417
2514.000 0.420
2515.000 0.421
2516.000 0.423
2517.000 0.423
2518.000 0.429
2519.000 0.426
2520.000 0.428
2521.000 0.430
2522.000 0.426
2523.000 0.429
2524.000 0.427
2525.000 0.430
2526.000 0.430
2527.000 0.427
2528.000 0.428
2529.000 0.427
2530.000 0.432
2531.000 0.427
2532.000 0.426
2533.000 0.425
2534.000 0.428
2535.000 0.429
2536.000 0.430
2537.000 0.427
2538.000 0.429
2539.000 0.428
2540.000 0.428
2541.000 0.427
2542.000 0.426
2543.000 0.428
2544.000 0.427
2545.000 0.425
2546.000 0.430
2547.000 0.430
2548.000 0.427
2549.000 0.429
2550.000 0.434
2551.000 0.429
2552.000 0.433
2553.000 0.429
2554.000 0.428
2555.000 0.428
2556.000 0.432
2557.000 0.428
2558.000 0.435
2559.000 0.431
2560.000 0.429
2561.000 0.433
2562.000 0.432
2563.000 0.435
2564.000 0.429
2565.000 0.433
2566.000 0.432
2567.000 0.430
2568.000 0.432
2569.000 0.430
2570.000 0.438
2571.000 0.436
2572.000 0.433
2573.000 0.436
2574.000 0.434
2575.000 0.439
2576.000 0.436
2577.000 0.439
2578.000 0.434
2579.000 0.435
2580.000 0.438
2581.000 0.435
2582.000 0.438
2583.000 0.442
2584.000 0.435
2585.000 0.439
2586.000 0.438
2587.000 0.439
2588.000 0.439
2589.000 0.439
2590.000 0.441
2591.000 0.442
2592.000 0.441
2593.000 0.438
2594.000 0.448
2595.000 0.447
2596.000 0.445
2597.000 0.444
2598.000 0.443
2599.000 0.445
2600.000 0.446
