1801.000 0.009
1802.000 3.476
1803.000 3.479
1804.000 3.471
1805.000 3.461
1806.000 3.458
1807.000 3.469
1808.000 3.467
1809.000 3.480
1810.000 3.467
1811.000 3.471
1812.000 3.474
1813.000 3.483
1814.000 3.492
1815.000 3.505
1816.000 3.515
1817.000 3.514
1818.000 3.529
1819.000 3.536
1820.000 3.547
1821.000 3.547
1822.000 3.566
1823.000 3.575
1824.000 3.586
1825.000 3.595
1826.000 3.653
1827.000 3.691
1828.000 3.675
1829.000 3.660
1830.000 3.640
1831.000 3.616
1832.000 3.584
1833.000 3.548
1834.000 3.503
1835.000 3.450
1836.000 3.384
1837.000 3.318
1838.000 3.243
1839.000 3.169
1840.000 3.087
1841.000 3.017
1842.000 2.979
1843.000 2.924
1844.000 2.883
1845.000 2.845
1846.000 2.814
1847.000 2.799
1848.000 2.805
1849.000 2.821
1850.000 2.820
1851.000 2.825
1852.000 2.834
1853.000 2.829
1854.000 2.833
1855.000 2.827
1856.000 2.822
1857.000 2.809
1858.000 2.798
1859.000 2.810
1860.000 2.762
1861.000 2.705
1862.000 2.651
1863.000 2.571
1864.000 2.495
1865.000 2.445
1866.000 2.337
1867.000 2.230
1868.000 2.126
1869.000 2.025
1870.000 1.930
1871.000 1.848
1872.000 1.778
1873.000 1.751
1874.000 1.751
1875.000 1.778
1876.000 1.783
1877.000 1.783
1878.000 1.781
1879.000 1.796
1880.000 1.801
1881.000 1.796
1882.000 1.805
1883.000 1.804
1884.000 1.801
1885.000 1.809
1886.000 1.814
1887.000 1.821
1888.000 1.817
1889.000 1.825
1890.000 1.825
1891.000 1.826
1892.000 1.835
1893.000 1.838
1894.000 1.843
1895.000 1.846
1896.000 1.854
1897.000 1.853
1898.000 1.857
1899.000 1.865
1900.000 1.864
1901.000 1.863
1902.000 1.865
1903.000 1.871
1904.000 1.879
1905.000 1.883
1906.000 1.889
1907.000 1.892
1908.000 1.895
1909.000 1.899
1910.000 1.906
1911.000 1.912
1912.000 1.913
1913.000 1.915
1914.000 1.920
1915.000 1.918
1916.000 1.931
1917.000 1.929
1918.000 1.932
1919.000 1.941
1920.000 1.947
1921.000 1.950
1922.000 1.951
1923.000 1.953
1924.000 1.957
1925.000 1.968
1926.000 1.967
1927.000 1.970
1928.000 1.976
1929.000 1.985
1930.000 1.982
1931.000 1.992
1932.000 1.999
1933.000 1.999
1934.000 2.006
1935.000 2.010
1936.000 2.021
1937.000 2.015
1938.000 2.025
1939.000 2.027
1940.000 2.037
1941.000 2.041
1942.000 2.043
1943.000 2.056
1944.000 2.058
1945.000 2.063
1946.000 2.071
1947.000 2.077
1948.000 2.092
1949.000 2.089
1950.000 2.102
1951.000 2.102
1952.000 2.103
1953.000 2.104
1954.000 2.114
1955.000 2.118
1956.000 2.131
1957.000 2.152
1958.000 2.155
1959.000 2.150
1960.000 2.164
1961.000 2.169
1962.000 2.175
1963.000 2.178
1964.000 2.191
1965.000 2.195
1966.000 2.204
1967.000 2.216
1968.000 2.234
1969.000 2.242
1970.000 2.250
1971.000 2.262
1972.000 2.266
1973.000 2.270
1974.000 2.314
1975.000 2.322
1976.000 2.325
1977.000 2.320
1978.000 2.340
1979.000 2.337
1980.000 2.348
1981.000 2.366
1982.000 2.364
1983.000 2.383
1984.000 2.394
1985.000 2.411
1986.000 2.426
1987.000 2.436
1988.000 2.445
1989.000 2.462
1990.000 2.473
1991.000 2.482
1992.000 2.505
1993.000 2.516
1994.000 2.533
1995.000 2.549
1996.000 2.573
1997.000 2.586
1998.000 2.604
1999.000 2.618
2000.000 2.644
2001.000 2.665
2002.000 2.686
2003.000 2.711
2004.000 2.725
2005.000 2.738
2006.000 2.761
2007.000 2.795
2008.000 2.814
2009.000 2.832
2010.000 2.871
2011.000 2.878
2012.000 2.920
2013.000 2.935
2014.000 2.968
2015.000 3.006
2016.000 3.078
2017.000 3.155
2018.000 3.182
2019.000 3.196
2020.000 3.213
2021.000 3.232
2022.000 3.255
2023.000 3.304
2024.000 3.300
2025.000 3.353
2026.000 3.372
2027.000 3.425
2028.000 3.459
2029.000 3.517
2030.000 3.580
2031.000 3.632
2032.000 3.743
2033.000 3.789
2034.000 3.842
2035.000 3.905
2036.000 3.938
2037.000 4.001
2038.000 4.069
2039.000 4.127
2040.000 4.215
2041.000 4.299
2042.000 4.376
2043.000 4.480
2044.000 4.579
2045.000 4.663
2046.000 4.770
2047.000 4.837
2048.000 4.966
2049.000 5.083
2050.000 5.224
2051.000 5.397
2052.000 5.533
2053.000 5.679
2054.000 5.833
2055.000 6.007
2056.000 6.199
2057.000 6.415
2058.000 6.642
2059.000 6.887
2060.000 7.019
2061.000 7.285
2062.000 7.575
2063.000 7.895
2064.000 8.240
2065.000 8.723
2066.000 9.258
2067.000 9.715
2068.000 10.178
2069.000 10.659
2070.000 11.124
2071.000 11.721
2072.000 12.031
2073.000 12.709
2074.000 13.419
2075.000 14.134
2076.000 15.025
2077.000 15.628
2078.000 16.098
2079.000 16.424
2080.000 16.553
2081.000 16.414
2082.000 15.988
2083.000 15.329
2084.000 14.505
2085.000 14.066
2086.000 13.135
2087.000 12.241
2088.000 11.400
2089.000 10.663
2090.000 9.949
2091.000 9.307
2092.000 8.735
2093.000 8.179
2094.000 7.720
2095.000 7.371
2096.000 7.177
2097.000 6.783
2098.000 6.422
2099.000 6.097
2100.000 5.800
2101.000 5.531
2102.000 5.339
2103.000 5.106
2104.000 4.883
2105.000 4.665
2106.000 4.497
2107.000 4.310
2108.000 4.139
2109.000 4.054
2110.000 3.906
2111.000 3.799
2112.000 3.654
2113.000 3.515
2114.000 3.398
2115.000 3.284
2116.000 3.186
2117.000 3.096
2118.000 3.003
2119.000 2.922
2120.000 2.829
2121.000 2.781
2122.000 2.685
2123.000 2.594
2124.000 2.489
2125.000 2.385
2126.000 2.287
2127.000 2.185
2128.000 2.095
2129.000 2.014
2130.000 1.954
2131.000 1.878
2132.000 1.812
2133.000 1.756
2134.000 1.721
2135.000 1.667
2136.000 1.618
2137.000 1.568
2138.000 1.525
2139.000 1.491
2140.000 1.445
2141.000 1.407
2142.000 1.360
2143.000 1.324
2144.000 1.296
2145.000 1.282
2146.000 1.257
2147.000 1.226
2148.000 1.201
2149.000 1.191
2150.000 1.170
2151.000 1.147
2152.000 1.118
2153.000 1.091
2154.000 1.068
2155.000 1.046
2156.000 1.028
2157.000 1.018
2158.000 0.995
2159.000 0.980
2160.000 0.967
2161.000 0.955
2162.000 0.936
2163.000 0.926
2164.000 0.910
2165.000 0.891
2166.000 0.885
2167.000 0.868
2168.000 0.852
2169.000 0.834
2170.000 0.828
2171.000 0.818
2172.000 0.807
2173.000 0.792
2174.000 0.782
2175.000 0.770
2176.000 0.763
2177.000 0.754
2178.000 0.750
2179.000 0.736
2180.000 0.727
2181.000 0.719
2182.000 0.714
2183.000 0.705
2184.000 0.699
2185.000 0.694
2186.000 0.687
2187.000 0.680
2188.000 0.673
2189.000 0.667
2190.000 0.664
2191.000 0.662
2192.000 0.656
2193.000 0.653
2194.000 0.647
2195.000 0.638
2196.000 0.632
2197.000 0.631
2198.000 0.634
2199.000 0.627
2200.000 0.620
2201.000 0.616
2202.000 0.612
2203.000 0.612
2204.000 0.610
2205.000 0.615
2206.000 0.610
2207.000 0.609
2208.000 0.606
2209.000 0.608
2210.000 0.614
2211.000 0.612
2212.000 0.610
2213.000 0.611
2214.000 0.614
2215.000 0.618
2216.000 0.619
2217.000 0.626
2218.000 0.625
2219.000 0.630
2220.000 0.644
2221.000 0.647
2222.000 0.651
2223.000 0.658
2224.000 0.666
2225.000 0.677
2226.000 0.696
2227.000 0.711
2228.000 0.726
2229.000 0.750
2230.000 0.770
2231.000 0.784
2232.000 0.811
2233.000 0.838
2234.000 0.875
2235.000 0.918
2236.000 0.966
2237.000 1.021
2238.000 1.104
2239.000 1.188
2240.000 1.297
2241.000 1.390
2242.000 1.424
2243.000 1.508
2244.000 1.618
2245.000 1.754
2246.000 1.864
2247.000 1.981
2248.000 2.086
2249.000 2.157
2250.000 2.176
2251.000 2.119
2252.000 2.000
2253.000 1.830
2254.000 1.737
2255.000 1.569
2256.000 1.405
2257.000 1.255
2258.000 1.119
2259.000 0.978
2260.000 0.860
2261.000 0.761
2262.000 0.691
2263.000 0.623
2264.000 0.568
2265.000 0.523
2266.000 0.486
2267.000 0.470
2268.000 0.442
2269.000 0.414
2270.000 0.390
2271.000 0.373
2272.000 0.353
2273.000 0.336
2274.000 0.323
2275.000 0.312
2276.000 0.303
2277.000 0.293
2278.000 0.284
2279.000 0.282
2280.000 0.273
2281.000 0.264
2282.000 0.260
2283.000 0.254
2284.000 0.247
2285.000 0.244
2286.000 0.242
2287.000 0.237
2288.000 0.237
2289.000 0.233
2290.000 0.227
2291.000 0.225
2292.000 0.226
2293.000 0.223
2294.000 0.219
2295.000 0.218
2296.000 0.215
2297.000 0.213
2298.000 0.212
2299.000 0.208
2300.000 0.207
2301.000 0.207
2302.000 0.206
2303.000 0.204
2304.000 0.199
2305.000 0.201
2306.000 0.198
2307.000 0.196
2308.000 0.195
2309.000 0.193
2310.000 0.193
2311.000 0.191
2312.000 0.192
2313.000 0.193
2314.000 0.192
2315.000 0.193
2316.000 0.192
2317.000 0.191
2318.000 0.188
2319.000 0.187
2320.000 0.188
2321.000 0.186
2322.000 0.187
2323.000 0.187
2324.000 0.186
2325.000 0.185
2326.000 0.185
2327.000 0.187
2328.000 0.186
2329.000 0.184
2330.000 0.183
2331.000 0.182
2332.000 0.186
2333.000 0.188
2334.000 0.184
2335.000 0.185
2336.000 0.184
2337.000 0.185
2338.000 0.186
2339.000 0.184
2340.000 0.183
2341.000 0.183
2342.000 0.185
2343.000 0.179
2344.000 0.202
2345.000 0.211
2346.000 0.201
2347.000 0.193
2348.000 0.188
2349.000 0.184
2350.000 0.180
2351.000 0.180
2352.000 0.179
2353.000 0.180
2354.000 0.181
2355.000 0.180
2356.000 0.181
2357.000 0.180
2358.000 0.181
2359.000 0.179
2360.000 0.179
2361.000 0.180
2362.000 0.181
2363.000 0.179
2364.000 0.179
2365.000 0.190
2366.000 0.187
2367.000 0.183
2368.000 0.183
2369.000 0.183
2370.000 0.185
2371.000 0.185
2372.000 0.184
2373.000 0.181
2374.000 0.183
2375.000 0.182
2376.000 0.182
2377.000 0.181
2378.000 0.181
2379.000 0.183
2380.000 0.181
2381.000 0.182
2382.000 0.182
2383.000 0.181
2384.000 0.181
2385.000 0.182
2386.000 0.181
2387.000 0.183
2388.000 0.181
2389.000 0.181
2390.000 0.181
2391.000 0.180
2392.000 0.182
2393.000 0.183
2394.000 0.182
2395.000 0.183
2396.000 0.184
2397.000 0.184
2398.000 0.184
2399.000 0.182
2400.000 0.185
2401.000 0.184
2402.000 0.184
2403.000 0.184
2404.000 0.183
2405.000 0.185
2406.000 0.185
2407.000 0.186
2408.000 0.187
2409.000 0.186
2410.000 0.187
2411.000 0.186
2412.000 0.188
2413.000 0.187
2414.000 0.188
2415.000 0.187
2416.000 0.187
2417.000 0.187
2418.000 0.187
2419.000 0.187
2420.000 0.187
2421.000 0.189
2422.000 0.188
2423.000 0.187
2424.000 0.189
2425.000 0.188
2426.000 0.191
2427.000 0.191
2428.000 0.192
2429.000 0.189
2430.000 0.192
2431.000 0.189
2432.000 0.190
2433.000 0.193
2434.000 0.191
2435.000 0.194
2436.000 0.194
2437.000 0.195
2438.000 0.195
2439.000 0.195
2440.000 0.196
2441.000 0.193
2442.000 0.194
2443.000 0.195
2444.000 0.196
2445.000 0.197
2446.000 0.196
2447.000 0.198
2448.000 0.196
2449.000 0.200
2450.000 0.198
2451.000 0.198
2452.000 0.201
2453.000 0.200
2454.000 0.202
2455.000 0.200
2456.000 0.201
2457.000 0.202
2458.000 0.202
2459.000 0.203
2460.000 0.201
2461.000 0.204
2462.000 0.204
2463.000 0.204
2464.000 0.205
2465.000 0.206
2466.000 0.206
2467.000 0.205
2468.000 0.211
2469.000 0.207
2470.000 0.208
2471.000 0.208
2472.000 0.210
2473.000 0.209
2474.000 0.212
2475.000 0.211
2476.000 0.211
2477.000 0.210
2478.000 0.211
2479.000 0.212
2480.000 0.216
2481.000 0.217
2482.000 0.217
2483.000 0.216
2484.000 0.219
2485.000 0.219
2486.000 0.218
2487.000 0.218
2488.000 0.221
2489.000 0.222
2490.000 0.221
2491.000 0.223
2492.000 0.224
2493.000 0.224
2494.000 0.227
2495.000 0.226
2496.000 0.225
2497.000 0.226
2498.000 0.231
2499.000 0.225
2500.000 0.229
2501.000 0.229
2502.000 0.231
2503.000 0.235
2504.000 0.234
2505.000 0.237
2506.000 0.235
2507.000 0.238
2508.000 0.242
2509.000 0.239
2510.000 0.241
2511.000 0.241
2512.000 0.247
2513.000 0.240
2514.000 0.246
2515.000 0.243
2516.000 0.245
2517.000 0.251
2518.000 0.248
2519.000 0.250
2520.000 0.246
2521.000 0.246
2522.000 0.248
2523.000 0.247
2524.000 0.246
2525.000 0.246
2526.000 0.248
2527.000 0.246
2528.000 0.247
2529.000 0.246
2530.000 0.249
2531.000 0.255
2532.000 0.249
2533.000 0.250
2534.000 0.248
2535.000 0.252
2536.000 0.246
2537.000 0.249
2538.000 0.251
2539.000 0.247
2540.000 0.250
2541.000 0.245
2542.000 0.249
2543.000 0.246
2544.000 0.250
2545.000 0.250
2546.000 0.248
2547.000 0.250
2548.000 0.246
2549.000 0.251
2550.000 0.245
2551.000 0.248
2552.000 0.248
2553.000 0.248
2554.000 0.255
2555.000 0.250
2556.000 0.253
2557.000 0.250
2558.000 0.250
2559.000 0.249
2560.000 0.248
2561.000 0.253
2562.000 0.248
2563.000 0.247
2564.000 0.246
2565.000 0.247
2566.000 0.247
2567.000 0.244
2568.000 0.248
2569.000 0.244
2570.000 0.245
2571.000 0.243
2572.000 0.246
2573.000 0.244
2574.000 0.249
2575.000 0.249
2576.000 0.249
2577.000 0.247
2578.000 0.242
2579.000 0.246
2580.000 0.250
2581.000 0.247
2582.000 0.247
2583.000 0.247
2584.000 0.244
2585.000 0.245
2586.000 0.249
2587.000 0.246
2588.000 0.245
2589.000 0.251
2590.000 0.246
2591.000 0.249
2592.000 0.249
2593.000 0.247
2594.000 0.247
2595.000 0.246
2596.000 0.249
2597.000 0.246
2598.000 0.250
2599.000 0.244
2600.000 0.248
