110.000 0.027
120.000 0.023
130.000 5.917
140.000 6.972
150.000 8.256
160.000 8.763
170.000 9.298
180.000 9.364
190.000 9.196
200.000 9.367
210.000 9.473
220.000 9.864
230.000 10.580
240.000 11.149
250.000 12.065
260.000 12.276
270.000 13.162
280.000 14.461
290.000 15.068
300.000 16.389
310.000 17.195
320.000 18.859
330.000 20.973
340.000 22.381
350.000 26.269
360.000 29.028
370.000 36.243
380.000 44.125
390.000 48.046
400.000 56.286
410.000 60.733
420.000 70.508
430.000 71.413
440.000 68.618
450.000 63.932
460.000 62.426
470.000 61.729
480.000 60.332
490.000 58.110
500.000 45.719
510.000 38.691
520.000 29.942
530.000 24.271
540.000 21.914
550.000 17.774
560.000 15.920
570.000 12.492
580.000 9.891
590.000 8.869
600.000 7.242
610.000 6.588
620.000 5.540
630.000 4.687
640.000 4.361
650.000 3.808
660.000 3.573
670.000 3.198
680.000 2.901
690.000 2.784
700.000 2.580
710.000 2.497
720.000 2.368
730.000 2.267
740.000 2.232
750.000 2.182
760.000 2.165
770.000 2.159
780.000 2.172
790.000 2.206
800.000 2.281
810.000 2.347
820.000 2.635
830.000 2.872
840.000 3.439
850.000 4.408
860.000 5.267
870.000 9.241
880.000 13.646
890.000 23.812
900.000 15.211
910.000 9.556
920.000 5.429
930.000 4.343
940.000 2.994
950.000 2.225
960.000 1.968
970.000 1.580
980.000 1.434
990.000 1.227
1000.000 1.066
1010.000 1.010
1020.000 0.908
1030.000 0.869
1040.000 0.814
1050.000 0.772
1060.000 0.757
1070.000 0.724
1080.000 0.717
1090.000 0.707
1100.000 0.706
1110.000 0.705
1120.000 0.716
1130.000 0.721
1140.000 0.744
1150.000 0.770
1160.000 0.791
1170.000 0.837
1180.000 0.865
1190.000 0.935
1200.000 1.018
1210.000 1.073
1220.000 1.197
1230.000 1.278
1240.000 1.486
1250.000 1.762
1260.000 1.950
1270.000 2.492
1280.000 2.916
1290.000 4.566
1300.000 9.643
1310.000 14.612
1320.000 24.755
1330.000 22.632
1340.000 10.487
1350.000 6.233
1360.000 5.139
1370.000 3.747
1380.000 3.297
1390.000 2.649
1400.000 2.234
1410.000 2.076
1420.000 1.832
1430.000 1.739
1440.000 1.592
1450.000 1.486
1460.000 1.443
1470.000 1.378
1480.000 1.353
1490.000 1.312
1500.000 1.289
1510.000 1.282
1520.000 1.276
1530.000 1.277
1540.000 1.287
1550.000 1.302
1560.000 1.320
1570.000 1.355
1580.000 1.379
1590.000 1.434
1600.000 1.499
1610.000 1.534
1620.000 1.613
1630.000 1.661
1640.000 1.773
1650.000 1.934
1660.000 2.054
1670.000 2.468
1680.000 2.854
1690.000 4.467
1700.000 7.680
1710.000 9.708
1720.000 15.284
1730.000 19.641
1740.000 33.785
1750.000 43.154
1760.000 39.319
1770.000 24.365
1780.000 20.209
1790.000 14.923
1800.000 11.640
1810.000 10.447
1820.000 8.603
1830.000 7.881
1840.000 6.727
1850.000 5.889
1860.000 5.563
1870.000 5.054
1880.000 4.853
1890.000 4.533
1900.000 4.340
1910.000 4.297
1920.000 4.247
1930.000 4.239
1940.000 4.242
1950.000 4.256
1960.000 4.290
1970.000 4.352
1980.000 4.388
1990.000 4.484
2000.000 4.540
2010.000 4.682
2020.000 4.864
2030.000 4.956
2040.000 5.184
2050.000 5.313
2060.000 5.626
2070.000 6.032
2080.000 6.279
2090.000 6.859
2100.000 7.219
2110.000 8.165
2120.000 9.552
2130.000 10.498
2140.000 13.142
2150.000 14.975
2160.000 19.956
2170.000 26.481
2180.000 29.837
2190.000 34.317
2200.000 34.185
2210.000 27.007
2220.000 18.406
2230.000 15.244
2240.000 10.943
2250.000 9.477
2260.000 7.373
2270.000 5.967
2280.000 5.432
2290.000 4.598
2300.000 4.283
2310.000 3.850
2320.000 3.456
2330.000 3.279
2340.000 2.971
2350.000 2.836
2360.000 2.606
2370.000 2.426
2380.000 2.353
2390.000 2.234
2400.000 2.188
2410.000 2.119
2420.000 2.073
2430.000 2.059
2440.000 2.060
2450.000 2.074
2460.000 2.129
2470.000 2.213
2480.000 2.273
2490.000 2.407
2500.000 2.486
2510.000 2.694
2520.000 2.997
2530.000 3.201
2540.000 3.831
2550.000 4.259
2560.000 5.398
2570.000 6.149
2580.000 8.511
2590.000 12.705
2600.000 15.671
2610.000 22.907
2620.000 26.924
2630.000 32.530
2640.000 24.844
2650.000 18.646
2660.000 11.516
2670.000 9.345
2680.000 6.545
2690.000 4.946
2700.000 4.382
2710.000 3.554
2720.000 3.236
2730.000 2.735
2740.000 2.368
2750.000 2.219
2760.000 1.975
2770.000 1.874
2780.000 1.713
2790.000 1.589
2800.000 1.538
2810.000 1.456
2820.000 1.425
2830.000 1.374
2840.000 1.338
2850.000 1.327
2860.000 1.311
2870.000 1.308
2880.000 1.315
2890.000 1.333
2900.000 1.349
2910.000 1.396
2920.000 1.427
2930.000 1.514
2940.000 1.637
2950.000 1.714
2960.000 1.898
2970.000 2.003
2980.000 2.294
2990.000 2.782
3000.000 3.145
3010.000 4.411
3020.000 5.562
3030.000 9.607
3040.000 15.946
3050.000 19.538
3060.000 25.040
3070.000 23.361
3080.000 12.275
3090.000 7.206
3100.000 5.739
3110.000 3.918
3120.000 3.334
3130.000 2.489
3140.000 1.974
3150.000 1.784
3160.000 1.490
3170.000 1.377
3180.000 1.197
3190.000 1.063
3200.000 1.011
3210.000 0.924
3220.000 0.890
3230.000 0.834
3240.000 0.792
3250.000 0.776
3260.000 0.750
3270.000 0.743
3280.000 0.730
3290.000 0.727
3300.000 0.729
3310.000 0.740
3320.000 0.748
3330.000 0.771
3340.000 0.807
3350.000 0.828
3360.000 0.884
3370.000 0.922
3380.000 1.015
3390.000 1.152
3400.000 1.244
3410.000 1.507
3420.000 1.673
3430.000 2.130
3440.000 2.937
3450.000 3.597
3460.000 5.993
3470.000 8.186
3480.000 15.035
3490.000 20.158
3500.000 18.480
3510.000 9.779
3520.000 7.461
3530.000 4.718
3540.000 3.263
3550.000 2.793
3560.000 2.141
3570.000 1.908
3580.000 1.570
3590.000 1.325
3600.000 1.234
3610.000 1.084
3620.000 1.026
3630.000 0.929
3640.000 0.856
3650.000 0.827
3660.000 0.777
3670.000 0.758
3680.000 0.727
3690.000 0.704
3700.000 0.697
3710.000 0.688
3720.000 0.686
3730.000 0.686
3740.000 0.689
3750.000 0.699
3760.000 0.716
3770.000 0.729
3780.000 0.760
3790.000 0.780
3800.000 0.830
3810.000 0.904
3820.000 0.952
3830.000 1.080
3840.000 1.170
3850.000 1.410
3860.000 1.739
3870.000 1.980
3880.000 2.748
3890.000 3.349
3900.000 5.382
3910.000 9.869
3920.000 13.045
3930.000 13.885
3940.000 9.912
3950.000 5.075
3960.000 3.090
3970.000 2.510
3980.000 1.780
3990.000 1.532
4000.000 1.197
4010.000 0.972
4020.000 0.882
4030.000 0.756
4040.000 0.709
4050.000 0.624
4060.000 0.566
4070.000 0.547
4080.000 0.501
4090.000 0.488
4100.000 0.464
4110.000 0.445
4120.000 0.438
4130.000 0.426
4140.000 0.423
4150.000 0.422
4160.000 0.424
4170.000 0.426
4180.000 0.435
4190.000 0.440
4200.000 0.459
4210.000 0.483
4220.000 0.498
4230.000 0.536
4240.000 0.561
4250.000 0.623
4260.000 0.708
4270.000 0.766
4280.000 0.918
4290.000 1.026
4300.000 1.293
4310.000 1.769
4320.000 2.227
4330.000 3.674
4340.000 4.842
4350.000 8.441
4360.000 9.601
4370.000 7.229
4380.000 4.000
4390.000 3.185
4400.000 2.176
4410.000 1.624
4420.000 1.437
4430.000 1.174
4440.000 1.092
4450.000 0.949
4460.000 0.844
4470.000 0.801
4480.000 0.734
4490.000 0.709
4500.000 0.675
4510.000 0.649
4520.000 0.639
4530.000 0.629
4540.000 0.627
4550.000 0.623
4560.000 0.630
4570.000 0.634
4580.000 0.648
4590.000 0.658
4600.000 0.680
4610.000 0.712
4620.000 0.731
4630.000 0.772
4640.000 0.789
4650.000 0.830
4660.000 0.884
4670.000 0.917
4680.000 0.974
4690.000 1.012
4700.000 1.108
4710.000 1.250
4720.000 1.342
4730.000 1.613
4740.000 1.816
4750.000 2.441
4760.000 3.639
4770.000 4.552
4780.000 6.832
4790.000 7.713
4800.000 5.233
4810.000 2.486
4820.000 1.858
4830.000 1.159
4840.000 0.959
4850.000 0.704
4860.000 0.558
4870.000 0.508
4880.000 0.445
4890.000 0.421
4900.000 0.397
4910.000 0.385
4920.000 0.386
4930.000 0.391
4940.000 0.396
4950.000 0.415
4960.000 0.436
4970.000 0.480
4980.000 0.550
4990.000 0.585
5000.000 0.691
5010.000 0.736
5020.000 0.856
5030.000 0.972
5040.000 1.029
5050.000 1.205
5060.000 1.302
5070.000 1.519
5080.000 1.811
5090.000 1.985
5100.000 2.390
5110.000 2.637
5120.000 3.212
5130.000 3.942
5140.000 4.381
5150.000 5.460
5160.000 6.141
5170.000 7.965
5180.000 10.926
5190.000 13.152
5200.000 19.486
5210.000 23.487
5220.000 30.952
5230.000 29.125
5240.000 22.532
5250.000 13.997
5260.000 11.428
5270.000 7.927
5280.000 5.781
5290.000 5.015
5300.000 3.866
5310.000 3.440
5320.000 2.794
5330.000 2.345
5340.000 2.172
5350.000 1.896
5360.000 1.786
5370.000 1.602
5380.000 1.464
5390.000 1.405
5400.000 1.311
5410.000 1.271
5420.000 1.207
5430.000 1.158
5440.000 1.141
5450.000 1.112
5460.000 1.103
5470.000 1.093
5480.000 1.091
5490.000 1.097
5500.000 1.114
5510.000 1.132
5520.000 1.181
5530.000 1.254
5540.000 1.300
5550.000 1.423
5560.000 1.495
5570.000 1.690
5580.000 2.008
5590.000 2.252
5600.000 3.056
5610.000 3.758
5620.000 6.276
5630.000 10.947
5640.000 14.213
5650.000 20.847
5660.000 19.523
5670.000 14.266
5680.000 8.040
5690.000 6.338
5700.000 4.220
5710.000 3.561
5720.000 2.673
5730.000 2.109
5740.000 1.901
5750.000 1.587
5760.000 1.471
5770.000 1.293
5780.000 1.164
5790.000 1.116
5800.000 1.028
5810.000 0.996
5820.000 0.941
5830.000 0.901
5840.000 0.886
5850.000 0.861
5860.000 0.853
5870.000 0.842
5880.000 0.839
5890.000 0.841
5900.000 0.849
5910.000 0.854
5920.000 0.872
5930.000 0.900
5940.000 0.919
5950.000 0.972
5960.000 1.002
5970.000 1.074
5980.000 1.178
5990.000 1.245
6000.000 1.429
6010.000 1.546
6020.000 1.924
6030.000 2.632
6040.000 3.204
6050.000 5.272
6060.000 6.854
6070.000 11.260
6080.000 16.995
6090.000 18.636
6100.000 12.840
6110.000 9.351
6120.000 5.587
6130.000 4.483
6140.000 3.086
6150.000 2.297
6160.000 2.017
6170.000 1.608
6180.000 1.458
6190.000 1.231
6200.000 1.074
6210.000 1.012
6220.000 0.914
6230.000 0.877
6240.000 0.810
6250.000 0.759
6260.000 0.740
6270.000 0.704
6280.000 0.693
6290.000 0.672
6300.000 0.659
6310.000 0.656
6320.000 0.670
6330.000 0.665
6340.000 0.664
6350.000 0.666
6360.000 0.674
6370.000 0.690
6380.000 0.706
6390.000 0.742
6400.000 0.795
6410.000 0.825
6420.000 0.912
6430.000 0.966
6440.000 1.113
6450.000 1.354
6460.000 1.539
6470.000 2.207
6480.000 2.809
6490.000 5.005
6500.000 8.650
6510.000 10.895
6520.000 14.826
6530.000 14.358
6540.000 8.479
6550.000 5.217
6560.000 4.243
6570.000 2.978
6580.000 2.572
6590.000 2.002
6600.000 1.628
6610.000 1.488
6620.000 1.278
6630.000 1.199
6640.000 1.079
6650.000 0.989
6660.000 0.957
6670.000 0.899
6680.000 0.876
6690.000 0.840
6700.000 0.813
6710.000 0.804
6720.000 0.785
6730.000 0.782
6740.000 0.778
6750.000 0.778
6760.000 0.781
6770.000 0.792
6780.000 0.802
6790.000 0.828
6800.000 0.864
6810.000 0.888
6820.000 0.940
6830.000 0.972
6840.000 1.055
6850.000 1.174
6860.000 1.251
6870.000 1.471
6880.000 1.630
6890.000 2.110
6900.000 2.901
6910.000 3.486
6920.000 5.375
6930.000 6.782
6940.000 10.540
6950.000 13.704
6960.000 12.984
6970.000 7.422
6980.000 5.608
6990.000 3.493
7000.000 2.382
7010.000 2.048
7020.000 1.549
7030.000 1.378
7040.000 1.112
7050.000 0.943
7060.000 0.875
7070.000 0.777
7080.000 0.732
7090.000 0.663
7100.000 0.614
7110.000 0.596
7120.000 0.561
7130.000 0.546
7140.000 0.524
7150.000 0.506
7160.000 0.501
7170.000 0.491
7180.000 0.488
7190.000 0.485
7200.000 0.485
7210.000 0.487
7220.000 0.497
7230.000 0.502
7240.000 0.520
7250.000 0.546
7260.000 0.564
7270.000 0.610
7280.000 0.638
7290.000 0.718
7300.000 0.769
7310.000 0.914
7320.000 1.169
7330.000 1.376
7340.000 2.131
7350.000 2.805
7360.000 4.998
7370.000 8.093
7380.000 9.875
7390.000 11.369
7400.000 9.748
7410.000 5.898
7420.000 3.898
7430.000 3.260
7440.000 2.388
7450.000 2.095
7460.000 1.681
7470.000 1.404
7480.000 1.298
7490.000 1.139
7500.000 1.083
7510.000 0.992
7520.000 0.924
7530.000 0.897
7540.000 0.853
7550.000 0.834
7560.000 0.806
7570.000 0.785
7580.000 0.780
7590.000 0.767
7600.000 0.764
7610.000 0.763
7620.000 0.769
7630.000 0.779
7640.000 0.796
7650.000 0.806
7660.000 0.833
7670.000 0.869
7680.000 0.893
7690.000 0.951
7700.000 0.985
7710.000 1.075
7720.000 1.205
7730.000 1.291
7740.000 1.487
7750.000 1.616
7760.000 1.983
7770.000 2.654
7780.000 3.190
7790.000 4.921
7800.000 6.213
7810.000 9.433
7820.000 10.775
7830.000 9.140
7840.000 4.960
7850.000 3.767
7860.000 2.368
7870.000 1.638
7880.000 1.397
7890.000 1.046
7900.000 0.925
7910.000 0.744
7920.000 0.621
7930.000 0.568
7940.000 0.487
7950.000 0.456
7960.000 0.405
7970.000 0.361
7980.000 0.344
7990.000 0.322
8000.000 0.314
8010.000 0.316
8020.000 0.304
8030.000 0.296
8040.000 0.289
8050.000 0.283
8060.000 0.278
8070.000 0.278
8080.000 0.282
8090.000 0.286
8100.000 0.285
8110.000 0.289
8120.000 0.315
8130.000 0.332
8140.000 0.376
8150.000 0.405
8160.000 0.477
8170.000 0.538
8180.000 0.552
8190.000 0.669
8200.000 0.806
8210.000 1.318
8220.000 2.543
8230.000 3.586
8240.000 6.203
8250.000 7.480
8260.000 8.171
8270.000 5.581
8280.000 4.558
8290.000 3.191
8300.000 2.734
8310.000 2.088
8320.000 1.669
8330.000 1.509
8340.000 1.275
8350.000 1.187
8360.000 1.050
8370.000 0.959
8380.000 0.924
8390.000 0.870
8400.000 0.853
8410.000 0.830
8420.000 0.809
8430.000 0.796
8440.000 0.780
8450.000 0.777
8460.000 0.772
8470.000 0.771
8480.000 0.775
8490.000 0.783
8500.000 0.792
8510.000 0.808
8520.000 0.820
8530.000 0.849
8540.000 0.886
8550.000 0.905
8560.000 0.949
8570.000 0.983
8580.000 1.070
8590.000 1.165
8600.000 1.216
8610.000 1.366
8620.000 1.472
8630.000 1.789
8640.000 2.362
8650.000 2.825
8660.000 4.391
8670.000 5.522
8680.000 7.654
8690.000 6.870
8700.000 5.198
8710.000 3.025
8720.000 2.464
8730.000 1.622
8740.000 1.109
8750.000 0.946
8760.000 0.694
8770.000 0.609
8780.000 0.484
8790.000 0.398
8800.000 0.364
8810.000 0.310
8820.000 0.288
8830.000 0.254
8840.000 0.215
8850.000 0.217
8860.000 0.200
8870.000 0.192
8880.000 0.179
8890.000 0.165
8900.000 0.159
8910.000 0.154
8920.000 0.156
8930.000 0.154
8940.000 0.153
8950.000 0.155
8960.000 0.159
8970.000 0.162
8980.000 0.170
8990.000 0.191
9000.000 0.197
9010.000 0.231
9020.000 0.259
9030.000 0.324
9040.000 0.426
9050.000 0.501
9060.000 0.714
9070.000 0.879
9080.000 1.589
9090.000 2.172
9100.000 3.762
9110.000 5.860
9120.000 6.771
9130.000 6.478
9140.000 5.414
9150.000 3.854
9160.000 2.867
9170.000 2.505
9180.000 1.974
9190.000 1.772
9200.000 1.469
9210.000 1.255
9220.000 1.171
9230.000 1.037
9240.000 0.985
9250.000 0.907
9260.000 0.855
9270.000 0.837
9280.000 0.807
9290.000 0.794
9300.000 0.777
9310.000 0.785
9320.000 0.790
9330.000 0.785
9340.000 0.785
9350.000 0.787
9360.000 0.793
9370.000 0.795
9380.000 0.811
9390.000 0.821
9400.000 0.843
9410.000 0.872
9420.000 0.891
9430.000 0.934
9440.000 0.950
9450.000 1.003
9460.000 1.071
9470.000 1.116
9480.000 1.234
9490.000 1.313
9500.000 1.549
9510.000 2.026
9520.000 2.380
9530.000 3.371
9540.000 4.536
9550.000 5.853
9560.000 5.126
9570.000 3.828
9580.000 2.004
9590.000 1.509
9600.000 0.919
9610.000 0.598
9620.000 0.487
9630.000 0.338
9640.000 0.282
9650.000 0.198
9660.000 0.148
9670.000 0.126
9680.000 0.098
9690.000 0.090
9700.000 0.077
9710.000 0.073
9720.000 0.070
9730.000 0.071
9740.000 0.068
9750.000 0.072
9760.000 0.075
9770.000 0.077
9780.000 0.081
9790.000 0.078
9800.000 0.066
9810.000 0.051
9820.000 0.047
9830.000 0.037
9840.000 0.031
9850.000 0.023
9860.000 0.030
9870.000 0.039
9880.000 0.069
9890.000 0.087
9900.000 0.136
9910.000 0.209
9920.000 0.264
9930.000 0.452
9940.000 0.618
9950.000 1.206
9960.000 2.374
9970.000 3.223
9980.000 4.724
9990.000 4.936
10000.000 3.907
10010.000 2.857
10020.000 2.488
10030.000 2.015
10040.000 1.871
10050.000 1.733
10060.000 1.536
10070.000 1.422
10080.000 1.233
10090.000 1.084
10100.000 1.020
10110.000 0.916
10120.000 0.873
10130.000 0.804
10140.000 0.750
10150.000 0.726
10160.000 0.703
10170.000 0.695
10180.000 0.686
10190.000 0.682
10200.000 0.684
10210.000 0.685
10220.000 0.684
10230.000 0.689
10240.000 0.691
10250.000 0.703
10260.000 0.720
10270.000 0.729
10280.000 0.749
10290.000 0.761
10300.000 0.797
10310.000 0.810
10320.000 0.848
10330.000 0.901
10340.000 0.940
10350.000 1.036
10360.000 1.103
10370.000 1.302
10380.000 1.646
10390.000 1.930
10400.000 2.783
10410.000 3.181
10420.000 3.131
10430.000 1.832
10440.000 1.322
10450.000 0.735
10460.000 0.558
10470.000 0.335
10480.000 0.205
10490.000 0.163
10500.000 0.106
10510.000 0.090
10520.000 0.072
10530.000 0.071
10540.000 0.073
10550.000 0.075
10560.000 0.078
10570.000 0.080
10580.000 0.087
10590.000 0.092
10600.000 0.099
10610.000 0.103
10620.000 0.102
10630.000 0.103
10640.000 0.102
10650.000 0.103
10660.000 0.101
10670.000 0.098
10680.000 0.092
10690.000 0.090
10700.000 0.085
10710.000 0.079
10720.000 0.071
10730.000 0.062
10740.000 0.059
10750.000 0.057
10760.000 0.064
10770.000 0.091
10780.000 0.143
10790.000 0.183
10800.000 0.329
10810.000 0.483
10820.000 1.019
10830.000 1.936
10840.000 2.572
10850.000 3.572
10860.000 3.548
10870.000 2.856
10880.000 2.392
10890.000 2.189
10900.000 1.838
10910.000 1.700
10920.000 1.493
10930.000 1.345
10940.000 1.285
10950.000 1.188
10960.000 1.150
10970.000 1.084
10980.000 1.022
10990.000 0.985
11000.000 0.933
11010.000 0.900
11020.000 0.855
11030.000 0.799
11040.000 0.779
11050.000 0.737
11060.000 0.719
11070.000 0.692
11080.000 0.662
11090.000 0.654
11100.000 0.639
11110.000 0.632
11120.000 0.630
11130.000 0.637
11140.000 0.645
11150.000 0.659
11160.000 0.671
11170.000 0.689
11180.000 0.718
11190.000 0.735
11200.000 0.779
11210.000 0.801
11220.000 0.872
11230.000 0.980
11240.000 1.061
11250.000 1.299
11260.000 1.480
11270.000 1.944
11280.000 2.104
11290.000 1.826
11300.000 0.985
11310.000 0.693
11320.000 0.348
11330.000 0.168
11340.000 0.111
11350.000 0.036
11360.000 0.027
11370.000 0.056
11380.000 0.083
11390.000 0.095
11400.000 0.113
11410.000 0.120
11420.000 0.130
11430.000 0.142
11440.000 0.145
11450.000 0.154
11460.000 0.159
11470.000 0.164
11480.000 0.166
11490.000 0.171
11500.000 0.176
11510.000 0.176
11520.000 0.175
11530.000 0.174
11540.000 0.174
11550.000 0.171
11560.000 0.169
11570.000 0.163
11580.000 0.160
11590.000 0.153
11600.000 0.143
11610.000 0.141
11620.000 0.134
11630.000 0.134
11640.000 0.142
11650.000 0.172
11660.000 0.202
11670.000 0.343
11680.000 0.479
11690.000 0.963
11700.000 1.734
11710.000 2.197
11720.000 2.667
11730.000 2.529
11740.000 2.032
11750.000 1.638
11760.000 1.494
11770.000 1.258
11780.000 1.159
11790.000 1.013
11800.000 0.895
11810.000 0.848
11820.000 0.761
11830.000 0.726
11840.000 0.665
11850.000 0.618
11860.000 0.602
11870.000 0.572
11880.000 0.564
11890.000 0.551
11900.000 0.546
11910.000 0.543
11920.000 0.542
11930.000 0.540
11940.000 0.541
11950.000 0.540
11960.000 0.542
11970.000 0.545
11980.000 0.547
11990.000 0.551
12000.000 0.558
