110.000 0.028
120.000 0.473
130.000 3.635
140.000 5.815
150.000 6.281
160.000 6.921
170.000 7.504
180.000 7.550
190.000 7.744
200.000 7.722
210.000 8.244
220.000 9.705
230.000 10.600
240.000 12.747
250.000 12.986
260.000 13.357
270.000 16.110
280.000 18.101
290.000 22.484
300.000 25.350
310.000 34.255
320.000 50.834
330.000 59.910
340.000 67.623
350.000 66.323
360.000 43.784
370.000 33.839
380.000 31.886
390.000 30.616
400.000 31.437
410.000 34.020
420.000 35.512
430.000 38.516
440.000 39.886
450.000 39.950
460.000 38.690
470.000 37.454
480.000 34.251
490.000 30.503
500.000 28.570
510.000 25.010
520.000 23.471
530.000 20.930
540.000 18.861
550.000 18.213
560.000 17.427
570.000 17.268
580.000 17.455
590.000 18.382
600.000 19.155
610.000 21.718
620.000 23.508
630.000 31.493
640.000 47.927
650.000 57.356
660.000 67.757
670.000 20.990
680.000 17.422
690.000 10.492
700.000 8.492
710.000 5.905
720.000 4.387
730.000 3.849
740.000 3.040
750.000 2.754
760.000 2.297
770.000 1.966
780.000 1.835
790.000 1.616
800.000 1.528
810.000 1.389
820.000 1.343
830.000 1.336
840.000 1.297
850.000 1.281
860.000 1.261
870.000 1.270
880.000 1.285
890.000 1.347
900.000 1.393
910.000 1.537
920.000 1.780
930.000 1.973
940.000 2.592
950.000 3.989
960.000 5.351
970.000 8.223
980.000 5.665
990.000 2.132
1000.000 1.333
1010.000 1.111
1020.000 0.943
1030.000 0.709
1040.000 0.570
1050.000 0.515
1060.000 0.439
1070.000 0.411
1080.000 0.367
1090.000 0.350
1100.000 0.345
1110.000 0.344
1120.000 0.348
1130.000 0.366
1140.000 0.395
1150.000 0.411
1160.000 0.459
1170.000 0.487
1180.000 0.563
1190.000 0.660
1200.000 0.722
1210.000 0.880
1220.000 0.981
1230.000 1.270
1240.000 1.750
1250.000 2.127
1260.000 3.629
1270.000 5.450
1280.000 13.716
1290.000 12.200
1300.000 6.833
1310.000 4.234
1320.000 3.496
1330.000 2.597
1340.000 2.085
1350.000 1.911
1360.000 1.660
1370.000 1.573
1380.000 1.447
1390.000 1.368
1400.000 1.339
1410.000 1.303
1420.000 1.290
1430.000 1.283
1440.000 1.305
1450.000 1.321
1460.000 1.366
1470.000 1.400
1480.000 1.486
1490.000 1.616
1500.000 1.708
1510.000 1.961
1520.000 2.135
1530.000 2.665
1540.000 3.675
1550.000 4.531
1560.000 7.301
1570.000 9.229
1580.000 14.406
1590.000 18.455
1600.000 22.203
1610.000 11.898
1620.000 9.023
1630.000 5.699
1640.000 4.675
1650.000 3.316
1660.000 2.522
1670.000 2.266
1680.000 1.947
1690.000 1.877
1700.000 1.863
1710.000 1.929
1720.000 1.977
1730.000 2.109
1740.000 2.222
1750.000 2.495
1760.000 2.767
1770.000 2.885
1780.000 3.133
1790.000 3.297
1800.000 3.713
1810.000 4.312
1820.000 4.709
1830.000 5.810
1840.000 6.569
1850.000 8.657
1860.000 11.779
1870.000 13.840
1880.000 19.422
1890.000 23.428
1900.000 33.688
1910.000 38.739
1920.000 35.383
1930.000 23.566
1940.000 19.548
1950.000 14.126
1960.000 10.776
1970.000 9.568
1980.000 7.790
1990.000 7.147
2000.000 6.169
2010.000 5.485
2020.000 5.227
2030.000 4.814
2040.000 4.677
2050.000 4.522
2060.000 5.079
2070.000 6.108
2080.000 6.225
2090.000 6.219
2100.000 5.788
2110.000 5.540
2120.000 5.480
2130.000 5.475
2140.000 5.548
2150.000 5.877
2160.000 6.750
2170.000 7.394
2180.000 9.550
2190.000 11.092
2200.000 15.736
2210.000 22.887
2220.000 26.932
2230.000 32.890
2240.000 32.743
2250.000 22.890
2260.000 14.080
2270.000 11.371
2280.000 7.976
2290.000 6.881
2300.000 5.361
2310.000 4.370
2320.000 4.000
2330.000 3.429
2340.000 3.202
2350.000 2.843
2360.000 2.584
2370.000 2.482
2380.000 2.330
2390.000 2.274
2400.000 2.201
2410.000 2.173
2420.000 2.180
2430.000 2.264
2440.000 2.340
2450.000 2.569
2460.000 2.953
2470.000 3.232
2480.000 4.101
2490.000 4.782
2500.000 6.626
2510.000 10.097
2520.000 12.811
2530.000 20.217
2540.000 24.434
2550.000 30.800
2560.000 21.979
2570.000 15.849
2580.000 9.603
2590.000 7.783
2600.000 5.490
2610.000 4.200
2620.000 3.753
2630.000 3.077
2640.000 2.821
2650.000 2.432
2660.000 2.148
2670.000 2.041
2680.000 1.868
2690.000 1.801
2700.000 1.709
2710.000 1.660
2720.000 1.648
2730.000 1.650
2740.000 1.661
2750.000 1.719
2760.000 1.826
2770.000 1.911
2780.000 2.163
2790.000 2.324
2800.000 2.817
2810.000 3.212
2820.000 4.648
2830.000 8.048
2840.000 10.937
2850.000 18.182
2860.000 21.931
2870.000 23.326
2880.000 11.338
2890.000 8.457
2900.000 5.180
2910.000 4.236
2920.000 3.038
2930.000 2.326
2940.000 2.077
2950.000 1.708
2960.000 1.568
2970.000 1.356
2980.000 1.209
2990.000 1.154
3000.000 1.069
3010.000 1.049
3020.000 0.997
3030.000 0.984
3040.000 0.982
3050.000 0.995
3060.000 1.014
3070.000 1.083
3080.000 1.181
3090.000 1.253
3100.000 1.463
3110.000 1.615
3120.000 2.078
3130.000 2.916
3140.000 4.835
3150.000 6.703
3160.000 13.185
3170.000 16.986
3180.000 20.335
3190.000 10.280
3200.000 7.713
3210.000 4.760
3220.000 3.893
3230.000 2.783
3240.000 2.132
3250.000 1.908
3260.000 1.579
3270.000 1.455
3280.000 1.260
3290.000 1.132
3300.000 1.079
3310.000 1.000
3320.000 0.971
3330.000 0.929
3340.000 0.914
3350.000 0.914
3360.000 0.926
3370.000 0.941
3380.000 0.991
3390.000 1.023
3400.000 1.117
3410.000 1.274
3420.000 1.367
3430.000 1.634
3440.000 1.847
3450.000 2.600
3460.000 4.311
3470.000 5.950
3480.000 11.791
3490.000 14.697
3500.000 12.092
3510.000 5.581
3520.000 4.210
3530.000 2.660
3540.000 2.203
3550.000 1.621
3560.000 1.265
3570.000 1.136
3580.000 0.953
3590.000 0.885
3600.000 0.781
3610.000 0.710
3620.000 0.683
3630.000 0.643
3640.000 0.630
3650.000 0.614
3660.000 0.618
3670.000 0.628
3680.000 0.654
3690.000 0.676
3700.000 0.734
3710.000 0.830
3720.000 0.895
3730.000 1.066
3740.000 1.173
3750.000 1.500
3760.000 2.112
3770.000 2.629
3780.000 4.461
3790.000 6.181
3800.000 12.413
3810.000 13.358
3820.000 8.903
3830.000 4.690
3840.000 3.682
3850.000 2.464
3860.000 1.811
3870.000 1.593
3880.000 1.285
3890.000 1.177
3900.000 1.007
3910.000 0.886
3920.000 0.842
3930.000 0.768
3940.000 0.743
3950.000 0.701
3960.000 0.673
3970.000 0.668
3980.000 0.670
3990.000 0.671
4000.000 0.690
4010.000 0.717
4020.000 0.752
4030.000 0.822
4040.000 0.887
4050.000 1.039
4060.000 1.309
4070.000 1.490
4080.000 2.094
4090.000 2.608
4100.000 4.318
4110.000 7.749
4120.000 9.652
4130.000 6.718
4140.000 4.357
4150.000 2.450
4160.000 1.586
4170.000 1.331
4180.000 0.996
4190.000 0.885
4200.000 0.720
4210.000 0.613
4220.000 0.574
4230.000 0.515
4240.000 0.494
4250.000 0.461
4260.000 0.438
4270.000 0.428
4280.000 0.413
4290.000 0.409
4300.000 0.400
4310.000 0.405
4320.000 0.410
4330.000 0.435
4340.000 0.456
4350.000 0.514
4360.000 0.615
4370.000 0.691
4380.000 0.943
4390.000 1.165
4400.000 1.864
4410.000 3.243
4420.000 4.323
4430.000 7.449
4440.000 8.103
4450.000 4.520
4460.000 2.740
4470.000 2.252
4480.000 1.629
4490.000 1.427
4500.000 1.151
4510.000 0.976
4520.000 0.916
4530.000 0.823
4540.000 0.789
4550.000 0.744
4560.000 0.735
4570.000 0.725
4580.000 0.725
4590.000 0.729
4600.000 0.738
4610.000 0.747
4620.000 0.772
4630.000 0.808
4640.000 0.832
4650.000 0.885
4660.000 0.919
4670.000 1.003
4680.000 1.137
4690.000 1.239
4700.000 1.573
4710.000 1.846
4720.000 2.786
4730.000 4.566
4740.000 5.760
4750.000 7.478
4760.000 6.090
4770.000 2.547
4780.000 1.348
4790.000 1.031
4800.000 0.651
4810.000 0.533
4820.000 0.375
4830.000 0.278
4840.000 0.248
4850.000 0.204
4860.000 0.192
4870.000 0.179
4880.000 0.183
4890.000 0.189
4900.000 0.212
4910.000 0.230
4920.000 0.269
4930.000 0.329
4940.000 0.372
4950.000 0.495
4960.000 0.582
4970.000 0.849
4980.000 1.328
4990.000 1.656
5000.000 2.516
5010.000 2.988
5020.000 4.337
5030.000 6.679
5040.000 8.652
5050.000 15.439
5060.000 19.542
5070.000 22.638
5080.000 14.291
5090.000 11.530
5100.000 8.164
5110.000 7.027
5120.000 5.416
5130.000 4.336
5140.000 3.930
5150.000 3.268
5160.000 3.024
5170.000 2.644
5180.000 2.376
5190.000 2.268
5200.000 2.096
5210.000 2.030
5220.000 1.948
5230.000 1.921
5240.000 1.923
5250.000 1.955
5260.000 1.961
5270.000 1.990
5280.000 2.087
5290.000 2.158
5300.000 2.372
5310.000 2.531
5320.000 3.019
5330.000 3.989
5340.000 4.822
5350.000 7.867
5360.000 10.537
5370.000 18.444
5380.000 23.125
5390.000 20.009
5400.000 9.699
5410.000 7.294
5420.000 4.567
5430.000 3.197
5440.000 2.766
5450.000 2.164
5460.000 1.948
5470.000 1.633
5480.000 1.421
5490.000 1.344
5500.000 1.227
5510.000 1.183
5520.000 1.115
5530.000 1.080
5540.000 1.065
5550.000 1.058
5560.000 1.058
5570.000 1.074
5580.000 1.122
5590.000 1.169
5600.000 1.293
5610.000 1.385
5620.000 1.651
5630.000 2.126
5640.000 2.514
5650.000 3.851
5660.000 4.841
5670.000 8.002
5680.000 13.543
5690.000 16.700
5700.000 17.046
5710.000 12.333
5720.000 6.585
5730.000 4.114
5740.000 3.376
5750.000 2.401
5760.000 2.102
5770.000 1.671
5780.000 1.511
5790.000 1.277
5800.000 1.123
5810.000 1.064
5820.000 0.973
5830.000 0.937
5840.000 0.884
5850.000 0.851
5860.000 0.843
5870.000 0.833
5880.000 0.833
5890.000 0.848
5900.000 0.880
5910.000 0.908
5920.000 0.998
5930.000 1.062
5940.000 1.251
5950.000 1.605
5960.000 1.906
5970.000 3.019
5980.000 4.035
5990.000 7.150
6000.000 11.816
6010.000 13.849
6020.000 11.037
6030.000 7.724
6040.000 4.570
6050.000 3.032
6060.000 2.571
6070.000 1.955
6080.000 1.750
6090.000 1.445
6100.000 1.242
6110.000 1.162
6120.000 1.056
6130.000 1.016
6140.000 0.955
6150.000 0.916
6160.000 0.902
6170.000 0.888
6180.000 0.889
6190.000 0.893
6200.000 0.921
6210.000 0.948
6220.000 1.026
6230.000 1.079
6240.000 1.232
6250.000 1.483
6260.000 1.672
6270.000 2.235
6280.000 2.640
6290.000 4.037
6300.000 6.725
6310.000 8.702
6320.000 13.199
6330.000 13.972
6340.000 8.037
6350.000 4.500
6360.000 3.549
6370.000 2.391
6380.000 2.036
6390.000 1.557
6400.000 1.252
6410.000 1.138
6420.000 0.980
6430.000 0.916
6440.000 0.825
6450.000 0.759
6460.000 0.734
6470.000 0.701
6480.000 0.688
6490.000 0.673
6500.000 0.666
6510.000 0.669
6520.000 0.686
6530.000 0.695
6540.000 0.738
6550.000 0.819
6560.000 0.875
6570.000 1.050
6580.000 1.192
6590.000 1.684
6600.000 2.814
6610.000 3.772
6620.000 6.536
6630.000 8.348
6640.000 11.364
6650.000 7.968
6660.000 5.867
6670.000 3.668
6680.000 3.017
6690.000 2.189
6700.000 1.707
6710.000 1.542
6720.000 1.301
6730.000 1.214
6740.000 1.082
6750.000 0.994
6760.000 0.962
6770.000 0.915
6780.000 0.898
6790.000 0.876
6800.000 0.869
6810.000 0.876
6820.000 0.900
6830.000 0.921
6840.000 0.979
6850.000 1.068
6860.000 1.133
6870.000 1.288
6880.000 1.383
6890.000 1.642
6900.000 2.122
6910.000 2.516
6920.000 3.879
6930.000 4.989
6940.000 8.350
6950.000 10.055
6960.000 10.206
6970.000 5.413
6980.000 4.076
6990.000 2.536
7000.000 2.085
7010.000 1.514
7020.000 1.174
7030.000 1.057
7040.000 0.875
7050.000 0.805
7060.000 0.710
7070.000 0.645
7080.000 0.616
7090.000 0.577
7100.000 0.564
7110.000 0.541
7120.000 0.531
7130.000 0.529
7140.000 0.529
7150.000 0.535
7160.000 0.553
7170.000 0.590
7180.000 0.621
7190.000 0.705
7200.000 0.773
7210.000 0.993
7220.000 1.465
7230.000 1.900
7240.000 3.443
7250.000 4.563
7260.000 7.430
7270.000 9.344
7280.000 8.187
7290.000 4.716
7300.000 3.776
7310.000 2.600
7320.000 1.931
7330.000 1.709
7340.000 1.397
7350.000 1.284
7360.000 1.118
7370.000 1.017
7380.000 0.991
7390.000 0.926
7400.000 0.900
7410.000 0.862
7420.000 0.855
7430.000 0.855
7440.000 0.871
7450.000 0.884
7460.000 0.923
7470.000 0.984
7480.000 1.020
7490.000 1.092
7500.000 1.138
7510.000 1.269
7520.000 1.487
7530.000 1.683
7540.000 2.266
7550.000 2.757
7560.000 4.456
7570.000 7.240
7580.000 8.679
7590.000 8.364
7600.000 6.075
7610.000 3.230
7620.000 1.993
7630.000 1.636
7640.000 1.179
7650.000 1.027
7660.000 0.808
7670.000 0.668
7680.000 0.615
7690.000 0.540
7700.000 0.488
7710.000 0.468
7720.000 0.436
7730.000 0.423
7740.000 0.406
7750.000 0.402
7760.000 0.397
7770.000 0.399
7780.000 0.402
7790.000 0.420
7800.000 0.431
7810.000 0.470
7820.000 0.544
7830.000 0.599
7840.000 0.792
7850.000 0.958
7860.000 1.618
7870.000 3.057
7880.000 4.083
7890.000 6.614
7900.000 7.592
7910.000 6.409
7920.000 3.996
7930.000 3.283
7940.000 2.343
7950.000 2.029
7960.000 1.580
7970.000 1.295
7980.000 1.183
7990.000 1.036
8000.000 0.983
8010.000 0.910
8020.000 0.875
8030.000 0.866
8040.000 0.844
8050.000 0.854
8060.000 1.291
8070.000 1.335
8080.000 1.360
8090.000 1.367
8100.000 1.353
8110.000 1.260
8120.000 1.213
8130.000 1.215
8140.000 1.603
8150.000 1.749
8160.000 2.063
8170.000 2.186
8180.000 2.435
8190.000 3.527
8200.000 4.463
8210.000 5.846
8220.000 5.970
8230.000 4.415
8240.000 2.296
8250.000 1.766
8260.000 1.149
8270.000 0.960
8280.000 0.709
8290.000 0.544
8300.000 0.487
8310.000 0.412
8320.000 0.383
8330.000 0.344
8340.000 0.312
8350.000 0.305
8360.000 0.285
8370.000 0.275
8380.000 0.267
8390.000 0.259
8400.000 0.262
8410.000 0.267
8420.000 0.269
8430.000 0.288
8440.000 0.317
8450.000 0.338
8460.000 0.410
8470.000 0.463
8480.000 0.634
8490.000 1.054
8500.000 1.492
8510.000 3.161
8520.000 4.250
8530.000 6.260
8540.000 5.655
8550.000 4.556
8560.000 3.169
8570.000 2.718
8580.000 2.087
8590.000 1.652
8600.000 1.488
8610.000 1.254
8620.000 1.163
8630.000 1.028
8640.000 0.939
8650.000 0.909
8660.000 0.868
8670.000 0.854
8680.000 0.841
8690.000 0.842
8700.000 0.846
8710.000 0.863
8720.000 0.886
8730.000 0.913
8740.000 0.932
8750.000 0.982
8760.000 1.056
8770.000 1.105
8780.000 1.233
8790.000 1.330
8800.000 1.643
8810.000 2.277
8820.000 2.833
8830.000 4.553
8840.000 5.463
8850.000 5.677
8860.000 3.223
8870.000 2.309
8880.000 1.327
8890.000 1.053
8900.000 0.709
8910.000 0.509
8920.000 0.443
8930.000 0.346
8940.000 0.310
8950.000 0.259
8960.000 0.220
8970.000 0.208
8980.000 0.179
8990.000 0.171
9000.000 0.157
9010.000 0.149
9020.000 0.147
9030.000 0.141
9040.000 0.146
9050.000 0.146
9060.000 0.161
9070.000 0.178
9080.000 0.221
9090.000 0.255
9100.000 0.363
9110.000 0.561
9120.000 0.751
9130.000 1.565
9140.000 2.279
9150.000 4.069
9160.000 5.545
9170.000 5.393
9180.000 3.846
9190.000 3.287
9200.000 2.500
9210.000 1.976
9220.000 1.781
9230.000 1.484
9240.000 1.370
9250.000 1.196
9260.000 1.061
9270.000 0.967
9280.000 0.939
9290.000 0.923
9300.000 0.896
9310.000 0.862
9320.000 0.850
9330.000 0.845
9340.000 0.848
9350.000 0.858
9360.000 0.885
9370.000 0.902
9380.000 0.943
9390.000 0.971
9400.000 1.045
9410.000 1.155
9420.000 1.240
9430.000 1.503
9440.000 1.704
9450.000 2.333
9460.000 3.411
9470.000 4.068
9480.000 4.003
9490.000 3.057
9500.000 1.514
9510.000 0.842
9520.000 0.648
9530.000 0.409
9540.000 0.327
9550.000 0.220
9560.000 0.154
9570.000 0.134
9580.000 0.103
9590.000 0.097
9600.000 0.088
9610.000 0.085
9620.000 0.087
9630.000 0.085
9640.000 0.079
9650.000 0.064
9660.000 0.051
9670.000 0.044
9680.000 0.032
9690.000 0.027
9700.000 0.038
9710.000 0.075
9720.000 0.102
9730.000 0.183
9740.000 0.248
9750.000 0.501
9760.000 1.136
9770.000 1.711
9780.000 3.213
9790.000 3.841
9800.000 3.983
9810.000 3.228
9820.000 2.885
9830.000 2.332
9840.000 2.127
9850.000 1.811
9860.000 1.573
9870.000 1.473
9880.000 1.313
9890.000 1.238
9900.000 1.134
9910.000 1.087
9920.000 1.017
9930.000 0.945
9940.000 0.913
9950.000 0.872
9960.000 0.856
9970.000 0.830
9980.000 0.825
9990.000 0.825
10000.000 0.837
10010.000 0.839
10020.000 0.881
10030.000 0.934
10040.000 0.971
10050.000 1.088
10060.000 1.168
10070.000 1.440
10080.000 1.986
10090.000 2.394
10100.000 3.041
10110.000 2.776
10120.000 1.455
10130.000 0.707
10140.000 0.509
10150.000 0.278
10160.000 0.212
10170.000 0.145
10180.000 0.128
10190.000 0.115
10200.000 0.091
10210.000 0.092
10220.000 0.095
10230.000 0.097
10240.000 0.101
10250.000 0.102
10260.000 0.101
10270.000 0.099
10280.000 0.092
10290.000 0.087
10300.000 0.078
10310.000 0.070
10320.000 0.053
10330.000 0.036
10340.000 0.033
10350.000 0.060
10360.000 0.090
10370.000 0.185
10380.000 0.427
10390.000 0.707
10400.000 1.712
10410.000 2.388
10420.000 3.466
10430.000 3.175
10440.000 2.777
10450.000 2.213
10460.000 2.009
10470.000 1.733
10480.000 1.547
10490.000 1.476
10500.000 1.352
10510.000 1.306
10520.000 1.238
10530.000 1.184
10540.000 1.167
10550.000 1.110
10560.000 1.080
10570.000 1.019
10580.000 0.958
10590.000 0.925
10600.000 0.873
10610.000 0.854
10620.000 0.832
10630.000 0.825
10640.000 0.825
10650.000 0.845
10660.000 0.862
10670.000 0.922
10680.000 1.021
10690.000 1.079
10700.000 1.324
10710.000 1.507
10720.000 2.025
10730.000 2.317
10740.000 2.034
10750.000 1.037
10760.000 0.701
10770.000 0.335
10780.000 0.163
10790.000 0.119
10800.000 0.069
10810.000 0.062
10820.000 0.080
10830.000 0.102
10840.000 0.111
10850.000 0.124
10860.000 0.128
10870.000 0.136
10880.000 0.138
10890.000 0.141
10900.000 0.141
10910.000 0.142
10920.000 0.138
10930.000 0.130
10940.000 0.128
10950.000 0.117
10960.000 0.107
10970.000 0.101
10980.000 0.104
10990.000 0.115
11000.000 0.167
11010.000 0.237
11020.000 0.585
11030.000 1.348
11040.000 1.884
11050.000 2.875
11060.000 2.772
11070.000 2.438
11080.000 1.959
11090.000 1.792
11100.000 1.545
11110.000 1.461
11120.000 1.313
11130.000 1.251
11140.000 1.141
11150.000 1.050
11160.000 1.011
11170.000 0.940
11180.000 0.908
11190.000 0.846
11200.000 0.793
11210.000 0.774
11220.000 0.745
11230.000 0.732
11240.000 0.717
11250.000 0.704
11260.000 0.699
11270.000 0.697
11280.000 0.698
11290.000 0.724
11300.000 0.767
11310.000 0.798
11320.000 0.882
11330.000 0.949
11340.000 1.144
11350.000 1.409
11360.000 1.482
11370.000 1.166
11380.000 0.836
11390.000 0.356
11400.000 0.137
11410.000 0.078
11420.000 0.057
11430.000 0.075
11440.000 0.107
11450.000 0.131
11460.000 0.140
11470.000 0.161
11480.000 0.176
11490.000 0.198
11500.000 0.211
11510.000 0.214
11520.000 0.216
11530.000 0.221
11540.000 0.218
11550.000 0.217
11560.000 0.215
11570.000 0.207
11580.000 0.199
11590.000 0.187
11600.000 0.173
11610.000 0.172
11620.000 0.178
11630.000 0.192
11640.000 0.281
11650.000 0.577
11660.000 0.858
11670.000 1.566
11680.000 1.904
11690.000 2.182
11700.000 1.877
11710.000 1.690
11720.000 1.395
11730.000 1.278
11740.000 1.093
11750.000 0.953
11760.000 0.896
11770.000 0.799
11780.000 0.765
11790.000 0.703
11800.000 0.655
11810.000 0.633
11820.000 0.600
11830.000 0.585
11840.000 0.572
11850.000 0.566
11860.000 0.570
11870.000 0.571
11880.000 0.579
11890.000 0.589
11900.000 0.596
11910.000 0.606
11920.000 0.639
11930.000 0.652
11940.000 0.694
11950.000 0.757
11960.000 0.799
11970.000 0.915
11980.000 0.987
11990.000 1.019
12000.000 0.709
