110.000 0.081
120.000 0.065
130.000 8.941
140.000 9.940
150.000 11.392
160.000 13.665
170.000 14.558
180.000 14.821
190.000 14.514
200.000 14.525
210.000 14.667
220.000 14.878
230.000 15.274
240.000 15.487
250.000 16.029
260.000 16.201
270.000 16.361
280.000 16.653
290.000 16.990
300.000 17.245
310.000 17.691
320.000 17.928
330.000 18.620
340.000 19.027
350.000 20.279
360.000 22.306
370.000 23.569
380.000 26.652
390.000 28.333
400.000 31.714
410.000 34.796
420.000 36.249
430.000 38.668
440.000 39.672
450.000 40.790
460.000 40.392
470.000 39.593
480.000 36.707
490.000 35.005
500.000 31.606
510.000 28.262
520.000 26.829
530.000 24.269
540.000 23.089
550.000 20.926
560.000 18.797
570.000 17.821
580.000 16.051
590.000 15.233
600.000 13.765
610.000 12.429
620.000 11.773
630.000 10.535
640.000 9.980
650.000 8.938
660.000 8.058
670.000 7.697
680.000 7.122
690.000 6.904
700.000 6.591
710.000 6.427
720.000 6.379
730.000 6.374
740.000 6.392
750.000 6.502
760.000 6.705
770.000 6.855
780.000 7.219
790.000 7.458
800.000 8.057
810.000 8.831
820.000 9.539
830.000 11.317
840.000 12.269
850.000 14.842
860.000 19.322
870.000 22.749
880.000 31.197
890.000 34.203
900.000 29.164
910.000 16.380
920.000 12.361
930.000 7.885
940.000 6.428
950.000 4.427
960.000 3.723
970.000 2.723
980.000 2.060
990.000 1.815
1000.000 1.444
1010.000 1.289
1020.000 1.077
1030.000 0.905
1040.000 0.842
1050.000 0.730
1060.000 0.687
1070.000 0.624
1080.000 0.574
1090.000 0.557
1100.000 0.532
1110.000 0.519
1120.000 0.506
1130.000 0.503
1140.000 0.502
1150.000 0.505
1160.000 0.508
1170.000 0.516
1180.000 0.526
1190.000 0.533
1200.000 0.542
1210.000 0.548
1220.000 0.559
1230.000 0.576
1240.000 0.587
1250.000 0.604
1260.000 0.613
1270.000 0.631
1280.000 0.650
1290.000 0.662
1300.000 0.683
1310.000 0.694
1320.000 0.719
1330.000 0.747
1340.000 0.760
1350.000 0.791
1360.000 0.807
1370.000 0.843
1380.000 0.885
1390.000 0.907
1400.000 0.956
1410.000 0.981
1420.000 1.039
1430.000 1.104
1440.000 1.140
1450.000 1.224
1460.000 1.274
1470.000 1.394
1480.000 1.543
1490.000 1.628
1500.000 1.827
1510.000 1.909
1520.000 2.067
1530.000 2.217
1540.000 2.291
1550.000 2.455
1560.000 2.541
1570.000 2.725
1580.000 2.932
1590.000 3.047
1600.000 3.295
1610.000 3.424
1620.000 3.697
1630.000 3.992
1640.000 4.153
1650.000 4.561
1660.000 4.864
1670.000 5.912
1680.000 8.655
1690.000 11.093
1700.000 18.878
1710.000 24.113
1720.000 35.478
1730.000 46.019
1740.000 49.827
1750.000 50.280
1760.000 46.261
1770.000 35.688
1780.000 28.359
1790.000 25.502
1800.000 20.595
1810.000 18.583
1820.000 15.339
1830.000 12.887
1840.000 11.890
1850.000 10.276
1860.000 9.640
1870.000 8.616
1880.000 7.832
1890.000 7.505
1900.000 7.031
1910.000 6.889
1920.000 6.663
1930.000 6.474
1940.000 6.377
1950.000 6.216
1960.000 6.136
1970.000 5.979
1980.000 5.846
1990.000 5.780
2000.000 5.663
2010.000 5.595
2020.000 5.490
2030.000 5.377
2040.000 5.330
2050.000 5.204
2060.000 5.147
2070.000 5.040
2080.000 4.936
2090.000 4.861
2100.000 4.695
2110.000 4.606
2120.000 4.450
2130.000 4.376
2140.000 4.224
2150.000 4.087
2160.000 4.025
2170.000 3.903
2180.000 3.847
2190.000 3.740
2200.000 3.645
2210.000 3.603
2220.000 3.510
2230.000 3.484
2240.000 3.417
2250.000 3.355
2260.000 3.306
2270.000 3.287
2280.000 3.267
2290.000 3.230
2300.000 3.210
2310.000 3.198
2320.000 3.196
2330.000 3.194
2340.000 3.201
2350.000 3.224
2360.000 3.238
2370.000 3.275
2380.000 3.303
2390.000 3.362
2400.000 3.448
2410.000 3.498
2420.000 3.615
2430.000 3.685
2440.000 3.858
2450.000 4.071
2460.000 4.203
2470.000 4.499
2480.000 4.617
2490.000 4.840
2500.000 5.123
2510.000 5.299
2520.000 5.732
2530.000 6.007
2540.000 6.747
2550.000 7.844
2560.000 8.581
2570.000 10.658
2580.000 12.127
2590.000 16.406
2600.000 22.999
2610.000 27.116
2620.000 35.818
2630.000 39.243
2640.000 39.658
2650.000 28.531
2660.000 22.896
2670.000 15.097
2680.000 12.557
2690.000 9.160
2700.000 6.954
2710.000 6.202
2720.000 5.059
2730.000 4.617
2740.000 3.911
2750.000 3.394
2760.000 3.181
2770.000 2.800
2780.000 2.624
2790.000 2.324
2800.000 2.080
2810.000 1.975
2820.000 1.796
2830.000 1.718
2840.000 1.580
2850.000 1.465
2860.000 1.415
2870.000 1.323
2880.000 1.284
2890.000 1.211
2900.000 1.150
2910.000 1.121
2920.000 1.072
2930.000 1.049
2940.000 1.007
2950.000 0.972
2960.000 0.956
2970.000 0.923
2980.000 0.899
2990.000 0.886
3000.000 0.867
3010.000 0.855
3020.000 0.833
3030.000 0.826
3040.000 0.811
3050.000 0.809
3060.000 0.800
3070.000 0.793
3080.000 0.787
3090.000 0.782
3100.000 0.778
3110.000 0.779
3120.000 0.778
3130.000 0.778
3140.000 0.782
3150.000 0.787
3160.000 0.789
3170.000 0.798
3180.000 0.804
3190.000 0.816
3200.000 0.831
3210.000 0.841
3220.000 0.862
3230.000 0.874
3240.000 0.901
3250.000 0.935
3260.000 0.955
3270.000 0.998
3280.000 1.022
3290.000 1.081
3300.000 1.117
3310.000 1.196
3320.000 1.294
3330.000 1.350
3340.000 1.488
3350.000 1.550
3360.000 1.692
3370.000 1.872
3380.000 1.984
3390.000 2.265
3400.000 2.447
3410.000 2.939
3420.000 3.720
3430.000 4.286
3440.000 6.054
3450.000 7.455
3460.000 11.887
3470.000 18.496
3480.000 22.025
3490.000 26.798
3500.000 26.135
3510.000 17.797
3520.000 11.208
3530.000 9.092
3540.000 6.245
3550.000 5.303
3560.000 3.985
3570.000 3.136
3580.000 2.822
3590.000 2.344
3600.000 2.159
3610.000 1.859
3620.000 1.628
3630.000 1.535
3640.000 1.375
3650.000 1.306
3660.000 1.192
3670.000 1.098
3680.000 1.059
3690.000 0.989
3700.000 0.960
3710.000 0.905
3720.000 0.861
3730.000 0.839
3740.000 0.802
3750.000 0.787
3760.000 0.758
3770.000 0.736
3780.000 0.725
3790.000 0.704
3800.000 0.696
3810.000 0.681
3820.000 0.668
3830.000 0.662
3840.000 0.653
3850.000 0.647
3860.000 0.637
3870.000 0.631
3880.000 0.630
3890.000 0.625
3900.000 0.620
3910.000 0.616
3920.000 0.616
3930.000 0.614
3940.000 0.612
3950.000 0.614
3960.000 0.616
3970.000 0.615
3980.000 0.615
3990.000 0.623
4000.000 0.617
4010.000 0.624
4020.000 0.638
4030.000 0.634
4040.000 0.649
4050.000 0.660
4060.000 0.667
4070.000 0.677
4080.000 0.683
4090.000 0.699
4100.000 0.706
4110.000 0.726
4120.000 0.750
4130.000 0.765
4140.000 0.793
4150.000 0.812
4160.000 0.854
4170.000 0.903
4180.000 0.934
4190.000 1.004
4200.000 1.045
4210.000 1.146
4220.000 1.283
4230.000 1.346
4240.000 1.474
4250.000 1.552
4260.000 1.740
4270.000 1.986
4280.000 2.143
4290.000 2.577
4300.000 2.889
4310.000 3.869
4320.000 5.687
4330.000 7.092
4340.000 11.548
4350.000 14.360
4360.000 15.766
4370.000 9.579
4380.000 7.255
4390.000 4.464
4400.000 3.629
4410.000 2.548
4420.000 1.907
4430.000 1.685
4440.000 1.345
4450.000 1.212
4460.000 1.004
4470.000 0.851
4480.000 0.787
4490.000 0.681
4500.000 0.641
4510.000 0.570
4520.000 0.543
4530.000 0.492
4540.000 0.451
4550.000 0.434
4560.000 0.405
4570.000 0.392
4580.000 0.371
4590.000 0.358
4600.000 0.348
4610.000 0.334
4620.000 0.330
4630.000 0.324
4640.000 0.319
4650.000 0.316
4660.000 0.315
4670.000 0.313
4680.000 0.313
4690.000 0.313
4700.000 0.316
4710.000 0.312
4720.000 0.310
4730.000 0.305
4740.000 0.296
4750.000 0.289
4760.000 0.275
4770.000 0.264
4780.000 0.244
4790.000 0.221
4800.000 0.210
4810.000 0.190
4820.000 0.180
4830.000 0.162
4840.000 0.154
4850.000 0.154
4860.000 0.158
4870.000 0.166
4880.000 0.190
4890.000 0.225
4900.000 0.246
4910.000 0.295
4920.000 0.321
4930.000 0.389
4940.000 0.469
4950.000 0.512
4960.000 0.619
4970.000 0.687
4980.000 0.859
4990.000 1.091
5000.000 1.246
5010.000 1.628
5020.000 1.872
5030.000 2.418
5040.000 3.006
5050.000 3.305
5060.000 3.934
5070.000 4.256
5080.000 5.011
5090.000 5.401
5100.000 6.281
5110.000 7.361
5120.000 7.988
5130.000 9.512
5140.000 11.564
5150.000 12.868
5160.000 16.225
5170.000 18.348
5180.000 23.481
5190.000 29.916
5200.000 33.708
5210.000 41.655
5220.000 44.513
5230.000 42.542
5240.000 29.920
5250.000 25.050
5260.000 18.121
5270.000 15.526
5280.000 11.568
5290.000 8.840
5300.000 7.797
5310.000 6.175
5320.000 5.539
5330.000 4.535
5340.000 3.806
5350.000 3.517
5360.000 3.047
5370.000 2.851
5380.000 2.511
5390.000 2.235
5400.000 2.118
5410.000 1.917
5420.000 1.830
5430.000 1.679
5440.000 1.556
5450.000 1.501
5460.000 1.403
5470.000 1.359
5480.000 1.285
5490.000 1.219
5500.000 1.191
5510.000 1.137
5520.000 1.113
5530.000 1.070
5540.000 1.031
5550.000 1.015
5560.000 0.984
5570.000 0.969
5580.000 0.945
5590.000 0.922
5600.000 0.913
5610.000 0.895
5620.000 0.887
5630.000 0.872
5640.000 0.861
5650.000 0.855
5660.000 0.846
5670.000 0.847
5680.000 0.836
5690.000 0.834
5700.000 0.831
5710.000 0.831
5720.000 0.830
5730.000 0.831
5740.000 0.833
5750.000 0.839
5760.000 0.846
5770.000 0.850
5780.000 0.862
5790.000 0.868
5800.000 0.883
5810.000 0.902
5820.000 0.913
5830.000 0.938
5840.000 0.951
5850.000 0.983
5860.000 1.021
5870.000 1.040
5880.000 1.089
5890.000 1.116
5900.000 1.181
5910.000 1.252
5920.000 1.291
5930.000 1.379
5940.000 1.429
5950.000 1.552
5960.000 1.699
5970.000 1.795
5980.000 2.027
5990.000 2.181
6000.000 2.590
6010.000 3.287
6020.000 3.828
6030.000 5.637
6040.000 7.124
6050.000 11.502
6060.000 17.821
6070.000 21.490
6080.000 27.742
6090.000 28.344
6100.000 20.585
6110.000 12.694
6120.000 10.223
6130.000 6.941
6140.000 5.873
6150.000 4.408
6160.000 3.469
6170.000 3.116
6180.000 2.573
6190.000 2.363
6200.000 2.035
6210.000 1.791
6220.000 1.696
6230.000 1.530
6240.000 1.394
6250.000 1.335
6260.000 1.233
6270.000 1.186
6280.000 1.115
6290.000 1.080
6300.000 1.025
6310.000 1.000
6320.000 0.962
6330.000 0.922
6340.000 0.904
6350.000 0.875
6360.000 0.863
6370.000 0.840
6380.000 0.820
6390.000 0.811
6400.000 0.797
6410.000 0.789
6420.000 0.777
6430.000 0.768
6440.000 0.765
6450.000 0.759
6460.000 0.755
6470.000 0.750
6480.000 0.747
6490.000 0.745
6500.000 0.748
6510.000 0.747
6520.000 0.749
6530.000 0.753
6540.000 0.754
6550.000 0.760
6560.000 0.761
6570.000 0.770
6580.000 0.778
6590.000 0.782
6600.000 0.794
6610.000 0.798
6620.000 0.809
6630.000 0.821
6640.000 0.828
6650.000 0.843
6660.000 0.852
6670.000 0.871
6680.000 0.893
6690.000 0.904
6700.000 0.931
6710.000 0.946
6720.000 0.977
6730.000 1.015
6740.000 1.037
6750.000 1.081
6760.000 1.111
6770.000 1.169
6780.000 1.240
6790.000 1.282
6800.000 1.379
6810.000 1.435
6820.000 1.576
6830.000 1.759
6840.000 1.875
6850.000 2.186
6860.000 2.398
6870.000 3.059
6880.000 4.128
6890.000 4.917
6900.000 7.018
6910.000 8.456
6920.000 12.414
6930.000 17.759
6940.000 20.422
6950.000 21.760
6960.000 18.857
6970.000 11.556
6980.000 7.354
6990.000 6.016
7000.000 4.252
7010.000 3.683
7020.000 2.835
7030.000 2.276
7040.000 2.049
7050.000 1.717
7060.000 1.584
7070.000 1.371
7080.000 1.200
7090.000 1.128
7100.000 1.006
7110.000 0.954
7120.000 0.868
7130.000 0.798
7140.000 0.765
7150.000 0.712
7160.000 0.692
7170.000 0.659
7180.000 0.620
7190.000 0.604
7200.000 0.576
7210.000 0.564
7220.000 0.539
7230.000 0.516
7240.000 0.508
7250.000 0.492
7260.000 0.483
7270.000 0.470
7280.000 0.458
7290.000 0.453
7300.000 0.443
7310.000 0.438
7320.000 0.431
7330.000 0.423
7340.000 0.421
7350.000 0.417
7360.000 0.413
7370.000 0.409
7380.000 0.407
7390.000 0.405
7400.000 0.400
7410.000 0.400
7420.000 0.404
7430.000 0.401
7440.000 0.402
7450.000 0.408
7460.000 0.408
7470.000 0.413
7480.000 0.413
7490.000 0.418
7500.000 0.426
7510.000 0.429
7520.000 0.436
7530.000 0.442
7540.000 0.454
7550.000 0.465
7560.000 0.474
7570.000 0.493
7580.000 0.504
7590.000 0.529
7600.000 0.557
7610.000 0.573
7620.000 0.612
7630.000 0.636
7640.000 0.691
7650.000 0.747
7660.000 0.775
7670.000 0.847
7680.000 0.890
7690.000 0.992
7700.000 1.127
7710.000 1.213
7720.000 1.447
7730.000 1.608
7740.000 2.086
7750.000 2.957
7760.000 3.650
7770.000 5.779
7780.000 7.168
7790.000 10.572
7800.000 14.674
7810.000 16.538
7820.000 16.308
7830.000 13.774
7840.000 9.103
7850.000 6.236
7860.000 5.250
7870.000 3.848
7880.000 3.356
7890.000 2.647
7900.000 2.176
7910.000 1.990
7920.000 1.699
7930.000 1.588
7940.000 1.412
7950.000 1.278
7960.000 1.223
7970.000 1.120
7980.000 1.081
7990.000 1.001
8000.000 0.978
8010.000 0.942
8020.000 0.897
8030.000 0.872
8040.000 0.835
8050.000 0.793
8060.000 0.780
8070.000 0.751
8080.000 0.740
8090.000 0.722
8100.000 0.710
8110.000 0.701
8120.000 0.692
8130.000 0.685
8140.000 0.677
8150.000 0.671
8160.000 0.669
8170.000 0.666
8180.000 0.665
8190.000 0.665
8200.000 0.663
8210.000 0.661
8220.000 0.662
8230.000 0.663
8240.000 0.664
8250.000 0.669
8260.000 0.670
8270.000 0.677
8280.000 0.678
8290.000 0.684
8300.000 0.693
8310.000 0.699
8320.000 0.708
8330.000 0.713
8340.000 0.727
8350.000 0.742
8360.000 0.752
8370.000 0.761
8380.000 0.766
8390.000 0.782
8400.000 0.800
8410.000 0.805
8420.000 0.825
8430.000 0.836
8440.000 0.859
8450.000 0.885
8460.000 0.900
8470.000 0.935
8480.000 0.954
8490.000 0.997
8500.000 1.050
8510.000 1.078
8520.000 1.145
8530.000 1.183
8540.000 1.273
8550.000 1.390
8560.000 1.459
8570.000 1.636
8580.000 1.749
8590.000 2.037
8600.000 2.405
8610.000 2.658
8620.000 3.395
8630.000 3.939
8640.000 5.644
8650.000 7.066
8660.000 10.357
8670.000 13.569
8680.000 14.167
8690.000 10.938
8700.000 8.448
8710.000 5.151
8720.000 3.416
8730.000 2.859
8740.000 2.093
8750.000 1.832
8760.000 1.413
8770.000 1.129
8780.000 1.018
8790.000 0.841
8800.000 0.771
8810.000 0.654
8820.000 0.567
8830.000 0.522
8840.000 0.475
8850.000 0.423
8860.000 0.388
8870.000 0.349
8880.000 0.332
8890.000 0.304
8900.000 0.291
8910.000 0.266
8920.000 0.247
8930.000 0.239
8940.000 0.223
8950.000 0.214
8960.000 0.202
8970.000 0.191
8980.000 0.183
8990.000 0.176
9000.000 0.171
9010.000 0.164
9020.000 0.160
9030.000 0.155
9040.000 0.152
9050.000 0.148
9060.000 0.144
9070.000 0.139
9080.000 0.135
9090.000 0.133
9100.000 0.133
9110.000 0.132
9120.000 0.128
9130.000 0.127
9140.000 0.125
9150.000 0.124
9160.000 0.121
9170.000 0.118
9180.000 0.118
9190.000 0.117
9200.000 0.115
9210.000 0.116
9220.000 0.116
9230.000 0.117
9240.000 0.118
9250.000 0.122
9260.000 0.125
9270.000 0.130
9280.000 0.131
9290.000 0.138
9300.000 0.145
9310.000 0.153
9320.000 0.165
9330.000 0.173
9340.000 0.190
9350.000 0.199
9360.000 0.222
9370.000 0.253
9380.000 0.270
9390.000 0.307
9400.000 0.331
9410.000 0.385
9420.000 0.461
9430.000 0.510
9440.000 0.633
9450.000 0.717
9460.000 0.961
9470.000 1.332
9480.000 1.595
9490.000 2.401
9500.000 3.019
9510.000 4.787
9520.000 6.843
9530.000 7.688
9540.000 8.358
9550.000 8.463
9560.000 8.002
9570.000 6.094
9580.000 5.245
9590.000 3.911
9600.000 3.417
9610.000 2.673
9620.000 2.147
9630.000 1.945
9640.000 1.640
9650.000 1.521
9660.000 1.326
9670.000 1.188
9680.000 1.133
9690.000 1.052
9700.000 1.020
9710.000 0.964
9720.000 0.920
9730.000 0.900
9740.000 0.863
9750.000 0.847
9760.000 0.819
9770.000 0.794
9780.000 0.783
9790.000 0.763
9800.000 0.752
9810.000 0.737
9820.000 0.735
9830.000 0.731
9840.000 0.716
9850.000 0.708
9860.000 0.697
9870.000 0.695
9880.000 0.687
9890.000 0.681
9900.000 0.678
9910.000 0.670
9920.000 0.670
9930.000 0.665
9940.000 0.667
9950.000 0.664
9960.000 0.663
9970.000 0.666
9980.000 0.668
9990.000 0.669
10000.000 0.672
10010.000 0.672
10020.000 0.668
10030.000 0.678
10040.000 0.675
10050.000 0.671
10060.000 0.672
10070.000 0.675
10080.000 0.671
10090.000 0.679
10100.000 0.681
10110.000 0.689
10120.000 0.691
10130.000 0.698
10140.000 0.709
10150.000 0.717
10160.000 0.730
10170.000 0.737
10180.000 0.752
10190.000 0.770
10200.000 0.783
10210.000 0.806
10220.000 0.816
10230.000 0.842
10240.000 0.877
10250.000 0.896
10260.000 0.938
10270.000 0.963
10280.000 1.020
10290.000 1.099
10300.000 1.144
10310.000 1.256
10320.000 1.330
10330.000 1.527
10340.000 1.797
10350.000 1.984
10360.000 2.556
10370.000 2.992
10380.000 4.252
10390.000 5.736
10400.000 6.206
10410.000 5.337
10420.000 4.304
10430.000 2.542
10440.000 1.625
10450.000 1.331
10460.000 0.926
10470.000 0.781
10480.000 0.572
10490.000 0.426
10500.000 0.371
10510.000 0.285
10520.000 0.249
10530.000 0.194
10540.000 0.154
10550.000 0.136
10560.000 0.107
10570.000 0.092
10580.000 0.069
10590.000 0.050
10600.000 0.044
10610.000 0.033
10620.000 0.030
10630.000 0.031
10640.000 0.038
10650.000 0.040
10660.000 0.049
10670.000 0.053
10680.000 0.060
10690.000 0.069
10700.000 0.074
10710.000 0.076
10720.000 0.081
10730.000 0.087
10740.000 0.093
10750.000 0.094
10760.000 0.098
10770.000 0.101
10780.000 0.102
10790.000 0.106
10800.000 0.107
10810.000 0.109
10820.000 0.111
10830.000 0.112
10840.000 0.112
10850.000 0.112
10860.000 0.114
10870.000 0.113
10880.000 0.114
10890.000 0.112
10900.000 0.112
10910.000 0.111
10920.000 0.111
10930.000 0.109
10940.000 0.108
10950.000 0.105
10960.000 0.102
10970.000 0.102
10980.000 0.099
10990.000 0.097
11000.000 0.093
11010.000 0.088
11020.000 0.086
11030.000 0.080
11040.000 0.076
11050.000 0.073
11060.000 0.067
11070.000 0.067
11080.000 0.063
11090.000 0.064
11100.000 0.066
11110.000 0.071
11120.000 0.079
11130.000 0.098
11140.000 0.109
11150.000 0.140
11160.000 0.181
11170.000 0.210
11180.000 0.285
11190.000 0.343
11200.000 0.518
11210.000 0.850
11220.000 1.068
11230.000 1.628
11240.000 1.998
11250.000 3.090
11260.000 4.511
11270.000 4.996
11280.000 4.792
11290.000 4.279
11300.000 3.320
11310.000 2.655
11320.000 2.406
11330.000 2.035
11340.000 1.885
11350.000 1.653
11360.000 1.471
11370.000 1.400
11380.000 1.271
11390.000 1.206
11400.000 1.078
11410.000 0.969
11420.000 0.923
11430.000 0.842
11440.000 0.806
11450.000 0.741
11460.000 0.689
11470.000 0.668
11480.000 0.632
11490.000 0.620
11500.000 0.603
11510.000 0.590
11520.000 0.587
11530.000 0.579
11540.000 0.574
11550.000 0.566
11560.000 0.559
11570.000 0.554
11580.000 0.547
11590.000 0.546
11600.000 0.541
11610.000 0.536
11620.000 0.540
11630.000 0.542
11640.000 0.539
11650.000 0.536
11660.000 0.534
11670.000 0.532
11680.000 0.535
11690.000 0.540
11700.000 0.541
11710.000 0.541
11720.000 0.541
11730.000 0.535
11740.000 0.536
11750.000 0.533
11760.000 0.531
11770.000 0.533
11780.000 0.536
11790.000 0.533
11800.000 0.536
11810.000 0.534
11820.000 0.536
11830.000 0.540
11840.000 0.540
11850.000 0.539
11860.000 0.541
11870.000 0.545
11880.000 0.551
11890.000 0.554
11900.000 0.561
11910.000 0.573
11920.000 0.574
11930.000 0.588
11940.000 0.593
11950.000 0.607
11960.000 0.616
11970.000 0.626
11980.000 0.645
11990.000 0.658
12000.000 0.682
