110.000 0.056
120.000 0.043
130.000 7.383
140.000 8.646
150.000 10.432
160.000 10.748
170.000 11.022
180.000 10.785
190.000 10.680
200.000 10.487
210.000 10.546
220.000 10.826
230.000 11.253
240.000 11.314
250.000 11.471
260.000 11.741
270.000 12.477
280.000 13.005
290.000 13.271
300.000 13.807
310.000 14.125
320.000 14.833
330.000 15.706
340.000 16.280
350.000 17.668
360.000 18.518
370.000 20.837
380.000 24.118
390.000 26.197
400.000 30.894
410.000 33.253
420.000 37.470
430.000 40.966
440.000 42.523
450.000 44.952
460.000 45.719
470.000 46.353
480.000 46.118
490.000 45.711
500.000 44.734
510.000 44.362
520.000 44.397
530.000 45.463
540.000 46.187
550.000 48.614
560.000 50.556
570.000 56.327
580.000 65.904
590.000 70.489
600.000 68.452
610.000 67.005
620.000 58.732
630.000 39.289
640.000 25.287
650.000 18.605
660.000 16.162
670.000 11.897
680.000 8.993
690.000 7.876
700.000 6.162
710.000 5.499
720.000 4.442
730.000 3.648
740.000 3.331
750.000 2.798
760.000 2.581
770.000 2.213
780.000 1.907
790.000 1.776
800.000 1.545
810.000 1.443
820.000 1.321
830.000 1.239
840.000 1.191
850.000 1.079
860.000 1.032
870.000 0.944
880.000 0.865
890.000 0.830
900.000 0.766
910.000 0.738
920.000 0.688
930.000 0.645
940.000 0.625
950.000 0.592
960.000 0.577
970.000 0.552
980.000 0.527
990.000 0.522
1000.000 0.518
1010.000 0.514
1020.000 0.527
1030.000 0.542
1040.000 0.558
1050.000 0.600
1060.000 0.629
1070.000 0.708
1080.000 0.811
1090.000 0.886
1100.000 1.066
1110.000 1.182
1120.000 1.505
1130.000 2.034
1140.000 2.428
1150.000 3.826
1160.000 5.263
1170.000 12.280
1180.000 15.826
1190.000 10.861
1200.000 5.913
1210.000 4.773
1220.000 3.351
1230.000 2.960
1240.000 2.390
1250.000 2.033
1260.000 1.894
1270.000 1.684
1280.000 1.601
1290.000 1.466
1300.000 1.366
1310.000 1.327
1320.000 1.259
1330.000 1.233
1340.000 1.189
1350.000 1.158
1360.000 1.144
1370.000 1.127
1380.000 1.118
1390.000 1.109
1400.000 1.107
1410.000 1.107
1420.000 1.111
1430.000 1.115
1440.000 1.128
1450.000 1.153
1460.000 1.169
1470.000 1.208
1480.000 1.228
1490.000 1.277
1500.000 1.331
1510.000 1.359
1520.000 1.425
1530.000 1.460
1540.000 1.554
1550.000 1.653
1560.000 1.712
1570.000 1.849
1580.000 1.928
1590.000 2.124
1600.000 2.366
1610.000 2.494
1620.000 2.781
1630.000 2.888
1640.000 3.084
1650.000 3.325
1660.000 3.501
1670.000 4.072
1680.000 4.581
1690.000 6.556
1700.000 10.377
1710.000 13.048
1720.000 20.645
1730.000 26.582
1740.000 41.911
1750.000 47.317
1760.000 41.799
1770.000 26.498
1780.000 22.169
1790.000 16.202
1800.000 12.548
1810.000 11.188
1820.000 8.972
1830.000 8.176
1840.000 6.956
1850.000 6.485
1860.000 5.741
1870.000 5.179
1880.000 4.949
1890.000 4.558
1900.000 4.393
1910.000 4.112
1920.000 3.886
1930.000 3.789
1940.000 3.645
1950.000 3.592
1960.000 3.511
1970.000 3.447
1980.000 3.423
1990.000 3.387
2000.000 3.370
2010.000 3.352
2020.000 3.330
2030.000 3.330
2040.000 3.326
2050.000 3.331
2060.000 3.344
2070.000 3.369
2080.000 3.383
2090.000 3.430
2100.000 3.464
2110.000 3.539
2120.000 3.643
2130.000 3.706
2140.000 3.860
2150.000 3.949
2160.000 4.175
2170.000 4.462
2180.000 4.608
2190.000 4.824
2200.000 4.937
2210.000 5.209
2220.000 5.558
2230.000 5.782
2240.000 6.337
2250.000 6.704
2260.000 7.702
2270.000 9.214
2280.000 10.267
2290.000 13.288
2300.000 15.413
2310.000 21.183
2320.000 28.530
2330.000 32.158
2340.000 37.025
2350.000 36.831
2360.000 28.410
2370.000 19.019
2380.000 15.703
2390.000 11.232
2400.000 9.737
2410.000 7.501
2420.000 6.108
2430.000 5.578
2440.000 4.746
2450.000 4.420
2460.000 3.935
2470.000 3.534
2480.000 3.357
2490.000 3.053
2500.000 2.923
2510.000 2.696
2520.000 2.506
2530.000 2.419
2540.000 2.267
2550.000 2.198
2560.000 2.079
2570.000 1.978
2580.000 1.938
2590.000 1.867
2600.000 1.836
2610.000 1.783
2620.000 1.745
2630.000 1.730
2640.000 1.706
2650.000 1.697
2660.000 1.691
2670.000 1.695
2680.000 1.701
2690.000 1.721
2700.000 1.740
2710.000 1.773
2720.000 1.815
2730.000 1.835
2740.000 1.893
2750.000 1.930
2760.000 2.017
2770.000 2.124
2780.000 2.194
2790.000 2.361
2800.000 2.459
2810.000 2.712
2820.000 3.087
2830.000 3.346
2840.000 4.089
2850.000 4.640
2860.000 6.389
2870.000 9.564
2880.000 11.785
2890.000 17.874
2900.000 21.666
2910.000 30.189
2920.000 32.389
2930.000 26.287
2940.000 14.363
2950.000 11.197
2960.000 7.264
2970.000 5.146
2980.000 4.455
2990.000 3.432
3000.000 3.068
3010.000 2.462
3020.000 2.235
3030.000 1.893
3040.000 1.634
3050.000 1.532
3060.000 1.358
3070.000 1.293
3080.000 1.174
3090.000 1.077
3100.000 1.033
3110.000 0.966
3120.000 0.938
3130.000 0.887
3140.000 0.846
3150.000 0.829
3160.000 0.798
3170.000 0.788
3180.000 0.766
3190.000 0.752
3200.000 0.746
3210.000 0.739
3220.000 0.738
3230.000 0.735
3240.000 0.741
3250.000 0.743
3260.000 0.751
3270.000 0.757
3280.000 0.775
3290.000 0.798
3300.000 0.812
3310.000 0.844
3320.000 0.864
3330.000 0.912
3340.000 0.974
3350.000 1.008
3360.000 1.097
3370.000 1.154
3380.000 1.295
3390.000 1.499
3400.000 1.636
3410.000 2.020
3420.000 2.260
3430.000 2.926
3440.000 4.106
3450.000 5.067
3460.000 8.527
3470.000 11.514
3480.000 19.741
3490.000 25.797
3500.000 24.203
3510.000 13.123
3520.000 10.038
3530.000 6.355
3540.000 4.356
3550.000 3.708
3560.000 2.810
3570.000 2.490
3580.000 2.014
3590.000 1.680
3600.000 1.535
3610.000 1.331
3620.000 1.250
3630.000 1.116
3640.000 1.013
3650.000 0.970
3660.000 0.898
3670.000 0.867
3680.000 0.816
3690.000 0.775
3700.000 0.757
3710.000 0.727
3720.000 0.717
3730.000 0.694
3740.000 0.676
3750.000 0.672
3760.000 0.663
3770.000 0.661
3780.000 0.655
3790.000 0.656
3800.000 0.656
3810.000 0.661
3820.000 0.664
3830.000 0.671
3840.000 0.682
3850.000 0.688
3860.000 0.704
3870.000 0.711
3880.000 0.737
3890.000 0.764
3900.000 0.781
3910.000 0.821
3920.000 0.845
3930.000 0.902
3940.000 0.981
3950.000 1.032
3960.000 1.157
3970.000 1.237
3980.000 1.466
3990.000 1.830
4000.000 2.034
4010.000 2.625
4020.000 3.083
4030.000 4.452
4040.000 7.085
4050.000 9.387
4060.000 16.590
4070.000 19.005
4080.000 13.385
4090.000 6.836
4100.000 5.254
4110.000 3.355
4120.000 2.774
4130.000 2.011
4140.000 1.540
4150.000 1.367
4160.000 1.111
4170.000 1.015
4180.000 0.863
4190.000 0.754
4200.000 0.701
4210.000 0.629
4220.000 0.602
4230.000 0.552
4240.000 0.529
4250.000 0.494
4260.000 0.464
4270.000 0.451
4280.000 0.424
4290.000 0.412
4300.000 0.387
4310.000 0.367
4320.000 0.358
4330.000 0.345
4340.000 0.341
4350.000 0.332
4360.000 0.326
4370.000 0.326
4380.000 0.324
4390.000 0.323
4400.000 0.325
4410.000 0.328
4420.000 0.329
4430.000 0.336
4440.000 0.340
4450.000 0.350
4460.000 0.360
4470.000 0.368
4480.000 0.388
4490.000 0.398
4500.000 0.426
4510.000 0.466
4520.000 0.492
4530.000 0.554
4540.000 0.593
4550.000 0.699
4560.000 0.869
4570.000 0.994
4580.000 1.405
4590.000 1.743
4600.000 2.884
4610.000 4.719
4620.000 5.973
4630.000 10.140
4640.000 13.385
4650.000 16.151
4660.000 9.435
4670.000 7.478
4680.000 5.031
4690.000 3.614
4700.000 3.115
4710.000 2.376
4720.000 2.107
4730.000 1.697
4740.000 1.545
4750.000 1.294
4760.000 1.107
4770.000 1.032
4780.000 0.905
4790.000 0.854
4800.000 0.778
4810.000 0.727
4820.000 0.711
4830.000 0.686
4840.000 0.681
4850.000 0.675
4860.000 0.680
4870.000 0.687
4880.000 0.716
4890.000 0.733
4900.000 0.773
4910.000 0.826
4920.000 0.858
4930.000 0.933
4940.000 0.970
4950.000 1.064
4960.000 1.181
4970.000 1.235
4980.000 1.327
4990.000 1.376
5000.000 1.475
5010.000 1.595
5020.000 1.663
5030.000 1.821
5040.000 1.922
5050.000 2.107
5060.000 2.348
5070.000 2.488
5080.000 2.805
5090.000 2.992
5100.000 3.455
5110.000 4.041
5120.000 4.404
5130.000 5.332
5140.000 6.641
5150.000 7.513
5160.000 9.901
5170.000 11.521
5180.000 16.020
5190.000 18.977
5200.000 26.309
5210.000 35.077
5220.000 38.645
5230.000 36.093
5240.000 28.057
5250.000 16.956
5260.000 11.087
5270.000 9.161
5280.000 6.538
5290.000 5.659
5300.000 4.389
5310.000 3.515
5320.000 3.182
5330.000 2.670
5340.000 2.471
5350.000 2.146
5360.000 1.891
5370.000 1.787
5380.000 1.599
5390.000 1.525
5400.000 1.404
5410.000 1.353
5420.000 1.266
5430.000 1.195
5440.000 1.167
5450.000 1.117
5460.000 1.096
5470.000 1.061
5480.000 1.034
5490.000 1.023
5500.000 1.009
5510.000 1.001
5520.000 0.994
5530.000 0.994
5540.000 0.994
5550.000 1.001
5560.000 1.008
5570.000 1.021
5580.000 1.044
5590.000 1.056
5600.000 1.090
5610.000 1.112
5620.000 1.157
5630.000 1.216
5640.000 1.252
5650.000 1.334
5660.000 1.380
5670.000 1.484
5680.000 1.624
5690.000 1.707
5700.000 1.925
5710.000 2.242
5720.000 2.468
5730.000 3.157
5740.000 3.700
5750.000 5.602
5760.000 7.189
5770.000 12.098
5780.000 19.481
5790.000 23.573
5800.000 28.076
5810.000 25.285
5820.000 13.966
5830.000 8.510
5840.000 6.872
5850.000 4.754
5860.000 4.070
5870.000 3.102
5880.000 2.465
5890.000 2.224
5900.000 1.863
5910.000 1.722
5920.000 1.505
5930.000 1.340
5940.000 1.270
5950.000 1.156
5960.000 1.108
5970.000 1.035
5980.000 0.967
5990.000 0.940
6000.000 0.889
6010.000 0.873
6020.000 0.831
6030.000 0.812
6040.000 0.798
6050.000 0.779
6060.000 0.774
6070.000 0.754
6080.000 0.749
6090.000 0.749
6100.000 0.743
6110.000 0.740
6120.000 0.745
6130.000 0.749
6140.000 0.753
6150.000 0.764
6160.000 0.771
6170.000 0.791
6180.000 0.813
6190.000 0.830
6200.000 0.862
6210.000 0.881
6220.000 0.927
6230.000 0.984
6240.000 1.023
6250.000 1.108
6260.000 1.156
6270.000 1.284
6280.000 1.467
6290.000 1.587
6300.000 1.931
6310.000 2.191
6320.000 3.101
6330.000 4.991
6340.000 6.583
6350.000 11.155
6360.000 14.108
6370.000 20.741
6380.000 21.004
6390.000 16.267
6400.000 9.433
6410.000 7.513
6420.000 5.053
6430.000 3.662
6440.000 3.199
6450.000 2.521
6460.000 2.271
6470.000 1.888
6480.000 1.619
6490.000 1.520
6500.000 1.360
6510.000 1.296
6520.000 1.190
6530.000 1.107
6540.000 1.072
6550.000 1.012
6560.000 0.987
6570.000 0.945
6580.000 0.929
6590.000 0.897
6600.000 0.877
6610.000 0.865
6620.000 0.853
6630.000 0.847
6640.000 0.832
6650.000 0.829
6660.000 0.827
6670.000 0.828
6680.000 0.830
6690.000 0.831
6700.000 0.843
6710.000 0.848
6720.000 0.862
6730.000 0.868
6740.000 0.890
6750.000 0.918
6760.000 0.931
6770.000 0.968
6780.000 0.986
6790.000 1.037
6800.000 1.097
6810.000 1.133
6820.000 1.225
6830.000 1.274
6840.000 1.400
6850.000 1.585
6860.000 1.707
6870.000 2.060
6880.000 2.322
6890.000 3.093
6900.000 4.468
6910.000 5.425
6920.000 8.317
6930.000 10.368
6940.000 15.652
6950.000 19.513
6960.000 18.029
6970.000 10.209
6980.000 7.791
6990.000 4.898
7000.000 3.354
7010.000 2.879
7020.000 2.177
7030.000 1.932
7040.000 1.552
7050.000 1.300
7060.000 1.200
7070.000 1.046
7080.000 0.973
7090.000 0.865
7100.000 0.783
7110.000 0.749
7120.000 0.691
7130.000 0.665
7140.000 0.620
7150.000 0.586
7160.000 0.572
7170.000 0.545
7180.000 0.536
7190.000 0.519
7200.000 0.505
7210.000 0.498
7220.000 0.488
7230.000 0.485
7240.000 0.476
7250.000 0.476
7260.000 0.472
7270.000 0.474
7280.000 0.475
7290.000 0.479
7300.000 0.486
7310.000 0.491
7320.000 0.502
7330.000 0.509
7340.000 0.526
7350.000 0.548
7360.000 0.563
7370.000 0.596
7380.000 0.615
7390.000 0.670
7400.000 0.736
7410.000 0.782
7420.000 0.906
7430.000 0.974
7440.000 1.147
7450.000 1.414
7460.000 1.611
7470.000 2.268
7480.000 2.809
7490.000 4.668
7500.000 7.635
7510.000 9.466
7520.000 13.712
7530.000 15.346
7540.000 12.985
7550.000 8.043
7560.000 6.510
7570.000 4.499
7580.000 3.816
7590.000 2.855
7600.000 2.257
7610.000 2.037
7620.000 1.703
7630.000 1.574
7640.000 1.372
7650.000 1.233
7660.000 1.182
7670.000 1.095
7680.000 1.057
7690.000 0.997
7700.000 0.949
7710.000 0.928
7720.000 0.894
7730.000 0.877
7740.000 0.850
7750.000 0.829
7760.000 0.823
7770.000 0.810
7780.000 0.803
7790.000 0.795
7800.000 0.795
7810.000 0.793
7820.000 0.794
7830.000 0.795
7840.000 0.801
7850.000 0.806
7860.000 0.817
7870.000 0.829
7880.000 0.840
7890.000 0.858
7900.000 0.866
7910.000 0.891
7920.000 0.922
7930.000 0.939
7940.000 0.979
7950.000 1.001
7960.000 1.054
7970.000 1.126
7980.000 1.156
7990.000 1.234
8000.000 1.285
8010.000 1.435
8020.000 1.723
8030.000 1.916
8040.000 2.387
8050.000 2.707
8060.000 3.681
8070.000 5.001
8080.000 5.550
8090.000 7.737
8100.000 9.757
8110.000 12.050
8120.000 8.134
8130.000 5.973
8140.000 3.513
8150.000 2.807
8160.000 1.929
8170.000 1.427
8180.000 1.268
8190.000 1.024
8200.000 0.916
8210.000 0.749
8220.000 0.630
8230.000 0.583
8240.000 0.506
8250.000 0.474
8260.000 0.424
8270.000 0.385
8280.000 0.367
8290.000 0.339
8300.000 0.329
8310.000 0.309
8320.000 0.294
8330.000 0.289
8340.000 0.277
8350.000 0.273
8360.000 0.265
8370.000 0.259
8380.000 0.256
8390.000 0.250
8400.000 0.249
8410.000 0.246
8420.000 0.246
8430.000 0.245
8440.000 0.245
8450.000 0.247
8460.000 0.251
8470.000 0.252
8480.000 0.260
8490.000 0.267
8500.000 0.269
8510.000 0.281
8520.000 0.291
8530.000 0.318
8540.000 0.352
8550.000 0.370
8560.000 0.424
8570.000 0.458
8580.000 0.543
8590.000 0.650
8600.000 0.718
8610.000 0.913
8620.000 1.060
8630.000 1.532
8640.000 2.526
8650.000 3.390
8660.000 5.878
8670.000 7.314
8680.000 10.115
8690.000 9.826
8700.000 8.139
8710.000 5.685
8720.000 4.936
8730.000 3.673
8740.000 2.795
8750.000 2.463
8760.000 1.975
8770.000 1.794
8780.000 1.517
8790.000 1.321
8800.000 1.245
8810.000 1.132
8820.000 1.091
8830.000 1.018
8840.000 0.974
8850.000 0.959
8860.000 0.933
8870.000 0.904
8880.000 0.859
8890.000 0.833
8900.000 0.819
8910.000 0.802
8920.000 0.795
8930.000 0.786
8940.000 0.774
8950.000 0.769
8960.000 0.774
8970.000 0.779
8980.000 0.788
8990.000 0.790
9000.000 0.792
9010.000 0.796
9020.000 0.798
9030.000 0.813
9040.000 0.824
9050.000 0.833
9060.000 0.851
9070.000 0.878
9080.000 0.896
9090.000 0.928
9100.000 0.956
9110.000 1.019
9120.000 1.060
9130.000 1.142
9140.000 1.194
9150.000 1.227
9160.000 1.324
9170.000 1.381
9180.000 1.531
9190.000 1.769
9200.000 1.948
9210.000 2.499
9220.000 3.441
9230.000 4.050
9240.000 5.594
9250.000 6.726
9260.000 8.643
9270.000 8.271
9280.000 5.011
9290.000 2.852
9300.000 2.243
9310.000 1.478
9320.000 1.229
9330.000 0.882
9340.000 0.654
9350.000 0.574
9360.000 0.447
9370.000 0.396
9380.000 0.318
9390.000 0.259
9400.000 0.234
9410.000 0.196
9420.000 0.180
9430.000 0.153
9440.000 0.135
9450.000 0.125
9460.000 0.110
9470.000 0.106
9480.000 0.096
9490.000 0.086
9500.000 0.084
9510.000 0.078
9520.000 0.076
9530.000 0.073
9540.000 0.071
9550.000 0.069
9560.000 0.066
9570.000 0.063
9580.000 0.060
9590.000 0.059
9600.000 0.056
9610.000 0.053
9620.000 0.047
9630.000 0.045
9640.000 0.046
9650.000 0.047
9660.000 0.049
9670.000 0.056
9680.000 0.068
9690.000 0.076
9700.000 0.099
9710.000 0.128
9720.000 0.146
9730.000 0.190
9740.000 0.217
9750.000 0.288
9760.000 0.397
9770.000 0.475
9780.000 0.743
9790.000 0.963
9800.000 1.684
9810.000 3.038
9820.000 4.039
9830.000 6.207
9840.000 6.985
9850.000 6.494
9860.000 4.659
9870.000 4.010
9880.000 3.091
9890.000 2.749
9900.000 2.206
9910.000 1.802
9920.000 1.641
9930.000 1.391
9940.000 1.286
9950.000 1.122
9960.000 1.001
9970.000 0.951
9980.000 0.872
9990.000 0.840
10000.000 0.800
10010.000 0.771
10020.000 0.754
10030.000 0.742
10040.000 0.728
10050.000 0.712
10060.000 0.706
10070.000 0.696
10080.000 0.687
10090.000 0.685
10100.000 0.680
10110.000 0.675
10120.000 0.673
10130.000 0.673
10140.000 0.672
10150.000 0.671
10160.000 0.675
10170.000 0.682
10180.000 0.686
10190.000 0.691
10200.000 0.700
10210.000 0.716
10220.000 0.728
10230.000 0.750
10240.000 0.760
10250.000 0.783
10260.000 0.816
10270.000 0.839
10280.000 0.883
10290.000 0.903
10300.000 0.942
10310.000 0.995
10320.000 1.026
10330.000 1.118
10340.000 1.178
10350.000 1.334
10360.000 1.592
10370.000 1.784
10380.000 2.413
10390.000 2.897
10400.000 4.171
10410.000 4.788
10420.000 4.210
10430.000 2.409
10440.000 1.786
10450.000 1.052
10460.000 0.659
10470.000 0.533
10480.000 0.353
10490.000 0.288
10500.000 0.197
10510.000 0.137
10520.000 0.114
10530.000 0.086
10540.000 0.074
10550.000 0.064
10560.000 0.060
10570.000 0.057
10580.000 0.054
10590.000 0.055
10600.000 0.066
10610.000 0.075
10620.000 0.078
10630.000 0.086
10640.000 0.089
10650.000 0.095
10660.000 0.099
10670.000 0.102
10680.000 0.104
10690.000 0.102
10700.000 0.108
10710.000 0.109
10720.000 0.109
10730.000 0.108
10740.000 0.106
10750.000 0.105
10760.000 0.104
10770.000 0.100
10780.000 0.096
10790.000 0.094
10800.000 0.088
10810.000 0.087
10820.000 0.078
10830.000 0.070
10840.000 0.067
10850.000 0.062
10860.000 0.061
10870.000 0.066
10880.000 0.084
10890.000 0.098
10900.000 0.137
10910.000 0.164
10920.000 0.243
10930.000 0.396
10940.000 0.534
10950.000 1.003
10960.000 1.306
10970.000 1.991
10980.000 2.931
10990.000 3.599
11000.000 4.428
11010.000 4.175
11020.000 3.221
11030.000 2.512
11040.000 2.275
11050.000 1.903
11060.000 1.775
11070.000 1.568
11080.000 1.410
11090.000 1.344
11100.000 1.240
11110.000 1.199
11120.000 1.104
11130.000 1.017
11140.000 0.939
11150.000 0.898
11160.000 0.863
11170.000 0.802
11180.000 0.749
11190.000 0.725
11200.000 0.685
11210.000 0.665
11220.000 0.637
11230.000 0.617
11240.000 0.612
11250.000 0.607
11260.000 0.606
11270.000 0.605
11280.000 0.606
11290.000 0.605
11300.000 0.607
11310.000 0.604
11320.000 0.603
11330.000 0.608
11340.000 0.610
11350.000 0.612
11360.000 0.615
11370.000 0.622
11380.000 0.626
11390.000 0.628
11400.000 0.647
11410.000 0.656
11420.000 0.679
11430.000 0.707
11440.000 0.720
11450.000 0.743
11460.000 0.759
11470.000 0.805
11480.000 0.851
11490.000 0.880
11500.000 0.961
11510.000 1.017
11520.000 1.170
11530.000 1.449
11540.000 1.641
11550.000 2.148
11560.000 2.380
11570.000 2.251
11580.000 1.393
11590.000 1.022
11600.000 0.556
11610.000 0.417
11620.000 0.228
11630.000 0.111
11640.000 0.069
11650.000 0.011
11660.000 0.017
11670.000 0.050
11680.000 0.076
11690.000 0.086
11700.000 0.107
11710.000 0.112
11720.000 0.129
11730.000 0.141
11740.000 0.150
11750.000 0.161
11760.000 0.168
11770.000 0.179
11780.000 0.187
11790.000 0.194
11800.000 0.199
11810.000 0.204
11820.000 0.208
11830.000 0.212
11840.000 0.217
11850.000 0.217
11860.000 0.254
11870.000 0.281
11880.000 0.280
11890.000 0.268
11900.000 0.247
11910.000 0.238
11920.000 0.220
11930.000 0.215
11940.000 0.205
11950.000 0.195
11960.000 0.191
11970.000 0.185
11980.000 0.185
11990.000 0.178
12000.000 0.170
