110.000 0.084
120.000 0.034
130.000 6.746
140.000 7.634
150.000 8.716
160.000 9.078
170.000 9.285
180.000 9.256
190.000 9.171
200.000 9.194
210.000 9.116
220.000 9.402
230.000 10.023
240.000 10.424
250.000 11.153
260.000 11.662
270.000 12.848
280.000 13.863
290.000 14.423
300.000 15.419
310.000 15.875
320.000 17.086
330.000 18.597
340.000 19.663
350.000 22.015
360.000 23.856
370.000 28.360
380.000 33.693
390.000 36.288
400.000 40.981
410.000 43.327
420.000 48.145
430.000 53.101
440.000 55.605
450.000 60.261
460.000 62.413
470.000 65.963
480.000 69.911
490.000 70.609
500.000 68.363
510.000 66.380
520.000 62.701
530.000 61.670
540.000 60.193
550.000 43.877
560.000 35.330
570.000 25.922
580.000 20.422
590.000 18.210
600.000 14.285
610.000 12.457
620.000 9.655
630.000 7.666
640.000 6.884
650.000 5.635
660.000 5.135
670.000 4.328
680.000 3.705
690.000 3.442
700.000 3.008
710.000 2.820
720.000 2.504
730.000 2.246
740.000 2.133
750.000 1.939
760.000 1.852
770.000 1.705
780.000 1.692
790.000 1.606
800.000 1.466
810.000 1.417
820.000 1.380
830.000 1.369
840.000 1.347
850.000 1.300
860.000 1.276
870.000 1.251
880.000 1.246
890.000 1.247
900.000 1.266
910.000 1.283
920.000 1.339
930.000 1.379
940.000 1.512
950.000 1.713
960.000 1.859
970.000 2.289
980.000 2.622
990.000 3.776
1000.000 6.704
1010.000 9.750
1020.000 11.419
1030.000 7.022
1040.000 3.839
1050.000 2.617
1060.000 2.251
1070.000 1.758
1080.000 1.589
1090.000 1.341
1100.000 1.175
1110.000 1.110
1120.000 1.012
1130.000 0.974
1140.000 0.909
1150.000 0.860
1160.000 0.839
1170.000 0.815
1180.000 0.808
1190.000 0.800
1200.000 0.796
1210.000 0.798
1220.000 0.800
1230.000 0.805
1240.000 0.816
1250.000 0.832
1260.000 0.843
1270.000 0.871
1280.000 0.887
1290.000 0.934
1300.000 0.981
1310.000 1.008
1320.000 1.068
1330.000 1.102
1340.000 1.180
1350.000 1.269
1360.000 1.324
1370.000 1.447
1380.000 1.520
1390.000 1.697
1400.000 1.933
1410.000 2.079
1420.000 2.480
1430.000 2.795
1440.000 3.682
1450.000 5.401
1460.000 6.797
1470.000 10.888
1480.000 13.697
1490.000 22.782
1500.000 33.071
1510.000 31.333
1520.000 17.555
1530.000 13.899
1540.000 9.397
1550.000 6.802
1560.000 5.889
1570.000 4.543
1580.000 4.055
1590.000 3.301
1600.000 2.751
1610.000 2.527
1620.000 2.153
1630.000 1.993
1640.000 1.724
1650.000 1.518
1660.000 1.439
1670.000 1.339
1680.000 1.323
1690.000 1.367
1700.000 1.490
1710.000 1.567
1720.000 1.769
1730.000 1.885
1740.000 2.129
1750.000 2.383
1760.000 2.518
1770.000 2.802
1780.000 2.962
1790.000 3.317
1800.000 3.657
1810.000 3.787
1820.000 4.080
1830.000 4.258
1840.000 4.676
1850.000 5.206
1860.000 5.542
1870.000 6.345
1880.000 6.844
1890.000 8.076
1900.000 9.753
1910.000 10.802
1920.000 13.421
1930.000 15.010
1940.000 18.814
1950.000 23.301
1960.000 25.819
1970.000 31.593
1980.000 34.617
1990.000 39.659
2000.000 40.207
2010.000 38.052
2020.000 30.330
2030.000 26.734
2040.000 20.584
2050.000 18.129
2060.000 14.215
2070.000 11.387
2080.000 10.307
2090.000 8.636
2100.000 7.981
2110.000 6.934
2120.000 6.133
2130.000 5.813
2140.000 5.398
2150.000 5.233
2160.000 4.954
2170.000 4.708
2180.000 4.601
2190.000 4.400
2200.000 4.268
2210.000 4.014
2220.000 3.794
2230.000 3.701
2240.000 3.544
2250.000 3.480
2260.000 3.379
2270.000 3.307
2280.000 3.282
2290.000 3.256
2300.000 3.253
2310.000 3.267
2320.000 3.318
2330.000 3.352
2340.000 3.462
2350.000 3.535
2360.000 3.731
2370.000 4.000
2380.000 4.172
2390.000 4.465
2400.000 4.632
2410.000 5.072
2420.000 5.757
2430.000 6.236
2440.000 7.633
2450.000 8.667
2460.000 11.847
2470.000 17.329
2480.000 21.047
2490.000 29.585
2500.000 33.663
2510.000 36.842
2520.000 25.286
2530.000 19.419
2540.000 12.216
2550.000 10.006
2560.000 7.172
2570.000 5.488
2580.000 4.886
2590.000 3.974
2600.000 3.619
2610.000 3.054
2620.000 2.802
2630.000 2.434
2640.000 2.149
2650.000 2.033
2660.000 1.838
2670.000 1.759
2680.000 1.621
2690.000 1.511
2700.000 1.468
2710.000 1.393
2720.000 1.364
2730.000 1.315
2740.000 1.278
2750.000 1.265
2760.000 1.248
2770.000 1.242
2780.000 1.237
2790.000 1.243
2800.000 1.252
2810.000 1.275
2820.000 1.291
2830.000 1.335
2840.000 1.400
2850.000 1.439
2860.000 1.539
2870.000 1.602
2880.000 1.762
2890.000 1.985
2900.000 2.113
2910.000 2.434
2920.000 2.656
2930.000 3.311
2940.000 4.545
2950.000 5.572
2960.000 9.208
2970.000 12.011
2980.000 19.245
2990.000 27.957
3000.000 30.762
3010.000 23.366
3020.000 16.819
3030.000 10.102
3040.000 6.647
3050.000 5.544
3060.000 4.092
3070.000 3.576
3080.000 2.831
3090.000 2.325
3100.000 2.134
3110.000 1.824
3120.000 1.702
3130.000 1.501
3140.000 1.350
3150.000 1.289
3160.000 1.185
3170.000 1.142
3180.000 1.070
3190.000 1.014
3200.000 0.991
3210.000 0.949
3220.000 0.933
3230.000 0.911
3240.000 0.897
3250.000 0.892
3260.000 0.885
3270.000 0.884
3280.000 0.889
3290.000 0.898
3300.000 0.907
3310.000 0.926
3320.000 0.941
3330.000 0.975
3340.000 1.020
3350.000 1.050
3360.000 1.121
3370.000 1.166
3380.000 1.279
3390.000 1.443
3400.000 1.550
3410.000 1.855
3420.000 2.029
3430.000 2.557
3440.000 3.488
3450.000 4.254
3460.000 7.010
3470.000 9.456
3480.000 17.011
3490.000 22.262
3500.000 20.134
3510.000 10.179
3520.000 7.663
3530.000 4.734
3540.000 3.218
3550.000 2.737
3560.000 2.072
3570.000 1.835
3580.000 1.479
3590.000 1.233
3600.000 1.140
3610.000 0.990
3620.000 0.929
3630.000 0.830
3640.000 0.757
3650.000 0.726
3660.000 0.676
3670.000 0.655
3680.000 0.618
3690.000 0.593
3700.000 0.582
3710.000 0.567
3720.000 0.561
3730.000 0.549
3740.000 0.546
3750.000 0.544
3760.000 0.548
3770.000 0.550
3780.000 0.559
3790.000 0.571
3800.000 0.579
3810.000 0.603
3820.000 0.617
3830.000 0.650
3840.000 0.671
3850.000 0.719
3860.000 0.787
3870.000 0.829
3880.000 0.937
3890.000 1.010
3900.000 1.211
3910.000 1.518
3920.000 1.705
3930.000 2.265
3940.000 2.687
3950.000 4.032
3960.000 6.725
3970.000 9.165
3980.000 16.442
3990.000 18.321
4000.000 11.606
4010.000 6.305
4020.000 4.965
4030.000 3.283
4040.000 2.767
4050.000 2.077
4060.000 1.638
4070.000 1.478
4080.000 1.238
4090.000 1.146
4100.000 0.996
4110.000 0.888
4120.000 0.844
4130.000 0.771
4140.000 0.741
4150.000 0.691
4160.000 0.652
4170.000 0.638
4180.000 0.610
4190.000 0.602
4200.000 0.580
4210.000 0.567
4220.000 0.561
4230.000 0.552
4240.000 0.548
4250.000 0.543
4260.000 0.542
4270.000 0.540
4280.000 0.537
4290.000 0.538
4300.000 0.542
4310.000 0.553
4320.000 0.561
4330.000 0.584
4340.000 0.601
4350.000 0.638
4360.000 0.684
4370.000 0.714
4380.000 0.794
4390.000 0.844
4400.000 0.999
4410.000 1.239
4420.000 1.426
4430.000 2.006
4440.000 2.415
4450.000 3.687
4460.000 5.828
4470.000 7.342
4480.000 10.125
4490.000 8.770
4500.000 4.295
4510.000 2.503
4520.000 1.996
4530.000 1.366
4540.000 1.162
4550.000 0.879
4560.000 0.697
4570.000 0.629
4580.000 0.530
4590.000 0.490
4600.000 0.428
4610.000 0.387
4620.000 0.369
4630.000 0.342
4640.000 0.334
4650.000 0.320
4660.000 0.308
4670.000 0.304
4680.000 0.301
4690.000 0.298
4700.000 0.296
4710.000 0.297
4720.000 0.297
4730.000 0.294
4740.000 0.292
4750.000 0.286
4760.000 0.277
4770.000 0.272
4780.000 0.261
4790.000 0.255
4800.000 0.242
4810.000 0.233
4820.000 0.231
4830.000 0.238
4840.000 0.246
4850.000 0.280
4860.000 0.342
4870.000 0.387
4880.000 0.519
4890.000 0.622
4900.000 0.981
4910.000 1.771
4920.000 2.410
4930.000 3.981
4940.000 5.023
4950.000 8.337
4960.000 14.707
4970.000 18.420
4980.000 19.446
4990.000 15.748
5000.000 10.344
5010.000 8.922
5020.000 6.961
5030.000 5.731
5040.000 5.284
5050.000 4.557
5060.000 4.277
5070.000 3.831
5080.000 3.494
5090.000 3.360
5100.000 3.133
5110.000 3.037
5120.000 2.871
5130.000 2.717
5140.000 2.622
5150.000 2.425
5160.000 2.331
5170.000 2.169
5180.000 2.034
5190.000 1.981
5200.000 1.909
5210.000 1.892
5220.000 1.865
5230.000 1.839
5240.000 1.832
5250.000 1.819
5260.000 1.817
5270.000 1.819
5280.000 1.832
5290.000 1.844
5300.000 1.876
5310.000 1.894
5320.000 1.952
5330.000 2.028
5340.000 2.075
5350.000 2.191
5360.000 2.264
5370.000 2.454
5380.000 2.743
5390.000 2.941
5400.000 3.529
5410.000 3.963
5420.000 5.353
5430.000 8.056
5440.000 10.297
5450.000 17.354
5460.000 21.850
5470.000 28.429
5480.000 21.484
5490.000 15.228
5500.000 8.847
5510.000 7.027
5520.000 4.771
5530.000 3.517
5540.000 3.090
5550.000 2.458
5560.000 2.220
5570.000 1.861
5580.000 1.607
5590.000 1.497
5600.000 1.339
5610.000 1.277
5620.000 1.168
5630.000 1.085
5640.000 0.946
5650.000 1.160
5660.000 1.123
5670.000 1.086
5680.000 1.059
5690.000 1.048
5700.000 1.024
5710.000 1.011
5720.000 0.967
5730.000 0.936
5740.000 0.925
5750.000 0.913
5760.000 0.912
5770.000 0.917
5780.000 0.936
5790.000 0.947
5800.000 0.981
5810.000 1.003
5820.000 1.057
5830.000 1.135
5840.000 1.182
5850.000 1.297
5860.000 1.370
5870.000 1.568
5880.000 1.868
5890.000 2.086
5900.000 2.791
5910.000 3.344
5920.000 5.169
5930.000 8.144
5940.000 10.153
5950.000 15.468
5960.000 18.291
5970.000 19.054
5980.000 10.730
5990.000 8.218
6000.000 5.755
6010.000 4.778
6020.000 3.602
6030.000 2.852
6040.000 2.534
6050.000 2.092
6060.000 1.914
6070.000 1.628
6080.000 1.414
6090.000 1.303
6100.000 1.124
6110.000 1.057
6120.000 0.944
6130.000 0.861
6140.000 0.828
6150.000 0.780
6160.000 0.762
6170.000 0.730
6180.000 0.705
6190.000 0.693
6200.000 0.677
6210.000 0.670
6220.000 0.664
6230.000 0.663
6240.000 0.663
6250.000 0.668
6260.000 0.671
6270.000 0.683
6280.000 0.692
6290.000 0.713
6300.000 0.744
6310.000 0.765
6320.000 0.829
6330.000 0.849
6340.000 0.919
6350.000 1.008
6360.000 1.065
6370.000 1.227
6380.000 1.339
6390.000 1.686
6400.000 2.363
6410.000 2.940
6420.000 4.914
6430.000 6.370
6440.000 10.186
6450.000 14.788
6460.000 16.238
6470.000 12.348
6480.000 9.209
6490.000 5.723
6500.000 3.884
6510.000 3.289
6520.000 2.488
6530.000 2.211
6540.000 1.798
6550.000 1.512
6560.000 1.402
6570.000 1.237
6580.000 1.173
6590.000 1.069
6600.000 0.990
6610.000 0.959
6620.000 0.906
6630.000 0.882
6640.000 0.845
6650.000 0.818
6660.000 0.806
6670.000 0.787
6680.000 0.782
6690.000 0.772
6700.000 0.767
6710.000 0.767
6720.000 0.768
6730.000 0.772
6740.000 0.785
6750.000 0.799
6760.000 0.810
6770.000 0.835
6780.000 0.853
6790.000 0.892
6800.000 0.939
6810.000 0.971
6820.000 1.046
6830.000 1.088
6840.000 1.199
6850.000 1.360
6860.000 1.470
6870.000 1.782
6880.000 1.996
6890.000 2.526
6900.000 3.454
6910.000 4.179
6920.000 6.435
6930.000 8.067
6940.000 12.143
6950.000 14.941
6960.000 13.761
6970.000 7.770
6980.000 5.940
6990.000 3.754
7000.000 2.583
7010.000 2.228
7020.000 1.699
7030.000 1.516
7040.000 1.225
7050.000 1.039
7060.000 0.962
7070.000 0.847
7080.000 0.797
7090.000 0.720
7100.000 0.662
7110.000 0.637
7120.000 0.595
7130.000 0.575
7140.000 0.545
7150.000 0.519
7160.000 0.510
7170.000 0.494
7180.000 0.486
7190.000 0.476
7200.000 0.469
7210.000 0.469
7220.000 0.466
7230.000 0.466
7240.000 0.470
7250.000 0.477
7260.000 0.482
7270.000 0.495
7280.000 0.504
7290.000 0.528
7300.000 0.557
7310.000 0.575
7320.000 0.622
7330.000 0.684
7340.000 0.723
7350.000 0.825
7360.000 0.898
7370.000 1.106
7380.000 1.293
7390.000 1.858
7400.000 2.332
7410.000 3.892
7420.000 6.341
7430.000 7.883
7440.000 11.414
7450.000 12.555
7460.000 10.027
7470.000 6.139
7480.000 4.979
7490.000 3.458
7500.000 2.946
7510.000 2.236
7520.000 1.794
7530.000 1.630
7540.000 1.386
7550.000 1.291
7560.000 1.151
7570.000 1.051
7580.000 1.013
7590.000 0.949
7600.000 0.919
7610.000 0.872
7620.000 0.837
7630.000 0.823
7640.000 0.799
7650.000 0.787
7660.000 0.773
7670.000 0.762
7680.000 0.760
7690.000 0.763
7700.000 0.761
7710.000 0.767
7720.000 0.776
7730.000 0.783
7740.000 0.799
7750.000 0.809
7760.000 0.831
7770.000 0.860
7780.000 0.882
7790.000 0.930
7800.000 0.957
7810.000 1.027
7820.000 1.117
7830.000 1.175
7840.000 1.306
7850.000 1.375
7860.000 1.564
7870.000 1.848
7880.000 2.055
7890.000 2.694
7900.000 3.187
7910.000 4.791
7920.000 7.525
7930.000 9.197
7940.000 11.352
7950.000 10.503
7960.000 5.835
7970.000 3.219
7980.000 2.558
7990.000 1.805
8000.000 1.583
8010.000 1.192
8020.000 0.926
8030.000 0.822
8040.000 0.663
8050.000 0.597
8060.000 0.512
8070.000 0.446
8080.000 0.418
8090.000 0.375
8100.000 0.357
8110.000 0.331
8120.000 0.316
8130.000 0.314
8140.000 0.296
8150.000 0.285
8160.000 0.272
8170.000 0.262
8180.000 0.260
8190.000 0.253
8200.000 0.252
8210.000 0.248
8220.000 0.247
8230.000 0.251
8240.000 0.267
8250.000 0.274
8260.000 0.281
8270.000 0.293
8280.000 0.301
8290.000 0.323
8300.000 0.337
8310.000 0.376
8320.000 0.431
8330.000 0.469
8340.000 0.566
8350.000 0.625
8360.000 0.765
8370.000 0.845
8380.000 0.923
8390.000 1.475
8400.000 2.020
8410.000 3.847
8420.000 6.434
8430.000 7.840
8440.000 9.395
8450.000 8.513
8460.000 5.624
8470.000 3.929
8480.000 3.348
8490.000 2.515
8500.000 2.214
8510.000 1.772
8520.000 1.471
8530.000 1.359
8540.000 1.186
8550.000 1.121
8560.000 1.022
8570.000 0.986
8580.000 0.928
8590.000 0.884
8600.000 0.863
8610.000 0.835
8620.000 0.822
8630.000 0.803
8640.000 0.788
8650.000 0.786
8660.000 0.777
8670.000 0.775
8680.000 0.771
8690.000 0.770
8700.000 0.774
8710.000 0.780
8720.000 0.795
8730.000 0.828
8740.000 0.846
8750.000 0.856
8760.000 0.885
8770.000 0.904
8780.000 0.943
8790.000 0.998
8800.000 1.021
8810.000 1.082
8820.000 1.118
8840.000 1.339
8850.000 1.428
8860.000 1.671
8870.000 1.828
8880.000 2.307
8890.000 2.670
8900.000 3.882
8910.000 5.916
8920.000 7.119
8930.000 8.801
8940.000 8.411
8950.000 5.017
8960.000 2.817
8970.000 2.195
8980.000 1.435
8990.000 1.196
9000.000 0.858
9010.000 0.644
9020.000 0.567
9030.000 0.443
9040.000 0.405
9050.000 0.328
9060.000 0.274
9070.000 0.258
9080.000 0.220
9090.000 0.204
9100.000 0.184
9110.000 0.166
9120.000 0.158
9130.000 0.147
9140.000 0.143
9150.000 0.129
9160.000 0.124
9170.000 0.119
9180.000 0.115
9190.000 0.113
9200.000 0.110
9210.000 0.108
9220.000 0.108
9230.000 0.107
9240.000 0.107
9250.000 0.110
9260.000 0.115
9270.000 0.118
9280.000 0.132
9290.000 0.142
9300.000 0.164
9310.000 0.199
9320.000 0.220
9330.000 0.278
9340.000 0.320
9350.000 0.434
9360.000 0.653
9370.000 0.849
9380.000 1.506
9390.000 1.990
9400.000 3.300
9410.000 4.843
9420.000 5.802
9430.000 7.093
9440.000 6.656
9450.000 4.765
9460.000 3.554
9470.000 3.108
9480.000 2.425
9490.000 2.165
9500.000 1.762
9510.000 1.474
9520.000 1.361
9530.000 1.176
9540.000 1.104
9550.000 0.989
9560.000 0.911
9570.000 0.882
9580.000 0.840
9590.000 0.827
9600.000 0.803
9610.000 0.791
9620.000 0.781
9630.000 0.767
9640.000 0.763
9650.000 0.753
9660.000 0.751
9670.000 0.755
9680.000 0.762
9690.000 0.767
9700.000 0.765
9710.000 0.770
9720.000 0.775
9730.000 0.784
9740.000 0.793
9750.000 0.805
9760.000 0.815
9770.000 0.838
9780.000 0.863
9790.000 0.878
9800.000 0.919
9810.000 0.939
9820.000 1.004
9830.000 1.085
9840.000 1.133
9850.000 1.263
9860.000 1.356
9870.000 1.636
9880.000 2.083
9890.000 2.443
9900.000 3.605
9910.000 4.372
9920.000 5.304
9930.000 3.750
9940.000 2.711
9950.000 1.483
9960.000 1.150
9970.000 0.737
9980.000 0.492
9990.000 0.396
10000.000 0.271
10010.000 0.214
10020.000 0.154
10030.000 0.101
10040.000 0.092
10050.000 0.066
10060.000 0.062
10070.000 0.063
10080.000 0.065
10090.000 0.069
10100.000 0.074
10110.000 0.077
10120.000 0.082
10130.000 0.084
10140.000 0.086
10150.000 0.090
10160.000 0.091
10170.000 0.091
10180.000 0.089
10190.000 0.087
10200.000 0.085
10210.000 0.084
10220.000 0.078
10230.000 0.074
10240.000 0.070
10250.000 0.060
10260.000 0.050
10270.000 0.030
10280.000 0.003
10290.000 0.013
10300.000 0.040
10310.000 0.055
10320.000 0.094
10330.000 0.145
10340.000 0.184
10350.000 0.293
10360.000 0.386
10370.000 0.749
10380.000 1.502
10390.000 2.051
10400.000 3.552
10410.000 4.269
10420.000 4.832
10430.000 3.824
10440.000 3.326
10450.000 2.615
10460.000 2.364
10470.000 1.993
10480.000 1.721
10490.000 1.618
10500.000 1.448
10510.000 1.383
10520.000 1.273
10530.000 1.186
10540.000 1.143
10550.000 1.065
10560.000 1.031
10570.000 0.970
10580.000 0.899
10590.000 0.858
10600.000 0.789
10610.000 0.764
10620.000 0.725
10630.000 0.697
10640.000 0.685
10650.000 0.674
10660.000 0.667
10670.000 0.669
10680.000 0.672
10690.000 0.669
10700.000 0.675
10710.000 0.675
10720.000 0.682
10730.000 0.688
10740.000 0.695
10750.000 0.709
10760.000 0.712
10770.000 0.734
10780.000 0.759
10790.000 0.776
10800.000 0.810
10810.000 0.832
10820.000 0.881
10830.000 0.948
10840.000 0.997
10850.000 1.137
10860.000 1.235
10870.000 1.509
10880.000 1.706
10890.000 2.231
10900.000 2.566
10910.000 2.377
10920.000 1.703
10930.000 1.431
10940.000 0.867
10950.000 0.484
10960.000 0.367
10970.000 0.209
10980.000 0.150
10990.000 0.073
11000.000 0.027
11010.000 0.023
11020.000 0.047
11030.000 0.057
11040.000 0.079
11050.000 0.092
11060.000 0.101
11070.000 0.110
11080.000 0.116
11090.000 0.126
11100.000 0.132
11110.000 0.134
11120.000 0.137
11130.000 0.140
11140.000 0.144
11150.000 0.146
11160.000 0.148
11170.000 0.151
11180.000 0.149
11190.000 0.149
11200.000 0.147
11210.000 0.145
11220.000 0.143
11230.000 0.141
11240.000 0.132
11250.000 0.123
11260.000 0.116
11270.000 0.107
11280.000 0.101
11290.000 0.098
11300.000 0.096
11310.000 0.097
11320.000 0.112
11330.000 0.128
11340.000 0.188
11350.000 0.336
11360.000 0.473
11370.000 0.924
11380.000 1.225
11390.000 2.132
11400.000 3.212
11410.000 3.464
11420.000 3.011
11430.000 2.637
11440.000 2.083
11450.000 1.727
11460.000 1.596
11470.000 1.393
11480.000 1.316
11490.000 1.191
11500.000 1.081
11510.000 1.035
11520.000 0.948
11530.000 0.910
11540.000 0.843
11550.000 0.777
11560.000 0.747
11570.000 0.700
11580.000 0.678
11590.000 0.639
11600.000 0.609
11610.000 0.598
11620.000 0.582
11630.000 0.579
11640.000 0.574
11650.000 0.572
11660.000 0.571
11670.000 0.572
11680.000 0.565
11690.000 0.574
11700.000 0.579
11710.000 0.581
11720.000 0.585
11730.000 0.588
11740.000 0.595
11750.000 0.607
11760.000 0.611
11770.000 0.629
11780.000 0.635
11790.000 0.660
11800.000 0.683
11810.000 0.698
11820.000 0.742
11830.000 0.777
11840.000 0.855
11850.000 0.964
11860.000 1.032
11870.000 1.216
11880.000 1.340
11890.000 1.529
11900.000 1.286
11910.000 1.015
11920.000 0.538
11930.000 0.381
11940.000 0.186
11950.000 0.084
11960.000 0.055
11970.000 0.045
11980.000 0.051
11990.000 0.070
12000.000 0.102
