110.000 0.023
120.000 0.024
130.000 4.698
140.000 5.363
150.000 6.166
160.000 6.387
170.000 6.367
180.000 6.213
190.000 6.139
200.000 6.217
210.000 6.393
220.000 7.219
230.000 8.930
240.000 10.017
250.000 11.211
260.000 11.867
270.000 13.768
280.000 15.040
290.000 17.625
300.000 20.973
310.000 22.968
320.000 28.921
330.000 33.511
340.000 46.352
350.000 61.252
360.000 69.170
370.000 67.163
380.000 64.504
390.000 59.999
400.000 47.799
410.000 45.155
420.000 43.122
430.000 42.891
440.000 42.209
450.000 40.520
460.000 39.278
470.000 35.659
480.000 33.532
490.000 28.808
500.000 24.201
510.000 22.181
520.000 18.785
530.000 17.371
540.000 14.910
550.000 12.456
560.000 11.487
570.000 9.985
580.000 9.396
590.000 8.578
600.000 8.142
610.000 8.067
620.000 8.085
630.000 8.195
640.000 8.701
650.000 9.746
660.000 10.546
670.000 12.949
680.000 14.427
690.000 19.007
700.000 27.340
710.000 36.960
720.000 53.506
730.000 45.126
740.000 16.757
750.000 9.646
760.000 7.688
770.000 5.205
780.000 4.397
790.000 3.269
800.000 2.538
810.000 2.266
820.000 1.925
830.000 1.799
840.000 1.569
850.000 1.465
860.000 1.305
870.000 1.180
880.000 1.130
890.000 1.044
900.000 1.011
910.000 0.961
920.000 0.931
930.000 0.917
940.000 0.914
950.000 0.912
960.000 0.931
970.000 0.965
980.000 0.995
990.000 1.079
1000.000 1.137
1010.000 1.303
1020.000 1.583
1030.000 1.798
1040.000 2.603
1050.000 3.391
1060.000 7.237
1070.000 7.565
1080.000 3.924
1090.000 2.211
1100.000 1.769
1110.000 1.251
1120.000 0.963
1130.000 0.865
1140.000 0.732
1150.000 0.689
1160.000 0.627
1170.000 0.587
1180.000 0.573
1190.000 0.556
1200.000 0.550
1210.000 0.547
1220.000 0.557
1230.000 0.565
1240.000 0.587
1250.000 0.602
1260.000 0.638
1270.000 0.689
1280.000 0.721
1290.000 0.796
1300.000 0.842
1310.000 0.955
1320.000 1.119
1330.000 1.229
1340.000 1.531
1350.000 1.753
1360.000 2.510
1370.000 4.298
1380.000 5.971
1390.000 11.497
1400.000 16.560
1410.000 26.149
1420.000 13.159
1430.000 10.164
1440.000 6.637
1450.000 5.604
1460.000 4.240
1470.000 3.401
1480.000 3.100
1490.000 2.637
1500.000 2.477
1510.000 2.221
1520.000 2.041
1530.000 1.976
1540.000 1.872
1550.000 1.832
1560.000 1.786
1570.000 1.794
1580.000 1.807
1590.000 1.848
1600.000 1.884
1610.000 1.965
1620.000 2.059
1630.000 2.097
1640.000 2.167
1650.000 2.209
1660.000 2.340
1670.000 2.619
1680.000 2.895
1690.000 4.057
1700.000 5.101
1710.000 8.468
1720.000 13.794
1730.000 18.069
1740.000 32.946
1750.000 40.494
1760.000 39.640
1770.000 22.239
1780.000 17.993
1790.000 12.683
1800.000 10.950
1810.000 8.533
1820.000 6.910
1830.000 6.291
1840.000 5.362
1850.000 5.024
1860.000 4.504
1870.000 4.127
1880.000 3.986
1890.000 3.770
1900.000 3.694
1910.000 3.611
1920.000 3.669
1930.000 3.737
1940.000 3.930
1950.000 4.059
1960.000 4.281
1970.000 4.549
1980.000 4.711
1990.000 5.134
2000.000 5.403
2010.000 6.139
2020.000 6.701
2030.000 8.055
2040.000 10.202
2050.000 11.728
2060.000 16.053
2070.000 18.939
2080.000 26.021
2090.000 33.646
2100.000 36.511
2110.000 36.421
2120.000 32.352
2130.000 22.257
2140.000 15.400
2150.000 13.040
2160.000 9.808
2170.000 8.685
2180.000 7.040
2190.000 5.912
2200.000 5.481
2210.000 4.799
2220.000 4.553
2230.000 4.244
2240.000 4.020
2250.000 3.920
2260.000 3.698
2270.000 3.606
2280.000 3.470
2290.000 3.399
2300.000 3.389
2310.000 3.418
2320.000 3.457
2330.000 4.581
2340.000 6.539
2350.000 6.450
2360.000 6.569
2370.000 6.856
2380.000 7.148
2390.000 7.307
2400.000 7.568
2410.000 9.488
2420.000 11.684
2430.000 18.150
2440.000 26.807
2450.000 30.793
2460.000 32.185
2470.000 25.944
2480.000 14.344
2490.000 8.995
2500.000 7.414
2510.000 5.391
2520.000 4.721
2530.000 3.762
2540.000 3.102
2550.000 2.850
2560.000 2.458
2570.000 2.303
2580.000 2.057
2590.000 1.878
2600.000 1.810
2610.000 1.701
2620.000 1.664
2630.000 1.619
2640.000 1.602
2650.000 1.605
2660.000 1.632
2670.000 1.658
2680.000 1.742
2690.000 1.893
2700.000 1.990
2710.000 2.242
2720.000 2.412
2730.000 2.926
2740.000 3.883
2750.000 4.692
2760.000 7.660
2770.000 10.131
2780.000 16.651
2790.000 24.517
2800.000 27.805
2810.000 22.475
2820.000 15.599
2830.000 9.186
2840.000 6.013
2850.000 5.034
2860.000 3.747
2870.000 3.301
2880.000 2.652
2890.000 2.212
2900.000 2.045
2910.000 1.782
2920.000 1.680
2930.000 1.519
2940.000 1.397
2950.000 1.352
2960.000 1.288
2970.000 1.261
2980.000 1.234
2990.000 1.231
3000.000 1.229
3010.000 1.254
3020.000 1.283
3030.000 1.341
3040.000 1.444
3050.000 1.514
3060.000 1.699
3070.000 1.805
3080.000 2.129
3090.000 2.720
3100.000 3.231
3110.000 5.275
3120.000 7.276
3130.000 13.767
3140.000 21.108
3150.000 22.288
3160.000 12.162
3170.000 8.778
3180.000 5.159
3190.000 3.405
3200.000 2.867
3210.000 2.112
3220.000 1.868
3230.000 1.509
3240.000 1.375
3250.000 1.176
3260.000 1.032
3270.000 0.979
3280.000 0.894
3290.000 0.862
3300.000 0.813
3310.000 0.783
3320.000 0.770
3330.000 0.761
3340.000 0.762
3350.000 0.778
3360.000 0.811
3370.000 0.834
3380.000 0.900
3390.000 0.947
3400.000 1.068
3410.000 1.260
3420.000 1.400
3430.000 1.767
3440.000 2.040
3450.000 2.949
3460.000 4.926
3470.000 6.823
3480.000 13.629
3490.000 17.265
3500.000 16.351
3510.000 7.932
3520.000 6.031
3530.000 3.837
3540.000 3.176
3550.000 2.320
3560.000 1.808
3570.000 1.625
3580.000 1.356
3590.000 1.254
3600.000 1.094
3610.000 0.979
3620.000 0.937
3630.000 0.867
3640.000 0.839
3650.000 0.799
3660.000 1.423
3670.000 1.374
3680.000 1.212
3690.000 1.159
3700.000 1.124
3710.000 1.146
3720.000 1.147
3730.000 1.121
3740.000 1.121
3750.000 1.154
3760.000 1.300
3770.000 1.410
3780.000 1.733
3790.000 1.985
3800.000 2.884
3810.000 4.617
3820.000 6.192
3830.000 11.967
3840.000 14.336
3850.000 9.370
3860.000 4.579
3870.000 3.502
3880.000 2.252
3890.000 1.879
3900.000 1.721
3910.000 1.385
3920.000 1.247
3930.000 1.288
3940.000 1.266
3950.000 1.034
3960.000 0.886
3970.000 0.824
3980.000 0.735
3990.000 0.693
4000.000 0.635
4010.000 0.608
4020.000 0.593
4030.000 0.582
4040.000 0.573
4050.000 0.570
4060.000 0.594
4070.000 0.612
4080.000 0.666
4090.000 0.707
4100.000 0.822
4110.000 1.008
4120.000 1.129
4130.000 1.492
4140.000 1.770
4150.000 2.709
4160.000 4.589
4170.000 6.216
4180.000 11.211
4190.000 12.058
4200.000 6.450
4210.000 3.710
4220.000 2.970
4230.000 2.048
4240.000 1.760
4250.000 1.362
4260.000 1.112
4270.000 1.020
4280.000 0.870
4290.000 0.812
4300.000 0.722
4310.000 0.663
4320.000 0.638
4330.000 0.608
4340.000 0.594
4350.000 0.578
4360.000 0.570
4370.000 0.572
4380.000 0.582
4390.000 0.590
4400.000 0.613
4410.000 0.628
4420.000 0.664
4430.000 0.720
4440.000 0.762
4450.000 0.871
4460.000 0.949
4470.000 1.142
4480.000 1.462
4490.000 1.721
4500.000 2.629
4510.000 3.350
4520.000 5.449
4530.000 7.458
4540.000 6.345
4550.000 2.910
4560.000 2.162
4570.000 1.339
4580.000 0.928
4590.000 0.799
4600.000 0.617
4610.000 0.554
4620.000 0.462
4630.000 0.404
4640.000 0.365
4650.000 0.351
4660.000 0.340
4670.000 0.327
4680.000 0.322
4690.000 0.320
4700.000 0.320
4710.000 0.321
4720.000 0.329
4730.000 0.338
4740.000 0.345
4750.000 0.356
4760.000 0.364
4770.000 0.380
4780.000 0.401
4790.000 0.416
4800.000 0.470
4810.000 0.509
4820.000 0.664
4830.000 1.060
4840.000 1.471
4850.000 2.861
4860.000 3.911
4870.000 6.974
4880.000 8.703
4890.000 7.025
4900.000 4.561
4910.000 3.924
4920.000 3.062
4930.000 2.507
4940.000 2.310
4950.000 2.011
4960.000 1.900
4970.000 1.725
4980.000 1.605
4990.000 1.570
5000.000 1.510
5010.000 1.508
5020.000 1.504
5030.000 1.566
5040.000 1.588
5050.000 1.659
5060.000 1.703
5070.000 1.786
5080.000 1.908
5090.000 1.971
5100.000 2.118
5110.000 2.214
5120.000 2.458
5130.000 2.795
5140.000 3.027
5150.000 3.660
5160.000 4.117
5170.000 5.518
5180.000 8.106
5190.000 10.158
5200.000 16.280
5210.000 20.248
5220.000 27.920
5230.000 25.383
5240.000 18.235
5250.000 10.178
5260.000 7.977
5270.000 5.272
5280.000 3.805
5290.000 3.321
5300.000 3.396
5310.000 2.879
5320.000 2.385
5330.000 2.139
5340.000 2.015
5350.000 1.808
5360.000 1.710
5370.000 1.527
5380.000 1.397
5390.000 1.349
5400.000 1.278
5410.000 1.257
5420.000 1.241
5430.000 1.246
5440.000 1.260
5450.000 1.303
5460.000 1.334
5470.000 1.436
5480.000 1.628
5490.000 1.765
5500.000 2.175
5510.000 2.493
5520.000 3.594
5530.000 5.936
5540.000 7.587
5550.000 12.060
5560.000 15.044
5570.000 19.899
5580.000 13.794
5590.000 9.463
5600.000 5.703
5610.000 4.613
5620.000 3.228
5630.000 2.790
5640.000 2.168
5650.000 1.760
5660.000 1.608
5670.000 1.380
5680.000 1.291
5690.000 1.160
5700.000 1.062
5710.000 1.024
5720.000 0.963
5730.000 0.940
5740.000 0.907
5750.000 0.888
5760.000 0.884
5770.000 0.883
5780.000 0.890
5790.000 0.913
5800.000 0.948
5810.000 0.976
5820.000 1.061
5830.000 1.118
5840.000 1.280
5850.000 1.559
5860.000 1.776
5870.000 2.571
5880.000 3.317
5890.000 6.073
5900.000 10.459
5910.000 12.902
5920.000 14.768
5930.000 11.907
5940.000 6.356
5950.000 4.020
5960.000 3.129
5970.000 2.549
5980.000 2.310
5990.000 1.916
6000.000 1.631
6010.000 1.478
6020.000 1.284
6030.000 1.204
6040.000 1.080
6050.000 0.990
6060.000 0.960
6070.000 0.923
6080.000 0.908
6090.000 0.890
6100.000 0.888
6110.000 0.890
6120.000 0.903
6130.000 0.917
6140.000 0.949
6150.000 1.018
6160.000 1.060
6170.000 1.185
6180.000 1.279
6190.000 1.525
6200.000 1.976
6210.000 2.346
6220.000 3.638
6230.000 4.668
6240.000 7.640
6250.000 11.983
6260.000 13.964
6270.000 12.512
6280.000 8.848
6290.000 4.990
6300.000 3.207
6310.000 2.673
6320.000 1.959
6330.000 1.737
6340.000 1.383
6350.000 1.151
6360.000 1.066
6370.000 0.942
6380.000 0.889
6390.000 0.814
6400.000 0.759
6410.000 0.738
6420.000 0.706
6430.000 0.692
6440.000 0.675
6450.000 0.670
6460.000 0.671
6470.000 0.681
6480.000 0.689
6490.000 0.715
6500.000 0.758
6510.000 0.789
6520.000 0.879
6530.000 0.938
6540.000 1.119
6550.000 1.458
6560.000 1.754
6570.000 2.926
6580.000 3.990
6590.000 7.134
6600.000 10.992
6610.000 12.224
6620.000 8.980
6630.000 6.592
6640.000 4.104
6650.000 2.831
6660.000 2.423
6670.000 1.876
6680.000 1.686
6690.000 1.404
6700.000 1.214
6710.000 1.142
6720.000 1.038
6730.000 1.000
6740.000 0.939
6750.000 0.896
6760.000 0.881
6770.000 0.859
6780.000 0.853
6790.000 0.849
6800.000 0.850
6810.000 0.867
6820.000 0.904
6830.000 0.927
6840.000 0.987
6850.000 1.033
6860.000 1.147
6870.000 1.323
6880.000 1.455
6890.000 1.815
6900.000 2.054
6910.000 2.828
6920.000 4.352
6930.000 5.554
6940.000 8.885
6950.000 10.663
6960.000 11.242
6970.000 6.223
6980.000 4.663
6990.000 2.890
7000.000 2.363
7010.000 1.706
7020.000 1.314
7030.000 1.176
7040.000 0.961
7050.000 0.880
7060.000 0.765
7070.000 0.688
7080.000 0.663
7090.000 0.613
7100.000 0.591
7110.000 0.561
7120.000 0.541
7130.000 0.534
7140.000 0.526
7150.000 0.526
7160.000 0.530
7170.000 0.539
7180.000 0.549
7190.000 0.577
7200.000 0.596
7210.000 0.658
7220.000 0.754
7230.000 0.823
7240.000 1.048
7250.000 1.234
7260.000 1.958
7270.000 3.596
7280.000 4.845
7290.000 7.939
7300.000 9.467
7310.000 9.287
7320.000 5.466
7330.000 4.353
7340.000 2.970
7350.000 2.525
7360.000 1.920
7370.000 1.694
7380.000 1.416
7390.000 1.221
7400.000 1.144
7410.000 1.038
7420.000 0.997
7430.000 0.933
7440.000 0.888
7450.000 0.875
7460.000 0.852
7470.000 0.843
7480.000 0.838
7490.000 0.847
7500.000 0.856
7510.000 0.888
7520.000 0.910
7530.000 0.961
7540.000 1.037
7550.000 1.091
7560.000 1.226
7570.000 1.296
7580.000 1.485
7590.000 1.825
7600.000 2.084
7610.000 2.965
7620.000 3.691
7630.000 6.017
7640.000 9.143
7650.000 10.028
7660.000 7.203
7670.000 5.113
7680.000 2.919
7690.000 1.885
7700.000 1.579
7710.000 1.165
7720.000 1.021
7730.000 0.812
7740.000 0.674
7750.000 0.625
7760.000 0.546
7770.000 0.519
7780.000 0.467
7790.000 0.426
7800.000 0.416
7810.000 0.397
7820.000 0.390
7830.000 0.374
7840.000 0.373
7850.000 0.374
7860.000 0.378
7870.000 0.383
7880.000 0.402
7890.000 0.434
7900.000 0.452
7910.000 0.513
7920.000 0.552
7930.000 0.684
7940.000 0.940
7950.000 1.163
7960.000 2.172
7970.000 3.021
7980.000 5.299
7990.000 6.848
8000.000 6.797
8010.000 5.509
8020.000 4.416
8030.000 3.080
8040.000 2.238
8050.000 1.948
8060.000 1.549
8070.000 1.420
8080.000 1.208
8090.000 1.059
8100.000 1.009
8110.000 0.950
8120.000 0.935
8130.000 0.892
8140.000 0.859
8150.000 0.849
8160.000 0.840
8170.000 0.839
8180.000 0.825
8190.000 0.834
8200.000 0.848
8210.000 0.886
8220.000 0.912
8230.000 0.982
8240.000 1.056
8250.000 1.095
8260.000 1.196
8270.000 1.265
8280.000 1.474
8290.000 1.850
8300.000 2.165
8310.000 3.218
8320.000 4.099
8330.000 6.426
8340.000 7.087
8350.000 5.747
8360.000 3.733
8370.000 2.933
8380.000 1.737
8390.000 1.164
8400.000 0.983
8410.000 0.732
8420.000 0.645
8430.000 0.522
8440.000 0.436
8450.000 0.404
8460.000 0.340
8470.000 0.321
8480.000 0.297
8490.000 0.282
8500.000 0.274
8510.000 0.261
8520.000 0.259
8530.000 0.251
8540.000 0.249
8550.000 0.251
8560.000 0.258
8570.000 0.263
8580.000 0.278
8590.000 0.286
8600.000 0.332
8610.000 0.402
8620.000 0.453
8630.000 0.612
8640.000 0.744
8650.000 1.249
8660.000 2.558
8670.000 3.599
8680.000 5.870
8690.000 6.754
8700.000 6.018
8710.000 4.141
8720.000 3.592
8730.000 2.704
8740.000 2.364
8750.000 1.867
8760.000 1.541
8770.000 1.415
8780.000 1.223
8790.000 1.149
8800.000 1.033
8810.000 0.964
8820.000 0.944
8830.000 0.920
8840.000 0.899
8850.000 0.924
8860.000 0.911
8870.000 0.910
8880.000 0.909
8890.000 0.916
8900.000 0.936
8910.000 0.961
8920.000 0.979
8930.000 1.025
8940.000 1.054
8950.000 1.119
8960.000 1.762
8970.000 1.905
8980.000 2.285
8990.000 2.563
9000.000 2.870
9010.000 4.679
9020.000 5.507
9030.000 6.768
9040.000 6.698
9050.000 4.002
9060.000 2.096
9070.000 1.600
9080.000 1.010
9090.000 0.824
9100.000 0.578
9110.000 0.428
9120.000 0.371
9130.000 0.292
9140.000 0.264
9150.000 0.217
9160.000 0.182
9170.000 0.174
9180.000 0.151
9190.000 0.143
9200.000 0.134
9210.000 0.124
9220.000 0.120
9230.000 0.116
9240.000 0.113
9250.000 0.110
9260.000 0.117
9270.000 0.123
9280.000 0.144
9290.000 0.160
9300.000 0.214
9310.000 0.303
9320.000 0.372
9330.000 0.624
9340.000 0.852
9350.000 1.632
9360.000 3.013
9370.000 3.993
9380.000 5.874
9390.000 6.123
9400.000 4.673
9410.000 3.457
9420.000 3.041
9430.000 2.409
9440.000 2.165
9450.000 1.796
9460.000 1.546
9470.000 1.451
9480.000 1.292
9490.000 1.216
9500.000 1.100
9510.000 1.014
9520.000 0.984
9530.000 0.942
9540.000 0.923
9550.000 0.896
9560.000 0.889
9570.000 0.887
9580.000 0.896
9590.000 0.899
9600.000 0.911
9610.000 0.942
9620.000 0.969
9630.000 1.012
9640.000 1.047
9650.000 1.115
9660.000 1.209
9670.000 1.284
9680.000 1.513
9690.000 1.697
9700.000 2.304
9710.000 3.336
9720.000 3.802
9730.000 3.523
9740.000 2.952
9750.000 1.717
9760.000 1.250
9770.000 0.709
9780.000 0.430
9790.000 0.341
9800.000 0.220
9810.000 0.177
9820.000 0.125
9830.000 0.097
9840.000 0.089
9850.000 0.088
9860.000 0.086
9870.000 0.087
9880.000 0.091
9890.000 0.090
9900.000 0.091
9910.000 0.092
9920.000 0.093
9930.000 0.091
9940.000 0.080
9950.000 0.054
9960.000 0.041
9970.000 0.012
9980.000 0.024
9990.000 0.048
10000.000 0.101
10010.000 0.145
10020.000 0.271
10030.000 0.572
10040.000 0.866
10050.000 1.899
10060.000 2.709
10070.000 4.245
10080.000 4.231
10090.000 3.632
10100.000 2.712
10110.000 2.406
10120.000 1.955
10130.000 1.663
10140.000 1.592
10150.000 1.623
10160.000 1.665
10170.000 1.597
10180.000 1.442
10190.000 1.375
10200.000 1.249
10210.000 1.196
10220.000 1.106
10230.000 1.035
10240.000 1.001
10250.000 0.953
10260.000 0.928
10270.000 0.885
10280.000 0.853
10290.000 0.847
10300.000 0.855
10310.000 0.864
10320.000 0.896
10330.000 0.937
10340.000 0.968
10350.000 1.037
10360.000 1.084
10370.000 1.214
10380.000 1.475
10390.000 1.682
10400.000 2.320
10410.000 2.733
10420.000 2.836
10430.000 1.668
10440.000 1.169
10450.000 0.608
10460.000 0.449
10470.000 0.253
10480.000 0.147
10490.000 0.116
10500.000 0.095
10510.000 0.093
10520.000 0.099
10530.000 0.109
10540.000 0.114
10550.000 0.119
10560.000 0.121
10570.000 0.126
10580.000 0.126
10590.000 0.125
10600.000 0.121
10610.000 0.117
10620.000 0.113
10630.000 0.104
10640.000 0.099
10650.000 0.088
10660.000 0.081
10670.000 0.071
10680.000 0.059
10690.000 0.088
10700.000 0.116
10710.000 0.150
10720.000 0.287
10730.000 0.680
10740.000 1.043
10750.000 2.171
10760.000 2.913
10770.000 3.918
10780.000 3.383
10790.000 2.953
10800.000 2.363
10810.000 2.154
10820.000 1.870
10830.000 1.677
10840.000 1.605
10850.000 1.495
10860.000 1.457
10870.000 1.368
10880.000 1.291
10890.000 1.258
10900.000 1.206
10910.000 1.182
10920.000 1.135
10930.000 1.093
10940.000 1.068
10950.000 1.039
10960.000 1.026
10970.000 1.000
10980.000 0.996
10990.000 0.980
11000.000 0.984
11010.000 0.981
11020.000 0.997
11030.000 1.009
11040.000 1.051
11050.000 1.138
11060.000 1.177
11070.000 1.322
11080.000 1.442
11090.000 1.816
11100.000 2.299
11110.000 2.432
11120.000 1.890
11130.000 1.345
11140.000 0.603
11150.000 0.269
11160.000 0.174
11170.000 0.064
11180.000 0.055
11190.000 0.084
11200.000 0.116
11210.000 0.129
11220.000 0.147
11230.000 0.155
11240.000 0.166
11250.000 0.176
11260.000 0.180
11270.000 0.190
11280.000 0.191
11290.000 0.196
11300.000 0.197
11310.000 0.195
11320.000 0.194
11330.000 0.190
11340.000 0.184
11350.000 0.173
11360.000 0.166
11370.000 0.154
11380.000 0.150
11390.000 0.145
11400.000 0.169
11410.000 0.202
11420.000 0.378
11430.000 0.582
11440.000 1.219
11450.000 2.251
11460.000 2.756
11470.000 2.928
11480.000 2.345
11490.000 2.105
11500.000 1.756
11510.000 1.623
11520.000 1.425
11530.000 1.336
11540.000 1.208
11550.000 1.102
11560.000 1.049
11570.000 0.957
11580.000 0.916
11590.000 0.847
11600.000 0.791
11610.000 0.768
11620.000 0.725
11630.000 0.711
11640.000 0.684
11650.000 0.666
11660.000 0.657
11670.000 0.664
11680.000 0.666
11690.000 0.676
11700.000 0.693
11710.000 0.701
11720.000 0.732
11730.000 0.748
11740.000 0.789
11750.000 0.849
11760.000 0.893
11770.000 1.017
11780.000 1.084
11790.000 1.175
11800.000 1.102
11810.000 1.000
11820.000 0.604
11830.000 0.401
11840.000 0.156
11850.000 0.057
11860.000 0.062
11870.000 0.102
11880.000 0.124
11890.000 0.172
11900.000 0.217
11910.000 0.239
11920.000 0.268
11930.000 0.282
11940.000 0.286
11950.000 0.286
11960.000 0.287
11970.000 0.287
11980.000 0.284
11990.000 0.276
12000.000 0.261
