110.000 0.155
120.000 1.007
130.000 9.834
140.000 14.299
150.000 16.915
160.000 18.663
170.000 18.854
180.000 18.336
190.000 18.067
200.000 18.003
210.000 18.103
220.000 18.432
230.000 18.572
240.000 19.056
250.000 19.440
260.000 19.612
270.000 19.900
280.000 20.068
290.000 20.421
300.000 21.003
310.000 21.290
320.000 22.224
330.000 22.935
340.000 24.520
350.000 26.515
360.000 27.586
370.000 29.640
380.000 31.886
390.000 33.056
400.000 35.590
410.000 37.014
420.000 39.544
430.000 41.630
440.000 42.289
450.000 42.725
460.000 42.707
470.000 40.429
480.000 36.752
490.000 34.803
500.000 30.974
510.000 29.172
520.000 26.005
530.000 24.584
540.000 22.066
550.000 19.843
560.000 18.772
570.000 16.396
580.000 15.261
590.000 13.407
600.000 11.830
610.000 11.173
620.000 9.962
630.000 8.944
640.000 8.495
650.000 7.660
660.000 7.291
670.000 6.625
680.000 6.334
690.000 5.787
700.000 5.301
710.000 5.074
720.000 4.659
730.000 4.254
740.000 4.101
750.000 3.766
760.000 3.603
770.000 3.314
780.000 3.164
790.000 2.897
800.000 2.647
810.000 2.536
820.000 2.484
830.000 2.480
840.000 2.410
850.000 2.296
860.000 2.229
870.000 2.126
880.000 2.069
890.000 1.962
900.000 1.917
910.000 1.840
920.000 1.776
930.000 1.750
940.000 1.706
950.000 1.681
960.000 1.645
970.000 1.633
980.000 1.628
990.000 1.626
1000.000 1.637
1010.000 1.678
1020.000 1.734
1030.000 1.786
1040.000 1.922
1050.000 2.109
1060.000 2.185
1070.000 2.418
1080.000 2.569
1090.000 3.036
1100.000 3.820
1110.000 4.432
1120.000 6.471
1130.000 10.390
1140.000 13.089
1150.000 16.078
1160.000 22.592
1170.000 28.006
1180.000 28.025
1190.000 20.496
1200.000 13.897
1210.000 11.684
1220.000 8.506
1230.000 6.455
1240.000 5.715
1250.000 5.109
1260.000 4.247
1270.000 3.637
1280.000 3.410
1290.000 3.068
1300.000 2.919
1310.000 2.679
1320.000 2.516
1330.000 2.452
1340.000 2.332
1350.000 2.228
1360.000 2.184
1370.000 2.104
1380.000 2.035
1390.000 2.003
1400.000 1.974
1410.000 1.930
1420.000 1.889
1430.000 1.873
1440.000 1.851
1450.000 1.840
1460.000 1.833
1470.000 1.822
1480.000 1.819
1490.000 1.806
1500.000 1.798
1510.000 1.781
1520.000 1.765
1530.000 1.754
1540.000 1.737
1550.000 1.725
1560.000 1.704
1570.000 1.677
1580.000 1.664
1590.000 1.631
1600.000 1.612
1610.000 1.566
1620.000 1.509
1630.000 1.478
1640.000 1.408
1650.000 1.331
1660.000 1.303
1670.000 1.315
1680.000 1.367
1690.000 1.624
1700.000 1.766
1710.000 2.065
1720.000 2.396
1730.000 2.578
1740.000 2.891
1750.000 3.020
1760.000 3.262
1770.000 3.431
1780.000 3.489
1790.000 3.581
1800.000 3.626
1810.000 3.702
1820.000 3.774
1830.000 3.805
1840.000 3.876
1850.000 3.948
1860.000 3.989
1870.000 4.073
1880.000 4.116
1890.000 4.212
1900.000 4.274
1910.000 4.446
1920.000 4.641
1930.000 4.733
1940.000 4.896
1950.000 4.975
1960.000 5.114
1970.000 5.278
1980.000 5.363
1990.000 5.530
2000.000 5.626
2010.000 5.798
2020.000 5.986
2030.000 6.085
2040.000 6.258
2050.000 6.344
2060.000 6.524
2070.000 6.711
2080.000 6.824
2090.000 7.027
2100.000 7.136
2110.000 7.340
2120.000 7.450
2130.000 7.687
2140.000 7.930
2150.000 8.056
2160.000 8.346
2170.000 8.499
2180.000 8.824
2190.000 9.205
2200.000 9.662
2210.000 9.914
2220.000 10.521
2230.000 10.855
2240.000 11.625
2250.000 12.653
2260.000 13.312
2270.000 14.071
2280.000 15.978
2290.000 18.570
2300.000 20.211
2310.000 24.419
2320.000 29.810
2330.000 32.709
2340.000 37.666
2350.000 38.813
2360.000 37.207
2370.000 30.124
2380.000 26.418
2390.000 20.184
2400.000 17.789
2410.000 14.146
2420.000 12.774
2430.000 10.658
2440.000 9.231
2450.000 8.209
2460.000 7.786
2470.000 7.401
2480.000 6.719
2490.000 6.117
2500.000 5.857
2510.000 5.385
2520.000 5.178
2530.000 4.695
2540.000 4.254
2550.000 4.059
2560.000 3.712
2570.000 3.559
2580.000 3.282
2590.000 3.049
2600.000 2.846
2610.000 2.751
2620.000 2.665
2630.000 2.488
2640.000 2.335
2650.000 2.197
2660.000 2.136
2670.000 2.077
2680.000 1.967
2690.000 1.873
2700.000 1.830
2710.000 1.753
2720.000 1.715
2730.000 1.650
2740.000 1.618
2750.000 1.560
2760.000 1.509
2770.000 1.461
2780.000 1.441
2790.000 1.417
2800.000 1.379
2810.000 1.345
2820.000 1.328
2830.000 1.296
2840.000 1.283
2850.000 1.257
2860.000 1.231
2870.000 1.210
2880.000 1.199
2890.000 1.180
2900.000 1.174
2910.000 1.160
2920.000 1.145
2930.000 1.140
2940.000 1.130
2950.000 1.120
2960.000 1.110
2970.000 1.107
2980.000 1.105
2990.000 1.100
3000.000 1.101
3010.000 1.098
3020.000 1.099
3030.000 1.096
3040.000 1.097
3050.000 1.105
3060.000 1.107
3070.000 1.111
3080.000 1.122
3090.000 1.132
3100.000 1.137
3110.000 1.157
3120.000 1.162
3130.000 1.182
3140.000 1.205
3150.000 1.217
3160.000 1.244
3170.000 1.258
3180.000 1.296
3190.000 1.322
3200.000 1.337
3210.000 1.362
3220.000 1.379
3230.000 1.418
3240.000 1.462
3250.000 1.483
3260.000 1.535
3270.000 1.596
3280.000 1.626
3290.000 1.696
3300.000 1.733
3310.000 1.824
3320.000 1.873
3330.000 1.984
3340.000 2.046
3350.000 2.196
3360.000 2.389
3370.000 2.637
3380.000 2.796
3390.000 2.983
3400.000 3.468
3410.000 4.210
3420.000 4.715
3430.000 6.233
3440.000 7.376
3450.000 10.892
3460.000 16.529
3470.000 19.993
3480.000 27.316
3490.000 31.652
3500.000 30.438
3510.000 20.574
3520.000 16.242
3530.000 10.528
3540.000 8.667
3550.000 6.188
3560.000 4.671
3570.000 4.124
3580.000 3.307
3590.000 2.997
3600.000 2.509
3610.000 2.140
3620.000 1.989
3630.000 1.740
3640.000 1.634
3650.000 1.455
3660.000 1.314
3670.000 1.249
3680.000 1.144
3690.000 1.099
3700.000 1.019
3710.000 0.946
3720.000 0.915
3730.000 0.861
3740.000 0.836
3750.000 0.792
3760.000 0.751
3770.000 0.733
3780.000 0.701
3790.000 0.686
3800.000 0.658
3810.000 0.635
3820.000 0.612
3830.000 0.603
3840.000 0.593
3850.000 0.574
3860.000 0.560
3870.000 0.551
3880.000 0.539
3890.000 0.526
3900.000 0.520
3910.000 0.514
3920.000 0.504
3930.000 0.495
3940.000 0.489
3950.000 0.480
3960.000 0.470
3970.000 0.470
3980.000 0.466
3990.000 0.465
4000.000 0.449
4010.000 0.454
4020.000 0.440
4030.000 0.444
4040.000 0.439
4050.000 0.437
4060.000 0.436
4070.000 0.428
4080.000 0.428
4090.000 0.427
4100.000 0.422
4110.000 0.421
4120.000 0.421
4130.000 0.420
4140.000 0.419
4150.000 0.420
4160.000 0.420
4170.000 0.421
4180.000 0.423
4190.000 0.424
4200.000 0.426
4210.000 0.430
4220.000 0.431
4230.000 0.435
4240.000 0.436
4250.000 0.440
4260.000 0.443
4270.000 0.446
4280.000 0.443
4290.000 0.442
4300.000 0.435
4310.000 0.434
4320.000 0.433
4330.000 0.436
4340.000 0.438
4350.000 0.449
4360.000 0.457
4370.000 0.465
4380.000 0.481
4390.000 0.490
4400.000 0.509
4410.000 0.521
4420.000 0.545
4430.000 0.574
4440.000 0.597
4450.000 0.639
4460.000 0.662
4470.000 0.711
4480.000 0.780
4490.000 0.819
4500.000 0.921
4510.000 1.064
4520.000 1.157
4530.000 1.407
4540.000 1.582
4550.000 2.011
4560.000 2.581
4570.000 2.975
4580.000 4.074
4590.000 4.815
4600.000 6.838
4610.000 10.076
4620.000 12.546
4630.000 19.464
4640.000 22.456
4650.000 21.564
4660.000 17.662
4670.000 11.618
4680.000 8.073
4690.000 6.846
4700.000 5.051
4710.000 4.390
4720.000 3.400
4730.000 2.718
4740.000 2.454
4750.000 2.034
4760.000 1.864
4770.000 1.579
4780.000 1.362
4790.000 1.276
4800.000 1.137
4810.000 1.038
4820.000 1.001
4830.000 0.949
4840.000 0.931
4850.000 0.907
4860.000 0.904
4870.000 0.903
4880.000 0.911
4890.000 0.922
4900.000 0.950
4910.000 0.970
4920.000 1.011
4930.000 1.054
4940.000 1.082
4950.000 1.136
4960.000 1.693
4970.000 1.765
4980.000 1.710
4990.000 1.672
5000.000 1.618
5010.000 1.603
5020.000 1.606
5030.000 1.684
5040.000 1.724
5050.000 1.781
5060.000 1.805
5070.000 1.845
5080.000 1.868
5090.000 1.909
5100.000 1.942
5110.000 1.967
5120.000 1.985
5130.000 2.001
5140.000 2.007
5150.000 2.017
5160.000 2.017
5170.000 2.004
5180.000 1.998
5190.000 1.981
5200.000 1.963
5210.000 1.948
5220.000 1.932
5230.000 1.905
5240.000 1.886
5250.000 1.859
5260.000 1.848
5270.000 1.818
5280.000 1.807
5290.000 1.784
5300.000 1.760
5310.000 1.747
5320.000 1.730
5330.000 1.719
5340.000 1.703
5350.000 1.691
5360.000 1.690
5370.000 1.675
5380.000 1.671
5390.000 1.668
5400.000 1.665
5410.000 1.661
5420.000 1.668
5430.000 1.673
5440.000 1.680
5450.000 1.688
5460.000 1.705
5470.000 1.716
5480.000 1.729
5490.000 1.756
5500.000 1.779
5510.000 1.801
5520.000 1.851
5530.000 1.889
5540.000 1.993
5550.000 2.037
5560.000 2.039
5570.000 2.069
5580.000 2.097
5590.000 2.177
5600.000 2.277
5610.000 2.328
5620.000 2.455
5630.000 2.523
5640.000 2.679
5650.000 2.884
5660.000 3.002
5670.000 3.289
5680.000 3.467
5690.000 3.916
5700.000 4.559
5710.000 4.982
5720.000 6.171
5730.000 7.018
5740.000 9.487
5750.000 13.592
5760.000 16.459
5770.000 23.811
5780.000 27.859
5790.000 34.883
5800.000 35.024
5810.000 29.982
5820.000 18.924
5830.000 15.232
5840.000 10.279
5850.000 7.419
5860.000 6.451
5870.000 5.052
5880.000 4.544
5890.000 3.756
5900.000 3.180
5910.000 2.956
5920.000 2.582
5930.000 2.424
5940.000 2.146
5950.000 1.926
5960.000 1.828
5970.000 1.665
5980.000 1.597
5990.000 1.481
6000.000 1.372
6010.000 1.339
6020.000 1.256
6030.000 1.191
6040.000 1.159
6050.000 1.103
6060.000 1.080
6070.000 1.039
6080.000 1.023
6090.000 0.985
6100.000 0.952
6110.000 0.937
6120.000 0.910
6130.000 0.899
6140.000 0.877
6150.000 0.856
6160.000 0.847
6170.000 0.832
6180.000 0.823
6190.000 0.808
6200.000 0.797
6210.000 0.789
6220.000 0.780
6230.000 0.774
6240.000 0.765
6250.000 0.760
6260.000 0.754
6270.000 0.747
6280.000 0.744
6290.000 0.741
6300.000 0.740
6310.000 0.735
6320.000 0.729
6330.000 0.731
6340.000 0.730
6350.000 0.731
6360.000 0.731
6370.000 0.732
6380.000 0.731
6390.000 0.734
6400.000 0.736
6410.000 0.738
6420.000 0.740
6430.000 0.744
6440.000 0.751
6450.000 0.754
6460.000 0.760
6470.000 0.767
6480.000 0.771
6490.000 0.780
6500.000 0.787
6510.000 0.796
6520.000 0.806
6530.000 0.814
6540.000 0.830
6550.000 0.836
6560.000 0.850
6570.000 0.866
6580.000 0.873
6590.000 0.889
6600.000 0.899
6610.000 0.919
6620.000 0.939
6630.000 0.963
6640.000 0.973
6650.000 0.988
6660.000 1.015
6670.000 1.046
6680.000 1.065
6690.000 1.105
6700.000 1.127
6710.000 1.170
6720.000 1.224
6730.000 1.285
6740.000 1.319
6750.000 1.358
6760.000 1.443
6770.000 1.544
6780.000 1.604
6790.000 1.750
6800.000 1.834
6810.000 2.053
6820.000 2.336
6830.000 2.518
6840.000 3.033
6850.000 3.587
6860.000 3.938
6870.000 4.921
6880.000 5.603
6890.000 7.569
6900.000 10.695
6910.000 12.802
6920.000 18.191
6930.000 21.359
6940.000 26.437
6950.000 26.625
6960.000 19.663
6970.000 12.384
6980.000 9.993
6990.000 6.809
7000.000 5.779
7010.000 4.346
7020.000 3.418
7030.000 3.079
7040.000 2.542
7050.000 2.330
7060.000 1.992
7070.000 1.720
7080.000 1.611
7090.000 1.418
7100.000 1.337
7110.000 1.200
7120.000 1.086
7130.000 1.048
7140.000 0.964
7150.000 0.927
7160.000 0.860
7170.000 0.804
7180.000 0.777
7190.000 0.733
7200.000 0.715
7210.000 0.676
7220.000 0.645
7230.000 0.628
7240.000 0.601
7250.000 0.589
7260.000 0.566
7270.000 0.548
7280.000 0.537
7290.000 0.519
7300.000 0.502
7310.000 0.496
7320.000 0.481
7330.000 0.474
7340.000 0.462
7350.000 0.457
7360.000 0.445
7370.000 0.437
7380.000 0.433
7390.000 0.425
7400.000 0.419
7410.000 0.417
7420.000 0.408
7430.000 0.408
7440.000 0.398
7450.000 0.395
7460.000 0.394
7470.000 0.391
7480.000 0.389
7490.000 0.385
7500.000 0.383
7510.000 0.380
7520.000 0.379
7530.000 0.378
7540.000 0.376
7550.000 0.375
7560.000 0.373
7570.000 0.371
7580.000 0.371
7590.000 0.370
7600.000 0.372
7610.000 0.371
7620.000 0.370
7630.000 0.372
7640.000 0.373
7650.000 0.374
7660.000 0.375
7670.000 0.377
7680.000 0.380
7690.000 0.385
7700.000 0.388
7710.000 0.395
7720.000 0.400
7730.000 0.404
7740.000 0.412
7750.000 0.416
7760.000 0.427
7770.000 0.433
7780.000 0.444
7790.000 0.459
7800.000 0.466
7810.000 0.483
7820.000 0.493
7830.000 0.513
7840.000 0.539
7850.000 0.566
7860.000 0.582
7870.000 0.599
7880.000 0.638
7890.000 0.682
7900.000 0.708
7910.000 0.758
7920.000 0.784
7930.000 0.843
7940.000 0.913
7950.000 0.950
7960.000 1.048
7970.000 1.108
7980.000 1.258
7990.000 1.433
8000.000 1.677
8010.000 1.877
8020.000 2.126
8030.000 2.992
8040.000 4.404
8050.000 5.383
8060.000 7.957
8070.000 9.533
8080.000 13.116
8090.000 16.773
8100.000 17.795
8110.000 15.385
8120.000 12.825
8130.000 8.733
8140.000 6.166
8150.000 5.258
8160.000 3.959
8170.000 3.131
8180.000 2.827
8190.000 2.363
8200.000 2.184
8210.000 1.901
8220.000 1.793
8230.000 1.623
8240.000 1.487
8250.000 1.430
8260.000 1.330
8270.000 1.286
8280.000 1.209
8290.000 1.142
8300.000 1.107
8310.000 1.044
8320.000 1.018
8330.000 0.973
8340.000 0.933
8350.000 0.914
8360.000 0.883
8370.000 0.870
8380.000 0.841
8390.000 0.819
8400.000 0.807
8410.000 0.788
8420.000 0.779
8430.000 0.764
8440.000 0.751
8450.000 0.745
8460.000 0.734
8470.000 0.728
8480.000 0.720
8490.000 0.712
8500.000 0.706
8510.000 0.702
8520.000 0.700
8530.000 0.694
8540.000 0.692
8550.000 0.690
8560.000 0.686
8570.000 0.684
8580.000 0.682
8590.000 0.679
8600.000 0.678
8610.000 0.678
8620.000 0.676
8630.000 0.676
8640.000 0.678
8650.000 0.679
8660.000 0.681
8670.000 0.684
8680.000 0.685
8690.000 0.688
8700.000 0.689
8710.000 0.692
8720.000 0.690
8730.000 0.691
8740.000 0.692
8750.000 0.697
8760.000 0.707
8770.000 0.714
8780.000 0.718
8790.000 0.729
8800.000 0.734
8810.000 0.743
8820.000 0.762
8830.000 0.769
8840.000 0.772
8850.000 0.785
8860.000 0.801
8870.000 0.806
8880.000 0.803
8890.000 0.811
8900.000 0.817
8910.000 0.826
8920.000 0.837
8930.000 0.851
8940.000 0.855
8950.000 0.877
8960.000 0.896
8970.000 0.909
8980.000 0.935
8990.000 0.948
9000.000 0.973
9010.000 1.001
9020.000 1.040
9030.000 1.061
9040.000 1.104
9050.000 1.129
9060.000 1.187
9070.000 1.253
9080.000 1.293
9090.000 1.382
9100.000 1.435
9110.000 1.558
9120.000 1.633
9130.000 1.799
9140.000 1.881
9150.000 2.082
9160.000 2.369
9170.000 2.557
9180.000 3.098
9190.000 3.473
9200.000 4.573
9210.000 6.328
9220.000 7.616
9230.000 10.184
9240.000 12.423
9250.000 13.108
9260.000 12.902
9270.000 9.125
9280.000 5.701
9290.000 3.775
9300.000 3.158
9310.000 2.685
9320.000 2.009
9330.000 1.561
9340.000 1.388
9350.000 1.121
9360.000 0.926
9370.000 0.843
9380.000 0.707
9390.000 0.651
9400.000 0.556
9410.000 0.479
9420.000 0.446
9430.000 0.390
9440.000 0.365
9450.000 0.323
9460.000 0.303
9470.000 0.268
9480.000 0.241
9490.000 0.214
9500.000 0.205
9510.000 0.183
9520.000 0.174
9530.000 0.157
9540.000 0.143
9550.000 0.135
9560.000 0.123
9570.000 0.119
9580.000 0.108
9590.000 0.103
9600.000 0.095
9610.000 0.088
9620.000 0.084
9630.000 0.079
9640.000 0.077
9650.000 0.072
9660.000 0.070
9670.000 0.067
9680.000 0.065
9690.000 0.065
9700.000 0.062
9710.000 0.061
9720.000 0.060
9730.000 0.060
9740.000 0.058
9750.000 0.058
9760.000 0.060
9770.000 0.060
9780.000 0.058
9790.000 0.060
9800.000 0.060
9810.000 0.061
9820.000 0.063
9830.000 0.064
9840.000 0.063
9850.000 0.069
9860.000 0.070
9870.000 0.072
9880.000 0.067
9890.000 0.063
9900.000 0.059
9910.000 0.056
9920.000 0.054
9930.000 0.050
9940.000 0.048
9950.000 0.046
9960.000 0.047
9970.000 0.042
9980.000 0.041
9990.000 0.036
10000.000 0.034
10010.000 0.032
10020.000 0.028
10030.000 0.025
10040.000 0.027
10050.000 0.019
10060.000 0.018
10070.000 0.017
10080.000 0.020
10090.000 0.024
10100.000 0.026
10110.000 0.031
10120.000 0.040
10130.000 0.048
10140.000 0.062
10150.000 0.070
10160.000 0.078
10170.000 0.096
10180.000 0.114
10190.000 0.123
10200.000 0.147
10210.000 0.173
10220.000 0.188
10230.000 0.221
10240.000 0.262
10250.000 0.284
10260.000 0.340
10270.000 0.374
10280.000 0.462
10290.000 0.519
10300.000 0.674
10310.000 0.784
10320.000 1.097
10330.000 1.579
10340.000 1.901
10350.000 2.750
10360.000 3.349
10370.000 4.990
10380.000 6.928
10390.000 8.483
10400.000 8.583
10410.000 8.111
10420.000 6.384
10430.000 5.610
10440.000 4.395
10450.000 3.519
10460.000 3.162
10470.000 2.566
10480.000 2.328
10490.000 1.941
10500.000 1.648
10510.000 1.529
10520.000 1.338
10530.000 1.264
10540.000 1.140
10550.000 1.045
10560.000 0.981
10570.000 0.960
10580.000 0.923
10590.000 0.908
10600.000 0.877
10610.000 0.860
10620.000 0.831
10630.000 0.818
10640.000 0.794
10650.000 0.773
10660.000 0.763
10670.000 0.745
10680.000 0.740
10690.000 0.724
10700.000 0.712
10710.000 0.705
10720.000 0.697
10730.000 0.687
10740.000 0.680
10750.000 0.671
10760.000 0.665
10770.000 0.657
10780.000 0.648
10790.000 0.646
10800.000 0.640
10810.000 0.637
10820.000 0.635
10830.000 0.633
10840.000 0.635
10850.000 0.636
10860.000 0.626
10870.000 0.625
10880.000 0.619
10890.000 0.611
10900.000 0.606
10910.000 0.605
10920.000 0.600
10930.000 0.600
10940.000 0.595
10950.000 0.594
10960.000 0.591
10970.000 0.592
10980.000 0.592
10990.000 0.593
11000.000 0.588
11010.000 0.598
11020.000 0.592
11030.000 0.597
11040.000 0.607
11050.000 0.613
11060.000 0.612
11070.000 0.606
11080.000 0.603
11090.000 0.598
11100.000 0.594
11110.000 0.592
11120.000 0.594
11130.000 0.595
11140.000 0.597
11150.000 0.601
11160.000 0.601
11170.000 0.607
11180.000 0.611
11190.000 0.615
11200.000 0.618
11210.000 0.621
11220.000 0.627
11230.000 0.635
11240.000 0.639
11250.000 0.648
11260.000 0.653
11270.000 0.661
11280.000 0.671
11290.000 0.677
11300.000 0.695
11310.000 0.701
11320.000 0.715
11330.000 0.722
11340.000 0.741
11350.000 0.758
11360.000 0.770
11370.000 0.790
11380.000 0.811
11390.000 0.825
11400.000 0.854
11410.000 0.880
11420.000 0.929
11430.000 0.985
11440.000 1.018
11450.000 1.102
11460.000 1.155
11470.000 1.288
11480.000 1.475
11490.000 1.599
11500.000 1.944
11510.000 2.179
11520.000 2.836
11530.000 3.677
11540.000 4.008
11550.000 3.916
11560.000 3.430
11570.000 2.297
11580.000 1.848
11590.000 1.198
11600.000 0.995
11610.000 0.698
11620.000 0.505
11630.000 0.431
11640.000 0.312
11650.000 0.228
11660.000 0.193
11670.000 0.137
11680.000 0.115
11690.000 0.075
11700.000 0.058
11710.000 0.034
11720.000 0.017
11730.000 0.020
11740.000 0.030
11750.000 0.040
11760.000 0.051
11770.000 0.063
11780.000 0.074
11790.000 0.077
11800.000 0.086
11810.000 0.092
11820.000 0.101
11830.000 0.108
11840.000 0.111
11850.000 0.120
11860.000 0.122
11870.000 0.128
11880.000 0.128
11890.000 0.134
11900.000 0.138
11910.000 0.142
11920.000 0.146
11930.000 0.149
11940.000 0.154
11950.000 0.155
11960.000 0.159
11970.000 0.164
11980.000 0.165
11990.000 0.174
12000.000 0.174
