110.000 0.085
120.000 10.506
130.000 18.287
140.000 28.313
150.000 33.440
160.000 35.380
170.000 37.834
180.000 38.190
190.000 38.064
200.000 38.759
210.000 39.212
220.000 40.606
230.000 41.257
240.000 42.867
250.000 43.833
260.000 45.498
270.000 46.580
280.000 46.975
290.000 47.871
300.000 48.513
310.000 48.924
320.000 49.798
330.000 50.283
340.000 51.500
350.000 52.948
360.000 53.792
370.000 55.812
380.000 57.017
390.000 59.561
400.000 62.388
410.000 63.867
420.000 66.607
430.000 67.898
440.000 69.842
450.000 70.416
460.000 70.262
470.000 67.500
480.000 65.109
490.000 58.123
500.000 54.707
510.000 48.370
520.000 43.180
530.000 40.873
540.000 37.018
550.000 33.572
560.000 31.961
570.000 30.258
580.000 27.046
590.000 24.228
600.000 22.968
610.000 19.835
620.000 18.667
630.000 16.586
640.000 14.755
650.000 13.873
660.000 12.285
670.000 11.523
680.000 10.159
690.000 8.939
700.000 8.379
710.000 7.404
720.000 6.565
730.000 6.172
740.000 5.443
750.000 4.789
760.000 4.508
770.000 3.976
780.000 3.739
790.000 3.305
800.000 3.112
810.000 2.777
820.000 2.609
830.000 2.533
840.000 2.352
850.000 2.263
860.000 2.082
870.000 2.005
880.000 1.853
890.000 1.716
900.000 1.668
910.000 1.549
920.000 1.452
930.000 1.410
940.000 1.329
950.000 1.292
960.000 1.221
970.000 1.165
980.000 1.136
990.000 1.087
1000.000 1.049
1010.000 1.035
1020.000 0.998
1030.000 0.991
1040.000 0.978
1050.000 0.970
1060.000 0.949
1070.000 0.944
1080.000 0.946
1090.000 0.941
1100.000 0.938
1110.000 0.935
1120.000 0.947
1130.000 0.958
1140.000 0.975
1150.000 0.983
1160.000 1.004
1170.000 1.017
1180.000 1.038
1190.000 1.065
1200.000 1.074
1210.000 1.101
1220.000 1.113
1230.000 1.148
1240.000 1.169
1250.000 1.181
1260.000 1.209
1270.000 1.244
1280.000 1.256
1290.000 1.291
1300.000 1.307
1310.000 1.337
1320.000 1.358
1330.000 1.389
1340.000 1.416
1350.000 1.439
1360.000 1.470
1370.000 1.507
1380.000 1.526
1390.000 1.557
1400.000 1.575
1410.000 1.607
1420.000 1.627
1430.000 1.662
1440.000 1.690
1450.000 1.708
1460.000 1.733
1470.000 1.770
1480.000 1.787
1490.000 1.837
1500.000 1.862
1510.000 1.919
1520.000 1.967
1530.000 1.991
1540.000 2.035
1550.000 2.051
1560.000 2.075
1570.000 2.089
1580.000 2.087
1590.000 2.078
1600.000 2.069
1610.000 2.038
1620.000 2.017
1630.000 1.966
1640.000 1.910
1650.000 1.885
1660.000 1.838
1670.000 1.810
1680.000 1.888
1690.000 2.022
1700.000 2.140
1710.000 2.467
1720.000 2.656
1730.000 3.040
1740.000 3.407
1750.000 3.578
1760.000 3.884
1770.000 4.002
1780.000 4.180
1790.000 4.275
1800.000 4.301
1810.000 4.354
1820.000 4.362
1830.000 4.386
1840.000 4.393
1850.000 4.405
1860.000 4.467
1870.000 4.564
1880.000 4.612
1890.000 4.655
1900.000 4.736
1910.000 4.816
1920.000 4.893
1930.000 4.936
1940.000 5.023
1950.000 5.067
1960.000 5.142
1970.000 5.211
1980.000 5.240
1990.000 5.273
2000.000 5.316
2010.000 5.345
2020.000 5.369
2030.000 5.391
2040.000 5.396
2050.000 5.402
2060.000 5.387
2070.000 5.389
2080.000 5.373
2090.000 5.366
2100.000 5.329
2110.000 5.286
2120.000 5.246
2130.000 5.217
2140.000 5.149
2150.000 5.112
2160.000 5.045
2170.000 5.011
2180.000 4.931
2190.000 4.845
2200.000 4.801
2210.000 4.726
2220.000 4.662
2230.000 4.620
2240.000 4.582
2250.000 4.488
2260.000 4.400
2270.000 4.358
2280.000 4.276
2290.000 4.236
2300.000 4.162
2310.000 4.097
2320.000 4.064
2330.000 4.003
2340.000 3.942
2350.000 3.909
2360.000 3.850
2370.000 3.819
2380.000 3.759
2390.000 3.704
2400.000 3.680
2410.000 3.630
2420.000 3.607
2430.000 3.564
2440.000 3.541
2450.000 3.495
2460.000 3.464
2470.000 3.446
2480.000 3.409
2490.000 3.388
2500.000 3.342
2510.000 3.306
2520.000 3.286
2530.000 3.255
2540.000 3.236
2550.000 3.205
2560.000 3.175
2570.000 3.163
2580.000 3.136
2590.000 3.124
2600.000 3.098
2610.000 3.087
2620.000 3.079
2630.000 3.042
2640.000 3.029
2650.000 3.008
2660.000 2.990
2670.000 2.981
2680.000 2.968
2690.000 2.963
2700.000 2.950
2710.000 2.942
2720.000 2.935
2730.000 2.928
2740.000 2.925
2750.000 2.918
2760.000 2.922
2770.000 2.927
2780.000 2.926
2790.000 2.918
2800.000 2.913
2810.000 2.910
2820.000 2.909
2830.000 2.910
2840.000 2.913
2850.000 2.919
2860.000 2.919
2870.000 2.931
2880.000 2.938
2890.000 2.942
2900.000 2.950
2910.000 2.956
2920.000 2.968
2930.000 2.982
2940.000 3.002
2950.000 3.014
2960.000 3.026
2970.000 3.046
2980.000 3.071
2990.000 3.089
3000.000 3.108
3010.000 3.104
3020.000 3.149
3030.000 3.169
3040.000 3.202
3050.000 3.225
3060.000 3.265
3070.000 3.286
3080.000 3.326
3090.000 3.383
3100.000 3.411
3110.000 3.437
3120.000 3.492
3130.000 3.563
3140.000 3.623
3150.000 3.663
3160.000 3.705
3170.000 3.814
3180.000 3.902
3190.000 3.936
3200.000 4.019
3210.000 4.122
3220.000 4.175
3230.000 4.297
3240.000 4.366
3250.000 4.516
3260.000 4.596
3270.000 4.766
3280.000 4.944
3290.000 5.151
3300.000 5.258
3310.000 5.522
3320.000 5.658
3330.000 5.948
3340.000 6.109
3350.000 6.475
3360.000 6.913
3370.000 7.163
3380.000 7.747
3390.000 8.503
3400.000 8.955
3410.000 9.473
3420.000 10.762
3430.000 12.494
3440.000 13.720
3450.000 16.514
3460.000 20.226
3470.000 22.441
3480.000 27.351
3490.000 29.821
3500.000 33.818
3510.000 34.966
3520.000 33.968
3530.000 31.495
3540.000 25.214
3550.000 19.478
3560.000 17.137
3570.000 13.530
3580.000 11.003
3590.000 10.020
3600.000 8.494
3610.000 7.920
3620.000 7.042
3630.000 6.695
3640.000 6.120
3650.000 5.628
3660.000 5.213
3670.000 5.026
3680.000 4.694
3690.000 4.533
3700.000 4.190
3710.000 3.860
3720.000 3.705
3730.000 3.564
3740.000 3.245
3750.000 2.956
3760.000 2.706
3770.000 2.594
3780.000 2.395
3790.000 2.307
3800.000 2.146
3810.000 2.071
3820.000 1.942
3830.000 1.826
3840.000 1.773
3850.000 1.676
3860.000 1.632
3870.000 1.547
3880.000 1.510
3890.000 1.436
3900.000 1.370
3910.000 1.341
3920.000 1.282
3930.000 1.229
3940.000 1.203
3950.000 1.155
3960.000 1.132
3970.000 1.091
3980.000 1.048
3990.000 1.030
4000.000 0.990
4010.000 0.981
4020.000 0.943
4030.000 0.915
4040.000 0.893
4050.000 0.873
4060.000 0.837
4070.000 0.829
4080.000 0.812
4090.000 0.788
4100.000 0.767
4110.000 0.755
4120.000 0.733
4130.000 0.713
4140.000 0.702
4150.000 0.683
4160.000 0.673
4170.000 0.656
4180.000 0.639
4190.000 0.632
4200.000 0.616
4210.000 0.609
4220.000 0.595
4230.000 0.588
4240.000 0.574
4250.000 0.558
4260.000 0.542
4270.000 0.534
4280.000 0.523
4290.000 0.500
4300.000 0.473
4310.000 0.452
4320.000 0.442
4330.000 0.428
4340.000 0.421
4350.000 0.409
4360.000 0.400
4370.000 0.395
4380.000 0.384
4390.000 0.380
4400.000 0.371
4410.000 0.367
4420.000 0.358
4430.000 0.353
4440.000 0.350
4450.000 0.339
4460.000 0.332
4470.000 0.327
4480.000 0.321
4490.000 0.314
4510.000 0.306
4520.000 0.301
4530.000 0.300
4540.000 0.294
4550.000 0.293
4560.000 0.289
4570.000 0.286
4580.000 0.286
4590.000 0.287
4600.000 0.288
4610.000 0.289
4620.000 0.291
4630.000 0.292
4640.000 0.299
4650.000 0.300
4660.000 0.306
4670.000 0.312
4680.000 0.314
4690.000 0.314
4700.000 0.316
4710.000 0.319
4720.000 0.316
4730.000 0.313
4740.000 0.309
4750.000 0.296
4760.000 0.280
4770.000 0.262
4780.000 0.251
4790.000 0.228
4800.000 0.215
4810.000 0.193
4820.000 0.182
4830.000 0.159
4840.000 0.155
4850.000 0.153
4860.000 0.154
4870.000 0.158
4880.000 0.173
4890.000 0.183
4900.000 0.209
4910.000 0.239
4920.000 0.277
4930.000 0.297
4940.000 0.315
4950.000 0.356
4960.000 0.397
4970.000 0.446
4980.000 0.474
4990.000 0.522
5000.000 0.556
5010.000 0.614
5020.000 0.640
5030.000 0.708
5040.000 0.775
5050.000 0.806
5060.000 0.884
5070.000 0.961
5080.000 0.996
5090.000 1.038
5100.000 1.128
5110.000 1.214
5120.000 1.297
5130.000 1.336
5140.000 1.417
5150.000 1.449
5160.000 1.520
5170.000 1.548
5180.000 1.594
5190.000 1.612
5200.000 1.641
5210.000 1.594
5220.000 1.564
5230.000 1.515
5240.000 1.501
5250.000 1.489
5260.000 1.481
5270.000 1.478
5290.000 1.452
5300.000 1.436
5310.000 1.431
5320.000 1.415
5330.000 1.407
5340.000 1.393
5350.000 1.378
5360.000 1.373
5370.000 1.357
5380.000 1.347
5390.000 1.335
5400.000 1.323
5410.000 1.316
5420.000 1.310
5430.000 1.299
5440.000 1.289
5450.000 1.281
5460.000 1.276
5470.000 1.269
5480.000 1.262
5490.000 1.254
5500.000 1.248
5510.000 1.247
5520.000 1.239
5530.000 1.243
5540.000 1.256
5550.000 1.249
5560.000 1.222
5570.000 1.211
5580.000 1.209
5590.000 1.204
5600.000 1.200
5610.000 1.194
5620.000 1.195
5630.000 1.197
5640.000 1.189
5650.000 1.188
5660.000 1.190
5670.000 1.187
5680.000 1.186
5690.000 1.182
5700.000 1.182
5710.000 1.179
5720.000 1.176
5730.000 1.174
5740.000 1.173
5750.000 1.174
5760.000 1.172
5770.000 1.174
5780.000 1.173
5790.000 1.171
5800.000 1.175
5810.000 1.173
5820.000 1.176
5830.000 1.175
5840.000 1.176
5850.000 1.181
5860.000 1.180
5870.000 1.182
5880.000 1.187
5890.000 1.194
5900.000 1.195
5910.000 1.199
5920.000 1.202
5930.000 1.204
5940.000 1.208
5950.000 1.209
5960.000 1.212
5970.000 1.213
5980.000 1.224
5990.000 1.224
6000.000 1.234
6010.000 1.239
6020.000 1.239
6030.000 1.251
6040.000 1.258
6050.000 1.259
6060.000 1.268
6070.000 1.278
6080.000 1.282
6090.000 1.291
6100.000 1.295
6110.000 1.309
6120.000 1.317
6130.000 1.326
6140.000 1.337
6150.000 1.340
6160.000 1.354
6170.000 1.373
6180.000 1.377
6190.000 1.389
6200.000 1.397
6210.000 1.415
6220.000 1.429
6230.000 1.436
6240.000 1.449
6250.000 1.458
6260.000 1.478
6270.000 1.495
6280.000 1.504
6290.000 1.529
6300.000 1.538
6310.000 1.575
6320.000 1.606
6330.000 1.619
6340.000 1.632
6350.000 1.640
6360.000 1.656
6370.000 1.674
6380.000 1.695
6390.000 1.706
6400.000 1.733
6410.000 1.769
6420.000 1.801
6430.000 1.815
6440.000 1.846
6450.000 1.867
6460.000 1.906
6470.000 1.950
6480.000 1.972
6490.000 2.017
6500.000 2.043
6510.000 2.091
6520.000 2.117
6530.000 2.171
6540.000 2.195
6550.000 2.261
6560.000 2.326
6570.000 2.397
6580.000 2.434
6590.000 2.507
6600.000 2.548
6610.000 2.640
6620.000 2.736
6630.000 2.786
6640.000 2.896
6650.000 2.947
6660.000 3.069
6670.000 3.203
6680.000 3.273
6690.000 3.347
6700.000 3.514
6710.000 3.690
6720.000 3.898
6730.000 4.005
6740.000 4.256
6750.000 4.389
6760.000 4.703
6770.000 4.891
6780.000 5.322
6790.000 5.884
6800.000 6.217
6810.000 7.052
6820.000 7.564
6830.000 8.869
6840.000 9.690
6850.000 11.834
6860.000 14.904
6870.000 19.232
6880.000 22.237
6890.000 28.442
6900.000 31.617
6910.000 37.045
6920.000 38.751
6930.000 38.368
6940.000 30.782
6950.000 26.324
6960.000 22.381
6970.000 16.291
6980.000 12.344
6990.000 10.930
7000.000 8.816
7010.000 7.332
7020.000 6.756
7030.000 5.810
7040.000 5.460
7050.000 4.975
7060.000 4.565
7070.000 4.393
7080.000 4.010
7090.000 3.631
7100.000 3.462
7110.000 3.293
7120.000 2.984
7130.000 2.717
7140.000 2.492
7150.000 2.393
7160.000 2.300
7170.000 2.134
7180.000 1.992
7190.000 1.867
7200.000 1.810
7210.000 1.708
7220.000 1.660
7230.000 1.573
7240.000 1.534
7250.000 1.460
7260.000 1.393
7270.000 1.362
7280.000 1.305
7290.000 1.252
7300.000 1.225
7310.000 1.179
7320.000 1.157
7330.000 1.113
7340.000 1.073
7350.000 1.055
7360.000 1.038
7370.000 1.003
7380.000 0.969
7390.000 0.938
7400.000 0.925
7410.000 0.898
7420.000 0.885
7430.000 0.861
7440.000 0.835
7450.000 0.824
7460.000 0.811
7470.000 0.790
7480.000 0.768
7490.000 0.758
7500.000 0.738
7510.000 0.718
7520.000 0.711
7530.000 0.693
7540.000 0.684
7550.000 0.669
7560.000 0.660
7570.000 0.646
7580.000 0.631
7590.000 0.623
7600.000 0.609
7610.000 0.598
7620.000 0.589
7630.000 0.578
7640.000 0.573
7650.000 0.560
7660.000 0.548
7670.000 0.543
7680.000 0.532
7690.000 0.528
7700.000 0.519
7710.000 0.508
7720.000 0.503
7730.000 0.494
7740.000 0.488
7750.000 0.481
7760.000 0.471
7770.000 0.467
7780.000 0.459
7790.000 0.454
7800.000 0.444
7810.000 0.437
7820.000 0.434
7830.000 0.426
7840.000 0.422
7850.000 0.415
7860.000 0.407
7870.000 0.404
7880.000 0.395
7890.000 0.392
7900.000 0.384
7910.000 0.377
7920.000 0.372
7930.000 0.365
7940.000 0.361
7950.000 0.353
7960.000 0.344
7970.000 0.342
7980.000 0.336
7990.000 0.330
8000.000 0.325
8010.000 0.313
8020.000 0.309
8030.000 0.299
8040.000 0.302
8050.000 0.294
8060.000 0.291
8070.000 0.291
8080.000 0.288
8090.000 0.284
8100.000 0.280
8110.000 0.278
8120.000 0.277
8130.000 0.274
8140.000 0.274
8150.000 0.271
8160.000 0.269
8170.000 0.268
8180.000 0.265
8190.000 0.263
8200.000 0.262
8210.000 0.260
8220.000 0.259
8230.000 0.257
8240.000 0.255
8250.000 0.254
8260.000 0.252
8270.000 0.251
8280.000 0.250
8290.000 0.247
8300.000 0.245
8310.000 0.245
8320.000 0.242
8330.000 0.238
8340.000 0.239
8350.000 0.237
8360.000 0.235
8370.000 0.235
8380.000 0.233
8390.000 0.231
8400.000 0.230
8410.000 0.228
8420.000 0.227
8430.000 0.223
8440.000 0.223
8450.000 0.221
8460.000 0.221
8470.000 0.218
8480.000 0.217
8490.000 0.215
8500.000 0.213
8510.000 0.211
8520.000 0.211
8530.000 0.208
8540.000 0.208
8550.000 0.206
8560.000 0.203
8570.000 0.203
8580.000 0.203
8590.000 0.202
8600.000 0.199
8610.000 0.199
8620.000 0.197
8630.000 0.196
8640.000 0.195
8650.000 0.194
8660.000 0.192
8670.000 0.192
8680.000 0.191
8690.000 0.190
8700.000 0.190
8710.000 0.189
8720.000 0.184
8730.000 0.180
8740.000 0.177
8750.000 0.167
8760.000 0.167
8770.000 0.167
8780.000 0.166
8790.000 0.166
8800.000 0.166
8810.000 0.166
8820.000 0.166
8830.000 0.155
8840.000 0.171
8850.000 0.160
8860.000 0.162
8870.000 0.163
8880.000 0.164
8890.000 0.162
8900.000 0.163
8910.000 0.162
8920.000 0.160
8930.000 0.158
8940.000 0.157
8950.000 0.157
8960.000 0.158
8970.000 0.154
8980.000 0.152
8990.000 0.150
9000.000 0.155
9010.000 0.150
9020.000 0.154
9030.000 0.147
9040.000 0.152
9050.000 0.146
9060.000 0.146
9070.000 0.147
9080.000 0.148
9090.000 0.147
9100.000 0.146
9110.000 0.146
9120.000 0.146
9130.000 0.145
9140.000 0.145
9150.000 0.145
9160.000 0.145
9170.000 0.145
9180.000 0.146
9190.000 0.144
9200.000 0.145
9210.000 0.145
9220.000 0.145
9230.000 0.145
9240.000 0.146
9250.000 0.146
9260.000 0.145
9270.000 0.146
9280.000 0.147
9290.000 0.145
9300.000 0.146
9310.000 0.148
9320.000 0.148
9330.000 0.147
9340.000 0.147
9350.000 0.149
9360.000 0.148
9370.000 0.149
9380.000 0.149
9390.000 0.149
9400.000 0.151
9410.000 0.152
9420.000 0.153
9430.000 0.153
9440.000 0.153
9450.000 0.155
9460.000 0.157
9470.000 0.160
9480.000 0.159
9490.000 0.161
9500.000 0.163
9510.000 0.164
9520.000 0.166
9530.000 0.170
9540.000 0.172
9550.000 0.174
9560.000 0.175
9570.000 0.179
9580.000 0.180
9590.000 0.184
9600.000 0.187
9610.000 0.190
9620.000 0.195
9630.000 0.197
9640.000 0.200
9650.000 0.205
9660.000 0.206
9670.000 0.212
9680.000 0.215
9690.000 0.221
9700.000 0.222
9710.000 0.230
9720.000 0.236
9730.000 0.244
9740.000 0.246
9750.000 0.257
9760.000 0.261
9770.000 0.271
9780.000 0.273
9790.000 0.284
9800.000 0.297
9810.000 0.303
9820.000 0.319
9830.000 0.329
9840.000 0.333
9850.000 0.337
9860.000 0.350
9870.000 0.361
9880.000 0.368
9890.000 0.383
9900.000 0.397
9910.000 0.408
9920.000 0.424
9930.000 0.434
9940.000 0.453
9950.000 0.474
9960.000 0.485
9970.000 0.508
9980.000 0.517
9990.000 0.547
10000.000 0.574
10010.000 0.590
10020.000 0.623
10030.000 0.640
10040.000 0.676
10050.000 0.710
10060.000 0.732
10070.000 0.772
10080.000 0.800
10090.000 0.854
10100.000 0.913
10110.000 0.951
10120.000 1.025
10130.000 1.062
10140.000 1.152
10150.000 1.253
10160.000 1.316
10170.000 1.448
10180.000 1.524
10190.000 1.708
10200.000 1.941
10210.000 2.080
10220.000 2.422
10230.000 2.633
10240.000 3.189
10250.000 3.985
10260.000 4.506
10270.000 5.829
10280.000 6.583
10290.000 8.329
10300.000 10.423
10310.000 11.551
10320.000 13.694
10330.000 14.615
10340.000 15.405
10350.000 14.341
10360.000 13.147
10370.000 10.387
10380.000 9.143
10390.000 7.097
10400.000 5.597
10410.000 5.022
10420.000 4.142
10430.000 3.800
10440.000 3.254
10450.000 2.827
10460.000 2.670
10470.000 2.443
10480.000 2.346
10490.000 2.176
10500.000 2.103
10510.000 1.975
10520.000 1.861
10530.000 1.815
10540.000 1.733
10550.000 1.664
10560.000 1.635
10570.000 1.610
10580.000 1.558
10590.000 1.512
10600.000 1.488
10610.000 1.434
10620.000 1.407
10630.000 1.352
10640.000 1.298
10650.000 1.240
10660.000 1.211
10670.000 1.182
10680.000 1.131
10690.000 1.090
10700.000 1.048
10710.000 1.029
10720.000 1.011
10730.000 0.979
10740.000 0.949
10750.000 0.923
10760.000 0.912
10770.000 0.886
10780.000 0.875
10790.000 0.854
10800.000 0.834
10810.000 0.825
10820.000 0.806
10830.000 0.798
10840.000 0.784
10850.000 0.769
10860.000 0.761
10870.000 0.755
10880.000 0.743
10890.000 0.729
10900.000 0.718
10910.000 0.711
10920.000 0.699
10930.000 0.694
10940.000 0.685
10950.000 0.676
10960.000 0.672
10970.000 0.668
10980.000 0.660
10990.000 0.651
11000.000 0.650
11010.000 0.642
11020.000 0.630
11030.000 0.630
11040.000 0.622
11050.000 0.614
11060.000 0.613
11070.000 0.605
11080.000 0.602
11090.000 0.597
11100.000 0.596
11110.000 0.590
11120.000 0.585
11130.000 0.584
11140.000 0.577
11150.000 0.577
11160.000 0.572
11170.000 0.566
11180.000 0.566
11190.000 0.560
11200.000 0.560
11210.000 0.555
11220.000 0.553
11230.000 0.550
11240.000 0.547
11250.000 0.546
11260.000 0.543
11270.000 0.539
11280.000 0.538
11290.000 0.532
11300.000 0.534
11310.000 0.530
11320.000 0.527
11330.000 0.525
11340.000 0.523
11350.000 0.520
11360.000 0.520
11370.000 0.516
11380.000 0.516
11390.000 0.512
11400.000 0.513
11410.000 0.510
11420.000 0.509
11430.000 0.507
11440.000 0.506
11450.000 0.506
11460.000 0.503
11470.000 0.502
11480.000 0.501
11490.000 0.497
11500.000 0.501
11510.000 0.497
11520.000 0.496
11530.000 0.497
11540.000 0.494
11550.000 0.493
11560.000 0.492
11570.000 0.491
11580.000 0.490
11590.000 0.489
11600.000 0.489
11610.000 0.489
11620.000 0.489
11630.000 0.488
11640.000 0.488
11650.000 0.487
11660.000 0.484
11670.000 0.486
11680.000 0.485
11690.000 0.483
11700.000 0.485
11710.000 0.482
11720.000 0.482
11730.000 0.483
11740.000 0.483
11750.000 0.483
11760.000 0.482
11770.000 0.481
11780.000 0.481
11790.000 0.480
11800.000 0.481
11810.000 0.481
11820.000 0.482
11830.000 0.482
11840.000 0.484
11850.000 0.482
11860.000 0.484
11870.000 0.481
11880.000 0.485
11890.000 0.484
11900.000 0.486
11910.000 0.486
11920.000 0.486
11930.000 0.489
11940.000 0.488
11950.000 0.492
11960.000 0.492
11970.000 0.494
11980.000 0.496
11990.000 0.498
12000.000 0.501
