110.000 0.108
120.000 0.068
130.000 7.958
140.000 10.064
150.000 10.778
160.000 12.759
170.000 13.767
180.000 14.139
190.000 13.682
200.000 13.553
210.000 13.853
220.000 14.106
230.000 14.646
240.000 14.774
250.000 14.627
260.000 14.584
270.000 14.741
280.000 15.117
290.000 15.551
300.000 15.733
310.000 16.202
320.000 16.490
330.000 17.153
340.000 18.048
350.000 18.561
360.000 20.023
370.000 20.961
380.000 23.045
390.000 26.253
400.000 28.256
410.000 32.450
420.000 34.399
430.000 37.566
440.000 39.829
450.000 40.551
460.000 40.903
470.000 40.558
480.000 38.573
490.000 35.888
500.000 34.505
510.000 31.891
520.000 30.789
530.000 28.860
540.000 27.295
550.000 26.719
560.000 25.684
570.000 24.537
580.000 23.730
590.000 23.224
600.000 23.029
610.000 22.622
620.000 22.522
630.000 22.173
640.000 22.169
650.000 22.375
660.000 23.596
670.000 24.825
680.000 28.450
690.000 34.896
700.000 39.540
710.000 53.824
720.000 58.576
730.000 46.240
740.000 22.053
750.000 17.234
760.000 10.909
770.000 8.874
780.000 6.135
790.000 4.390
800.000 3.771
810.000 2.826
820.000 2.556
830.000 2.134
840.000 1.941
850.000 1.596
860.000 1.333
870.000 1.223
880.000 1.036
890.000 0.960
900.000 0.825
910.000 0.715
920.000 0.665
930.000 0.585
940.000 0.516
950.000 0.483
960.000 0.429
970.000 0.407
980.000 0.371
990.000 0.347
1000.000 0.322
1010.000 0.296
1020.000 0.285
1030.000 0.268
1040.000 0.260
1050.000 0.252
1060.000 0.246
1070.000 0.246
1080.000 0.249
1090.000 0.255
1100.000 0.264
1110.000 0.281
1120.000 0.289
1130.000 0.309
1140.000 0.321
1150.000 0.348
1160.000 0.378
1170.000 0.395
1180.000 0.430
1190.000 0.452
1200.000 0.498
1210.000 0.547
1220.000 0.573
1230.000 0.636
1240.000 0.671
1250.000 0.755
1260.000 0.863
1270.000 0.926
1280.000 1.073
1290.000 1.152
1300.000 1.348
1310.000 1.601
1320.000 1.761
1330.000 2.186
1340.000 2.479
1350.000 3.424
1360.000 5.555
1370.000 7.461
1380.000 13.665
1390.000 18.659
1400.000 30.577
1410.000 26.674
1420.000 19.346
1430.000 12.172
1440.000 10.068
1450.000 7.391
1460.000 5.723
1470.000 5.129
1480.000 4.228
1490.000 3.875
1500.000 3.320
1510.000 2.902
1520.000 2.734
1530.000 2.473
1540.000 2.360
1550.000 2.164
1560.000 1.998
1570.000 1.929
1580.000 1.793
1590.000 1.733
1600.000 1.624
1610.000 1.528
1620.000 1.480
1630.000 1.381
1640.000 1.333
1650.000 1.244
1660.000 1.170
1670.000 1.146
1680.000 1.137
1690.000 1.162
1700.000 1.276
1710.000 1.452
1720.000 1.555
1730.000 1.780
1740.000 1.899
1750.000 2.153
1760.000 2.417
1770.000 2.552
1780.000 2.857
1790.000 3.015
1800.000 3.254
1810.000 3.397
1820.000 3.466
1830.000 3.614
1840.000 3.692
1850.000 3.862
1860.000 4.083
1870.000 4.200
1880.000 4.435
1890.000 4.568
1900.000 4.861
1910.000 5.196
1920.000 5.384
1930.000 5.811
1940.000 6.057
1950.000 6.659
1960.000 7.340
1970.000 7.738
1980.000 8.678
1990.000 9.234
2000.000 10.698
2010.000 11.533
2020.000 13.648
2030.000 16.499
2040.000 18.062
2050.000 21.546
2060.000 23.508
2070.000 27.782
2080.000 32.011
2090.000 33.821
2100.000 35.712
2110.000 34.018
2120.000 31.166
2130.000 24.604
2150.000 25.578
2160.000 21.033
2170.000 17.492
2180.000 15.903
2190.000 13.047
2200.000 11.756
2210.000 9.556
2220.000 7.815
2230.000 7.094
2240.000 5.908
2250.000 5.434
2260.000 4.667
2270.000 4.098
2280.000 3.856
2290.000 3.449
2300.000 3.272
2310.000 2.963
2320.000 2.704
2330.000 2.591
2340.000 2.395
2350.000 2.310
2360.000 2.157
2370.000 2.032
2380.000 1.971
2390.000 1.872
2400.000 1.831
2410.000 1.759
2420.000 1.727
2430.000 1.671
2440.000 1.626
2450.000 1.609
2460.000 1.582
2470.000 1.571
2480.000 1.555
2490.000 1.546
2500.000 1.544
2510.000 1.545
2520.000 1.551
2530.000 1.560
2540.000 1.580
2550.000 1.593
2560.000 1.627
2570.000 1.648
2580.000 1.698
2590.000 1.763
2600.000 1.803
2610.000 1.895
2620.000 1.950
2630.000 2.056
2640.000 2.187
2650.000 2.266
2660.000 2.454
2670.000 2.569
2680.000 2.870
2690.000 3.290
2700.000 3.570
2710.000 4.154
2720.000 4.520
2730.000 5.553
2740.000 7.230
2750.000 8.466
2760.000 12.185
2770.000 14.771
2780.000 21.231
2790.000 28.969
2800.000 32.549
2810.000 32.474
2820.000 26.369
2830.000 15.767
2840.000 10.240
2850.000 8.467
2860.000 6.129
2870.000 5.341
2880.000 4.207
2890.000 3.424
2900.000 3.119
2910.000 2.631
2920.000 2.433
2930.000 2.109
2940.000 1.859
2950.000 1.753
2960.000 1.576
2970.000 1.493
2980.000 1.364
2990.000 1.262
3000.000 1.217
3010.000 1.140
3020.000 1.105
3030.000 1.047
3040.000 1.000
3050.000 0.976
3060.000 0.941
3070.000 0.930
3080.000 0.896
3090.000 0.872
3100.000 0.863
3110.000 0.843
3120.000 0.835
3130.000 0.821
3140.000 0.811
3150.000 0.806
3160.000 0.800
3170.000 0.797
3180.000 0.795
3190.000 0.798
3200.000 0.798
3210.000 0.802
3220.000 0.806
3230.000 0.813
3240.000 0.827
3250.000 0.833
3260.000 0.851
3270.000 0.862
3280.000 0.891
3290.000 0.921
3300.000 0.938
3310.000 0.982
3320.000 1.006
3330.000 1.065
3340.000 1.140
3350.000 1.186
3360.000 1.304
3370.000 1.373
3380.000 1.545
3390.000 1.735
3400.000 1.855
3410.000 2.186
3420.000 2.418
3430.000 3.112
3440.000 4.430
3450.000 5.517
3460.000 9.286
3470.000 12.181
3480.000 19.426
3490.000 24.526
3500.000 22.695
3510.000 12.539
3520.000 9.582
3530.000 6.030
3540.000 4.098
3550.000 3.477
3560.000 2.575
3570.000 2.276
3580.000 1.826
3590.000 1.652
3600.000 1.381
3610.000 1.184
3620.000 1.105
3630.000 0.973
3640.000 0.921
3650.000 0.830
3660.000 0.761
3670.000 0.730
3680.000 0.680
3690.000 0.657
3700.000 0.620
3710.000 0.591
3720.000 0.576
3730.000 0.553
3740.000 0.544
3750.000 0.525
3760.000 0.512
3770.000 0.507
3780.000 0.498
3790.000 0.495
3800.000 0.489
3810.000 0.485
3820.000 0.485
3830.000 0.483
3840.000 0.483
3850.000 0.485
3860.000 0.487
3870.000 0.488
3880.000 0.493
3890.000 0.495
3900.000 0.503
3910.000 0.513
3920.000 0.519
3930.000 0.532
3940.000 0.541
3950.000 0.557
3960.000 0.581
3970.000 0.590
3980.000 0.616
3990.000 0.635
4000.000 0.666
4010.000 0.711
4020.000 0.734
4030.000 0.809
4040.000 0.852
4050.000 0.939
4060.000 1.074
4070.000 1.159
4080.000 1.359
4090.000 1.467
4100.000 1.749
4110.000 2.166
4120.000 2.466
4130.000 3.364
4140.000 4.040
4150.000 6.204
4160.000 11.109
4170.000 14.875
4180.000 21.487
4190.000 21.215
4200.000 12.127
4210.000 7.151
4220.000 5.716
4230.000 3.879
4240.000 3.287
4250.000 2.474
4260.000 1.944
4270.000 1.742
4280.000 1.430
4290.000 1.308
4300.000 1.117
4310.000 0.984
4320.000 0.930
4330.000 0.849
4340.000 0.814
4350.000 0.758
4360.000 0.714
4370.000 0.694
4380.000 0.663
4390.000 0.648
4400.000 0.626
4410.000 0.606
4420.000 0.597
4430.000 0.585
4440.000 0.582
4450.000 0.570
4460.000 0.562
4470.000 0.560
4480.000 0.555
4490.000 0.555
4500.000 0.557
4510.000 0.559
4520.000 0.563
4530.000 0.564
4540.000 0.569
4550.000 0.578
4560.000 0.586
4570.000 0.593
4580.000 0.605
4590.000 0.614
4600.000 0.631
4610.000 0.650
4620.000 0.662
4630.000 0.690
4640.000 0.705
4650.000 0.737
4660.000 0.773
4670.000 0.788
4680.000 0.830
4690.000 0.851
4700.000 0.899
4710.000 0.951
4720.000 0.977
4730.000 1.038
4740.000 1.071
4750.000 1.144
4760.000 1.187
4770.000 1.298
4780.000 1.415
4790.000 1.482
4800.000 1.688
4810.000 1.849
4820.000 2.371
4830.000 3.440
4840.000 4.339
4850.000 7.265
4860.000 9.487
4870.000 14.719
4880.000 13.860
4890.000 10.514
4900.000 6.429
4910.000 5.260
4920.000 3.756
4930.000 2.904
4940.000 2.616
4950.000 2.198
4960.000 2.050
4970.000 1.833
4980.000 1.693
4990.000 1.643
5000.000 1.586
5010.000 1.576
5020.000 1.557
5030.000 1.549
5040.000 1.556
5050.000 1.548
5060.000 1.556
5070.000 1.560
5080.000 1.579
5090.000 1.584
5100.000 1.600
5110.000 1.608
5120.000 1.626
5130.000 1.631
5140.000 1.634
5150.000 1.636
5160.000 1.639
5170.000 1.640
5180.000 1.639
5190.000 1.640
5200.000 1.637
5210.000 1.638
5220.000 1.640
5230.000 1.641
5240.000 1.641
5250.000 1.645
5260.000 1.649
5270.000 1.653
5280.000 1.662
5290.000 1.668
5300.000 1.691
5310.000 1.705
5320.000 1.731
5330.000 1.765
5340.000 1.784
5350.000 1.832
5360.000 1.860
5370.000 1.918
5380.000 1.999
5390.000 2.040
5400.000 2.136
5410.000 2.190
5420.000 2.322
5430.000 2.484
5440.000 2.580
5450.000 2.823
5460.000 2.982
5470.000 3.398
5480.000 4.032
5490.000 4.471
5500.000 5.731
5510.000 9.749
5520.000 13.197
5530.000 15.604
5540.000 19.081
5550.000 27.533
5560.000 31.921
5570.000 36.069
5580.000 23.925
5590.000 17.975
5600.000 11.118
5610.000 9.004
5620.000 6.260
5630.000 4.683
5640.000 4.131
5650.000 3.298
5660.000 2.976
5670.000 2.486
5680.000 2.130
5690.000 1.988
5700.000 1.758
5710.000 1.661
5720.000 1.491
5730.000 1.354
5740.000 1.296
5750.000 1.199
5760.000 1.155
5770.000 1.082
5780.000 1.018
5790.000 0.998
5800.000 0.948
5810.000 0.928
5820.000 0.894
5830.000 0.865
5840.000 0.851
5850.000 0.830
5860.000 0.819
5870.000 0.803
5880.000 0.789
5890.000 0.782
5900.000 0.775
5910.000 0.774
5920.000 0.767
5930.000 0.767
5940.000 0.765
5950.000 0.769
5960.000 0.772
5970.000 0.778
5980.000 0.787
5990.000 0.794
6000.000 0.815
6010.000 0.818
6020.000 0.842
6030.000 0.849
6040.000 0.882
6050.000 0.913
6060.000 0.932
6070.000 0.967
6080.000 0.989
6090.000 1.044
6100.000 1.108
6110.000 1.144
6120.000 1.229
6130.000 1.282
6140.000 1.410
6150.000 1.581
6160.000 1.690
6170.000 1.988
6180.000 2.196
6190.000 2.842
6200.000 4.051
6210.000 5.068
6220.000 8.292
6230.000 10.574
6240.000 16.667
6250.000 24.009
6260.000 26.340
6270.000 21.351
6280.000 16.033
6290.000 9.787
6300.000 6.510
6310.000 5.445
6320.000 4.026
6330.000 3.534
6340.000 2.824
6350.000 2.324
6360.000 2.129
6370.000 1.833
6380.000 1.719
6390.000 1.534
6400.000 1.390
6410.000 1.331
6420.000 1.235
6430.000 1.184
6440.000 1.108
6450.000 1.043
6460.000 1.020
6470.000 0.975
6480.000 0.955
6490.000 0.921
6500.000 0.892
6510.000 0.884
6520.000 0.862
6530.000 0.853
6540.000 0.838
6550.000 0.832
6560.000 0.821
6570.000 0.815
6580.000 0.815
6590.000 0.812
6600.000 0.811
6610.000 0.815
6620.000 0.817
6630.000 0.822
6640.000 0.830
6650.000 0.832
6660.000 0.842
6670.000 0.851
6680.000 0.859
6690.000 0.877
6700.000 0.884
6710.000 0.903
6720.000 0.927
6730.000 0.942
6740.000 0.976
6750.000 0.991
6760.000 1.035
6770.000 1.084
6780.000 1.112
6790.000 1.171
6800.000 1.209
6810.000 1.311
6820.000 1.431
6830.000 1.502
6840.000 1.686
6850.000 1.808
6860.000 2.147
6870.000 2.667
6880.000 3.063
6890.000 4.121
6900.000 4.841
6910.000 7.045
6920.000 10.719
6930.000 13.243
6940.000 19.325
6950.000 21.656
6960.000 19.093
6970.000 10.910
6980.000 8.449
6990.000 5.426
7000.000 3.779
7010.000 3.246
7020.000 2.499
7030.000 2.224
7040.000 1.800
7050.000 1.488
7060.000 1.376
7070.000 1.184
7080.000 1.109
7090.000 0.979
7100.000 0.877
7110.000 0.833
7120.000 0.763
7130.000 0.730
7140.000 0.677
7150.000 0.656
7160.000 0.617
7170.000 0.586
7180.000 0.573
7190.000 0.549
7200.000 0.536
7210.000 0.517
7220.000 0.501
7230.000 0.494
7240.000 0.482
7250.000 0.478
7260.000 0.469
7270.000 0.460
7280.000 0.458
7290.000 0.453
7300.000 0.450
7310.000 0.446
7320.000 0.447
7330.000 0.446
7340.000 0.447
7350.000 0.448
7360.000 0.453
7370.000 0.458
7380.000 0.460
7390.000 0.470
7400.000 0.474
7410.000 0.486
7420.000 0.502
7430.000 0.510
7440.000 0.532
7450.000 0.543
7460.000 0.574
7470.000 0.610
7480.000 0.633
7490.000 0.687
7500.000 0.719
7510.000 0.800
7520.000 0.892
7530.000 0.948
7540.000 1.087
7550.000 1.181
7560.000 1.444
7570.000 1.895
7580.000 2.243
7590.000 3.417
7600.000 4.329
7610.000 6.902
7620.000 10.434
7630.000 12.653
7640.000 16.834
7650.000 17.042
7660.000 11.842
7670.000 7.617
7680.000 6.264
7690.000 4.419
7700.000 3.785
7710.000 2.888
7720.000 2.317
7730.000 2.087
7740.000 1.767
7750.000 1.644
7760.000 1.455
7770.000 1.381
7780.000 1.265
7790.000 1.169
7800.000 1.130
7810.000 1.060
7820.000 1.033
7830.000 0.979
7840.000 0.934
7850.000 0.913
7860.000 0.878
7870.000 0.861
7880.000 0.836
7890.000 0.812
7900.000 0.801
7910.000 0.784
7920.000 0.777
7930.000 0.761
7940.000 0.749
7950.000 0.745
7960.000 0.736
7970.000 0.730
7980.000 0.719
7990.000 0.720
8000.000 0.722
8010.000 0.717
8020.000 0.726
8030.000 0.748
8040.000 0.773
8050.000 0.775
8060.000 0.787
8070.000 0.786
8080.000 0.804
8090.000 0.821
8100.000 0.834
8110.000 0.851
8120.000 0.859
8130.000 0.872
8140.000 0.902
8150.000 0.920
8160.000 0.963
8170.000 0.989
8180.000 1.046
8190.000 1.121
8200.000 1.163
8210.000 1.266
8220.000 1.333
8230.000 1.503
8240.000 1.738
8250.000 1.867
8260.000 2.170
8270.000 2.373
8280.000 3.033
8290.000 4.241
8300.000 5.182
8310.000 7.998
8320.000 10.046
8330.000 13.539
8340.000 12.973
8350.000 10.217
8360.000 5.894
8370.000 4.609
8380.000 3.010
8390.000 2.138
8400.000 1.843
8410.000 1.413
8420.000 1.252
8430.000 1.008
8440.000 0.830
8450.000 0.756
8460.000 0.639
8470.000 0.588
8480.000 0.515
8490.000 0.456
8500.000 0.432
8510.000 0.391
8520.000 0.373
8530.000 0.344
8540.000 0.318
8550.000 0.306
8560.000 0.287
8570.000 0.278
8580.000 0.265
8590.000 0.251
8600.000 0.248
8610.000 0.238
8620.000 0.234
8630.000 0.227
8640.000 0.220
8650.000 0.217
8660.000 0.213
8670.000 0.211
8680.000 0.208
8690.000 0.204
8700.000 0.199
8710.000 0.178
8720.000 0.167
8730.000 0.170
8740.000 0.175
8750.000 0.178
8760.000 0.188
8770.000 0.187
8780.000 0.194
8790.000 0.202
8800.000 0.205
8810.000 0.215
8820.000 0.221
8830.000 0.237
8840.000 0.256
8850.000 0.253
8860.000 0.288
8870.000 0.299
8880.000 0.336
8890.000 0.384
8900.000 0.411
8910.000 0.491
8920.000 0.540
8930.000 0.668
8940.000 0.756
8950.000 1.013
8960.000 1.449
8970.000 1.791
8980.000 2.891
8990.000 3.675
9000.000 5.531
9010.000 7.076
9020.000 7.843
9030.000 9.994
9040.000 10.233
9050.000 7.908
9060.000 5.705
9070.000 4.919
9080.000 3.727
9090.000 3.274
9100.000 2.582
9110.000 2.094
9120.000 1.902
9130.000 1.608
9140.000 1.495
9150.000 1.315
9160.000 1.179
9170.000 1.131
9180.000 1.056
9190.000 1.024
9200.000 0.976
9210.000 0.938
9220.000 0.918
9230.000 0.885
9240.000 0.870
9250.000 0.840
9260.000 0.821
9270.000 0.812
9280.000 0.798
9290.000 0.788
9300.000 0.777
9310.000 0.766
9320.000 0.759
9330.000 0.752
9340.000 0.747
9350.000 0.752
9360.000 0.763
9370.000 0.769
9380.000 0.770
9390.000 0.770
9400.000 0.768
9410.000 0.774
9420.000 0.778
9430.000 0.781
9440.000 0.786
9450.000 0.800
9460.000 0.823
9470.000 0.833
9480.000 0.844
9490.000 0.846
9500.000 0.853
9510.000 0.865
9520.000 0.872
9530.000 0.894
9540.000 0.908
9550.000 0.935
9560.000 0.973
9570.000 0.995
9580.000 1.047
9590.000 1.080
9600.000 1.158
9610.000 1.265
9620.000 1.315
9630.000 1.440
9640.000 1.522
9650.000 1.742
9660.000 2.107
9670.000 2.376
9680.000 3.229
9690.000 3.886
9700.000 5.727
9710.000 7.514
9720.000 7.652
9730.000 5.717
9740.000 4.698
9750.000 2.991
9760.000 1.860
9770.000 1.512
9780.000 1.036
9790.000 0.872
9800.000 0.635
9810.000 0.474
9820.000 0.412
9830.000 0.316
9840.000 0.276
9850.000 0.214
9860.000 0.168
9870.000 0.149
9880.000 0.118
9890.000 0.105
9900.000 0.084
9910.000 0.070
9920.000 0.064
9930.000 0.058
9940.000 0.057
9950.000 0.056
9960.000 0.057
9970.000 0.061
9980.000 0.062
9990.000 0.066
10000.000 0.065
10010.000 0.067
10020.000 0.069
10030.000 0.073
10040.000 0.077
10050.000 0.075
10060.000 0.079
10070.000 0.079
10080.000 0.081
10090.000 0.079
10100.000 0.079
10110.000 0.081
10120.000 0.083
10130.000 0.085
10140.000 0.086
10150.000 0.079
10160.000 0.064
10170.000 0.047
10180.000 0.038
10190.000 0.032
10200.000 0.025
10210.000 0.018
10220.000 0.007
10230.000 0.014
10240.000 0.023
10250.000 0.042
10260.000 0.054
10270.000 0.081
10280.000 0.113
10290.000 0.131
10300.000 0.178
10310.000 0.207
10320.000 0.281
10330.000 0.394
10340.000 0.481
10350.000 0.772
10360.000 1.008
10370.000 1.707
10380.000 2.887
10390.000 3.756
10400.000 5.656
10410.000 6.344
10420.000 6.165
10430.000 4.616
10440.000 4.007
10450.000 3.135
10460.000 2.820
10470.000 2.341
10480.000 1.988
10490.000 1.850
10500.000 1.626
10510.000 1.536
10520.000 1.372
10530.000 1.223
10540.000 1.160
10550.000 1.054
10560.000 1.008
10570.000 0.934
10580.000 0.871
10590.000 0.837
10600.000 0.783
10610.000 0.762
10620.000 0.732
10630.000 0.711
10640.000 0.703
10650.000 0.690
10660.000 0.687
10670.000 0.681
10680.000 0.671
10690.000 0.666
10700.000 0.660
10710.000 0.656
10720.000 0.653
10730.000 0.651
10740.000 0.646
10750.000 0.644
10760.000 0.643
10770.000 0.645
10780.000 0.644
10790.000 0.647
10800.000 0.646
10810.000 0.649
10820.000 0.656
10830.000 0.659
10840.000 0.670
10850.000 0.684
10860.000 0.688
10870.000 0.690
10880.000 0.693
10890.000 0.694
10900.000 0.702
10910.000 0.704
10920.000 0.715
10930.000 0.732
10940.000 0.744
10950.000 0.770
10960.000 0.785
10970.000 0.812
10980.000 0.859
10990.000 0.881
11000.000 0.943
11010.000 0.975
11020.000 1.074
11030.000 1.186
11040.000 1.278
11050.000 1.463
11060.000 1.656
11070.000 2.070
11080.000 2.854
11090.000 3.351
11100.000 4.084
11110.000 3.979
11120.000 2.919
11130.000 1.631
11140.000 1.243
11150.000 0.749
11160.000 0.590
11170.000 0.365
11180.000 0.227
11190.000 0.173
11200.000 0.095
11210.000 0.055
11220.000 0.022
11230.000 0.012
11240.000 0.025
11250.000 0.048
11260.000 0.056
11270.000 0.072
11280.000 0.087
11290.000 0.091
11300.000 0.105
11310.000 0.109
11320.000 0.116
11330.000 0.119
11340.000 0.127
11350.000 0.131
11360.000 0.135
11370.000 0.139
11380.000 0.141
11390.000 0.144
11400.000 0.147
11410.000 0.147
11420.000 0.150
11430.000 0.152
11440.000 0.154
11450.000 0.155
11460.000 0.154
11470.000 0.154
11480.000 0.154
11490.000 0.155
11500.000 0.154
11510.000 0.153
11520.000 0.152
11530.000 0.152
11540.000 0.151
11550.000 0.148
11560.000 0.146
11570.000 0.143
11580.000 0.140
11590.000 0.136
11600.000 0.128
11610.000 0.126
11620.000 0.121
11630.000 0.117
11640.000 0.111
11650.000 0.104
11660.000 0.105
11670.000 0.105
11680.000 0.107
11690.000 0.119
11700.000 0.146
11710.000 0.166
11720.000 0.234
11730.000 0.291
11740.000 0.493
11750.000 0.850
11760.000 1.093
11770.000 1.724
11780.000 2.168
11790.000 3.152
11800.000 3.444
11810.000 3.201
11820.000 2.555
11830.000 2.287
11840.000 1.889
11850.000 1.604
11860.000 1.484
11870.000 1.283
11880.000 1.195
11890.000 1.038
11900.000 0.919
11910.000 0.870
11920.000 0.782
11930.000 0.745
11940.000 0.685
11950.000 0.638
11960.000 0.619
11970.000 0.595
11980.000 0.584
11990.000 0.574
12000.000 0.562
