110.000 0.075
120.000 0.027
130.000 5.320
140.000 6.107
150.000 7.573
160.000 8.379
170.000 8.560
180.000 8.790
190.000 8.837
200.000 9.198
210.000 9.728
220.000 10.093
230.000 11.086
240.000 11.428
250.000 12.205
260.000 13.019
270.000 13.586
280.000 14.799
290.000 15.496
300.000 16.927
310.000 18.908
320.000 20.274
330.000 24.403
340.000 27.183
350.000 35.078
360.000 45.774
370.000 51.749
380.000 64.932
390.000 72.434
400.000 69.657
410.000 66.323
420.000 64.504
430.000 63.066
440.000 61.587
450.000 56.056
460.000 51.705
470.000 42.318
480.000 36.388
490.000 33.485
500.000 28.072
510.000 25.573
520.000 21.203
530.000 17.474
540.000 15.793
550.000 12.554
560.000 11.305
570.000 9.306
580.000 7.820
590.000 7.213
600.000 6.243
610.000 5.836
620.000 5.169
630.000 4.639
640.000 4.416
650.000 4.064
660.000 3.931
670.000 3.734
680.000 3.629
690.000 3.612
700.000 3.651
710.000 3.705
720.000 3.959
730.000 4.528
740.000 4.974
750.000 6.542
760.000 7.977
770.000 13.665
780.000 23.553
790.000 29.562
800.000 33.767
810.000 20.391
820.000 9.259
830.000 6.007
840.000 4.930
850.000 3.508
860.000 3.022
870.000 2.329
880.000 1.872
890.000 1.696
900.000 1.432
910.000 1.317
920.000 1.159
930.000 1.025
940.000 0.972
950.000 0.892
960.000 0.858
970.000 0.803
980.000 0.765
990.000 0.752
1000.000 0.727
1010.000 0.726
1020.000 0.715
1030.000 0.724
1040.000 0.729
1050.000 0.758
1060.000 0.772
1070.000 0.817
1080.000 0.883
1090.000 0.923
1100.000 1.030
1110.000 1.106
1120.000 1.304
1130.000 1.619
1140.000 1.862
1150.000 2.722
1160.000 3.552
1170.000 8.413
1180.000 15.086
1190.000 10.117
1200.000 4.516
1210.000 3.554
1220.000 2.440
1230.000 1.843
1240.000 1.647
1250.000 1.362
1260.000 1.272
1270.000 1.116
1280.000 1.011
1290.000 0.973
1300.000 0.911
1310.000 0.889
1320.000 0.857
1330.000 0.838
1340.000 0.837
1350.000 0.837
1360.000 0.843
1370.000 0.861
1380.000 0.890
1390.000 0.911
1400.000 0.954
1410.000 0.983
1420.000 1.055
1430.000 1.151
1440.000 1.211
1450.000 1.372
1460.000 1.474
1470.000 1.735
1480.000 2.115
1490.000 2.386
1500.000 3.257
1510.000 3.999
1520.000 6.575
1530.000 10.943
1540.000 14.153
1550.000 24.338
1560.000 28.768
1570.000 22.607
1580.000 15.610
1590.000 9.918
1600.000 6.907
1610.000 5.885
1620.000 4.410
1630.000 3.872
1640.000 3.070
1650.000 2.504
1660.000 2.287
1670.000 1.968
1680.000 1.871
1690.000 1.786
1700.000 1.823
1710.000 1.872
1720.000 2.014
1730.000 2.135
1740.000 2.444
1750.000 2.795
1760.000 2.985
1770.000 3.245
1780.000 3.369
1790.000 3.650
1800.000 3.987
1810.000 4.193
1820.000 4.693
1830.000 5.002
1840.000 5.786
1850.000 6.871
1860.000 7.571
1870.000 9.409
1880.000 10.609
1890.000 13.722
1900.000 18.235
1910.000 21.354
1920.000 29.979
1930.000 34.984
1940.000 42.104
1950.000 39.185
1960.000 33.440
1970.000 23.365
1980.000 19.681
1990.000 14.434
2000.000 11.000
2010.000 9.748
2020.000 7.911
2030.000 7.226
2040.000 6.157
2050.000 5.393
2060.000 5.080
2070.000 4.593
2080.000 4.426
2090.000 4.183
2100.000 3.949
2110.000 3.824
2120.000 3.619
2130.000 3.538
2140.000 3.420
2150.000 3.360
2160.000 3.347
2170.000 3.367
2180.000 3.399
2190.000 3.513
2200.000 3.701
2210.000 3.831
2220.000 4.145
2230.000 4.292
2240.000 4.663
2250.000 5.227
2260.000 5.633
2270.000 6.835
2280.000 7.714
2290.000 10.282
2300.000 14.734
2310.000 17.897
2320.000 25.848
2330.000 30.017
2340.000 35.595
2350.000 28.840
2360.000 22.393
2370.000 14.053
2380.000 11.462
2390.000 8.139
2400.000 6.213
2410.000 5.535
2420.000 4.532
2430.000 4.154
2440.000 3.555
2450.000 3.103
2460.000 2.920
2470.000 2.618
2480.000 2.496
2490.000 2.297
2500.000 2.142
2510.000 2.083
2520.000 1.990
2530.000 1.954
2540.000 1.909
2550.000 1.889
2560.000 1.887
2570.000 1.903
2580.000 1.923
2590.000 2.002
2600.000 2.123
2610.000 2.205
2620.000 2.429
2630.000 2.580
2640.000 2.978
2650.000 3.605
2660.000 4.076
2670.000 5.642
2680.000 6.913
2690.000 10.723
2700.000 17.116
2710.000 21.014
2720.000 28.311
2730.000 28.780
2740.000 16.972
2750.000 9.608
2760.000 7.587
2770.000 5.002
2780.000 4.259
2790.000 3.230
2800.000 2.860
2810.000 2.311
2820.000 1.930
2830.000 1.785
2840.000 1.554
2850.000 1.462
2860.000 1.318
2870.000 1.210
2880.000 1.165
2890.000 1.097
2900.000 1.072
2910.000 1.034
2920.000 1.011
2930.000 1.005
2940.000 1.006
2950.000 1.013
2960.000 1.042
2970.000 1.081
2980.000 1.115
2990.000 1.193
3000.000 1.249
3010.000 1.389
3020.000 1.597
3030.000 1.756
3040.000 2.204
3050.000 2.522
3060.000 3.555
3070.000 5.862
3080.000 7.987
3090.000 14.615
3100.000 18.462
3110.000 23.507
3120.000 14.182
3130.000 10.350
3140.000 6.302
3150.000 5.110
3160.000 3.574
3170.000 2.680
3180.000 2.371
3190.000 1.917
3200.000 1.746
3210.000 1.484
3220.000 1.297
3230.000 1.224
3240.000 1.106
3250.000 1.060
3260.000 0.986
3270.000 0.931
3280.000 0.908
3290.000 0.874
3300.000 0.864
3310.000 0.854
3320.000 0.855
3330.000 0.858
3340.000 0.876
3350.000 0.889
3360.000 0.927
3370.000 0.982
3380.000 1.018
3390.000 1.115
3400.000 1.257
3410.000 1.354
3420.000 1.612
3430.000 1.784
3440.000 2.344
3450.000 2.805
3460.000 4.494
3470.000 8.456
3480.000 11.731
3490.000 17.093
3500.000 15.855
3510.000 7.627
3520.000 4.375
3530.000 3.478
3540.000 2.373
3550.000 2.025
3560.000 1.550
3570.000 1.241
3580.000 1.127
3590.000 0.953
3600.000 0.885
3610.000 0.783
3620.000 0.706
3630.000 0.677
3640.000 0.630
3650.000 0.610
3660.000 0.582
3670.000 0.565
3680.000 0.558
3690.000 0.555
3700.000 0.558
3710.000 0.567
3720.000 0.587
3730.000 0.598
3740.000 0.634
3750.000 0.656
3760.000 0.717
3770.000 0.803
3780.000 0.861
3790.000 1.023
3800.000 1.118
3810.000 1.372
3820.000 1.820
3830.000 2.165
3840.000 3.330
3850.000 4.291
3860.000 8.008
3870.000 14.827
3880.000 16.052
3890.000 8.724
3900.000 6.398
3910.000 3.874
3920.000 2.620
3930.000 2.229
3940.000 1.703
3950.000 1.523
3960.000 1.234
3970.000 1.129
3980.000 0.974
3990.000 0.865
4000.000 0.816
4010.000 0.745
4020.000 0.723
4030.000 0.673
4040.000 0.644
4050.000 0.637
4060.000 0.617
4070.000 0.603
4080.000 0.598
4090.000 0.600
4100.000 0.605
4110.000 0.615
4120.000 0.625
4130.000 0.652
4140.000 0.688
4150.000 0.713
4160.000 0.780
4170.000 0.824
4180.000 0.952
4190.000 1.161
4200.000 1.315
4210.000 1.730
4220.000 2.048
4230.000 3.092
4240.000 5.041
4250.000 6.607
4260.000 10.175
4270.000 9.337
4280.000 4.301
4290.000 2.396
4300.000 1.881
4310.000 1.260
4320.000 0.922
4330.000 0.808
4340.000 0.642
4350.000 0.582
4360.000 0.492
4370.000 0.460
4380.000 0.409
4390.000 0.369
4400.000 0.354
4410.000 0.330
4420.000 0.322
4430.000 0.306
4440.000 0.298
4450.000 0.293
4460.000 0.289
4470.000 0.289
4480.000 0.291
4490.000 0.297
4500.000 0.302
4510.000 0.317
4520.000 0.329
4530.000 0.358
4540.000 0.402
4550.000 0.433
4560.000 0.521
4570.000 0.581
4580.000 0.780
4590.000 1.190
4600.000 1.541
4610.000 2.706
4620.000 3.537
4630.000 5.983
4640.000 10.199
4650.000 11.105
4660.000 6.578
4670.000 5.129
4680.000 3.456
4690.000 2.510
4700.000 2.177
4710.000 1.693
4720.000 1.514
4730.000 1.247
4740.000 1.061
4750.000 0.987
4760.000 0.868
4770.000 0.818
4780.000 0.737
4790.000 0.683
4800.000 0.660
4810.000 0.632
4820.000 0.623
4830.000 0.622
4840.000 0.646
4850.000 0.662
4860.000 0.712
4870.000 0.742
4880.000 0.824
4890.000 0.914
4900.000 0.964
4910.000 1.081
4920.000 1.157
4930.000 1.371
4940.000 1.676
4950.000 1.879
4960.000 2.480
4970.000 2.913
4980.000 4.208
4990.000 6.304
5000.000 7.881
5010.000 13.129
5020.000 16.965
5030.000 22.698
5040.000 17.037
5050.000 12.948
5060.000 8.409
5070.000 6.967
5080.000 5.034
5090.000 3.832
5100.000 3.404
5110.000 2.774
5120.000 2.544
5130.000 2.198
5140.000 1.964
5150.000 1.861
5160.000 1.709
5170.000 1.647
5180.000 1.554
5190.000 1.517
5200.000 1.469
5210.000 1.453
5220.000 1.454
5230.000 1.468
5240.000 1.481
5250.000 1.526
5260.000 1.598
5270.000 1.645
5280.000 1.764
5290.000 1.815
5300.000 1.932
5310.000 2.091
5320.000 2.194
5330.000 2.491
5340.000 2.705
5350.000 3.326
5360.000 4.451
5370.000 5.340
5380.000 8.383
5390.000 10.875
5400.000 18.368
5410.000 26.336
5420.000 27.538
5430.000 17.136
5440.000 12.482
5450.000 7.470
5460.000 4.946
5470.000 4.164
5480.000 3.124
5490.000 2.759
5500.000 2.217
5510.000 1.848
5520.000 1.712
5530.000 1.500
5540.000 1.416
5550.000 1.298
5560.000 1.181
5570.000 1.136
5580.000 1.065
5590.000 1.040
5600.000 1.000
5610.000 0.971
5620.000 0.963
5630.000 0.956
5640.000 0.956
5650.000 0.964
5660.000 0.986
5670.000 1.010
5680.000 1.060
5690.000 1.095
5700.000 1.191
5710.000 1.331
5720.000 1.428
5730.000 1.712
5740.000 1.959
5750.000 2.747
5760.000 3.452
5770.000 6.027
5780.000 10.568
5790.000 13.629
5800.000 18.908
5810.000 18.046
5820.000 9.726
5830.000 5.748
5840.000 4.612
5850.000 3.190
5860.000 2.743
5870.000 2.121
5880.000 1.717
5890.000 1.567
5900.000 1.343
5910.000 1.261
5920.000 1.133
5930.000 1.040
5940.000 1.001
5950.000 0.943
5960.000 0.921
5970.000 0.887
5980.000 0.867
5990.000 0.858
6000.000 0.858
6010.000 0.850
6020.000 0.865
6030.000 0.882
6040.000 0.887
6050.000 0.936
6060.000 0.960
6070.000 1.023
6080.000 1.123
6090.000 1.186
6100.000 1.358
6110.000 1.481
6120.000 1.852
6130.000 2.573
6140.000 3.184
6150.000 5.213
6160.000 6.686
6170.000 10.932
6180.000 16.264
6190.000 17.112
6200.000 10.461
6210.000 7.654
6220.000 4.603
6230.000 3.069
6240.000 2.591
6250.000 1.951
6260.000 1.721
6270.000 1.389
6280.000 1.167
6290.000 1.083
6300.000 0.957
6310.000 0.911
6320.000 0.823
6330.000 0.784
6340.000 0.763
6350.000 0.715
6360.000 0.696
6370.000 0.671
6380.000 0.658
6390.000 0.655
6400.000 0.653
6410.000 0.656
6420.000 0.670
6430.000 0.683
6440.000 0.698
6450.000 0.734
6460.000 0.761
6470.000 0.832
6480.000 0.936
6490.000 1.008
6500.000 1.214
6510.000 1.377
6520.000 1.960
6530.000 3.300
6540.000 4.466
6550.000 7.855
6560.000 9.965
6570.000 13.680
6580.000 10.160
6590.000 7.449
6600.000 4.587
6610.000 3.742
6620.000 2.653
6630.000 2.027
6640.000 1.811
6650.000 1.488
6660.000 1.366
6670.000 1.186
6680.000 1.063
6690.000 1.016
6700.000 0.946
6710.000 0.917
6720.000 0.873
6730.000 0.840
6740.000 0.829
6750.000 0.810
6760.000 0.805
6770.000 0.801
6780.000 0.803
6790.000 0.810
6800.000 0.833
6810.000 0.850
6820.000 0.892
6830.000 0.948
6840.000 0.985
6850.000 1.082
6860.000 1.147
6870.000 1.328
6880.000 1.628
6890.000 1.845
6900.000 2.426
6910.000 2.878
6920.000 4.381
6930.000 5.724
6940.000 9.178
6950.000 12.666
6960.000 12.524
6970.000 7.231
6980.000 5.379
6990.000 3.276
7000.000 2.216
7010.000 1.893
7020.000 1.432
7030.000 1.273
7040.000 1.027
7050.000 0.874
7060.000 0.816
7070.000 0.720
7080.000 0.681
7090.000 0.627
7100.000 0.585
7110.000 0.565
7120.000 0.538
7130.000 0.527
7140.000 0.510
7150.000 0.501
7160.000 0.499
7170.000 0.495
7180.000 0.498
7190.000 0.505
7200.000 0.520
7210.000 0.528
7220.000 0.559
7230.000 0.578
7240.000 0.633
7250.000 0.717
7260.000 0.776
7270.000 0.951
7280.000 1.085
7290.000 1.568
7300.000 2.678
7310.000 3.630
7320.000 6.303
7330.000 7.953
7340.000 10.770
7350.000 8.314
7360.000 6.305
7370.000 4.020
7380.000 3.327
7390.000 2.398
7400.000 1.850
7410.000 1.658
7420.000 1.378
7430.000 1.273
7440.000 1.118
7450.000 1.009
7460.000 0.971
7470.000 0.908
7480.000 0.885
7490.000 0.845
7500.000 0.816
7510.000 0.805
7520.000 0.788
7530.000 0.784
7540.000 0.784
7550.000 0.794
7560.000 0.806
7570.000 0.831
7580.000 0.847
7590.000 0.888
7600.000 0.946
7610.000 0.984
7620.000 1.081
7630.000 1.219
7640.000 1.304
7650.000 1.496
7660.000 1.642
7670.000 2.082
7680.000 2.434
7690.000 3.603
7700.000 5.795
7710.000 7.326
7720.000 10.248
7730.000 10.340
7740.000 6.177
7750.000 3.430
7760.000 2.687
7770.000 1.783
7780.000 1.505
7790.000 1.124
7800.000 0.880
7810.000 0.787
7820.000 0.654
7830.000 0.605
7840.000 0.528
7850.000 0.467
7860.000 0.443
7870.000 0.405
7880.000 0.391
7890.000 0.364
7900.000 0.347
7910.000 0.339
7920.000 0.328
7930.000 0.324
7940.000 0.315
7950.000 0.318
7960.000 0.318
7970.000 0.324
7980.000 0.329
7990.000 0.338
8000.000 0.380
8010.000 0.408
8020.000 0.477
8030.000 0.517
8040.000 0.629
8050.000 0.847
8060.000 1.025
8070.000 1.627
8080.000 2.066
8090.000 3.883
8100.000 6.663
8110.000 7.715
8120.000 6.497
8130.000 5.059
8140.000 3.382
8150.000 2.897
8160.000 2.180
8170.000 1.703
8180.000 1.528
8190.000 1.267
8200.000 1.169
8210.000 1.016
8220.000 0.935
8230.000 0.919
8240.000 0.877
8250.000 0.854
8260.000 0.821
8270.000 0.798
8280.000 0.790
8290.000 0.784
8300.000 0.785
8310.000 0.794
8320.000 0.800
8330.000 0.800
8340.000 0.816
8350.000 0.831
8360.000 0.873
8370.000 0.922
8380.000 0.952
8390.000 1.034
8400.000 1.072
8410.000 1.173
8420.000 1.323
8430.000 1.427
8440.000 1.728
8450.000 1.956
8460.000 2.751
8470.000 4.373
8480.000 5.579
8490.000 7.895
8500.000 8.060
8510.000 4.941
8520.000 2.649
8530.000 2.036
8540.000 1.314
8550.000 1.087
8560.000 0.802
8570.000 0.642
8580.000 0.575
8590.000 0.463
8600.000 0.420
8610.000 0.355
8620.000 0.308
8630.000 0.290
8640.000 0.262
8650.000 0.249
8660.000 0.232
8670.000 0.217
8680.000 0.214
8690.000 0.207
8700.000 0.208
8710.000 0.211
8720.000 0.210
8730.000 0.208
8740.000 0.211
8750.000 0.229
8760.000 0.230
8770.000 0.260
8780.000 0.281
8790.000 0.336
8800.000 0.376
8810.000 0.483
8820.000 0.667
8830.000 0.811
8840.000 1.405
8850.000 2.014
8860.000 3.854
8870.000 5.795
8880.000 6.518
8890.000 6.354
8900.000 5.300
8910.000 3.684
8920.000 2.719
8930.000 2.379
8940.000 1.882
8950.000 1.695
8960.000 1.415
8970.000 1.209
8980.000 1.138
8990.000 1.016
9000.000 0.972
9010.000 0.909
9020.000 0.863
9030.000 0.853
9040.000 0.833
9050.000 0.837
9060.000 0.839
9070.000 0.840
9080.000 0.841
9090.000 0.848
9100.000 0.853
9110.000 0.873
9120.000 0.891
9130.000 0.907
9140.000 0.935
9150.000 0.956
9160.000 1.007
9170.000 1.069
9180.000 1.109
9190.000 1.218
9200.000 1.294
9210.000 1.530
9220.000 1.957
9230.000 2.275
9240.000 3.270
9250.000 4.086
9260.000 5.899
9270.000 5.322
9280.000 3.959
9290.000 2.066
9300.000 1.569
9310.000 0.949
9320.000 0.770
9330.000 0.530
9340.000 0.383
9350.000 0.326
9360.000 0.250
9370.000 0.221
9380.000 0.175
9390.000 0.146
9400.000 0.132
9410.000 0.118
9420.000 0.111
9430.000 0.103
9440.000 0.094
9450.000 0.092
9460.000 0.081
9470.000 0.077
9480.000 0.070
9490.000 0.063
9500.000 0.061
9510.000 0.059
9520.000 0.059
9530.000 0.068
9540.000 0.086
9550.000 0.099
9560.000 0.141
9570.000 0.169
9580.000 0.249
9590.000 0.396
9600.000 0.521
9610.000 1.004
9620.000 1.424
9630.000 2.678
9640.000 3.775
9650.000 4.103
9660.000 4.749
9670.000 4.535
9680.000 3.407
9690.000 2.649
9700.000 2.366
9710.000 1.921
9720.000 1.740
9730.000 1.447
9740.000 1.241
9750.000 1.159
9760.000 1.025
9770.000 0.972
9780.000 0.889
9790.000 0.828
9800.000 0.806
9810.000 0.783
9820.000 0.777
9830.000 0.779
9840.000 0.770
9850.000 0.768
9860.000 0.768
9870.000 0.769
9880.000 0.776
9890.000 0.792
9900.000 0.806
9910.000 0.822
9920.000 0.841
9930.000 0.871
9940.000 0.921
9950.000 0.951
9960.000 1.030
9970.000 1.084
9980.000 1.234
9990.000 1.516
10000.000 1.740
10010.000 2.503
10020.000 3.041
10030.000 3.730
10040.000 2.519
10050.000 1.746
10060.000 0.888
10070.000 0.661
10080.000 0.394
10090.000 0.303
10100.000 0.279
10110.000 0.207
10120.000 0.165
10130.000 0.106
10140.000 0.077
10150.000 0.075
10160.000 0.078
10170.000 0.080
10180.000 0.086
10190.000 0.090
10200.000 0.091
10210.000 0.093
10220.000 0.094
10230.000 0.093
10240.000 0.088
10250.000 0.088
10260.000 0.080
10270.000 0.076
10280.000 0.066
10290.000 0.053
10300.000 0.044
10310.000 0.027
10320.000 0.023
10330.000 0.040
10340.000 0.085
10350.000 0.119
10360.000 0.213
10370.000 0.292
10380.000 0.637
10390.000 1.391
10400.000 1.981
10410.000 3.469
10420.000 3.981
10430.000 3.716
10440.000 2.809
10450.000 2.491
10460.000 2.042
10470.000 1.896
10480.000 1.662
10490.000 1.485
10500.000 1.406
10510.000 1.289
10520.000 1.239
10530.000 1.148
10540.000 1.110
10550.000 1.036
10560.000 0.971
10570.000 0.947
10580.000 0.892
10590.000 0.864
10600.000 0.808
10610.000 0.773
10620.000 0.760
10630.000 0.729
10640.000 0.720
10650.000 0.712
10660.000 0.715
10670.000 0.716
10680.000 0.735
10690.000 0.740
10700.000 0.774
10710.000 0.809
10720.000 0.834
10730.000 0.936
10740.000 0.936
10750.000 1.044
10760.000 1.207
10770.000 1.564
10780.000 1.829
10790.000 2.143
10800.000 2.628
10810.000 1.990
10820.000 1.426
10830.000 0.709
10840.000 0.520
10850.000 0.286
10860.000 0.141
10870.000 0.092
10880.000 0.045
10890.000 0.042
10900.000 0.065
10910.000 0.088
10920.000 0.096
10930.000 0.110
10940.000 0.117
10950.000 0.127
10960.000 0.134
10970.000 0.137
10980.000 0.138
10990.000 0.140
11000.000 0.139
11010.000 0.141
11020.000 0.142
11030.000 0.138
11040.000 0.139
11050.000 0.132
11060.000 0.125
11070.000 0.122
11080.000 0.111
11090.000 0.104
11100.000 0.095
11110.000 0.099
11120.000 0.109
11130.000 0.165
11140.000 0.217
