110.000 0.045
120.000 2.267
130.000 3.903
140.000 5.094
150.000 5.432
160.000 5.694
170.000 5.640
180.000 5.631
190.000 5.557
200.000 5.782
210.000 6.850
220.000 8.992
230.000 10.856
240.000 14.321
250.000 15.811
260.000 19.195
270.000 24.642
280.000 28.448
290.000 39.687
300.000 48.267
310.000 64.713
320.000 60.726
330.000 44.650
340.000 30.785
350.000 27.450
360.000 23.592
370.000 22.585
380.000 22.762
390.000 24.293
400.000 25.766
410.000 29.124
420.000 32.559
430.000 34.022
440.000 35.930
450.000 36.347
460.000 36.372
470.000 35.222
480.000 34.295
490.000 32.245
500.000 31.316
510.000 29.780
520.000 29.140
530.000 28.661
540.000 28.556
550.000 30.882
560.000 35.952
570.000 42.721
580.000 47.557
590.000 61.287
600.000 69.027
610.000 64.759
620.000 26.976
630.000 20.567
640.000 13.502
650.000 11.240
660.000 8.043
670.000 6.045
680.000 5.323
690.000 4.256
700.000 3.858
710.000 3.228
720.000 2.803
730.000 2.644
740.000 2.380
750.000 2.281
760.000 2.126
770.000 2.023
780.000 1.987
790.000 1.954
800.000 1.947
810.000 2.010
820.000 2.225
830.000 2.370
840.000 2.739
850.000 3.002
860.000 3.878
870.000 6.021
880.000 8.262
890.000 12.740
900.000 9.406
910.000 3.861
920.000 2.295
930.000 1.866
940.000 1.306
950.000 1.112
960.000 0.850
970.000 0.675
980.000 0.611
990.000 0.511
1000.000 0.470
1010.000 0.407
1020.000 0.374
1030.000 0.358
1040.000 0.345
1050.000 0.350
1060.000 0.359
1070.000 0.392
1080.000 0.414
1090.000 0.481
1100.000 0.526
1110.000 0.653
1120.000 0.840
1130.000 0.976
1140.000 1.402
1150.000 1.733
1160.000 2.935
1170.000 5.695
1180.000 6.948
1190.000 3.686
1200.000 2.905
1210.000 2.037
1220.000 1.612
1230.000 1.477
1240.000 1.284
1250.000 1.218
1260.000 1.121
1270.000 1.060
1280.000 1.039
1290.000 1.015
1300.000 1.009
1310.000 1.011
1320.000 1.017
1330.000 1.046
1340.000 1.099
1350.000 1.131
1360.000 1.225
1370.000 1.285
1380.000 1.440
1390.000 1.682
1400.000 1.850
1410.000 2.368
1420.000 2.797
1430.000 4.547
1440.000 8.673
1450.000 11.615
1460.000 18.410
1470.000 18.712
1480.000 9.757
1490.000 6.127
1500.000 5.084
1510.000 3.739
1520.000 3.287
1530.000 2.646
1540.000 2.225
1550.000 2.069
1560.000 1.833
1570.000 1.747
1580.000 1.612
1590.000 1.519
1600.000 1.481
1610.000 1.422
1620.000 1.403
1630.000 1.379
1640.000 1.381
1650.000 1.393
1660.000 1.468
1670.000 1.556
1680.000 1.939
1690.000 2.952
1700.000 3.949
1710.000 7.278
1720.000 9.385
1730.000 15.130
1740.000 25.117
1750.000 30.593
1760.000 27.095
1770.000 20.079
1780.000 13.478
1790.000 10.051
1800.000 8.890
1810.000 7.247
1820.000 6.638
1830.000 5.692
1840.000 5.021
1850.000 4.766
1860.000 4.395
1870.000 4.263
1880.000 4.087
1890.000 4.015
1900.000 4.046
1910.000 4.192
1920.000 4.302
1930.000 4.605
1940.000 5.046
1950.000 5.347
1960.000 6.187
1970.000 6.773
1980.000 8.477
1990.000 11.398
2000.000 13.466
2010.000 19.056
2020.000 22.454
2030.000 29.135
2040.000 32.064
2050.000 30.322
2060.000 21.293
2070.000 17.445
2080.000 12.074
2090.000 8.921
2100.000 7.853
2110.000 6.315
2120.000 5.753
2130.000 4.905
2140.000 4.308
2150.000 4.081
2160.000 3.810
2170.000 3.715
2180.000 3.581
2190.000 3.526
2200.000 3.523
2210.000 3.570
2220.000 3.644
2230.000 3.823
2240.000 4.107
2250.000 4.286
2260.000 4.860
2270.000 5.272
2280.000 6.583
2290.000 9.070
2300.000 11.056
2310.000 17.042
2320.000 20.885
2330.000 28.127
2340.000 28.738
2350.000 23.634
2360.000 14.074
2370.000 11.227
2380.000 7.674
2390.000 5.734
2400.000 6.287
2410.000 5.814
2420.000 5.511
2430.000 5.256
2440.000 4.532
2450.000 4.254
2460.000 3.647
2470.000 3.404
2480.000 3.044
2490.000 2.813
2500.000 2.725
2510.000 2.659
2520.000 2.663
2530.000 2.755
2540.000 2.890
2550.000 3.355
2560.000 4.032
2570.000 4.532
2580.000 6.207
2590.000 7.629
2600.000 12.479
2610.000 19.788
2620.000 23.336
2630.000 24.500
2640.000 18.766
2650.000 9.898
2660.000 6.132
2670.000 5.044
2680.000 3.662
2690.000 3.203
2700.000 2.547
2710.000 2.309
2720.000 1.953
2730.000 1.715
2740.000 1.622
2750.000 1.489
2760.000 1.410
2770.000 1.385
2780.000 1.369
2790.000 1.373
2800.000 1.414
2810.000 1.503
2820.000 1.560
2830.000 1.722
2840.000 1.851
2850.000 2.265
2860.000 3.072
2870.000 3.819
2880.000 6.799
2890.000 9.345
2900.000 15.791
2910.000 21.725
2920.000 21.188
2930.000 11.331
2940.000 8.588
2950.000 5.386
2960.000 3.730
2970.000 3.197
2980.000 2.467
2990.000 2.210
3000.000 1.848
3010.000 1.591
3020.000 1.503
3030.000 1.362
3040.000 1.321
3050.000 1.246
3060.000 1.214
3070.000 1.208
3080.000 1.216
3090.000 1.240
3100.000 1.289
3110.000 1.372
3120.000 1.429
3130.000 1.597
3140.000 1.735
3150.000 2.189
3160.000 3.218
3170.000 4.257
3180.000 8.448
3190.000 11.608
3200.000 17.012
3210.000 11.943
3220.000 8.027
3230.000 4.535
3240.000 3.586
3250.000 2.439
3260.000 1.811
3270.000 1.599
3280.000 1.296
3290.000 1.187
3300.000 1.026
3310.000 0.915
3320.000 0.877
3330.000 0.819
3340.000 0.799
3350.000 0.786
3360.000 0.801
3370.000 0.814
3380.000 0.869
3390.000 0.908
3400.000 1.005
3410.000 1.146
3420.000 1.240
3430.000 1.534
3440.000 1.766
3450.000 2.605
3460.000 4.527
3470.000 6.419
3480.000 12.482
3490.000 14.691
3500.000 10.660
3510.000 5.532
3520.000 4.305
3530.000 2.842
3540.000 2.397
3550.000 1.807
3560.000 1.449
3570.000 1.322
3580.000 1.135
3590.000 1.065
3600.000 0.967
3610.000 0.904
3620.000 0.880
3630.000 0.856
3640.000 0.847
3650.000 0.849
3660.000 0.871
3670.000 0.889
3680.000 0.949
3690.000 0.988
3700.000 1.091
3710.000 1.169
3720.000 1.394
3730.000 1.821
3740.000 2.184
3750.000 3.488
3760.000 4.632
3770.000 8.897
3780.000 11.189
3790.000 8.401
3800.000 4.024
3810.000 3.065
3820.000 1.969
3830.000 1.408
3840.000 1.232
3850.000 0.982
3860.000 0.894
3870.000 0.766
3880.000 0.678
3890.000 0.650
3900.000 0.601
3910.000 0.588
3920.000 0.577
3930.000 0.579
3940.000 0.589
3950.000 0.624
3960.000 0.647
3970.000 0.707
3980.000 0.793
3990.000 0.846
4000.000 0.995
4010.000 1.128
4020.000 1.500
4030.000 2.321
4040.000 2.984
4050.000 5.496
4060.000 7.635
4070.000 10.648
4080.000 5.817
4090.000 4.313
4100.000 2.682
4110.000 2.207
4120.000 1.609
4130.000 1.264
4140.000 1.146
4150.000 0.971
4160.000 0.909
4170.000 0.813
4180.000 0.745
4190.000 0.721
4200.000 0.690
4210.000 0.679
4220.000 0.671
4230.000 0.676
4240.000 0.683
4250.000 0.709
4260.000 0.729
4270.000 0.786
4280.000 0.854
4290.000 0.902
4300.000 1.060
4310.000 1.189
4320.000 1.658
4330.000 2.668
4340.000 3.469
4350.000 5.508
4360.000 5.709
4370.000 2.941
4380.000 1.597
4390.000 1.259
4400.000 0.859
4410.000 0.737
4420.000 0.572
4430.000 0.470
4440.000 0.433
4450.000 0.378
4460.000 0.360
4470.000 0.331
4480.000 0.312
4490.000 0.304
4500.000 0.298
4510.000 0.296
4520.000 0.305
4530.000 0.317
4540.000 0.330
4550.000 0.372
4560.000 0.405
4570.000 0.498
4580.000 0.684
4590.000 0.849
4600.000 1.405
4610.000 1.835
4620.000 3.161
4630.000 5.481
4640.000 7.152
4650.000 7.539
4660.000 5.519
4670.000 3.454
4680.000 2.436
4690.000 2.101
4700.000 1.620
4710.000 1.448
4720.000 1.191
4730.000 1.018
4740.000 0.950
4750.000 0.845
4760.000 0.804
4770.000 0.742
4780.000 0.714
4790.000 0.706
4800.000 0.707
4810.000 0.713
4820.000 0.741
4830.000 0.788
4840.000 0.821
4850.000 0.917
4860.000 0.991
4870.000 1.236
4880.000 1.416
4890.000 2.034
4900.000 3.310
4910.000 4.315
4920.000 7.411
4930.000 9.213
4940.000 8.882
4950.000 4.785
4960.000 3.745
4970.000 2.511
4980.000 2.128
4990.000 1.656
5000.000 1.370
5010.000 1.279
5020.000 1.164
5030.000 1.120
5040.000 1.080
5050.000 1.089
5060.000 1.110
5070.000 1.164
5080.000 1.201
5090.000 1.308
5100.000 1.463
5110.000 1.566
5120.000 1.836
5130.000 2.007
5140.000 2.492
5150.000 3.238
5160.000 3.772
5170.000 5.312
5180.000 6.426
5190.000 9.850
5200.000 15.798
5210.000 19.670
5220.000 25.788
5230.000 24.887
5240.000 14.626
5250.000 9.018
5260.000 7.322
5270.000 5.083
5280.000 4.331
5290.000 3.308
5300.000 2.659
5310.000 2.421
5320.000 2.065
5330.000 1.930
5340.000 1.730
5350.000 1.586
5360.000 1.533
5370.000 1.458
5380.000 1.431
5390.000 1.406
5400.000 1.419
5410.000 1.444
5420.000 1.560
5430.000 1.650
5440.000 1.925
5450.000 2.441
5460.000 2.828
5470.000 4.178
5480.000 5.348
5490.000 9.646
5500.000 12.954
5510.000 18.590
5520.000 13.684
5530.000 9.450
5540.000 5.413
5550.000 4.312
5560.000 2.975
5570.000 2.245
5580.000 1.996
5590.000 1.634
5600.000 1.503
5610.000 1.317
5620.000 1.192
5630.000 1.147
5640.000 1.081
5650.000 1.061
5660.000 1.035
5670.000 1.035
5680.000 1.042
5690.000 1.074
5700.000 1.100
5710.000 1.203
5720.000 1.386
5730.000 1.518
5740.000 1.951
5750.000 2.311
5760.000 3.644
5770.000 6.239
5780.000 8.150
5790.000 13.426
5800.000 15.555
5810.000 12.254
5820.000 6.351
5830.000 4.894
5840.000 3.173
5850.000 2.273
5860.000 1.977
5870.000 1.560
5880.000 1.409
5890.000 1.189
5900.000 1.046
5910.000 0.992
5920.000 0.914
5930.000 0.883
5940.000 0.843
5950.000 0.818
5960.000 0.810
5970.000 0.820
5980.000 0.823
5990.000 0.854
6000.000 0.925
6010.000 0.975
6020.000 1.142
6030.000 1.277
6040.000 1.740
6050.000 2.887
6060.000 4.127
6070.000 7.605
6080.000 9.728
6090.000 11.933
6100.000 9.932
6110.000 5.316
6120.000 3.343
6130.000 2.767
6140.000 2.033
6150.000 1.792
6160.000 1.451
6170.000 1.228
6180.000 1.149
6190.000 1.033
6200.000 0.992
6210.000 0.933
6220.000 0.897
6230.000 0.884
6240.000 0.875
6250.000 0.878
6260.000 0.894
6270.000 0.933
6280.000 0.971
6290.000 1.087
6300.000 1.171
6310.000 1.423
6320.000 1.902
6330.000 2.323
6340.000 3.617
6350.000 4.648
6360.000 7.789
6370.000 11.584
6380.000 12.084
6390.000 7.223
6400.000 5.284
6410.000 3.184
6420.000 2.147
6430.000 1.831
6440.000 1.401
6450.000 1.250
6460.000 1.027
6470.000 0.886
6480.000 0.833
6490.000 0.757
6500.000 0.727
6510.000 0.688
6520.000 0.661
6530.000 0.655
6540.000 0.649
6550.000 0.653
6560.000 0.670
6570.000 0.704
6580.000 0.732
6590.000 0.825
6600.000 0.898
6610.000 1.142
6620.000 1.694
6630.000 2.234
6640.000 4.245
6650.000 5.707
6660.000 9.049
6670.000 9.710
6680.000 6.392
6690.000 3.800
6700.000 3.085
6710.000 2.184
6720.000 1.899
6730.000 1.510
6740.000 1.260
6750.000 1.168
6760.000 1.034
6770.000 0.991
6780.000 0.923
6790.000 0.882
6800.000 0.867
6810.000 0.852
6820.000 0.848
6830.000 0.856
6840.000 0.890
6850.000 0.923
6860.000 1.012
6870.000 1.081
6880.000 1.278
6890.000 1.558
6900.000 1.755
6910.000 2.428
6920.000 2.998
6930.000 4.916
6940.000 7.840
6950.000 9.176
6960.000 8.162
6970.000 5.870
6980.000 3.272
6990.000 2.086
7000.000 1.748
7010.000 1.296
7020.000 1.136
7030.000 0.920
7040.000 0.773
7050.000 0.724
7060.000 0.644
7070.000 0.609
7080.000 0.571
7090.000 0.542
7100.000 0.529
7110.000 0.521
7120.000 0.520
7130.000 0.527
7140.000 0.543
7150.000 0.560
7160.000 0.606
7170.000 0.648
7180.000 0.778
7190.000 1.050
7200.000 1.296
7210.000 2.324
7220.000 3.251
7230.000 5.743
7240.000 8.041
7250.000 7.651
7260.000 4.585
7270.000 3.640
7280.000 2.483
7290.000 1.840
7300.000 1.624
7310.000 1.328
7320.000 1.222
7330.000 1.064
7340.000 0.964
7350.000 0.930
7360.000 0.885
7370.000 0.877
7380.000 0.854
7390.000 0.837
7400.000 0.835
7410.000 0.861
7420.000 0.883
7430.000 0.949
7440.000 1.052
7450.000 1.109
7460.000 1.250
7470.000 1.356
7480.000 1.695
7490.000 2.360
7500.000 2.922
7510.000 4.812
7520.000 6.105
7530.000 8.277
7540.000 5.943
7550.000 4.211
7560.000 2.403
7570.000 1.910
7580.000 1.312
7590.000 0.980
7600.000 0.864
7610.000 0.698
7620.000 0.635
7630.000 0.548
7640.000 0.492
7650.000 0.471
7660.000 0.438
7670.000 0.428
7680.000 0.412
7690.000 0.409
7700.000 0.406
7710.000 0.416
7720.000 0.423
7730.000 0.452
7740.000 0.505
7750.000 0.547
7760.000 0.688
7770.000 0.809
7780.000 1.289
7790.000 1.772
7800.000 3.465
7810.000 5.864
7820.000 6.818
7830.000 5.981
7840.000 3.735
7850.000 3.008
7860.000 2.167
7870.000 1.886
7880.000 1.489
7890.000 1.355
7900.000 1.147
7910.000 1.014
7920.000 0.965
7930.000 0.900
7940.000 0.877
7950.000 0.843
7960.000 0.827
7970.000 0.834
7980.000 0.851
7990.000 0.863
8000.000 0.880
8010.000 0.930
8020.000 0.969
8030.000 1.058
8040.000 1.124
8050.000 1.311
8060.000 1.454
8070.000 1.883
8080.000 2.625
8090.000 3.327
8100.000 5.316
8110.000 5.524
8120.000 4.284
8130.000 2.534
8140.000 1.897
8150.000 1.175
8160.000 0.811
8170.000 0.701
8180.000 0.567
8190.000 0.513
8200.000 0.428
8210.000 0.371
8220.000 0.352
8230.000 0.320
8240.000 0.311
8250.000 0.295
8260.000 0.285
8270.000 0.282
8280.000 0.281
8290.000 0.284
8300.000 0.297
8310.000 0.318
8320.000 0.333
8330.000 0.393
8340.000 0.444
8350.000 0.625
8360.000 1.062
8370.000 1.517
8380.000 3.234
8390.000 4.267
8400.000 5.435
8410.000 4.498
8420.000 3.782
8430.000 2.633
8440.000 2.222
8450.000 1.722
8460.000 1.399
8470.000 1.281
8480.000 1.102
8490.000 1.033
8500.000 0.937
8510.000 0.903
8520.000 0.859
8530.000 0.838
8540.000 0.834
8550.000 0.836
8560.000 0.851
8570.000 0.866
8580.000 0.899
8590.000 0.917
8600.000 0.972
8610.000 1.058
8620.000 1.114
8630.000 1.296
8640.000 1.438
8650.000 1.911
8660.000 2.920
8670.000 3.735
8680.000 5.393
8690.000 5.426
8700.000 3.202
8710.000 1.821
8720.000 1.442
8730.000 0.917
8740.000 0.755
8750.000 0.532
8760.000 0.413
8770.000 0.368
8780.000 0.305
8790.000 0.285
8800.000 0.251
8810.000 0.224
8820.000 0.218
8830.000 0.217
8840.000 0.201
8850.000 0.191
8860.000 0.187
8870.000 0.188
8880.000 0.204
8890.000 0.217
8900.000 0.260
8910.000 0.334
8920.000 0.391
8930.000 0.602
8940.000 0.799
8950.000 1.735
8960.000 3.426
8970.000 4.338
8980.000 5.181
8990.000 4.609
9000.000 3.205
9010.000 2.377
9020.000 2.082
9030.000 1.851
9040.000 1.484
9050.000 1.260
9060.000 1.172
9070.000 1.039
9080.000 0.938
9090.000 0.906
9100.000 0.870
9110.000 0.858
9120.000 0.838
9130.000 0.831
9140.000 0.836
9150.000 0.857
9160.000 0.872
9170.000 0.911
9180.000 0.969
9190.000 1.007
9200.000 1.106
9210.000 1.187
9220.000 1.426
9230.000 1.892
9240.000 2.274
9250.000 3.534
9260.000 4.207
9270.000 3.961
9280.000 2.067
9290.000 1.487
9300.000 0.850
9310.000 0.669
9320.000 0.435
9330.000 0.302
9340.000 0.258
9350.000 0.194
9360.000 0.174
9370.000 0.142
9380.000 0.126
9390.000 0.121
9400.000 0.103
9410.000 0.096
9420.000 0.084
9430.000 0.074
9440.000 0.070
9450.000 0.067
9460.000 0.069
9470.000 0.092
9480.000 0.138
9490.000 0.175
9500.000 0.303
9510.000 0.417
9520.000 0.860
9530.000 1.793
9540.000 2.447
9550.000 3.887
9560.000 4.290
9570.000 3.609
9580.000 2.693
9590.000 2.383
9600.000 1.921
9610.000 1.741
9620.000 1.451
9630.000 1.240
9640.000 1.156
9650.000 1.038
9660.000 0.990
9670.000 0.920
9680.000 0.882
9690.000 0.876
9700.000 0.865
9710.000 0.853
9720.000 0.836
9730.000 0.830
9740.000 0.833
9750.000 0.853
9760.000 0.868
9770.000 0.919
9780.000 1.004
9790.000 1.069
9800.000 1.273
9810.000 1.446
9820.000 2.006
9830.000 2.809
9840.000 2.918
9850.000 1.931
9860.000 1.380
9870.000 0.767
9880.000 0.574
9890.000 0.329
9900.000 0.198
9910.000 0.156
9920.000 0.108
9930.000 0.086
9940.000 0.084
9950.000 0.084
9960.000 0.085
9970.000 0.086
9980.000 0.085
9990.000 0.086
10000.000 0.075
10010.000 0.072
10020.000 0.067
10030.000 0.047
10040.000 0.038
10050.000 0.012
10060.000 0.031
10070.000 0.095
10080.000 0.205
10090.000 0.312
10100.000 0.756
10110.000 1.157
10120.000 2.473
10130.000 3.506
10140.000 3.428
10150.000 2.612
10160.000 2.306
10170.000 1.870
10180.000 1.583
10190.000 1.475
10200.000 1.310
10210.000 1.263
10220.000 1.213
10230.000 1.182
10240.000 1.109
10250.000 1.043
10260.000 1.018
10270.000 0.980
10280.000 0.966
10290.000 0.937
10300.000 0.902
10310.000 0.882
10320.000 0.858
10330.000 0.855
10340.000 0.863
10350.000 0.899
10360.000 0.931
10370.000 1.040
10380.000 1.131
10390.000 1.409
10400.000 1.860
10410.000 2.094
10420.000 1.848
10430.000 1.389
10440.000 0.672
10450.000 0.342
10460.000 0.249
10470.000 0.141
10480.000 0.113
10490.000 0.094
10500.000 0.096
10510.000 0.100
10520.000 0.106
10530.000 0.108
10540.000 0.113
10550.000 0.110
10560.000 0.109
10570.000 0.106
10580.000 0.104
10590.000 0.098
10600.000 0.088
10610.000 0.080
10620.000 0.067
10630.000 0.060
10640.000 0.066
10650.000 0.111
10660.000 0.156
10670.000 0.360
10680.000 0.591
10690.000 1.358
10700.000 2.559
10710.000 2.988
10720.000 2.815
10730.000 2.470
10740.000 1.974
10750.000 1.668
10760.000 1.559
10770.000 1.399
10780.000 1.334
10790.000 1.244
10800.000 1.180
10810.000 1.152
10820.000 1.098
10830.000 1.079
10840.000 1.041
10850.000 1.012
10860.000 1.000
10870.000 0.973
10880.000 0.955
10890.000 0.945
10900.000 0.944
10910.000 0.954
10920.000 0.979
10930.000 1.003
10940.000 1.071
10950.000 1.205
10960.000 1.295
10970.000 1.526
10980.000 1.675
10990.000 1.953
11000.000 1.573
11010.000 1.131
11020.000 0.486
11030.000 0.314
11040.000 0.127
11050.000 0.070
11060.000 0.077
11070.000 0.103
11080.000 0.116
11090.000 0.134
11100.000 0.147
11110.000 0.148
11120.000 0.158
11130.000 0.161
11140.000 0.168
11150.000 0.173
11160.000 0.170
11170.000 0.159
11180.000 0.152
11190.000 0.142
11200.000 0.132
11210.000 0.128
11220.000 0.127
11230.000 0.138
11240.000 0.200
11250.000 0.450
11260.000 0.684
11270.000 1.382
11280.000 1.867
11290.000 2.491
11300.000 2.151
11310.000 1.920
11320.000 1.594
11330.000 1.478
11340.000 1.292
11350.000 1.149
11360.000 1.093
11370.000 0.992
11380.000 0.948
11390.000 0.876
11400.000 0.807
11410.000 0.775
11420.000 0.732
11430.000 0.717
11440.000 0.688
11450.000 0.675
11460.000 0.656
11470.000 0.644
11480.000 0.640
11490.000 0.648
11500.000 0.656
11510.000 0.690
11520.000 0.744
11530.000 0.782
11540.000 0.890
11550.000 0.961
11560.000 1.107
11570.000 1.036
11580.000 0.858
11590.000 0.420
11600.000 0.266
11610.000 0.092
11620.000 0.064
11630.000 0.083
11640.000 0.116
11650.000 0.134
11660.000 0.165
11670.000 0.197
11680.000 0.211
11690.000 0.231
11700.000 0.236
11710.000 0.250
11720.000 0.254
11730.000 0.255
11740.000 0.245
11750.000 0.238
11760.000 0.222
11770.000 0.208
11780.000 0.200
11790.000 0.192
11800.000 0.189
11810.000 0.195
11820.000 0.238
11830.000 0.296
11840.000 0.599
11850.000 0.907
11860.000 1.679
11870.000 1.928
11880.000 1.776
11890.000 1.431
11900.000 1.292
11910.000 1.075
11920.000 0.917
11930.000 0.853
11940.000 0.755
11950.000 0.714
11960.000 0.651
11970.000 0.605
11980.000 0.587
11990.000 0.560
12000.000 0.561
