110.000 0.097
120.000 0.166
130.000 0.129
140.000 0.131
150.000 0.235
160.000 0.433
170.000 0.433
180.000 0.562
190.000 0.588
200.000 0.717
210.000 0.717
220.000 0.757
230.000 0.996
240.000 1.141
250.000 1.478
260.000 1.855
270.000 1.855
280.000 2.088
290.000 2.662
300.000 3.513
310.000 3.513
320.000 5.580
330.000 10.594
340.000 16.183
350.000 22.356
360.000 28.707
370.000 28.701
380.000 29.686
390.000 26.869
400.000 24.017
410.000 24.012
420.000 23.669
430.000 24.940
440.000 26.925
450.000 29.043
460.000 30.089
470.000 30.089
480.000 30.192
490.000 28.809
500.000 25.349
510.000 25.349
520.000 21.149
530.000 17.093
540.000 13.737
550.000 11.127
560.000 9.061
570.000 9.061
580.000 7.488
590.000 6.235
600.000 5.294
610.000 5.294
620.000 4.524
630.000 3.921
640.000 3.377
650.000 2.949
660.000 2.590
670.000 2.589
680.000 2.235
690.000 1.942
700.000 1.707
710.000 1.707
720.000 1.482
730.000 1.348
740.000 1.244
750.000 1.148
760.000 1.079
770.000 1.079
780.000 1.041
790.000 0.967
800.000 0.945
810.000 0.945
820.000 0.897
830.000 0.886
840.000 0.858
850.000 0.848
860.000 0.847
870.000 0.847
880.000 0.814
890.000 0.801
900.000 0.801
910.000 0.801
920.000 0.794
930.000 0.800
940.000 0.796
950.000 0.826
960.000 0.885
970.000 0.885
980.000 0.917
990.000 1.008
1000.000 1.095
1010.000 1.095
1020.000 1.202
1030.000 1.373
1040.000 1.605
1050.000 1.912
1060.000 2.084
1070.000 2.084
1080.000 1.798
1090.000 1.315
1100.000 1.010
1110.000 1.010
1120.000 0.800
1130.000 0.673
1140.000 0.600
1150.000 0.535
1160.000 0.500
1170.000 0.500
1180.000 0.474
1190.000 0.455
1200.000 0.441
1210.000 0.441
1220.000 0.435
1230.000 0.425
1240.000 0.426
1250.000 0.422
1260.000 0.422
1270.000 0.422
1280.000 0.425
1290.000 0.429
1300.000 0.433
1310.000 0.433
1320.000 0.440
1330.000 0.445
1340.000 0.455
1350.000 0.463
1360.000 0.472
1370.000 0.472
1380.000 0.482
1390.000 0.493
1400.000 0.506
1410.000 0.506
1420.000 0.519
1430.000 0.534
1440.000 0.550
1450.000 0.571
1460.000 0.587
1470.000 0.587
1480.000 0.610
1490.000 0.637
1500.000 0.659
1510.000 0.659
1520.000 0.686
1530.000 0.715
1540.000 0.747
1550.000 0.785
1560.000 0.824
1570.000 0.824
1580.000 0.866
1590.000 0.909
1600.000 0.952
1610.000 0.952
1620.000 0.999
1630.000 1.043
1640.000 1.088
1650.000 1.128
1660.000 1.164
1670.000 1.164
1680.000 1.198
1690.000 1.241
1700.000 1.328
1710.000 1.328
1720.000 1.519
1730.000 1.912
1740.000 2.653
1750.000 4.113
1760.000 6.673
1770.000 6.673
1780.000 9.940
1790.000 13.522
1800.000 17.774
1810.000 17.774
1820.000 22.235
1830.000 25.241
1840.000 24.605
1850.000 21.210
1860.000 17.641
1870.000 17.641
1880.000 14.911
1890.000 12.774
1900.000 11.132
1910.000 11.132
1920.000 9.816
1930.000 8.779
1940.000 7.945
1950.000 7.290
1960.000 6.769
1970.000 6.769
1980.000 6.362
1990.000 6.021
2000.000 5.757
2010.000 5.756
2020.000 5.541
2030.000 5.372
2040.000 5.217
2050.000 5.115
2060.000 4.969
2070.000 4.969
2080.000 4.755
2090.000 4.498
2100.000 4.238
2110.000 4.238
2120.000 3.991
2130.000 3.757
2140.000 3.538
2150.000 3.352
2160.000 3.175
2170.000 3.175
2180.000 3.016
2190.000 2.874
2200.000 2.746
2210.000 2.746
2220.000 2.641
2230.000 2.541
2240.000 2.441
2250.000 2.350
2260.000 2.268
2270.000 2.268
2280.000 2.195
2290.000 2.131
2300.000 2.072
2310.000 2.072
2320.000 2.016
2330.000 1.973
2340.000 1.941
2350.000 1.941
2360.000 1.914
2370.000 1.898
2380.000 1.890
2390.000 1.886
2400.000 1.897
2410.000 1.897
2420.000 1.910
2430.000 1.936
2440.000 1.969
2450.000 1.969
2460.000 2.014
2470.000 2.074
2480.000 2.145
2490.000 2.230
2500.000 2.322
2510.000 2.322
2520.000 2.407
2530.000 2.488
2540.000 2.547
2550.000 2.547
2560.000 2.584
2570.000 2.621
2580.000 2.677
2590.000 2.764
2600.000 2.884
2610.000 2.883
2620.000 3.098
2630.000 3.457
2640.000 4.023
2650.000 4.022
2660.000 4.936
2670.000 6.336
2680.000 8.407
2690.000 11.101
2700.000 13.791
2710.000 13.791
2720.000 15.418
2730.000 14.896
2740.000 12.376
2750.000 12.376
2760.000 9.529
2770.000 7.311
2780.000 5.697
2790.000 4.546
2800.000 3.722
2810.000 3.722
2820.000 3.108
2830.000 2.635
2840.000 2.264
2850.000 2.264
2860.000 1.970
2870.000 1.734
2880.000 1.541
2890.000 1.385
2900.000 1.254
2910.000 1.254
2920.000 1.146
2930.000 1.053
2940.000 0.975
2950.000 0.975
2960.000 0.909
2970.000 0.852
2980.000 0.804
2990.000 0.760
3000.000 0.722
3010.000 0.722
3020.000 0.687
3030.000 0.668
3040.000 0.646
3050.000 0.646
3060.000 0.622
3070.000 0.607
3080.000 0.590
3090.000 0.572
3100.000 0.563
3110.000 0.563
3120.000 0.552
3130.000 0.546
3140.000 0.539
3150.000 0.539
3160.000 0.534
3170.000 0.531
3180.000 0.530
3190.000 0.530
3200.000 0.532
3210.000 0.532
3220.000 0.534
3230.000 0.539
3240.000 0.547
3250.000 0.547
3260.000 0.555
3270.000 0.566
3280.000 0.582
3290.000 0.597
3300.000 0.618
3310.000 0.618
3320.000 0.641
3330.000 0.669
3340.000 0.702
3350.000 0.702
3360.000 0.743
3370.000 0.792
3380.000 0.852
3390.000 0.928
3400.000 1.026
3410.000 1.026
3420.000 1.156
3430.000 1.336
3440.000 1.596
3450.000 1.596
3460.000 1.988
3470.000 2.607
3480.000 3.581
3490.000 5.115
3500.000 7.824
3510.000 7.822
3520.000 10.864
3530.000 12.508
3540.000 10.921
3550.000 10.921
3560.000 7.897
3570.000 5.745
3580.000 4.329
3590.000 3.385
3600.000 2.732
3610.000 2.732
3620.000 2.258
3630.000 1.910
3640.000 1.644
3650.000 1.644
3660.000 1.442
3670.000 1.278
3680.000 1.145
3690.000 1.042
3700.000 0.953
3710.000 0.953
3720.000 0.878
3730.000 0.817
3740.000 0.765
3750.000 0.765
3760.000 0.720
3770.000 0.684
3780.000 0.654
3790.000 0.626
3800.000 0.603
3810.000 0.603
3820.000 0.582
3830.000 0.566
3840.000 0.551
3850.000 0.551
3860.000 0.539
3870.000 0.527
3880.000 0.521
3890.000 0.512
3900.000 0.504
3910.000 0.504
3920.000 0.503
3930.000 0.500
3940.000 0.497
3950.000 0.497
3960.000 0.496
3970.000 0.495
3980.000 0.494
3990.000 0.503
4000.000 0.506
4010.000 0.506
4020.000 0.511
4030.000 0.508
4040.000 0.513
4050.000 0.513
4060.000 0.529
4070.000 0.531
4080.000 0.544
4090.000 0.559
4100.000 0.575
4110.000 0.575
4120.000 0.588
4130.000 0.610
4140.000 0.631
4150.000 0.631
4160.000 0.657
4170.000 0.690
4180.000 0.729
4190.000 0.776
4200.000 0.839
4210.000 0.839
4220.000 0.919
4230.000 1.026
4240.000 1.165
4250.000 1.165
4260.000 1.363
4270.000 1.609
4280.000 1.921
4290.000 2.352
4300.000 2.916
4310.000 2.916
4320.000 3.673
4330.000 4.694
4340.000 6.105
4350.000 6.105
4360.000 7.584
4370.000 7.504
4380.000 5.468
4390.000 3.799
4400.000 2.764
4410.000 2.764
4420.000 2.094
4430.000 1.644
4440.000 1.328
4450.000 1.328
4460.000 1.094
4470.000 0.921
4480.000 0.788
4490.000 0.684
4500.000 0.604
4510.000 0.604
4520.000 0.533
4530.000 0.483
4540.000 0.439
4550.000 0.439
4560.000 0.406
4570.000 0.379
4580.000 0.356
4590.000 0.338
4600.000 0.327
4610.000 0.327
4620.000 0.318
4630.000 0.309
4640.000 0.305
4650.000 0.305
4660.000 0.305
4670.000 0.305
4680.000 0.308
4690.000 0.316
4700.000 0.318
4710.000 0.328
4720.000 0.336
4730.000 0.343
4740.000 0.348
4750.000 0.348
4760.000 0.352
4770.000 0.348
4780.000 0.342
4790.000 0.342
4800.000 0.329
4810.000 0.314
4820.000 0.294
4830.000 0.273
4840.000 0.248
4850.000 0.248
4860.000 0.224
4870.000 0.201
4880.000 0.180
4890.000 0.180
4900.000 0.170
4910.000 0.170
4920.000 0.185
4930.000 0.211
4940.000 0.252
4950.000 0.252
4960.000 0.311
4970.000 0.388
4980.000 0.489
4990.000 0.489
5000.000 0.636
5010.000 0.845
5020.000 1.176
5030.000 1.619
5040.000 2.228
5050.000 2.228
5060.000 2.914
5070.000 3.639
5080.000 4.450
5090.000 4.450
5100.000 5.429
5110.000 6.612
5120.000 8.097
5130.000 10.024
5140.000 12.597
5150.000 12.595
5160.000 16.142
5170.000 20.776
5180.000 25.391
5190.000 25.385
5200.000 28.501
5210.000 27.622
5220.000 23.015
5230.000 17.979
5240.000 14.212
5250.000 14.212
5260.000 11.402
5270.000 9.288
5280.000 7.651
5290.000 7.651
5300.000 6.407
5310.000 5.409
5320.000 4.623
5330.000 3.989
5340.000 3.462
5350.000 3.462
5360.000 3.037
5370.000 2.690
5380.000 2.396
5390.000 2.396
5400.000 2.158
5410.000 1.954
5420.000 1.783
5430.000 1.642
5440.000 1.523
5450.000 1.523
5460.000 1.419
5470.000 1.331
5480.000 1.253
5490.000 1.253
5500.000 1.187
5510.000 1.128
5520.000 1.076
5530.000 1.034
5540.000 0.995
5550.000 0.995
5560.000 0.965
5570.000 0.940
5580.000 0.913
5590.000 0.913
5600.000 0.892
5610.000 0.873
5620.000 0.859
5630.000 0.847
5640.000 0.839
5650.000 0.839
5660.000 0.832
5670.000 0.828
5680.000 0.827
5690.000 0.827
5700.000 0.829
5710.000 0.831
5720.000 0.839
5730.000 0.847
5740.000 0.858
5750.000 0.857
5760.000 0.871
5770.000 0.890
5780.000 0.912
5790.000 0.912
5800.000 0.939
5810.000 0.973
5820.000 1.008
5830.000 1.057
5840.000 1.115
5850.000 1.115
5860.000 1.177
5870.000 1.260
5880.000 1.374
5890.000 1.374
5900.000 1.499
5910.000 1.667
5920.000 1.883
5930.000 2.179
5940.000 2.610
5950.000 2.610
5960.000 3.230
5970.000 4.097
5980.000 5.242
5990.000 5.242
6000.000 6.661
6010.000 8.103
6020.000 9.308
6030.000 10.031
6040.000 10.047
6050.000 10.047
6060.000 9.369
6070.000 8.018
6080.000 6.720
6090.000 6.720
6100.000 5.486
6110.000 4.567
6120.000 3.826
6130.000 3.243
6140.000 2.802
6150.000 2.802
6160.000 2.458
6170.000 2.169
6180.000 1.939
6190.000 1.939
6200.000 1.755
6210.000 1.608
6220.000 1.484
6230.000 1.382
6240.000 1.301
6250.000 1.301
6260.000 1.231
6270.000 1.168
6280.000 1.113
6290.000 1.113
6300.000 1.068
6310.000 1.031
6320.000 0.997
6330.000 0.970
6340.000 0.944
6350.000 0.944
6360.000 0.930
6370.000 0.909
6380.000 0.895
6390.000 0.895
6400.000 0.881
6410.000 0.874
6420.000 0.866
6430.000 0.863
6440.000 0.859
6450.000 0.859
6460.000 0.863
6470.000 0.867
6480.000 0.870
6490.000 0.870
6500.000 0.877
6510.000 0.884
6520.000 0.896
6530.000 0.908
6540.000 0.921
6550.000 0.921
6560.000 0.936
6570.000 0.956
6580.000 0.978
6590.000 0.978
6600.000 1.003
6610.000 1.025
6620.000 1.056
6630.000 1.088
6640.000 1.124
6650.000 1.124
6660.000 1.161
6670.000 1.212
6680.000 1.272
6690.000 1.272
6700.000 1.335
6710.000 1.415
6720.000 1.507
6730.000 1.622
6740.000 1.762
6750.000 1.762
6760.000 1.940
6770.000 2.178
6780.000 2.469
6790.000 2.469
6800.000 2.850
6810.000 3.333
6820.000 3.918
6830.000 4.549
6840.000 5.274
6850.000 5.274
6860.000 6.053
6870.000 6.732
6880.000 7.175
6890.000 7.175
6900.000 7.159
6910.000 6.846
6920.000 6.119
6930.000 5.303
6940.000 4.590
6950.000 4.590
6960.000 3.894
6970.000 3.360
6980.000 2.918
6990.000 2.918
7000.000 2.557
7010.000 2.272
7020.000 2.020
7030.000 1.848
7040.000 1.687
7050.000 1.687
7060.000 1.541
7070.000 1.413
7080.000 1.316
7090.000 1.316
7100.000 1.228
7110.000 1.161
7120.000 1.092
7130.000 1.092
7140.000 1.038
7150.000 0.993
7160.000 0.945
7170.000 0.905
7180.000 0.870
7190.000 0.870
7200.000 0.843
7210.000 0.812
7220.000 0.791
7230.000 0.791
7240.000 0.768
7250.000 0.746
7260.000 0.730
7270.000 0.714
7280.000 0.692
7290.000 0.692
7300.000 0.683
7310.000 0.671
7320.000 0.663
7330.000 0.663
7340.000 0.654
7350.000 0.649
7360.000 0.645
7370.000 0.643
7380.000 0.642
7390.000 0.642
7400.000 0.650
7410.000 0.670
7420.000 0.658
7430.000 0.658
7440.000 0.664
7450.000 0.655
7460.000 0.654
7470.000 0.656
7480.000 0.659
7490.000 0.659
7500.000 0.665
7510.000 0.677
7520.000 0.689
7530.000 0.689
7540.000 0.710
7550.000 0.731
7560.000 0.755
7570.000 0.790
7580.000 0.825
7590.000 0.825
7600.000 0.867
7610.000 0.917
7620.000 0.977
7630.000 0.977
7640.000 1.054
7650.000 1.153
7660.000 1.287
7670.000 1.465
7680.000 1.700
7690.000 1.700
7700.000 2.020
7710.000 2.480
7720.000 3.120
7730.000 3.120
7740.000 3.949
7750.000 4.920
7760.000 5.833
7770.000 6.457
7780.000 6.493
7790.000 6.493
7800.000 6.184
7810.000 5.408
7820.000 4.662
7830.000 4.662
7840.000 3.993
7850.000 3.432
7860.000 2.980
7870.000 2.604
7880.000 2.308
7890.000 2.308
7900.000 2.058
7910.000 1.870
7920.000 1.695
7930.000 1.695
7940.000 1.539
7950.000 1.387
7960.000 1.280
7970.000 1.247
7980.000 1.208
7990.000 1.208
8000.000 1.170
8010.000 1.128
8020.000 1.102
8030.000 1.102
8040.000 1.070
8050.000 1.047
8060.000 1.023
8070.000 1.001
8080.000 0.976
8090.000 0.976
8100.000 0.961
8110.000 0.946
8120.000 0.920
8130.000 0.920
8140.000 0.915
8150.000 0.905
8160.000 0.894
8170.000 0.884
8180.000 0.874
8190.000 0.874
8200.000 0.873
8210.000 0.877
8220.000 0.881
8230.000 0.881
8240.000 0.891
8250.000 0.895
8260.000 0.905
8270.000 0.916
8280.000 0.916
8290.000 0.919
8300.000 0.936
8310.000 0.953
8320.000 0.972
8330.000 0.972
8340.000 0.997
8350.000 1.020
8360.000 1.048
8370.000 1.080
8380.000 1.080
8390.000 1.118
8400.000 1.160
8410.000 1.200
8420.000 1.242
8430.000 1.242
8440.000 1.296
8450.000 1.360
8460.000 1.442
8470.000 1.550
8480.000 1.550
8490.000 1.692
8500.000 1.879
8510.000 2.127
8520.000 2.483
8530.000 2.483
8540.000 2.973
8550.000 3.698
8560.000 4.754
8570.000 6.179
8580.000 6.179
8590.000 7.849
8600.000 9.653
8610.000 11.050
8620.000 11.151
8630.000 11.151
8640.000 9.491
8650.000 7.069
8660.000 5.187
8670.000 3.880
8680.000 3.879
8690.000 2.997
8700.000 2.403
8710.000 1.994
8720.000 1.697
8730.000 1.697
8740.000 1.477
8750.000 1.304
8760.000 1.151
8770.000 1.037
8780.000 1.037
8790.000 0.921
8800.000 0.830
8810.000 0.748
8820.000 0.679
8830.000 0.679
8840.000 0.620
8850.000 0.577
8860.000 0.503
8870.000 0.479
8880.000 0.479
8890.000 0.449
8900.000 0.419
8910.000 0.392
8920.000 0.374
8930.000 0.374
8940.000 0.352
8950.000 0.333
8960.000 0.318
8970.000 0.303
8980.000 0.302
8990.000 0.291
9000.000 0.277
9010.000 0.268
9020.000 0.263
9030.000 0.263
9040.000 0.251
9050.000 0.250
9060.000 0.255
9070.000 0.257
9080.000 0.257
9090.000 0.256
9100.000 0.258
9110.000 0.254
9120.000 0.253
9130.000 0.253
9140.000 0.250
9150.000 0.250
9160.000 0.255
9170.000 0.260
9180.000 0.260
9190.000 0.264
9200.000 0.274
9210.000 0.284
9220.000 0.295
9230.000 0.295
9240.000 0.311
9250.000 0.330
9260.000 0.353
9270.000 0.384
9280.000 0.384
9290.000 0.416
9300.000 0.463
9310.000 0.519
9320.000 0.592
9330.000 0.592
9340.000 0.691
9350.000 0.829
9360.000 1.010
9370.000 1.274
9380.000 1.274
9390.000 1.620
9400.000 2.078
9410.000 2.733
9420.000 3.716
9430.000 3.716
9440.000 5.279
9450.000 7.483
9460.000 8.649
9470.000 8.649
9480.000 8.027
9490.000 6.205
9500.000 4.882
9510.000 4.221
9520.000 3.909
9530.000 3.909
9540.000 3.599
9550.000 3.231
9560.000 2.842
9570.000 2.842
9580.000 2.498
9590.000 2.206
9600.000 1.969
9610.000 1.775
9620.000 1.604
9630.000 1.604
9640.000 1.471
9650.000 1.361
9660.000 1.267
9670.000 1.266
9680.000 1.188
9690.000 1.120
9700.000 1.062
9710.000 1.015
9720.000 0.975
9730.000 0.975
9740.000 0.943
9750.000 0.915
9760.000 0.898
9770.000 0.898
9780.000 0.879
9790.000 0.860
9800.000 0.848
9810.000 0.839
9820.000 0.826
9830.000 0.826
9840.000 0.817
9850.000 0.823
9860.000 0.813
9870.000 0.813
9880.000 0.804
9890.000 0.799
9900.000 0.792
9910.000 0.790
9920.000 0.787
9930.000 0.787
9940.000 0.786
9950.000 0.789
9960.000 0.789
9970.000 0.788
9980.000 0.798
9990.000 0.804
10000.000 0.821
10010.000 0.837
10020.000 0.853
10030.000 0.853
10040.000 0.865
10050.000 0.877
10060.000 0.884
10070.000 0.884
10080.000 0.904
10090.000 0.921
10100.000 0.939
10110.000 0.966
10120.000 0.988
10130.000 0.988
10140.000 1.024
10150.000 1.059
10160.000 1.110
10170.000 1.110
10180.000 1.169
10190.000 1.265
10200.000 1.377
10210.000 1.518
10220.000 1.715
10230.000 1.715
10240.000 1.978
10250.000 2.405
10260.000 3.012
10270.000 3.012
10280.000 3.903
10290.000 5.102
10300.000 6.370
10310.000 6.894
10320.000 5.945
10330.000 5.945
10340.000 4.245
10350.000 3.008
10360.000 2.152
10370.000 2.152
10380.000 1.596
10390.000 1.209
10400.000 0.938
10410.000 0.749
10420.000 0.601
10430.000 0.601
10440.000 0.479
10450.000 0.385
10460.000 0.314
10470.000 0.314
10480.000 0.252
10490.000 0.208
10500.000 0.172
10510.000 0.144
10520.000 0.122
10530.000 0.122
10540.000 0.106
10550.000 0.089
10560.000 0.076
10570.000 0.076
10580.000 0.064
10590.000 0.057
10600.000 0.052
10610.000 0.051
10620.000 0.047
10630.000 0.047
10640.000 0.045
10650.000 0.043
10660.000 0.044
10670.000 0.044
10680.000 0.041
10690.000 0.046
10700.000 0.055
10710.000 0.047
10720.000 0.047
10730.000 0.047
10740.000 0.047
10750.000 0.048
10760.000 0.048
10770.000 0.048
10780.000 0.048
10790.000 0.047
10800.000 0.045
10810.000 0.041
10820.000 0.041
10830.000 0.040
10840.000 0.037
10850.000 0.036
10860.000 0.030
10870.000 0.030
10880.000 0.030
10890.000 0.026
10900.000 0.028
10910.000 0.030
10920.000 0.030
10930.000 0.039
10940.000 0.048
10950.000 0.061
10960.000 0.075
10970.000 0.075
10980.000 0.092
10990.000 0.117
11000.000 0.143
11010.000 0.176
11020.000 0.176
11030.000 0.223
11040.000 0.269
11050.000 0.344
11060.000 0.436
11070.000 0.436
11080.000 0.601
11090.000 0.851
11100.000 1.157
11110.000 1.502
11120.000 1.502
11130.000 1.978
11140.000 2.683
11150.000 3.560
11160.000 4.350
11170.000 4.350
11180.000 4.352
11190.000 3.641
11200.000 2.979
11210.000 2.512
11220.000 2.511
11230.000 2.184
11240.000 1.939
11250.000 1.746
11260.000 1.582
11270.000 1.582
11280.000 1.451
11290.000 1.343
11300.000 1.244
11310.000 1.165
11320.000 1.165
11330.000 1.097
11340.000 1.041
11350.000 0.994
11360.000 0.946
11370.000 0.946
11380.000 0.911
11390.000 0.869
11400.000 0.844
11410.000 0.815
11420.000 0.815
11430.000 0.798
11440.000 0.777
11450.000 0.766
11460.000 0.744
11470.000 0.744
11480.000 0.728
11490.000 0.719
11500.000 0.710
11510.000 0.701
11520.000 0.701
11530.000 0.696
11540.000 0.689
11550.000 0.685
11560.000 0.683
11570.000 0.683
11580.000 0.682
11590.000 0.682
11600.000 0.682
11610.000 0.683
11620.000 0.683
11630.000 0.682
11640.000 0.685
11650.000 0.688
11660.000 0.683
11670.000 0.683
11680.000 0.675
11690.000 0.671
11700.000 0.665
11710.000 0.655
11720.000 0.655
11730.000 0.647
11740.000 0.640
11750.000 0.638
11760.000 0.640
11770.000 0.640
11780.000 0.643
11790.000 0.654
11800.000 0.658
11810.000 0.677
11820.000 0.677
11830.000 0.697
11840.000 0.716
11850.000 0.740
11860.000 0.768
11870.000 0.768
11880.000 0.804
11890.000 0.849
11900.000 0.909
11910.000 0.909
11920.000 0.981
11930.000 1.085
11940.000 1.228
11950.000 1.427
11960.000 1.690
11970.000 1.690
11980.000 2.013
11990.000 2.321
12000.000 2.416
