110.000 0.066
120.000 0.075
130.000 0.124
140.000 0.167
150.000 0.167
160.000 0.262
170.000 0.276
180.000 0.378
190.000 0.554
200.000 0.590
210.000 0.590
220.000 0.668
230.000 0.748
240.000 0.858
250.000 0.858
260.000 1.144
270.000 1.220
280.000 1.206
290.000 1.384
300.000 1.688
310.000 1.688
320.000 2.104
330.000 2.385
340.000 2.934
350.000 2.934
360.000 3.882
370.000 5.513
380.000 7.808
390.000 11.091
400.000 15.034
410.000 15.033
420.000 20.813
430.000 27.848
440.000 34.568
450.000 34.568
460.000 40.640
470.000 46.177
480.000 49.699
490.000 51.954
500.000 53.338
510.000 53.338
520.000 54.381
530.000 55.080
540.000 54.542
550.000 54.542
560.000 50.349
570.000 42.305
580.000 33.835
590.000 26.547
600.000 21.320
610.000 21.320
620.000 17.633
630.000 14.347
640.000 12.081
650.000 12.081
660.000 10.345
670.000 9.017
680.000 7.810
690.000 6.800
700.000 5.878
710.000 5.878
720.000 5.100
730.000 4.420
740.000 3.818
750.000 3.818
760.000 3.334
770.000 2.933
780.000 2.568
790.000 2.268
800.000 2.011
810.000 2.011
820.000 1.800
830.000 1.634
840.000 1.488
850.000 1.488
860.000 1.363
870.000 1.233
880.000 1.122
890.000 1.024
900.000 0.936
910.000 0.936
920.000 0.864
930.000 0.795
940.000 0.739
950.000 0.739
960.000 0.685
970.000 0.644
980.000 0.604
990.000 0.563
1000.000 0.539
1010.000 0.539
1020.000 0.510
1030.000 0.492
1040.000 0.472
1050.000 0.472
1060.000 0.450
1070.000 0.441
1080.000 0.420
1090.000 0.412
1100.000 0.410
1110.000 0.410
1120.000 0.414
1130.000 0.420
1140.000 0.438
1150.000 0.448
1160.000 0.448
1170.000 0.456
1180.000 0.466
1190.000 0.481
1200.000 0.494
1210.000 0.494
1220.000 0.512
1230.000 0.531
1240.000 0.550
1250.000 0.550
1260.000 0.575
1270.000 0.601
1280.000 0.626
1290.000 0.649
1300.000 0.678
1310.000 0.678
1320.000 0.708
1330.000 0.739
1340.000 0.768
1350.000 0.768
1360.000 0.808
1370.000 0.843
1380.000 0.882
1390.000 0.923
1400.000 0.967
1410.000 0.967
1420.000 1.013
1430.000 1.062
1440.000 1.118
1450.000 1.117
1460.000 1.173
1470.000 1.237
1480.000 1.306
1490.000 1.381
1500.000 1.465
1510.000 1.465
1520.000 1.552
1530.000 1.665
1540.000 1.771
1550.000 1.771
1560.000 1.889
1570.000 2.013
1580.000 2.149
1590.000 2.149
1600.000 2.302
1610.000 2.460
1620.000 2.623
1630.000 2.771
1640.000 2.900
1650.000 2.900
1660.000 2.992
1670.000 3.052
1680.000 3.093
1690.000 3.093
1700.000 3.155
1710.000 3.406
1720.000 4.028
1730.000 5.206
1740.000 6.826
1750.000 6.825
1760.000 8.651
1770.000 10.666
1780.000 12.980
1790.000 12.977
1800.000 15.691
1810.000 18.865
1820.000 22.491
1830.000 26.401
1840.000 29.761
1850.000 29.761
1860.000 31.938
1870.000 32.772
1880.000 32.141
1890.000 32.141
1900.000 30.358
1910.000 27.751
1920.000 25.312
1930.000 22.949
1940.000 20.914
1950.000 20.914
1960.000 19.103
1970.000 17.576
1980.000 16.267
1990.000 16.267
2000.000 15.098
2010.000 14.043
2020.000 13.107
2030.000 12.217
2040.000 11.329
2050.000 11.327
2060.000 10.444
2070.000 9.559
2080.000 8.728
2090.000 8.726
2100.000 8.014
2110.000 7.417
2120.000 6.960
2130.000 6.659
2140.000 6.527
2150.000 6.527
2160.000 6.514
2170.000 6.517
2180.000 6.519
2190.000 6.519
2200.000 6.416
2210.000 6.224
2220.000 5.939
2230.000 5.586
2240.000 5.232
2250.000 5.232
2260.000 4.883
2270.000 4.558
2280.000 4.285
2290.000 4.285
2300.000 4.094
2310.000 3.906
2320.000 3.747
2330.000 3.584
2340.000 3.440
2350.000 3.440
2360.000 3.311
2370.000 3.182
2380.000 3.064
2390.000 3.064
2400.000 2.963
2410.000 2.864
2420.000 2.747
2430.000 2.632
2440.000 2.528
2450.000 2.528
2460.000 2.432
2470.000 2.345
2480.000 2.263
2490.000 2.188
2500.000 2.188
2510.000 2.119
2520.000 2.054
2530.000 1.992
2540.000 1.933
2550.000 1.933
2560.000 1.876
2570.000 1.821
2580.000 1.771
2590.000 1.771
2600.000 1.723
2610.000 1.677
2620.000 1.636
2630.000 1.596
2640.000 1.555
2650.000 1.554
2660.000 1.521
2670.000 1.488
2680.000 1.457
2690.000 1.457
2700.000 1.426
2710.000 1.396
2720.000 1.365
2730.000 1.343
2740.000 1.342
2750.000 1.317
2760.000 1.295
2770.000 1.274
2780.000 1.255
2790.000 1.255
2800.000 1.236
2810.000 1.219
2820.000 1.203
2830.000 1.189
2840.000 1.189
2850.000 1.176
2860.000 1.159
2870.000 1.147
2880.000 1.137
2890.000 1.137
2900.000 1.126
2910.000 1.119
2920.000 1.108
2930.000 1.102
2940.000 1.102
2950.000 1.094
2960.000 1.091
2970.000 1.082
2980.000 1.084
2990.000 1.084
3000.000 1.084
3010.000 1.089
3020.000 1.084
3030.000 1.093
3040.000 1.099
3050.000 1.099
3060.000 1.096
3070.000 1.117
3080.000 1.122
3090.000 1.122
3100.000 1.141
3110.000 1.151
3120.000 1.165
3130.000 1.186
3140.000 1.203
3150.000 1.203
3160.000 1.227
3170.000 1.253
3180.000 1.285
3190.000 1.285
3200.000 1.318
3210.000 1.357
3220.000 1.404
3230.000 1.465
3240.000 1.529
3250.000 1.529
3260.000 1.588
3270.000 1.639
3280.000 1.695
3290.000 1.695
3300.000 1.757
3310.000 1.832
3320.000 1.917
3330.000 2.013
3340.000 2.131
3350.000 2.131
3360.000 2.274
3370.000 2.445
3380.000 2.650
3390.000 2.649
3400.000 2.900
3410.000 3.201
3420.000 3.603
3430.000 4.123
3440.000 4.833
3450.000 4.833
3460.000 5.785
3470.000 7.028
3480.000 8.719
3490.000 8.719
3500.000 10.914
3510.000 13.593
3520.000 16.524
3530.000 19.849
3540.000 23.187
3550.000 23.187
3560.000 25.791
3570.000 26.417
3580.000 24.379
3590.000 24.379
3600.000 20.153
3610.000 15.808
3620.000 12.496
3630.000 9.970
3640.000 8.108
3650.000 8.108
3660.000 6.697
3670.000 5.637
3680.000 4.817
3690.000 4.816
3700.000 4.174
3710.000 3.661
3720.000 3.251
3730.000 2.902
3740.000 2.619
3750.000 2.619
3760.000 2.378
3770.000 2.180
3780.000 2.015
3790.000 2.015
3800.000 1.872
3810.000 1.745
3820.000 1.634
3830.000 1.534
3840.000 1.453
3850.000 1.453
3860.000 1.373
3870.000 1.305
3880.000 1.246
3890.000 1.246
3900.000 1.191
3910.000 1.123
3920.000 1.081
3930.000 1.081
3940.000 1.040
3950.000 1.006
3960.000 0.971
3970.000 0.946
3980.000 0.918
3990.000 0.917
4000.000 0.886
4010.000 0.861
4020.000 0.849
4030.000 0.849
4040.000 0.815
4050.000 0.799
4060.000 0.790
4070.000 0.765
4080.000 0.743
4090.000 0.743
4100.000 0.729
4110.000 0.717
4120.000 0.698
4130.000 0.698
4140.000 0.689
4150.000 0.678
4160.000 0.669
4170.000 0.660
4180.000 0.652
4190.000 0.652
4200.000 0.645
4210.000 0.636
4220.000 0.631
4230.000 0.631
4240.000 0.624
4250.000 0.613
4260.000 0.605
4270.000 0.600
4280.000 0.591
4290.000 0.591
4300.000 0.581
4310.000 0.573
4320.000 0.559
4330.000 0.559
4340.000 0.546
4350.000 0.540
4360.000 0.541
4370.000 0.540
4380.000 0.545
4390.000 0.545
4400.000 0.547
4410.000 0.511
4420.000 0.517
4430.000 0.517
4440.000 0.525
4450.000 0.525
4460.000 0.531
4470.000 0.533
4480.000 0.535
4490.000 0.535
4500.000 0.541
4510.000 0.545
4520.000 0.554
4530.000 0.554
4540.000 0.564
4550.000 0.573
4560.000 0.586
4570.000 0.592
4580.000 0.606
4590.000 0.606
4600.000 0.621
4610.000 0.639
4620.000 0.662
4630.000 0.662
4640.000 0.684
4650.000 0.712
4660.000 0.737
4670.000 0.764
4680.000 0.796
4690.000 0.796
4700.000 0.827
4710.000 0.853
4720.000 0.881
4730.000 0.881
4740.000 0.896
4750.000 0.896
4760.000 0.896
4770.000 0.892
4780.000 0.877
4790.000 0.877
4800.000 0.860
4810.000 0.838
4820.000 0.810
4830.000 0.810
4840.000 0.791
4850.000 0.773
4860.000 0.767
4870.000 0.774
4880.000 0.802
4890.000 0.802
4900.000 0.855
4910.000 0.926
4920.000 1.039
4930.000 1.039
4940.000 1.198
4950.000 1.431
4960.000 1.752
4970.000 2.196
4980.000 2.761
4990.000 2.761
5000.000 3.452
5010.000 4.186
5020.000 4.970
5030.000 4.970
5040.000 5.870
5050.000 6.897
5060.000 8.048
5070.000 9.364
5080.000 10.850
5090.000 12.703
5100.000 12.936
5110.000 15.202
5120.000 17.974
5130.000 17.974
5140.000 21.284
5150.000 24.989
5160.000 28.825
5170.000 32.582
5180.000 32.582
5190.000 35.949
5200.000 37.945
5210.000 37.818
5220.000 35.446
5230.000 30.782
5240.000 30.779
5250.000 25.987
5260.000 21.984
5270.000 18.683
5280.000 18.680
5290.000 16.018
5300.000 13.706
5310.000 11.689
5320.000 9.999
5330.000 9.999
5340.000 8.576
5350.000 7.419
5360.000 6.455
5370.000 5.627
5380.000 5.627
5390.000 4.953
5400.000 4.390
5410.000 3.885
5420.000 3.489
5430.000 3.489
5440.000 3.150
5450.000 2.856
5460.000 2.612
5470.000 2.407
5480.000 2.407
5490.000 2.226
5500.000 2.068
5510.000 1.929
5520.000 1.806
5530.000 1.806
5540.000 1.699
5550.000 1.602
5560.000 1.517
5570.000 1.441
5580.000 1.441
5590.000 1.366
5600.000 1.305
5610.000 1.252
5620.000 1.203
5630.000 1.203
5640.000 1.156
5650.000 1.117
5660.000 1.077
5670.000 1.041
5680.000 1.041
5690.000 1.012
5700.000 0.982
5710.000 0.955
5720.000 0.932
5730.000 0.932
5740.000 0.909
5750.000 0.883
5760.000 0.864
5770.000 0.847
5780.000 0.847
5790.000 0.832
5800.000 0.818
5810.000 0.805
5820.000 0.792
5830.000 0.792
5840.000 0.781
5850.000 0.768
5860.000 0.758
5870.000 0.751
5880.000 0.750
5890.000 0.743
5900.000 0.735
5910.000 0.724
5920.000 0.717
5930.000 0.717
5940.000 0.712
5950.000 0.707
5960.000 0.701
5970.000 0.695
5980.000 0.695
5990.000 0.693
6000.000 0.690
6010.000 0.690
6020.000 0.677
6030.000 0.677
6040.000 0.682
6050.000 0.674
6060.000 0.680
6070.000 0.675
6080.000 0.675
6090.000 0.676
6100.000 0.672
6110.000 0.677
6120.000 0.679
6130.000 0.679
6140.000 0.682
6150.000 0.682
6160.000 0.686
6170.000 0.691
6180.000 0.691
6190.000 0.695
6200.000 0.697
6210.000 0.702
6220.000 0.710
6230.000 0.710
6240.000 0.716
6250.000 0.720
6260.000 0.726
6270.000 0.734
6280.000 0.734
6290.000 0.745
6300.000 0.756
6310.000 0.765
6320.000 0.778
6330.000 0.778
6340.000 0.789
6350.000 0.803
6360.000 0.817
6370.000 0.817
6380.000 0.832
6390.000 0.845
6400.000 0.859
6410.000 0.868
6420.000 0.883
6430.000 0.883
6440.000 0.897
6450.000 0.914
6460.000 0.930
6470.000 0.930
6480.000 0.950
6490.000 0.968
6500.000 0.989
6510.000 1.010
6520.000 1.035
6530.000 1.035
6540.000 1.061
6550.000 1.091
6560.000 1.118
6570.000 1.118
6580.000 1.150
6590.000 1.183
6600.000 1.224
6610.000 1.269
6620.000 1.316
6630.000 1.316
6640.000 1.372
6650.000 1.432
6660.000 1.503
6670.000 1.503
6680.000 1.583
6690.000 1.681
6700.000 1.794
6710.000 1.920
6720.000 2.063
6730.000 2.063
6740.000 2.257
6750.000 2.449
6760.000 2.708
6770.000 2.708
6780.000 3.054
6790.000 3.437
6800.000 3.861
6810.000 4.396
6820.000 4.993
6830.000 4.992
6840.000 5.498
6850.000 6.001
6860.000 6.426
6870.000 6.424
6880.000 6.396
6890.000 6.128
6900.000 5.863
6910.000 5.350
6920.000 4.794
6930.000 4.794
6940.000 4.258
6950.000 3.856
6960.000 3.440
6970.000 3.440
6980.000 3.099
6990.000 2.811
7000.000 2.549
7010.000 2.338
7020.000 2.161
7030.000 2.161
7040.000 2.005
7050.000 1.857
7060.000 1.740
7070.000 1.740
7080.000 1.629
7090.000 1.529
7100.000 1.445
7110.000 1.371
7120.000 1.294
7130.000 1.294
7140.000 1.232
7150.000 1.178
7160.000 1.119
7170.000 1.119
7180.000 1.069
7190.000 1.028
7200.000 0.987
7210.000 0.950
7220.000 0.920
7230.000 0.920
7240.000 0.888
7250.000 0.858
7260.000 0.831
7270.000 0.831
7280.000 0.808
7290.000 0.783
7300.000 0.762
7310.000 0.738
7320.000 0.721
7330.000 0.721
7340.000 0.704
7350.000 0.686
7360.000 0.672
7370.000 0.672
7380.000 0.653
7390.000 0.642
7400.000 0.639
7410.000 0.628
7420.000 0.605
7430.000 0.605
7440.000 0.593
7450.000 0.579
7460.000 0.563
7470.000 0.563
7480.000 0.553
7490.000 0.542
7500.000 0.530
7510.000 0.525
7520.000 0.524
7530.000 0.518
7540.000 0.508
7550.000 0.502
7560.000 0.494
7570.000 0.494
7580.000 0.487
7590.000 0.478
7600.000 0.472
7610.000 0.466
7620.000 0.466
7630.000 0.461
7640.000 0.455
7650.000 0.450
7660.000 0.443
7670.000 0.443
7680.000 0.440
7690.000 0.435
7700.000 0.431
7710.000 0.427
7720.000 0.427
7730.000 0.423
7740.000 0.419
7750.000 0.415
7760.000 0.411
7770.000 0.411
7780.000 0.408
7790.000 0.406
7800.000 0.403
7810.000 0.402
7820.000 0.402
7830.000 0.401
7840.000 0.399
7850.000 0.399
7860.000 0.393
7870.000 0.393
7880.000 0.393
7890.000 0.394
7900.000 0.390
7910.000 0.391
7920.000 0.391
7930.000 0.390
7940.000 0.391
7950.000 0.394
7960.000 0.395
7970.000 0.395
7980.000 0.400
7990.000 0.400
8000.000 0.403
8010.000 0.406
8020.000 0.406
8030.000 0.400
8040.000 0.407
8050.000 0.403
8060.000 0.415
8070.000 0.415
8080.000 0.419
8090.000 0.422
8100.000 0.429
8110.000 0.434
8120.000 0.434
8130.000 0.441
8140.000 0.446
8150.000 0.452
8160.000 0.463
8170.000 0.463
8180.000 0.470
8190.000 0.481
8200.000 0.493
8210.000 0.504
8220.000 0.504
8230.000 0.520
8240.000 0.536
8250.000 0.552
8260.000 0.570
8270.000 0.570
8280.000 0.590
8290.000 0.611
8300.000 0.633
8310.000 0.663
8320.000 0.663
8330.000 0.693
8340.000 0.728
8350.000 0.768
8360.000 0.812
8370.000 0.859
8380.000 0.859
8390.000 0.914
8400.000 0.982
8410.000 1.061
8420.000 1.061
8430.000 1.153
8440.000 1.264
8450.000 1.388
8460.000 1.555
8470.000 1.554
8480.000 1.764
8490.000 2.041
8500.000 2.391
8510.000 2.881
8520.000 2.881
8530.000 3.602
8540.000 4.588
8550.000 6.043
8560.000 7.975
8570.000 7.975
8580.000 9.662
8590.000 11.485
8600.000 12.718
8610.000 12.023
8620.000 12.023
8630.000 10.152
8640.000 8.161
8650.000 6.517
8660.000 5.068
8670.000 5.068
8680.000 4.132
8690.000 3.404
8700.000 2.836
8710.000 2.836
8720.000 2.408
8730.000 2.070
8740.000 1.834
8750.000 1.691
8760.000 1.620
8770.000 1.620
8780.000 1.599
8790.000 1.565
8800.000 1.496
8810.000 1.496
8820.000 1.370
8830.000 1.313
8840.000 1.245
8850.000 1.180
8860.000 1.144
8870.000 1.144
8880.000 1.105
8890.000 1.032
8900.000 0.990
8910.000 0.990
8920.000 0.958
8930.000 0.922
8940.000 0.897
8950.000 0.872
8960.000 0.846
8970.000 0.846
8980.000 0.829
8990.000 0.815
9000.000 0.795
9010.000 0.795
9020.000 0.780
9030.000 0.773
9040.000 0.755
9050.000 0.742
9060.000 0.723
9070.000 0.723
9080.000 0.703
9090.000 0.678
9100.000 0.670
9110.000 0.669
9120.000 0.656
9130.000 0.647
9140.000 0.640
9150.000 0.633
9160.000 0.624
9170.000 0.624
9180.000 0.619
9190.000 0.609
9200.000 0.604
9210.000 0.600
9220.000 0.600
9230.000 0.595
9240.000 0.591
9250.000 0.576
9260.000 0.572
9270.000 0.572
9280.000 0.567
9290.000 0.565
9300.000 0.559
9310.000 0.559
9320.000 0.555
9330.000 0.553
9340.000 0.550
9350.000 0.549
9360.000 0.548
9370.000 0.548
9380.000 0.546
9390.000 0.544
9400.000 0.542
9410.000 0.542
9420.000 0.539
9430.000 0.538
9440.000 0.536
9450.000 0.534
9460.000 0.534
9470.000 0.534
9480.000 0.533
9490.000 0.532
9500.000 0.532
9510.000 0.532
9520.000 0.531
9530.000 0.531
9540.000 0.532
9550.000 0.532
9560.000 0.534
9570.000 0.534
9580.000 0.535
9590.000 0.541
9600.000 0.543
9610.000 0.543
9620.000 0.546
9630.000 0.545
9640.000 0.552
9650.000 0.554
9660.000 0.558
9670.000 0.558
9680.000 0.562
9690.000 0.565
9700.000 0.570
9710.000 0.570
9720.000 0.575
9730.000 0.581
9740.000 0.585
9750.000 0.591
9760.000 0.597
9770.000 0.597
9780.000 0.605
9790.000 0.611
9800.000 0.617
9810.000 0.617
9820.000 0.623
9830.000 0.632
9840.000 0.629
9850.000 0.626
9860.000 0.629
9870.000 0.634
9880.000 0.644
9890.000 0.654
9900.000 0.664
9910.000 0.664
9920.000 0.673
9930.000 0.687
9940.000 0.698
9950.000 0.698
9960.000 0.712
9970.000 0.729
9980.000 0.743
9990.000 0.759
10000.000 0.779
10010.000 0.779
10020.000 0.797
10030.000 0.826
10040.000 0.851
10050.000 0.851
10060.000 0.875
10070.000 0.908
10080.000 0.943
10090.000 0.978
10100.000 1.023
10110.000 1.023
10120.000 1.076
10130.000 1.139
10140.000 1.214
10150.000 1.214
10160.000 1.311
10170.000 1.423
10180.000 1.571
10190.000 1.756
10200.000 1.966
10210.000 1.966
10220.000 2.285
10230.000 2.742
10240.000 3.310
10250.000 3.310
10260.000 3.972
10270.000 4.624
10280.000 5.115
10290.000 5.091
10300.000 4.467
10310.000 4.467
10320.000 3.632
10330.000 2.882
10340.000 2.283
10350.000 2.283
10360.000 1.834
10370.000 1.501
10380.000 1.247
10390.000 1.050
10400.000 0.896
10410.000 0.895
10420.000 0.776
10430.000 0.667
10440.000 0.584
10450.000 0.584
10460.000 0.513
10470.000 0.452
10480.000 0.402
10490.000 0.353
10500.000 0.313
10510.000 0.313
10520.000 0.281
10530.000 0.252
10540.000 0.224
10550.000 0.224
10560.000 0.204
10570.000 0.183
10580.000 0.164
10590.000 0.150
10600.000 0.136
10610.000 0.136
10620.000 0.124
10630.000 0.112
10640.000 0.100
10650.000 0.100
10660.000 0.090
10670.000 0.079
10680.000 0.071
10690.000 0.061
10700.000 0.054
10710.000 0.054
10720.000 0.049
10730.000 0.039
10740.000 0.032
10750.000 0.032
10760.000 0.026
10770.000 0.021
10780.000 0.017
10790.000 0.013
10800.000 0.013
10810.000 0.013
10820.000 0.014
10830.000 0.014
10840.000 0.018
10850.000 0.018
10860.000 0.019
10870.000 0.023
10880.000 0.026
10890.000 0.028
10900.000 0.032
10910.000 0.032
10920.000 0.032
10930.000 0.036
10940.000 0.038
10950.000 0.038
10960.000 0.041
10970.000 0.042
10980.000 0.044
10990.000 0.046
11000.000 0.049
11010.000 0.049
11020.000 0.049
11030.000 0.046
11040.000 0.048
11050.000 0.048
11060.000 0.052
11070.000 0.052
11080.000 0.054
11090.000 0.054
11100.000 0.055
11110.000 0.055
11120.000 0.057
11130.000 0.057
11140.000 0.058
11150.000 0.058
11160.000 0.059
11170.000 0.060
11180.000 0.059
11190.000 0.061
11200.000 0.061
11210.000 0.061
11220.000 0.062
11230.000 0.062
11240.000 0.060
11250.000 0.062
11260.000 0.062
11270.000 0.061
11280.000 0.061
11290.000 0.061
11300.000 0.060
11310.000 0.060
11320.000 0.059
11330.000 0.059
11340.000 0.057
11350.000 0.057
11360.000 0.057
11370.000 0.057
11380.000 0.056
11390.000 0.056
11400.000 0.055
11410.000 0.055
11420.000 0.055
11430.000 0.052
11440.000 0.051
11450.000 0.051
11460.000 0.048
11470.000 0.049
11480.000 0.048
11490.000 0.048
11500.000 0.046
11510.000 0.046
11520.000 0.047
11530.000 0.044
11540.000 0.044
11550.000 0.044
11560.000 0.044
11570.000 0.045
11580.000 0.045
11590.000 0.046
11600.000 0.047
11610.000 0.046
11620.000 0.052
11630.000 0.055
11640.000 0.058
11650.000 0.058
11660.000 0.065
11670.000 0.069
11680.000 0.077
11690.000 0.085
11700.000 0.097
11710.000 0.097
11720.000 0.110
11730.000 0.124
11740.000 0.137
11750.000 0.137
11760.000 0.154
11770.000 0.175
11780.000 0.201
11790.000 0.233
11800.000 0.269
11810.000 0.269
11820.000 0.319
11830.000 0.388
11840.000 0.485
11850.000 0.485
11860.000 0.618
11870.000 0.795
11880.000 1.023
11890.000 1.296
11900.000 1.612
11910.000 1.612
11920.000 1.967
11930.000 2.373
11940.000 2.784
11950.000 2.784
11960.000 3.081
11970.000 3.130
11980.000 2.909
11990.000 2.572
12000.000 2.258
