110.000 0.081
120.000 0.108
130.000 0.190
140.000 0.256
150.000 0.256
160.000 0.552
170.000 0.870
180.000 1.388
190.000 2.116
200.000 3.246
210.000 4.167
220.000 3.563
230.000 2.638
240.000 2.245
250.000 2.088
260.000 1.877
270.000 1.801
280.000 1.714
290.000 1.723
300.000 1.729
310.000 1.834
320.000 2.061
330.000 2.134
340.000 2.346
350.000 2.568
360.000 2.908
370.000 3.249
380.000 3.998
390.000 5.003
400.000 5.003
410.000 6.505
420.000 8.453
430.000 11.009
440.000 13.568
450.000 17.396
460.000 22.187
470.000 27.504
480.000 32.355
490.000 36.831
500.000 40.890
510.000 45.993
520.000 51.989
530.000 56.489
540.000 52.468
550.000 32.879
560.000 21.423
570.000 15.426
580.000 11.523
590.000 8.904
600.000 7.050
610.000 5.674
620.000 5.674
630.000 4.639
640.000 3.849
650.000 3.256
660.000 2.795
670.000 2.443
680.000 2.154
690.000 1.918
700.000 1.738
710.000 1.579
720.000 1.462
730.000 1.380
740.000 1.304
750.000 1.265
760.000 1.240
770.000 1.226
780.000 1.250
790.000 1.282
800.000 1.353
810.000 1.466
820.000 1.606
830.000 1.870
840.000 2.263
850.000 2.877
860.000 3.993
870.000 3.993
880.000 5.499
890.000 5.333
900.000 3.238
910.000 2.153
920.000 1.582
930.000 1.237
940.000 0.984
950.000 0.825
960.000 0.721
970.000 0.632
980.000 0.565
990.000 0.511
1000.000 0.474
1010.000 0.435
1020.000 0.409
1030.000 0.382
1040.000 0.368
1050.000 0.361
1060.000 0.354
1070.000 0.356
1080.000 0.357
1090.000 0.367
1100.000 0.373
1110.000 0.387
1120.000 0.387
1130.000 0.403
1140.000 0.423
1150.000 0.466
1160.000 0.506
1170.000 0.599
1180.000 0.687
1190.000 0.834
1200.000 1.045
1210.000 1.371
1220.000 1.865
1230.000 2.532
1240.000 2.994
1250.000 2.246
1260.000 1.552
1270.000 1.202
1280.000 1.004
1290.000 0.856
1300.000 0.769
1310.000 0.696
1320.000 0.646
1330.000 0.607
1340.000 0.584
1350.000 0.564
1360.000 0.553
1370.000 0.553
1380.000 0.546
1390.000 0.542
1400.000 0.544
1410.000 0.553
1420.000 0.565
1430.000 0.586
1440.000 0.605
1450.000 0.639
1460.000 0.678
1470.000 0.724
1480.000 0.782
1490.000 0.856
1500.000 0.945
1510.000 1.061
1520.000 1.210
1530.000 1.418
1540.000 1.710
1550.000 2.153
1560.000 2.969
1570.000 4.572
1580.000 7.186
1590.000 7.186
1600.000 9.744
1610.000 10.073
1620.000 7.579
1630.000 5.377
1640.000 4.143
1650.000 3.230
1660.000 2.584
1670.000 2.143
1680.000 1.816
1690.000 1.571
1700.000 1.401
1710.000 1.311
1720.000 1.285
1730.000 1.320
1740.000 1.387
1750.000 1.460
1760.000 1.547
1770.000 1.625
1780.000 1.701
1790.000 1.775
1800.000 1.859
1810.000 1.955
1820.000 2.115
1830.000 2.351
1840.000 2.351
1850.000 2.651
1860.000 3.049
1870.000 3.585
1880.000 4.299
1890.000 5.238
1900.000 6.416
1910.000 7.784
1920.000 9.360
1930.000 11.182
1940.000 13.319
1950.000 15.715
1960.000 17.851
1970.000 18.470
1980.000 16.984
1990.000 14.488
2000.000 12.247
2010.000 10.522
2020.000 9.115
2030.000 7.941
2040.000 6.981
2050.000 6.155
2060.000 5.466
2070.000 4.868
2080.000 4.360
2090.000 4.359
2100.000 3.952
2110.000 3.620
2120.000 3.351
2130.000 3.129
2140.000 2.951
2150.000 2.813
2160.000 2.696
2170.000 2.608
2180.000 2.542
2190.000 2.513
2200.000 2.522
2210.000 2.555
2220.000 2.603
2230.000 2.681
2240.000 2.809
2250.000 2.975
2260.000 3.221
2270.000 3.564
2280.000 4.063
2290.000 4.747
2300.000 5.673
2310.000 6.890
2320.000 8.379
2330.000 10.037
2340.000 10.037
2350.000 11.695
2360.000 13.004
2370.000 13.618
2380.000 13.086
2390.000 11.380
2400.000 9.231
2410.000 7.158
2420.000 5.752
2430.000 4.728
2440.000 3.977
2450.000 3.414
2460.000 2.984
2470.000 2.650
2480.000 2.387
2490.000 2.173
2500.000 2.001
2510.000 1.860
2520.000 1.748
2530.000 1.658
2540.000 1.588
2550.000 1.534
2560.000 1.534
2570.000 1.495
2580.000 1.472
2590.000 1.461
2600.000 1.460
2610.000 1.472
2620.000 1.498
2630.000 1.544
2640.000 1.621
2650.000 1.755
2660.000 1.921
2670.000 2.199
2680.000 2.608
2690.000 3.308
2700.000 4.499
2710.000 6.377
2720.000 9.165
2730.000 12.381
2740.000 14.672
2750.000 13.949
2760.000 9.931
2770.000 6.813
2780.000 4.940
2790.000 3.751
2800.000 2.964
2810.000 2.964
2820.000 2.418
2830.000 2.024
2840.000 1.730
2850.000 1.510
2860.000 1.339
2870.000 1.206
2880.000 1.101
2890.000 1.019
2900.000 0.955
2910.000 0.905
2920.000 0.866
2930.000 0.837
2940.000 0.819
2950.000 0.806
2960.000 0.803
2970.000 0.809
2980.000 0.820
2990.000 0.847
3000.000 0.880
3010.000 0.932
3020.000 0.988
3030.000 1.086
3040.000 1.229
3050.000 1.468
3060.000 1.468
3070.000 1.883
3080.000 2.690
3090.000 4.357
3100.000 7.416
3110.000 11.084
3120.000 13.359
3130.000 11.662
3140.000 7.146
3150.000 4.923
3160.000 3.628
3170.000 2.798
3180.000 2.243
3190.000 1.851
3200.000 1.563
3210.000 1.351
3220.000 1.189
3230.000 1.066
3240.000 0.969
3250.000 0.889
3260.000 0.827
3270.000 0.776
3280.000 0.738
3290.000 0.708
3300.000 0.685
3310.000 0.668
3320.000 0.668
3330.000 0.658
3340.000 0.655
3350.000 0.657
3360.000 0.666
3370.000 0.680
3380.000 0.706
3390.000 0.743
3400.000 0.808
3410.000 0.891
3420.000 1.013
3430.000 1.199
3440.000 1.494
3450.000 2.035
3460.000 3.022
3470.000 4.723
3480.000 7.290
3490.000 8.930
3500.000 7.049
3510.000 4.181
3520.000 2.890
3530.000 2.138
3540.000 2.138
3550.000 1.662
3560.000 1.343
3570.000 1.115
3580.000 0.954
3590.000 0.833
3600.000 0.741
3610.000 0.670
3620.000 0.616
3630.000 0.571
3640.000 0.542
3650.000 0.516
3660.000 0.498
3670.000 0.485
3680.000 0.477
3690.000 0.475
3700.000 0.476
3710.000 0.483
3720.000 0.493
3730.000 0.511
3740.000 0.541
3750.000 0.584
3760.000 0.640
3770.000 0.717
3780.000 0.828
3790.000 0.828
3800.000 0.992
3810.000 1.244
3820.000 1.634
3830.000 2.213
3840.000 3.148
3850.000 4.726
3860.000 7.410
3870.000 9.968
3880.000 8.795
3890.000 5.360
3900.000 3.749
3910.000 2.808
3920.000 2.208
3930.000 1.803
3940.000 1.515
3950.000 1.312
3960.000 1.154
3970.000 1.036
3980.000 0.947
3990.000 0.864
4000.000 0.805
4010.000 0.757
4020.000 0.723
4030.000 0.699
4040.000 0.699
4050.000 0.665
4060.000 0.657
4070.000 0.637
4080.000 0.637
4090.000 0.632
4100.000 0.645
4110.000 0.658
4120.000 0.687
4130.000 0.724
4140.000 0.780
4150.000 0.846
4160.000 0.931
4170.000 1.046
4180.000 1.226
4190.000 1.499
4200.000 1.929
4210.000 2.601
4220.000 3.612
4230.000 5.101
4240.000 6.823
4250.000 6.645
4260.000 4.109
4270.000 2.670
4280.000 1.910
4290.000 1.910
4300.000 1.437
4310.000 1.123
4320.000 0.906
4330.000 0.749
4340.000 0.634
4350.000 0.548
4360.000 0.486
4370.000 0.437
4380.000 0.400
4390.000 0.370
4400.000 0.351
4410.000 0.333
4420.000 0.322
4430.000 0.312
4440.000 0.308
4450.000 0.303
4460.000 0.307
4470.000 0.309
4480.000 0.317
4490.000 0.331
4500.000 0.348
4510.000 0.348
4520.000 0.380
4530.000 0.427
4540.000 0.495
4550.000 0.603
4560.000 0.777
4570.000 1.086
4580.000 1.621
4590.000 2.461
4600.000 3.620
4610.000 5.200
4620.000 7.190
4630.000 7.818
4640.000 5.605
4650.000 4.049
4660.000 3.206
4670.000 2.637
4680.000 2.246
4690.000 1.945
4700.000 1.716
4710.000 1.529
4720.000 1.379
4730.000 1.247
4740.000 1.139
4750.000 1.047
4760.000 1.047
4770.000 0.965
4780.000 0.894
4790.000 0.827
4800.000 0.768
4810.000 0.719
4820.000 0.676
4830.000 0.644
4840.000 0.622
4850.000 0.610
4860.000 0.609
4870.000 0.631
4880.000 0.675
4890.000 0.732
4900.000 0.816
4910.000 0.941
4920.000 1.131
4930.000 1.432
4940.000 1.896
4950.000 2.588
4960.000 3.579
4970.000 4.989
4980.000 7.068
4990.000 9.603
5000.000 10.747
5010.000 10.747
5020.000 8.568
5030.000 6.006
5040.000 4.634
5050.000 3.738
5060.000 3.122
5070.000 2.681
5080.000 2.358
5090.000 2.111
5100.000 1.928
5110.000 1.775
5120.000 1.660
5130.000 1.566
5140.000 1.500
5150.000 1.448
5160.000 1.410
5170.000 1.388
5180.000 1.374
5190.000 1.374
5200.000 1.384
5210.000 1.415
5220.000 1.465
5230.000 1.535
5240.000 1.619
5250.000 1.731
5260.000 1.731
5270.000 1.878
5280.000 2.075
5290.000 2.343
5300.000 2.718
5310.000 3.267
5320.000 4.065
5330.000 5.242
5340.000 6.929
5350.000 9.393
5360.000 12.882
5370.000 17.105
5380.000 19.912
5390.000 17.281
5400.000 11.693
5410.000 8.278
5420.000 6.179
5430.000 4.785
5440.000 3.819
5450.000 3.140
5460.000 2.648
5470.000 2.283
5480.000 2.283
5490.000 2.007
5500.000 1.793
5510.000 1.617
5520.000 1.478
5530.000 1.370
5540.000 1.285
5550.000 1.221
5560.000 1.175
5570.000 1.137
5580.000 1.108
5590.000 1.093
5600.000 1.089
5610.000 1.094
5620.000 1.109
5630.000 1.135
5640.000 1.185
5650.000 1.273
5660.000 1.406
5670.000 1.607
5680.000 1.909
5690.000 2.376
5700.000 3.127
5710.000 4.243
5720.000 5.795
5730.000 5.795
5740.000 7.807
5750.000 10.020
5760.000 11.661
5770.000 11.159
5780.000 8.526
5790.000 6.199
5800.000 4.681
5810.000 3.705
5820.000 3.015
5830.000 2.535
5840.000 2.187
5850.000 1.936
5860.000 1.742
5870.000 1.581
5880.000 1.461
5890.000 1.365
5900.000 1.289
5910.000 1.238
5920.000 1.199
5930.000 1.172
5940.000 1.159
5950.000 1.157
5960.000 1.166
5970.000 1.183
5980.000 1.183
5990.000 1.210
6000.000 1.270
6010.000 1.371
6020.000 1.499
6030.000 1.685
6040.000 1.931
6050.000 2.250
6060.000 2.617
6070.000 3.179
6080.000 4.005
6090.000 5.157
6100.000 6.723
6110.000 8.710
6120.000 10.985
6130.000 13.010
6140.000 13.492
6150.000 11.391
6160.000 8.371
6170.000 6.260
6180.000 4.865
6190.000 3.879
6200.000 3.176
6210.000 2.679
6220.000 2.316
6230.000 2.316
6240.000 2.040
6250.000 1.825
6260.000 1.664
6270.000 1.527
6280.000 1.425
6290.000 1.336
6300.000 1.273
6310.000 1.223
6320.000 1.187
6330.000 1.158
6340.000 1.144
6350.000 1.166
6360.000 1.169
6370.000 1.172
6380.000 1.203
6390.000 1.258
6400.000 1.336
6410.000 1.452
6420.000 1.610
6430.000 1.808
6440.000 2.080
6450.000 2.080
6460.000 2.491
6470.000 3.122
6480.000 4.083
6490.000 5.408
6500.000 6.916
6510.000 8.232
6520.000 8.812
6530.000 8.303
6540.000 6.786
6550.000 5.390
6560.000 4.305
6570.000 3.552
6580.000 2.994
6590.000 2.590
6600.000 2.286
6610.000 2.055
6620.000 1.882
6630.000 1.747
6640.000 1.634
6650.000 1.552
6660.000 1.485
6670.000 1.439
6680.000 1.406
6690.000 1.391
6700.000 1.397
6710.000 1.397
6720.000 1.408
6730.000 1.431
6740.000 1.462
6750.000 1.499
6760.000 1.548
6770.000 1.614
6780.000 1.698
6790.000 1.805
6800.000 1.956
6810.000 2.149
6820.000 2.433
6830.000 2.823
6840.000 3.372
6850.000 4.148
6860.000 5.213
6870.000 6.521
6880.000 7.870
6890.000 8.751
6900.000 9.066
6910.000 8.281
6920.000 6.769
6930.000 5.367
6940.000 4.253
6950.000 3.445
6960.000 3.444
6970.000 2.869
6980.000 2.424
6990.000 2.109
7000.000 1.840
7010.000 1.643
7020.000 1.505
7030.000 1.323
7040.000 1.222
7050.000 1.162
7060.000 1.083
7070.000 1.034
7080.000 1.001
7090.000 0.964
7100.000 0.943
7110.000 0.931
7120.000 0.921
7130.000 0.924
7140.000 0.924
7150.000 0.935
7160.000 0.945
7170.000 0.981
7180.000 1.055
7190.000 1.164
7200.000 1.320
7210.000 1.320
7220.000 1.566
7230.000 1.939
7240.000 2.504
7250.000 3.250
7260.000 4.238
7270.000 5.399
7280.000 6.467
7290.000 7.090
7300.000 6.907
7310.000 5.833
7320.000 4.774
7330.000 3.916
7340.000 3.264
7350.000 2.773
7360.000 2.370
7370.000 2.103
7380.000 1.896
7390.000 1.736
7400.000 1.607
7410.000 1.512
7420.000 1.423
7430.000 1.423
7440.000 1.363
7450.000 1.280
7460.000 1.252
7470.000 1.235
7480.000 1.233
7490.000 1.233
7500.000 1.255
7510.000 1.284
7520.000 1.315
7530.000 1.362
7540.000 1.414
7550.000 1.480
7560.000 1.565
7570.000 1.685
7580.000 1.814
7590.000 1.999
7600.000 2.311
7610.000 2.773
7620.000 3.459
7630.000 4.454
7640.000 5.805
7650.000 7.354
7660.000 8.628
7670.000 8.793
7680.000 8.793
7690.000 7.424
7700.000 5.533
7710.000 4.112
7720.000 3.146
7730.000 2.434
7740.000 1.984
7750.000 1.660
7760.000 1.421
7770.000 1.237
7780.000 1.096
7790.000 0.989
7800.000 0.894
7810.000 0.825
7820.000 0.766
7830.000 0.725
7840.000 0.692
7850.000 0.668
7860.000 0.634
7870.000 0.621
7880.000 0.614
7890.000 0.613
7900.000 0.616
7910.000 0.630
7920.000 0.641
7930.000 0.641
7940.000 0.668
7950.000 0.704
7960.000 0.759
7970.000 0.867
7980.000 1.015
7990.000 1.231
8000.000 1.637
8010.000 2.376
8020.000 3.643
8030.000 5.217
8040.000 6.798
8050.000 7.950
8060.000 7.922
8070.000 6.493
8080.000 5.005
8090.000 3.985
8100.000 3.253
8110.000 2.724
8120.000 2.349
8130.000 2.060
8140.000 1.801
8150.000 1.623
8160.000 1.480
8170.000 1.383
8180.000 1.383
8190.000 1.328
8200.000 1.275
8210.000 1.219
8220.000 1.175
8230.000 1.144
8240.000 1.123
8250.000 1.112
8260.000 1.109
8270.000 1.107
8280.000 1.096
8290.000 1.123
8300.000 1.183
8310.000 1.267
8320.000 1.347
8330.000 1.450
8340.000 1.591
8350.000 1.826
8360.000 2.137
8370.000 2.608
8380.000 3.322
8390.000 4.381
8400.000 4.381
8410.000 5.888
8420.000 7.632
8430.000 8.753
8440.000 8.345
8450.000 6.105
8460.000 4.200
8470.000 3.011
8480.000 2.255
8490.000 1.755
8500.000 1.424
8510.000 1.174
8520.000 0.986
8530.000 0.849
8540.000 0.746
8550.000 0.661
8560.000 0.590
8570.000 0.536
8580.000 0.498
8590.000 0.466
8600.000 0.441
8610.000 0.418
8620.000 0.400
8630.000 0.382
8640.000 0.369
8650.000 0.369
8660.000 0.357
8670.000 0.351
8680.000 0.355
8690.000 0.368
8700.000 0.386
8710.000 0.421
8720.000 0.473
8730.000 0.553
8740.000 0.667
8750.000 0.840
8760.000 1.135
8770.000 1.645
8780.000 2.614
8790.000 4.073
8800.000 5.456
8810.000 5.896
8820.000 5.101
8830.000 4.610
8840.000 4.139
8850.000 3.454
8860.000 2.838
8870.000 2.435
8880.000 2.106
8890.000 1.855
8900.000 1.855
8910.000 1.655
8920.000 1.495
8930.000 1.369
8940.000 1.269
8950.000 1.186
8960.000 1.122
8970.000 1.066
8980.000 1.011
8990.000 0.971
9000.000 0.954
9010.000 0.939
9020.000 0.925
9030.000 0.925
9040.000 0.930
9050.000 0.950
9060.000 0.965
9070.000 0.996
9080.000 1.054
9090.000 1.117
9100.000 1.213
9110.000 1.335
9120.000 1.508
9130.000 1.766
9140.000 2.192
9150.000 2.192
9160.000 2.894
9170.000 3.946
9180.000 5.223
9190.000 6.173
9200.000 5.851
9210.000 4.167
9220.000 2.721
9230.000 1.874
9240.000 1.351
9250.000 1.015
9260.000 0.781
9270.000 0.624
9280.000 0.508
9290.000 0.423
9300.000 0.361
9310.000 0.309
9320.000 0.271
9330.000 0.242
9340.000 0.215
9350.000 0.196
9360.000 0.183
9370.000 0.183
9380.000 0.171
9390.000 0.161
9400.000 0.154
9410.000 0.146
9420.000 0.146
9430.000 0.146
9440.000 0.153
9450.000 0.162
9460.000 0.179
9470.000 0.202
9480.000 0.236
9490.000 0.289
9500.000 0.364
9510.000 0.486
9520.000 0.702
9530.000 1.068
9540.000 1.661
9550.000 2.603
9560.000 3.828
9570.000 4.422
9580.000 3.836
9590.000 3.044
9600.000 2.457
9610.000 2.047
9620.000 2.047
9630.000 1.744
9640.000 1.505
9650.000 1.323
9660.000 1.182
9670.000 1.069
9680.000 0.977
9690.000 0.900
9700.000 0.839
9710.000 0.785
9720.000 0.742
9730.000 0.710
9740.000 0.679
9750.000 0.656
9760.000 0.637
9770.000 0.624
9780.000 0.614
9790.000 0.612
9800.000 0.618
9810.000 0.636
9820.000 0.655
9830.000 0.674
9840.000 0.700
9850.000 0.731
9860.000 0.774
9870.000 0.774
9880.000 0.832
9890.000 0.920
9900.000 1.056
9910.000 1.276
9920.000 1.636
9930.000 2.190
9940.000 2.891
9950.000 3.267
9960.000 2.745
9970.000 1.756
9980.000 1.125
9990.000 0.767
10000.000 0.542
10010.000 0.396
10020.000 0.291
10030.000 0.229
10040.000 0.175
10050.000 0.139
10060.000 0.111
10070.000 0.092
10080.000 0.082
10090.000 0.071
10100.000 0.065
10110.000 0.058
10120.000 0.058
10130.000 0.057
10140.000 0.052
10150.000 0.048
10160.000 0.042
10170.000 0.037
10180.000 0.031
10190.000 0.027
10200.000 0.030
10210.000 0.039
10220.000 0.055
10230.000 0.075
10240.000 0.103
10250.000 0.141
10260.000 0.192
10270.000 0.270
10280.000 0.411
10290.000 0.683
10300.000 1.103
10310.000 1.619
10320.000 2.165
10330.000 2.411
10340.000 2.090
10350.000 2.090
10360.000 1.720
10370.000 1.465
10380.000 1.282
10390.000 1.150
10400.000 1.047
10410.000 0.968
10420.000 0.909
10430.000 0.849
10440.000 0.808
10450.000 0.774
10460.000 0.749
10470.000 0.729
10480.000 0.711
10490.000 0.695
10500.000 0.681
10510.000 0.660
10520.000 0.641
10530.000 0.630
10540.000 0.622
10550.000 0.616
10560.000 0.615
10570.000 0.617
10580.000 0.623
10590.000 0.636
10600.000 0.636
10610.000 0.657
10620.000 0.685
10630.000 0.723
10640.000 0.781
10650.000 0.865
10660.000 0.981
10670.000 1.144
10680.000 1.377
10690.000 1.685
10700.000 1.997
10710.000 2.149
10720.000 1.807
10730.000 1.179
10740.000 0.739
10750.000 0.481
10760.000 0.318
10770.000 0.213
10780.000 0.141
10790.000 0.095
10800.000 0.060
10810.000 0.040
10820.000 0.034
10830.000 0.036
10840.000 0.042
10850.000 0.042
10860.000 0.047
10870.000 0.051
10880.000 0.054
10890.000 0.057
10900.000 0.056
10910.000 0.058
10920.000 0.055
10930.000 0.054
10940.000 0.049
10950.000 0.048
10960.000 0.043
10970.000 0.043
10980.000 0.044
10990.000 0.051
11000.000 0.070
11010.000 0.096
11020.000 0.126
11030.000 0.172
11040.000 0.261
11050.000 0.427
11060.000 0.812
11070.000 1.258
11080.000 1.721
11090.000 1.967
11100.000 1.967
11110.000 1.777
11120.000 1.467
11130.000 1.251
11140.000 1.105
11150.000 0.995
11160.000 0.913
11170.000 0.849
11180.000 0.793
11190.000 0.753
11200.000 0.723
11210.000 0.690
11220.000 0.668
11230.000 0.652
11240.000 0.635
11250.000 0.627
11260.000 0.621
11270.000 0.617
11280.000 0.618
11290.000 0.627
11300.000 0.627
11310.000 0.639
11320.000 0.648
11330.000 0.649
11340.000 0.666
11350.000 0.971
11360.000 1.005
11370.000 1.040
11380.000 1.078
11390.000 1.127
11400.000 1.189
11410.000 1.277
11420.000 1.390
11430.000 1.544
11440.000 1.744
11450.000 1.973
11460.000 2.138
11470.000 2.015
11480.000 1.454
11490.000 0.871
11500.000 0.512
11510.000 0.298
11520.000 0.165
11530.000 0.083
11540.000 0.048
11550.000 0.053
11560.000 0.071
11570.000 0.071
11580.000 0.081
11590.000 0.100
11600.000 0.114
11610.000 0.120
11620.000 0.131
11630.000 0.130
11640.000 0.133
11650.000 0.136
11660.000 0.137
11670.000 0.138
11680.000 0.138
11690.000 0.136
11700.000 0.125
11710.000 0.125
11720.000 0.120
11730.000 0.119
11740.000 0.114
11750.000 0.114
11760.000 0.119
11770.000 0.136
11780.000 0.172
11790.000 0.253
11800.000 0.417
11810.000 0.691
11820.000 0.691
11830.000 1.021
11840.000 1.385
11850.000 1.730
11860.000 1.941
11870.000 1.838
11880.000 1.581
11890.000 1.379
11900.000 1.240
11910.000 1.131
11920.000 1.050
11930.000 0.985
11940.000 0.930
11950.000 0.880
11960.000 0.845
11970.000 0.809
11980.000 0.779
11990.000 0.745
12000.000 0.745
