110.000 0.046
120.000 0.043
130.000 0.246
140.000 0.143
150.000 0.143
160.000 0.392
170.000 0.571
180.000 0.718
190.000 1.043
200.000 1.057
210.000 1.416
220.000 1.884
230.000 2.551
240.000 3.903
250.000 7.856
260.000 15.637
270.000 17.925
280.000 15.860
290.000 13.224
300.000 11.204
310.000 9.814
320.000 8.886
330.000 7.942
340.000 7.322
350.000 6.926
360.000 6.799
370.000 6.797
380.000 6.906
390.000 7.336
400.000 8.090
410.000 9.094
420.000 10.382
430.000 11.865
440.000 13.655
450.000 15.752
460.000 17.829
470.000 19.429
480.000 20.021
490.000 19.711
500.000 18.347
510.000 16.237
520.000 14.234
530.000 12.358
540.000 10.796
550.000 9.631
560.000 8.698
570.000 7.884
580.000 7.371
590.000 6.882
600.000 6.567
610.000 6.427
620.000 6.427
630.000 6.296
640.000 6.264
650.000 6.304
660.000 6.537
670.000 6.852
680.000 7.464
690.000 8.448
700.000 9.854
710.000 11.559
720.000 14.071
730.000 16.993
740.000 19.088
750.000 17.452
760.000 12.106
770.000 8.218
780.000 5.822
790.000 4.342
800.000 3.269
810.000 2.605
820.000 2.102
830.000 1.734
840.000 1.459
850.000 1.233
860.000 1.049
870.000 1.049
880.000 0.897
890.000 0.775
900.000 0.670
910.000 0.591
920.000 0.522
930.000 0.464
940.000 0.415
950.000 0.370
960.000 0.330
970.000 0.295
980.000 0.260
990.000 0.229
1000.000 0.203
1010.000 0.181
1020.000 0.174
1030.000 0.163
1040.000 0.154
1050.000 0.143
1060.000 0.147
1070.000 0.148
1080.000 0.152
1090.000 0.153
1100.000 0.165
1110.000 0.188
1120.000 0.188
1130.000 0.215
1140.000 0.256
1150.000 0.304
1160.000 0.362
1170.000 0.428
1180.000 0.512
1190.000 0.626
1200.000 0.769
1210.000 0.964
1220.000 1.249
1230.000 1.682
1240.000 2.541
1250.000 3.972
1260.000 5.674
1270.000 5.316
1280.000 3.880
1290.000 2.954
1300.000 2.372
1310.000 1.988
1320.000 1.717
1330.000 1.521
1340.000 1.521
1350.000 1.374
1360.000 1.260
1370.000 1.176
1380.000 1.107
1390.000 1.052
1400.000 1.011
1410.000 0.977
1420.000 0.950
1430.000 0.931
1440.000 0.914
1450.000 0.904
1460.000 0.894
1470.000 0.891
1480.000 0.889
1490.000 0.892
1500.000 0.898
1510.000 0.908
1520.000 0.918
1530.000 0.933
1540.000 0.951
1550.000 0.972
1560.000 0.997
1570.000 1.025
1580.000 1.059
1590.000 1.059
1600.000 1.094
1610.000 1.134
1620.000 1.176
1630.000 1.220
1640.000 1.267
1650.000 1.312
1660.000 1.356
1670.000 1.405
1680.000 1.457
1690.000 1.533
1700.000 1.677
1710.000 1.965
1720.000 2.561
1730.000 3.765
1740.000 5.774
1750.000 8.415
1760.000 11.731
1770.000 16.325
1780.000 21.790
1790.000 26.169
1800.000 26.754
1810.000 22.881
1820.000 17.981
1830.000 14.526
1840.000 14.525
1850.000 12.089
1860.000 10.304
1870.000 8.927
1880.000 7.829
1890.000 6.988
1900.000 6.305
1910.000 5.780
1920.000 5.366
1930.000 5.043
1940.000 4.785
1950.000 4.551
1960.000 4.296
1970.000 4.052
1980.000 3.833
1990.000 3.626
2000.000 3.449
2010.000 3.282
2020.000 3.145
2030.000 3.022
2040.000 2.928
2050.000 2.838
2060.000 2.778
2070.000 2.738
2080.000 2.717
2090.000 2.717
2100.000 2.706
2110.000 2.709
2120.000 2.715
2130.000 2.729
2140.000 2.756
2150.000 2.791
2160.000 2.825
2170.000 2.867
2180.000 2.914
2190.000 2.969
2200.000 3.041
2210.000 3.128
2220.000 3.240
2230.000 3.396
2240.000 3.569
2250.000 3.788
2260.000 4.071
2270.000 4.440
2280.000 4.924
2290.000 5.585
2300.000 6.431
2310.000 6.431
2320.000 7.464
2330.000 8.576
2340.000 9.604
2350.000 10.369
2360.000 10.819
2370.000 11.111
2380.000 11.463
2390.000 11.767
2400.000 11.717
2410.000 10.984
2420.000 9.727
2430.000 8.312
2440.000 6.992
2450.000 5.904
2460.000 5.027
2470.000 4.340
2480.000 3.793
2490.000 3.351
2500.000 2.993
2510.000 2.704
2520.000 2.484
2530.000 2.304
2540.000 2.146
2550.000 1.990
2560.000 1.856
2570.000 1.856
2580.000 1.738
2590.000 1.639
2600.000 1.551
2610.000 1.478
2620.000 1.413
2630.000 1.359
2640.000 1.311
2650.000 1.274
2660.000 1.239
2670.000 1.213
2680.000 1.192
2690.000 1.175
2700.000 1.162
2710.000 1.154
2720.000 1.151
2730.000 1.153
2740.000 1.160
2750.000 1.174
2760.000 1.196
2770.000 1.226
2780.000 1.264
2790.000 1.317
2800.000 1.385
2810.000 1.470
2820.000 1.470
2830.000 1.586
2840.000 1.742
2850.000 1.956
2860.000 2.261
2870.000 2.715
2880.000 3.423
2890.000 4.553
2900.000 6.323
2910.000 8.700
2920.000 11.466
2930.000 14.484
2940.000 17.045
2950.000 17.192
2960.000 13.496
2970.000 9.379
2980.000 6.776
2990.000 5.114
3000.000 3.976
3010.000 3.185
3020.000 2.607
3030.000 2.190
3040.000 1.871
3050.000 1.633
3060.000 1.434
3070.000 1.434
3080.000 1.276
3090.000 1.142
3100.000 1.036
3110.000 0.950
3120.000 0.881
3130.000 0.819
3140.000 0.770
3150.000 0.729
3160.000 0.693
3170.000 0.663
3180.000 0.636
3190.000 0.615
3200.000 0.599
3210.000 0.586
3220.000 0.573
3230.000 0.564
3240.000 0.560
3250.000 0.557
3260.000 0.557
3270.000 0.560
3280.000 0.564
3290.000 0.564
3300.000 0.574
3310.000 0.588
3320.000 0.606
3330.000 0.628
3340.000 0.654
3350.000 0.687
3360.000 0.730
3370.000 0.778
3380.000 0.843
3390.000 0.923
3400.000 1.031
3410.000 1.181
3420.000 1.393
3430.000 1.705
3440.000 2.180
3450.000 2.893
3460.000 4.044
3470.000 5.987
3480.000 8.927
3490.000 11.996
3500.000 13.329
3510.000 11.106
3520.000 7.436
3530.000 5.331
3540.000 5.331
3550.000 4.040
3560.000 3.148
3570.000 2.537
3580.000 2.105
3590.000 1.788
3600.000 1.544
3610.000 1.359
3620.000 1.213
3630.000 1.094
3640.000 0.998
3650.000 0.919
3660.000 0.854
3670.000 0.799
3680.000 0.757
3690.000 0.720
3700.000 0.688
3710.000 0.661
3720.000 0.637
3730.000 0.619
3740.000 0.605
3750.000 0.592
3760.000 0.584
3770.000 0.579
3780.000 0.576
3790.000 0.576
3800.000 0.576
3810.000 0.581
3820.000 0.586
3830.000 0.596
3840.000 0.606
3850.000 0.621
3860.000 0.637
3870.000 0.658
3880.000 0.681
3890.000 0.714
3900.000 0.750
3910.000 0.794
3920.000 0.853
3930.000 0.923
3940.000 1.002
3950.000 1.093
3960.000 1.210
3970.000 1.366
3980.000 1.594
3990.000 1.900
4000.000 2.352
4010.000 3.012
4020.000 4.022
4030.000 5.595
4040.000 5.595
4050.000 8.191
4060.000 11.619
4070.000 13.287
4080.000 10.491
4090.000 6.650
4100.000 4.672
4110.000 3.433
4120.000 2.624
4130.000 2.078
4140.000 1.694
4150.000 1.419
4160.000 1.211
4170.000 1.047
4180.000 0.923
4190.000 0.824
4200.000 0.740
4210.000 0.666
4220.000 0.613
4230.000 0.572
4240.000 0.532
4250.000 0.503
4260.000 0.503
4270.000 0.479
4280.000 0.454
4290.000 0.436
4300.000 0.418
4310.000 0.403
4320.000 0.384
4330.000 0.369
4340.000 0.351
4350.000 0.341
4360.000 0.332
4370.000 0.326
4380.000 0.320
4390.000 0.319
4400.000 0.320
4410.000 0.323
4420.000 0.326
4430.000 0.333
4440.000 0.344
4450.000 0.356
4460.000 0.371
4470.000 0.391
4480.000 0.416
4490.000 0.455
4500.000 0.499
4510.000 0.498
4520.000 0.561
4530.000 0.649
4540.000 0.777
4550.000 0.974
4560.000 1.290
4570.000 1.800
4580.000 2.577
4590.000 3.626
4600.000 5.019
4610.000 7.071
4620.000 9.954
4630.000 11.856
4640.000 10.095
4650.000 7.335
4660.000 5.709
4670.000 4.646
4680.000 3.864
4690.000 3.275
4700.000 2.815
4710.000 2.450
4720.000 2.136
4730.000 1.870
4740.000 1.647
4750.000 1.461
4760.000 1.461
4770.000 1.304
4780.000 1.172
4790.000 1.062
4800.000 0.965
4810.000 0.882
4820.000 0.811
4830.000 0.750
4840.000 0.704
4850.000 0.669
4860.000 0.643
4870.000 0.628
4880.000 0.619
4890.000 0.619
4900.000 0.629
4910.000 0.643
4920.000 0.674
4930.000 0.723
4940.000 0.781
4950.000 0.862
4960.000 0.953
4970.000 1.068
4980.000 1.212
4990.000 1.346
5000.000 1.507
5010.000 1.507
5020.000 1.715
5030.000 1.926
5040.000 2.200
5050.000 2.524
5060.000 2.941
5070.000 3.398
5080.000 3.940
5090.000 4.596
5100.000 5.371
5110.000 6.338
5120.000 7.545
5130.000 9.114
5140.000 11.211
5150.000 14.083
5160.000 17.804
5170.000 22.113
5180.000 26.302
5190.000 28.675
5200.000 26.222
5210.000 19.833
5220.000 15.010
5230.000 15.010
5240.000 11.703
5250.000 9.313
5260.000 7.510
5270.000 6.180
5280.000 5.153
5290.000 4.363
5300.000 3.735
5310.000 3.242
5320.000 2.846
5330.000 2.519
5340.000 2.254
5350.000 2.040
5360.000 1.859
5370.000 1.712
5380.000 1.589
5390.000 1.490
5400.000 1.407
5410.000 1.336
5420.000 1.276
5430.000 1.222
5440.000 1.179
5450.000 1.143
5460.000 1.114
5470.000 1.109
5480.000 1.109
5490.000 1.101
5500.000 1.086
5510.000 1.079
5520.000 1.076
5530.000 1.083
5540.000 1.093
5550.000 1.106
5560.000 1.130
5570.000 1.158
5580.000 1.189
5590.000 1.228
5600.000 1.286
5610.000 1.361
5620.000 1.459
5630.000 1.585
5640.000 1.741
5650.000 1.956
5660.000 2.257
5670.000 2.693
5680.000 3.345
5690.000 4.327
5700.000 5.729
5710.000 7.601
5720.000 9.911
5730.000 9.911
5740.000 12.532
5750.000 15.216
5760.000 16.988
5770.000 16.406
5780.000 13.316
5790.000 10.102
5800.000 7.821
5810.000 6.115
5820.000 4.908
5830.000 4.021
5840.000 3.371
5850.000 2.881
5860.000 2.503
5870.000 2.196
5880.000 1.955
5890.000 1.755
5900.000 1.595
5910.000 1.460
5920.000 1.355
5930.000 1.264
5940.000 1.188
5950.000 1.129
5960.000 1.074
5970.000 1.030
5980.000 1.030
5990.000 0.999
6000.000 0.963
6010.000 0.935
6020.000 0.922
6030.000 0.895
6040.000 0.883
6050.000 0.879
6060.000 0.874
6070.000 0.874
6080.000 0.871
6090.000 0.876
6100.000 0.886
6110.000 0.894
6120.000 0.911
6130.000 0.928
6140.000 0.953
6150.000 0.982
6160.000 1.022
6170.000 1.071
6180.000 1.132
6190.000 1.218
6200.000 1.312
6210.000 1.312
6220.000 1.436
6230.000 1.597
6240.000 1.825
6250.000 2.160
6260.000 2.676
6270.000 3.471
6280.000 4.631
6290.000 6.226
6300.000 8.047
6310.000 9.808
6320.000 11.108
6330.000 11.338
6340.000 10.238
6350.000 8.200
6360.000 6.507
6370.000 5.173
6380.000 4.151
6390.000 3.433
6400.000 2.912
6410.000 2.522
6420.000 2.220
6430.000 1.975
6440.000 1.782
6450.000 1.621
6460.000 1.621
6470.000 1.490
6480.000 1.383
6490.000 1.299
6500.000 1.227
6510.000 1.172
6520.000 1.109
6530.000 1.071
6540.000 1.039
6550.000 1.015
6560.000 0.997
6570.000 0.978
6580.000 0.963
6590.000 0.955
6600.000 0.951
6610.000 0.946
6620.000 0.950
6630.000 0.951
6640.000 0.959
6650.000 0.959
6660.000 0.963
6670.000 0.976
6680.000 0.996
6690.000 1.020
6700.000 1.053
6710.000 1.053
6720.000 1.092
6730.000 1.135
6740.000 1.188
6750.000 1.254
6760.000 1.336
6770.000 1.435
6780.000 1.562
6790.000 1.730
6800.000 1.908
6810.000 2.194
6820.000 2.599
6830.000 3.135
6840.000 3.890
6850.000 4.759
6860.000 5.799
6870.000 6.963
6880.000 7.965
6890.000 8.593
6900.000 8.614
6910.000 7.834
6920.000 6.582
6930.000 5.341
6940.000 4.360
6950.000 3.587
6960.000 3.587
6970.000 2.985
6980.000 2.549
6990.000 2.208
7000.000 1.924
7010.000 1.701
7020.000 1.535
7030.000 1.370
7040.000 1.253
7050.000 1.170
7060.000 1.077
7070.000 1.003
7080.000 0.947
7090.000 0.893
7100.000 0.850
7110.000 0.814
7120.000 0.785
7130.000 0.757
7140.000 0.737
7150.000 0.715
7160.000 0.698
7170.000 0.682
7180.000 0.673
7190.000 0.671
7200.000 0.661
7210.000 0.654
7220.000 0.642
7230.000 0.639
7240.000 0.639
7250.000 0.643
7260.000 0.645
7270.000 0.652
7280.000 0.664
7290.000 0.676
7300.000 0.689
7310.000 0.709
7320.000 0.736
7330.000 0.768
7340.000 0.809
7350.000 0.849
7360.000 0.913
7370.000 1.003
7380.000 1.128
7390.000 1.283
7400.000 1.501
7410.000 1.808
7420.000 2.289
7430.000 2.289
7440.000 3.004
7450.000 4.012
7460.000 5.257
7470.000 6.442
7480.000 7.288
7490.000 7.402
7500.000 6.704
7510.000 5.680
7520.000 4.672
7530.000 3.872
7540.000 3.256
7550.000 2.761
7560.000 2.397
7570.000 2.094
7580.000 1.863
7590.000 1.676
7600.000 1.524
7610.000 1.398
7620.000 1.298
7630.000 1.193
7640.000 1.132
7650.000 1.079
7660.000 1.031
7670.000 0.985
7680.000 0.985
7690.000 0.952
7700.000 0.926
7710.000 0.900
7720.000 0.872
7730.000 0.862
7740.000 0.854
7750.000 0.848
7760.000 0.842
7770.000 0.832
7780.000 0.833
7790.000 0.836
7800.000 0.843
7810.000 0.852
7820.000 0.865
7830.000 0.875
7840.000 0.893
7850.000 0.912
7860.000 0.934
7870.000 0.967
7880.000 1.002
7890.000 1.050
7900.000 1.100
7910.000 1.150
7920.000 1.225
7930.000 1.225
7940.000 1.328
7950.000 1.468
7960.000 1.670
7970.000 1.893
7980.000 2.207
7990.000 2.730
8000.000 3.520
8010.000 4.641
8020.000 6.087
8030.000 7.753
8040.000 8.737
8050.000 8.301
8060.000 7.462
8070.000 6.169
8080.000 4.757
8090.000 3.676
8100.000 2.877
8110.000 2.316
8120.000 1.888
8130.000 1.568
8140.000 1.316
8150.000 1.125
8160.000 0.984
8170.000 0.880
8180.000 0.869
8190.000 0.784
8200.000 0.715
8210.000 0.661
8220.000 0.616
8230.000 0.576
8240.000 0.544
8250.000 0.517
8260.000 0.491
8270.000 0.467
8280.000 0.450
8290.000 0.434
8300.000 0.421
8310.000 0.411
8320.000 0.400
8330.000 0.391
8340.000 0.390
8350.000 0.385
8360.000 0.382
8370.000 0.383
8380.000 0.386
8390.000 0.391
8400.000 0.391
8410.000 0.398
8420.000 0.407
8430.000 0.423
8440.000 0.438
8450.000 0.456
8460.000 0.476
8470.000 0.505
8480.000 0.542
8490.000 0.589
8500.000 0.640
8510.000 0.713
8520.000 0.808
8530.000 0.937
8540.000 1.119
8550.000 1.376
8560.000 1.748
8570.000 2.337
8580.000 3.329
8590.000 4.757
8600.000 6.294
8610.000 7.380
8620.000 7.425
8630.000 6.373
8640.000 5.027
8650.000 5.027
8660.000 4.054
8670.000 3.346
8680.000 2.904
8690.000 2.602
8700.000 2.301
8710.000 2.014
8720.000 1.778
8730.000 1.585
8740.000 1.430
8750.000 1.308
8760.000 1.204
8770.000 1.128
8780.000 1.062
8790.000 1.008
8800.000 0.963
8810.000 0.926
8820.000 0.899
8830.000 0.878
8840.000 0.869
8850.000 0.846
8860.000 0.848
8870.000 0.835
8880.000 0.826
8890.000 0.813
8900.000 0.813
8910.000 0.806
8920.000 0.802
8930.000 0.806
8940.000 0.804
8950.000 0.807
8960.000 0.815
8970.000 0.823
8980.000 0.832
8990.000 0.843
9000.000 0.863
9010.000 0.880
9020.000 0.898
9030.000 0.928
9040.000 0.960
9050.000 1.009
9060.000 1.058
9070.000 1.128
9080.000 1.220
9090.000 1.332
9100.000 1.487
9110.000 1.691
9120.000 1.990
9130.000 2.477
9140.000 3.260
9150.000 3.260
9160.000 4.432
9170.000 6.102
9180.000 7.446
9190.000 7.871
9200.000 6.632
9210.000 4.685
9220.000 3.282
9230.000 2.381
9240.000 1.786
9250.000 1.383
9260.000 1.095
9270.000 0.890
9280.000 0.733
9290.000 0.614
9300.000 0.520
9310.000 0.447
9320.000 0.386
9330.000 0.339
9340.000 0.302
9350.000 0.267
9360.000 0.240
9370.000 0.240
9380.000 0.219
9390.000 0.202
9400.000 0.185
9410.000 0.170
9420.000 0.162
9430.000 0.152
9440.000 0.142
9450.000 0.137
9460.000 0.133
9470.000 0.130
9480.000 0.130
9490.000 0.129
9500.000 0.124
9510.000 0.120
9520.000 0.118
9530.000 0.115
9540.000 0.117
9550.000 0.119
9560.000 0.122
9570.000 0.129
9580.000 0.136
9590.000 0.148
9600.000 0.160
9610.000 0.181
9620.000 0.181
9630.000 0.203
9640.000 0.232
9650.000 0.270
9660.000 0.319
9670.000 0.388
9680.000 0.486
9690.000 0.638
9700.000 0.890
9710.000 1.278
9720.000 1.822
9730.000 2.577
9740.000 3.650
9750.000 4.672
9760.000 4.592
9770.000 3.598
9780.000 2.767
9790.000 2.247
9800.000 1.931
9810.000 1.759
9820.000 1.626
9830.000 1.465
9840.000 1.298
9850.000 1.165
9860.000 1.050
9870.000 0.959
9880.000 0.959
9890.000 0.883
9900.000 0.818
9910.000 0.764
9920.000 0.721
9930.000 0.681
9940.000 0.652
9950.000 0.626
9960.000 0.603
9970.000 0.585
9980.000 0.574
9990.000 0.562
10000.000 0.556
10010.000 0.551
10020.000 0.545
10030.000 0.541
10040.000 0.539
10050.000 0.545
10060.000 0.543
10070.000 0.544
10080.000 0.543
10090.000 0.551
10100.000 0.554
10110.000 0.558
10120.000 0.566
10130.000 0.566
10140.000 0.575
10150.000 0.583
10160.000 0.602
10170.000 0.619
10180.000 0.640
10190.000 0.662
10200.000 0.688
10210.000 0.723
10220.000 0.768
10230.000 0.826
10240.000 0.902
10250.000 1.006
10260.000 1.152
10270.000 1.362
10280.000 1.693
10290.000 2.168
10300.000 2.772
10310.000 3.276
10320.000 3.178
10330.000 2.399
10340.000 1.623
10350.000 1.623
10360.000 1.128
10370.000 0.811
10380.000 0.605
10390.000 0.459
10400.000 0.352
10410.000 0.277
10420.000 0.218
10430.000 0.171
10440.000 0.136
10450.000 0.110
10460.000 0.087
10470.000 0.069
10480.000 0.059
10490.000 0.048
10500.000 0.042
10510.000 0.039
10520.000 0.039
10530.000 0.042
10540.000 0.044
10550.000 0.043
10560.000 0.045
10570.000 0.044
10580.000 0.045
10590.000 0.044
10600.000 0.044
10610.000 0.042
10620.000 0.041
10630.000 0.040
10640.000 0.038
10650.000 0.033
10660.000 0.028
10670.000 0.025
10680.000 0.021
10690.000 0.019
10700.000 0.014
10710.000 0.015
10720.000 0.015
10730.000 0.022
10740.000 0.033
10750.000 0.046
10760.000 0.062
10770.000 0.082
10780.000 0.105
10790.000 0.135
10800.000 0.171
10810.000 0.224
10820.000 0.302
10830.000 0.438
10840.000 0.683
10850.000 0.683
10860.000 1.058
10870.000 1.511
10880.000 2.036
10890.000 2.560
10900.000 2.764
10910.000 2.464
10920.000 2.045
10930.000 1.720
10940.000 1.466
10950.000 1.300
10960.000 1.172
10970.000 1.065
10980.000 0.985
10990.000 0.908
11000.000 0.847
11010.000 0.797
11020.000 0.763
11030.000 0.732
11040.000 0.698
11050.000 0.666
11060.000 0.636
11070.000 0.621
11080.000 0.610
11090.000 0.594
11100.000 0.594
11110.000 0.584
11120.000 0.574
11130.000 0.568
11140.000 0.561
11150.000 0.555
11160.000 0.554
11170.000 0.551
11180.000 0.550
11190.000 0.552
11200.000 0.556
11210.000 0.561
11220.000 0.564
11230.000 0.570
11240.000 0.580
11250.000 0.587
11260.000 0.601
11270.000 0.614
11280.000 0.630
11290.000 0.643
11300.000 0.659
11310.000 0.687
11320.000 0.687
11330.000 0.717
11340.000 0.745
11350.000 0.774
11360.000 0.810
11370.000 0.857
11380.000 0.918
11390.000 0.997
11400.000 1.100
11410.000 1.231
11420.000 1.404
11430.000 1.616
11440.000 1.845
11450.000 2.014
11460.000 1.944
11470.000 1.524
11480.000 1.026
11490.000 0.682
11500.000 0.462
11510.000 0.313
11520.000 0.214
11530.000 0.141
11540.000 0.089
11550.000 0.049
11560.000 0.022
11570.000 0.022
11580.000 0.013
11590.000 0.031
11600.000 0.049
11610.000 0.062
11620.000 0.079
11630.000 0.087
11640.000 0.097
11650.000 0.105
11660.000 0.108
11670.000 0.117
11680.000 0.119
11690.000 0.121
11700.000 0.123
11710.000 0.125
11720.000 0.129
11730.000 0.132
11740.000 0.132
11750.000 0.131
11760.000 0.130
11770.000 0.132
11780.000 0.130
11790.000 0.130
11800.000 0.129
11810.000 0.127
11820.000 0.127
11830.000 0.124
11840.000 0.123
11850.000 0.118
11860.000 0.115
11870.000 0.109
11880.000 0.106
11890.000 0.104
11900.000 0.102
11910.000 0.106
11920.000 0.113
11930.000 0.132
11940.000 0.159
11950.000 0.214
11960.000 0.306
11970.000 0.459
11980.000 0.685
11990.000 0.984
12000.000 1.338
