110.000 0.176
120.000 0.223
130.000 0.223
140.000 0.287
150.000 0.171
160.000 0.376
170.000 0.650
180.000 0.873
190.000 1.346
200.000 1.806
210.000 2.601
220.000 4.239
230.000 7.468
240.000 12.496
250.000 14.892
260.000 12.607
270.000 10.010
280.000 8.496
290.000 7.101
300.000 6.329
310.000 5.751
320.000 5.349
330.000 5.028
340.000 4.966
350.000 5.480
360.000 5.683
370.000 6.372
380.000 7.048
390.000 7.048
400.000 7.889
410.000 8.959
420.000 10.182
430.000 11.772
440.000 13.426
450.000 15.598
460.000 17.859
470.000 19.406
480.000 20.236
490.000 20.399
500.000 20.027
510.000 19.112
520.000 18.205
530.000 17.324
540.000 16.680
550.000 16.421
560.000 16.126
570.000 16.523
580.000 16.931
590.000 18.402
600.000 20.176
610.000 22.476
620.000 25.787
630.000 29.814
640.000 29.814
650.000 34.361
660.000 35.937
670.000 30.054
680.000 19.057
690.000 13.007
700.000 9.740
710.000 6.623
720.000 5.311
730.000 4.009
740.000 3.269
750.000 2.656
760.000 2.213
770.000 1.884
780.000 1.601
790.000 1.390
800.000 1.223
810.000 1.079
820.000 0.969
830.000 0.881
840.000 0.820
850.000 0.750
860.000 0.680
870.000 0.623
880.000 0.560
890.000 0.560
900.000 0.525
910.000 0.486
920.000 0.449
930.000 0.425
940.000 0.414
950.000 0.400
960.000 0.392
970.000 0.390
980.000 0.389
990.000 0.399
1000.000 0.403
1010.000 0.429
1020.000 0.476
1030.000 0.527
1040.000 0.580
1050.000 0.804
1060.000 0.970
1070.000 1.207
1080.000 1.550
1090.000 1.913
1100.000 1.990
1110.000 1.990
1120.000 1.588
1130.000 1.171
1140.000 0.960
1150.000 0.844
1160.000 0.749
1170.000 0.676
1180.000 0.638
1190.000 0.602
1200.000 0.573
1210.000 0.560
1220.000 0.547
1230.000 0.535
1240.000 0.530
1250.000 0.554
1260.000 0.555
1270.000 0.555
1280.000 0.556
1290.000 0.557
1300.000 0.560
1310.000 0.571
1320.000 0.640
1330.000 0.663
1340.000 0.675
1350.000 0.684
1360.000 0.684
1370.000 0.712
1380.000 0.735
1390.000 0.768
1400.000 0.809
1410.000 0.855
1420.000 0.908
1430.000 0.978
1440.000 1.089
1450.000 1.563
1460.000 1.898
1470.000 2.183
1480.000 2.363
1490.000 2.702
1500.000 3.232
1510.000 4.218
1520.000 5.955
1530.000 8.519
1540.000 12.108
1550.000 14.949
1560.000 15.181
1570.000 12.217
1580.000 8.831
1590.000 6.678
1600.000 5.273
1610.000 5.273
1620.000 4.244
1630.000 3.491
1640.000 2.915
1650.000 2.438
1660.000 2.083
1670.000 1.793
1680.000 1.559
1690.000 1.384
1700.000 1.272
1710.000 1.230
1720.000 1.244
1730.000 1.310
1740.000 1.397
1750.000 1.491
1760.000 1.579
1770.000 1.654
1780.000 1.723
1790.000 1.817
1800.000 1.934
1810.000 2.074
1820.000 2.235
1830.000 2.421
1840.000 2.644
1850.000 2.919
1860.000 2.919
1870.000 3.247
1880.000 3.639
1890.000 4.113
1900.000 4.662
1910.000 5.296
1920.000 6.004
1930.000 6.732
1940.000 7.558
1950.000 8.522
1960.000 9.686
1970.000 11.094
1980.000 12.844
1990.000 15.007
2000.000 17.629
2010.000 20.306
2020.000 22.223
2030.000 22.226
2040.000 20.714
2050.000 18.255
2060.000 15.986
2070.000 14.207
2080.000 14.207
2090.000 12.752
2100.000 11.891
2110.000 11.787
2120.000 10.670
2130.000 9.397
2140.000 8.291
2150.000 7.361
2160.000 6.522
2170.000 5.806
2180.000 5.203
2190.000 4.694
2200.000 4.274
2210.000 3.921
2220.000 3.620
2230.000 3.368
2240.000 3.157
2250.000 2.980
2260.000 2.841
2270.000 2.732
2280.000 2.658
2290.000 2.603
2300.000 2.558
2310.000 2.523
2320.000 2.499
2330.000 2.499
2340.000 2.489
2350.000 2.498
2360.000 2.528
2370.000 2.566
2380.000 2.614
2390.000 2.685
2400.000 2.775
2410.000 2.891
2420.000 3.031
2430.000 3.203
2440.000 3.418
2450.000 3.664
2460.000 3.954
2470.000 4.295
2480.000 4.783
2490.000 5.517
2500.000 6.637
2510.000 8.358
2520.000 10.714
2530.000 13.308
2540.000 15.087
2550.000 14.721
2560.000 12.080
2570.000 9.081
2580.000 9.081
2590.000 6.868
2600.000 5.344
2610.000 4.282
2620.000 3.525
2630.000 2.968
2640.000 2.548
2650.000 2.222
2660.000 1.964
2670.000 1.754
2680.000 1.583
2690.000 1.443
2700.000 1.329
2710.000 1.236
2720.000 1.157
2730.000 1.092
2740.000 1.040
2750.000 0.995
2760.000 0.960
2770.000 0.932
2780.000 0.911
2790.000 0.894
2800.000 0.885
2810.000 0.880
2820.000 0.879
2830.000 0.879
2840.000 0.883
2850.000 0.893
2860.000 0.908
2870.000 0.931
2880.000 0.964
2890.000 1.008
2900.000 1.073
2910.000 1.163
2920.000 1.283
2930.000 1.452
2940.000 1.704
2950.000 2.101
2960.000 2.765
2970.000 3.943
2980.000 5.887
2990.000 8.604
3000.000 11.660
3010.000 14.890
3020.000 15.711
3030.000 12.563
3040.000 8.493
3050.000 8.493
3060.000 6.159
3070.000 4.659
3080.000 3.641
3090.000 2.933
3100.000 2.425
3110.000 2.044
3120.000 1.757
3130.000 1.535
3140.000 1.361
3150.000 1.220
3160.000 1.109
3170.000 1.017
3180.000 0.941
3190.000 0.878
3200.000 0.825
3210.000 0.782
3220.000 0.749
3230.000 0.725
3240.000 0.699
3250.000 0.681
3260.000 0.665
3270.000 0.656
3280.000 0.646
3290.000 0.644
3300.000 0.644
3310.000 0.646
3320.000 0.654
3330.000 0.663
3340.000 0.681
3350.000 0.703
3360.000 0.733
3370.000 0.780
3380.000 0.829
3390.000 0.891
3400.000 0.974
3410.000 1.090
3420.000 1.255
3430.000 1.487
3440.000 1.838
3450.000 2.406
3460.000 3.376
3470.000 5.065
3480.000 7.735
3490.000 10.543
3500.000 11.421
3510.000 8.618
3520.000 5.501
3530.000 3.873
3540.000 2.878
3550.000 2.878
3560.000 2.226
3570.000 1.790
3580.000 1.482
3590.000 1.257
3600.000 1.087
3610.000 0.955
3620.000 0.852
3630.000 0.771
3640.000 0.704
3650.000 0.654
3660.000 0.610
3670.000 0.575
3680.000 0.545
3690.000 0.523
3700.000 0.505
3710.000 0.490
3720.000 0.477
3730.000 0.471
3740.000 0.467
3750.000 0.466
3760.000 0.471
3770.000 0.478
3780.000 0.491
3790.000 0.506
3800.000 0.506
3810.000 0.528
3820.000 0.555
3830.000 0.587
3840.000 0.630
3850.000 0.685
3860.000 0.752
3870.000 0.833
3880.000 0.934
3890.000 1.061
3900.000 1.235
3910.000 1.485
3920.000 1.848
3930.000 2.392
3940.000 3.237
3950.000 4.623
3960.000 7.048
3970.000 10.692
3980.000 13.288
3990.000 11.600
4000.000 7.072
4010.000 5.036
4020.000 3.785
4030.000 3.785
4040.000 2.975
4050.000 2.393
4060.000 1.996
4070.000 1.681
4080.000 1.469
4090.000 1.291
4100.000 1.163
4110.000 1.049
4120.000 0.963
4130.000 0.890
4140.000 0.830
4150.000 0.780
4160.000 0.743
4170.000 0.707
4180.000 0.679
4190.000 0.657
4200.000 0.636
4210.000 0.623
4220.000 0.610
4230.000 0.600
4240.000 0.596
4250.000 0.590
4260.000 0.590
4270.000 0.592
4280.000 0.592
4290.000 0.599
4300.000 0.608
4310.000 0.618
4320.000 0.629
4330.000 0.645
4340.000 0.673
4350.000 0.709
4360.000 0.772
4370.000 0.862
4380.000 0.982
4390.000 1.162
4400.000 1.407
4410.000 1.751
4420.000 2.270
4430.000 3.039
4440.000 4.117
4450.000 5.565
4460.000 7.097
4470.000 6.825
4480.000 4.458
4490.000 2.939
4500.000 2.084
4510.000 1.562
4520.000 1.225
4530.000 1.225
4540.000 0.988
4550.000 0.820
4560.000 0.699
4570.000 0.607
4580.000 0.535
4590.000 0.479
4600.000 0.440
4610.000 0.410
4620.000 0.384
4630.000 0.369
4640.000 0.355
4650.000 0.349
4660.000 0.345
4670.000 0.347
4680.000 0.354
4690.000 0.359
4700.000 0.372
4710.000 0.382
4720.000 0.395
4730.000 0.409
4740.000 0.426
4750.000 0.442
4760.000 0.457
4770.000 0.473
4780.000 0.473
4790.000 0.486
4800.000 0.497
4810.000 0.502
4820.000 0.503
4830.000 0.504
4840.000 0.507
4850.000 0.517
4860.000 0.544
4870.000 0.599
4880.000 0.712
4890.000 0.944
4900.000 1.435
4910.000 2.335
4920.000 3.648
4930.000 5.478
4940.000 7.835
4950.000 9.585
4960.000 8.633
4970.000 6.661
4980.000 5.483
4990.000 4.676
5000.000 4.676
5010.000 4.160
5020.000 3.779
5030.000 3.437
5040.000 3.198
5050.000 2.999
5060.000 2.852
5070.000 2.721
5080.000 2.596
5090.000 2.496
5100.000 2.404
5110.000 2.334
5120.000 2.269
5130.000 2.209
5140.000 2.148
5150.000 2.094
5160.000 2.043
5170.000 2.000
5180.000 1.950
5190.000 1.912
5200.000 1.879
5210.000 1.851
5220.000 1.847
5230.000 1.855
5240.000 1.867
5250.000 1.867
5260.000 1.883
5270.000 1.913
5280.000 1.952
5290.000 1.999
5300.000 2.067
5310.000 2.152
5320.000 2.267
5330.000 2.428
5340.000 2.659
5350.000 2.986
5360.000 3.464
5370.000 4.175
5380.000 5.261
5390.000 6.916
5400.000 9.466
5410.000 13.064
5420.000 17.326
5430.000 20.369
5440.000 19.718
5450.000 14.670
5460.000 10.145
5470.000 7.368
5480.000 5.591
5490.000 4.383
5500.000 4.383
5510.000 3.546
5520.000 2.951
5530.000 2.515
5540.000 2.182
5550.000 1.927
5560.000 1.721
5570.000 1.557
5580.000 1.424
5590.000 1.314
5600.000 1.225
5610.000 1.158
5620.000 1.101
5630.000 1.056
5640.000 1.018
5650.000 0.987
5660.000 0.964
5670.000 0.946
5680.000 0.934
5690.000 0.926
5700.000 0.925
5710.000 0.926
5720.000 0.937
5730.000 0.953
5740.000 0.972
5750.000 0.972
5760.000 1.003
5770.000 1.049
5780.000 1.112
5790.000 1.193
5800.000 1.301
5810.000 1.446
5820.000 1.637
5830.000 1.913
5840.000 2.314
5850.000 2.898
5860.000 3.741
5870.000 4.892
5880.000 6.312
5890.000 8.092
5900.000 10.203
5910.000 12.272
5920.000 13.339
5930.000 12.260
5940.000 9.434
5950.000 7.078
5960.000 5.440
5970.000 4.272
5980.000 3.442
5990.000 3.358
6000.000 2.765
6010.000 2.337
6020.000 2.021
6030.000 1.761
6040.000 1.565
6050.000 1.398
6060.000 1.278
6070.000 1.170
6080.000 1.076
6090.000 1.008
6100.000 0.950
6110.000 0.906
6120.000 0.867
6130.000 0.835
6140.000 0.812
6150.000 0.792
6160.000 0.778
6170.000 0.771
6180.000 0.764
6190.000 0.763
6200.000 0.764
6210.000 0.771
6220.000 0.771
6230.000 0.778
6240.000 0.791
6250.000 0.816
6260.000 0.837
6270.000 0.869
6280.000 0.921
6290.000 0.985
6300.000 1.071
6310.000 1.180
6320.000 1.340
6330.000 1.580
6340.000 1.930
6350.000 2.480
6360.000 3.299
6370.000 4.459
6380.000 5.838
6390.000 7.223
6400.000 8.134
6410.000 8.230
6420.000 7.171
6430.000 5.671
6440.000 4.497
6450.000 3.602
6460.000 2.940
6470.000 2.940
6480.000 2.478
6490.000 2.119
6500.000 1.854
6510.000 1.641
6520.000 1.478
6530.000 1.344
6540.000 1.236
6550.000 1.151
6560.000 1.078
6570.000 1.027
6580.000 0.980
6590.000 0.947
6600.000 0.920
6610.000 0.900
6620.000 0.884
6630.000 0.872
6640.000 0.866
6650.000 0.863
6660.000 0.860
6670.000 0.862
6680.000 0.871
6690.000 0.883
6700.000 0.883
6710.000 0.904
6720.000 0.904
6730.000 0.935
6740.000 0.974
6750.000 1.023
6760.000 1.083
6770.000 1.157
6780.000 1.256
6790.000 1.381
6800.000 1.549
6810.000 1.777
6820.000 2.078
6830.000 2.428
6840.000 2.875
6850.000 3.490
6860.000 4.302
6870.000 5.235
6880.000 6.155
6890.000 6.846
6900.000 6.925
6910.000 6.327
6920.000 5.319
6930.000 4.316
6940.000 3.487
6950.000 2.855
6960.000 2.388
6970.000 2.388
6980.000 1.975
6990.000 1.708
7000.000 1.490
7010.000 1.322
7020.000 1.198
7030.000 1.079
7040.000 0.988
7050.000 0.927
7060.000 0.857
7070.000 0.810
7080.000 0.773
7090.000 0.732
7100.000 0.703
7110.000 0.678
7120.000 0.656
7130.000 0.639
7140.000 0.624
7150.000 0.612
7160.000 0.604
7170.000 0.597
7180.000 0.593
7190.000 0.593
7200.000 0.590
7210.000 0.594
7220.000 0.599
7230.000 0.608
7240.000 0.618
7250.000 0.634
7260.000 0.652
7270.000 0.683
7280.000 0.723
7290.000 0.780
7300.000 0.848
7310.000 0.956
7320.000 1.101
7330.000 1.317
7340.000 1.635
7350.000 2.092
7360.000 2.780
7370.000 3.675
7380.000 4.539
7390.000 5.162
7400.000 5.440
7410.000 5.161
7420.000 4.467
7430.000 3.719
7440.000 3.719
7450.000 3.114
7460.000 2.644
7470.000 2.248
7480.000 1.953
7490.000 1.717
7500.000 1.544
7510.000 1.392
7520.000 1.276
7530.000 1.173
7540.000 1.088
7550.000 1.024
7560.000 0.974
7570.000 0.932
7580.000 0.903
7590.000 0.876
7600.000 0.856
7610.000 0.841
7620.000 0.831
7630.000 0.819
7640.000 0.815
7650.000 0.812
7660.000 0.813
7670.000 0.809
7680.000 0.818
7690.000 0.824
7700.000 0.824
7710.000 0.841
7720.000 0.866
7730.000 0.895
7740.000 0.936
7750.000 0.982
7760.000 1.046
7770.000 1.122
7780.000 1.221
7790.000 1.355
7800.000 1.542
7810.000 1.797
7820.000 2.097
7830.000 2.547
7840.000 3.196
7850.000 4.113
7860.000 5.281
7870.000 6.580
7880.000 7.560
7890.000 7.618
7900.000 6.321
7910.000 4.665
7920.000 3.441
7930.000 2.589
7940.000 2.008
7950.000 2.007
7960.000 1.633
7970.000 1.397
7980.000 1.215
7990.000 1.056
8000.000 0.918
8010.000 0.821
8020.000 0.762
8030.000 0.691
8040.000 0.624
8050.000 0.576
8060.000 0.537
8070.000 0.499
8080.000 0.472
8090.000 0.444
8100.000 0.432
8110.000 0.424
8120.000 0.410
8130.000 0.405
8140.000 0.399
8150.000 0.395
8160.000 0.387
8170.000 0.387
8180.000 0.395
8190.000 0.402
8200.000 0.416
8210.000 0.434
8220.000 0.444
8230.000 0.454
8240.000 0.473
8250.000 0.497
8260.000 0.530
8270.000 0.575
8280.000 0.635
8290.000 0.721
8300.000 0.847
8310.000 1.026
8320.000 1.327
8330.000 1.838
8340.000 2.831
8350.000 4.326
8360.000 5.928
8370.000 7.100
8380.000 7.207
8390.000 6.219
8400.000 4.943
8410.000 3.949
8420.000 3.948
8430.000 3.222
8440.000 2.685
8450.000 2.272
8460.000 1.959
8470.000 1.705
8480.000 1.500
8490.000 1.342
8500.000 1.226
8510.000 1.153
8520.000 1.078
8530.000 1.019
8540.000 0.962
8550.000 0.917
8560.000 0.886
8570.000 0.862
8580.000 0.847
8590.000 0.833
8600.000 0.818
8610.000 0.796
8620.000 0.806
8630.000 0.808
8640.000 0.808
8650.000 0.805
8660.000 0.806
8670.000 0.806
8680.000 0.807
8690.000 0.809
8700.000 0.824
8710.000 0.844
8720.000 0.878
8730.000 0.920
8740.000 0.969
8750.000 1.033
8760.000 1.116
8770.000 1.232
8780.000 1.392
8790.000 1.616
8800.000 1.936
8810.000 2.419
8820.000 3.145
8830.000 4.196
8840.000 5.536
8850.000 6.872
8860.000 7.540
8870.000 6.777
8880.000 4.996
8890.000 3.517
8900.000 2.504
8910.000 1.853
8920.000 1.853
8930.000 1.431
8940.000 1.132
8950.000 0.922
8960.000 0.748
8970.000 0.635
8980.000 0.541
8990.000 0.478
9000.000 0.415
9010.000 0.372
9020.000 0.336
9030.000 0.307
9040.000 0.282
9050.000 0.254
9060.000 0.243
9070.000 0.226
9080.000 0.212
9090.000 0.209
9100.000 0.206
9110.000 0.203
9120.000 0.197
9130.000 0.194
9140.000 0.194
9150.000 0.189
9160.000 0.189
9170.000 0.191
9180.000 0.193
9190.000 0.198
9200.000 0.209
9210.000 0.221
9220.000 0.243
9230.000 0.267
9240.000 0.300
9250.000 0.351
9260.000 0.414
9270.000 0.506
9280.000 0.638
9290.000 0.843
9300.000 1.177
9310.000 1.678
9320.000 2.498
9330.000 3.738
9340.000 5.062
9350.000 5.664
9360.000 5.151
9370.000 4.156
9380.000 3.317
9390.000 3.317
9400.000 2.702
9410.000 2.249
9420.000 1.908
9430.000 1.647
9440.000 1.448
9450.000 1.287
9460.000 1.156
9470.000 1.051
9480.000 0.964
9490.000 0.896
9500.000 0.840
9510.000 0.790
9520.000 0.751
9530.000 0.715
9540.000 0.688
9550.000 0.667
9560.000 0.648
9570.000 0.636
9580.000 0.630
9590.000 0.623
9600.000 0.616
9610.000 0.612
9620.000 0.614
9630.000 0.615
9640.000 0.615
9650.000 0.613
9660.000 0.629
9670.000 0.634
9680.000 0.644
9690.000 0.658
9700.000 0.675
9710.000 0.696
9720.000 0.721
9730.000 0.755
9740.000 0.799
9750.000 0.856
9760.000 0.938
9770.000 1.051
9780.000 1.221
9790.000 1.490
9800.000 1.915
9810.000 2.590
9820.000 3.489
9830.000 4.260
9840.000 4.207
9850.000 3.135
9860.000 2.036
9870.000 1.376
9880.000 0.975
9890.000 0.974
9900.000 0.717
9910.000 0.551
9920.000 0.432
9930.000 0.347
9940.000 0.278
9950.000 0.219
9960.000 0.177
9970.000 0.145
9980.000 0.123
9990.000 0.104
10000.000 0.092
10010.000 0.080
10020.000 0.067
10030.000 0.061
10040.000 0.054
10050.000 0.056
10060.000 0.046
10070.000 0.046
10080.000 0.044
10090.000 0.040
10100.000 0.037
10110.000 0.037
10120.000 0.034
10130.000 0.031
10140.000 0.034
10150.000 0.035
10160.000 0.035
10170.000 0.042
10180.000 0.049
10190.000 0.062
10200.000 0.079
10210.000 0.095
10220.000 0.117
10230.000 0.152
10240.000 0.196
10250.000 0.260
10260.000 0.365
10270.000 0.542
10280.000 0.843
10290.000 1.253
10300.000 1.776
10310.000 2.446
10320.000 3.071
10330.000 3.050
10340.000 2.501
10350.000 2.046
10360.000 2.046
10370.000 1.729
10380.000 1.513
10390.000 1.350
10400.000 1.222
10410.000 1.099
10420.000 1.037
10430.000 0.971
10440.000 0.918
10450.000 0.874
10460.000 0.835
10470.000 0.800
10480.000 0.764
10490.000 0.728
10500.000 0.693
10510.000 0.653
10520.000 0.613
10530.000 0.587
10540.000 0.566
10550.000 0.552
10560.000 0.536
10570.000 0.526
10580.000 0.519
10590.000 0.513
10600.000 0.507
10610.000 0.507
10620.000 0.505
10630.000 0.506
10640.000 0.511
10650.000 0.520
10660.000 0.529
10670.000 0.540
10680.000 0.555
10690.000 0.573
10700.000 0.588
10710.000 0.613
10720.000 0.650
10730.000 0.695
10740.000 0.755
10750.000 0.839
10760.000 0.961
10770.000 1.141
10780.000 1.394
10790.000 1.699
10800.000 2.068
10810.000 2.235
10820.000 1.948
10830.000 1.381
10840.000 0.931
10850.000 0.634
10860.000 0.634
10870.000 0.437
10880.000 0.310
10890.000 0.220
10900.000 0.155
10910.000 0.108
10920.000 0.073
10930.000 0.046
10940.000 0.029
10950.000 0.025
10960.000 0.028
10970.000 0.035
10980.000 0.042
10990.000 0.045
11000.000 0.051
11010.000 0.054
11020.000 0.060
11030.000 0.060
11040.000 0.064
11050.000 0.062
11060.000 0.065
11070.000 0.063
11080.000 0.064
11090.000 0.064
11100.000 0.060
11110.000 0.060
11120.000 0.057
11130.000 0.053
11140.000 0.052
11150.000 0.049
11160.000 0.049
11170.000 0.051
11180.000 0.053
11190.000 0.060
11200.000 0.071
11210.000 0.089
11220.000 0.117
11230.000 0.159
11240.000 0.230
11250.000 0.362
11260.000 0.608
11270.000 0.946
11280.000 1.335
11290.000 1.772
11300.000 2.109
11310.000 2.060
11320.000 1.737
11330.000 1.467
11340.000 1.467
11350.000 1.276
11360.000 1.140
11370.000 1.038
11380.000 0.956
11390.000 0.895
11400.000 0.841
11410.000 0.801
11420.000 0.764
11430.000 0.734
11440.000 0.709
11450.000 0.690
11460.000 0.668
11470.000 0.653
11480.000 0.641
11490.000 0.629
11500.000 0.622
11510.000 0.617
11520.000 0.616
11530.000 0.610
11540.000 0.599
11550.000 0.589
11560.000 0.579
11570.000 0.573
11580.000 0.559
11590.000 0.559
11600.000 0.545
11610.000 0.547
11620.000 0.546
11630.000 0.544
11640.000 0.543
11650.000 0.549
11660.000 0.557
11670.000 0.568
11680.000 0.586
11690.000 0.606
11700.000 0.635
11710.000 0.677
11720.000 0.732
11730.000 0.802
11740.000 0.904
11750.000 1.036
11760.000 1.213
11770.000 1.393
11780.000 1.478
11790.000 1.312
11800.000 0.931
11810.000 0.586
11820.000 0.363
11830.000 0.228
11840.000 0.228
11850.000 0.138
11860.000 0.079
11870.000 0.042
11880.000 0.027
11890.000 0.028
11900.000 0.039
11910.000 0.055
11920.000 0.067
11930.000 0.077
11940.000 0.086
11950.000 0.092
11960.000 0.096
11970.000 0.101
11980.000 0.104
11990.000 0.109
12000.000 0.112
