110.000 0.135
120.000 0.111
130.000 0.111
140.000 0.076
150.000 0.221
160.000 0.361
170.000 0.361
180.000 0.464
190.000 0.548
200.000 0.657
210.000 0.784
220.000 0.851
230.000 0.851
240.000 1.021
250.000 1.290
260.000 1.371
270.000 1.371
280.000 1.373
290.000 1.541
300.000 1.944
310.000 2.238
320.000 2.976
330.000 3.714
340.000 3.714
350.000 5.416
360.000 8.445
370.000 8.442
380.000 13.420
390.000 19.651
400.000 29.154
410.000 39.943
420.000 50.733
430.000 50.733
440.000 55.707
450.000 57.700
460.000 56.521
470.000 56.521
480.000 54.201
490.000 49.400
500.000 42.204
510.000 34.126
520.000 27.160
530.000 27.160
540.000 21.513
550.000 17.209
560.000 13.963
570.000 11.389
580.000 11.389
590.000 9.205
600.000 7.584
610.000 6.344
620.000 5.366
630.000 5.366
640.000 4.613
650.000 4.014
660.000 3.547
670.000 3.546
680.000 3.155
690.000 2.827
700.000 2.514
710.000 2.261
720.000 2.034
730.000 2.034
740.000 1.841
750.000 1.659
760.000 1.518
770.000 1.518
780.000 1.392
790.000 1.270
800.000 1.172
810.000 1.071
820.000 0.987
830.000 0.987
840.000 0.907
850.000 0.843
860.000 0.769
870.000 0.769
880.000 0.680
890.000 0.632
900.000 0.588
910.000 0.560
920.000 0.530
930.000 0.530
940.000 0.513
950.000 0.496
960.000 0.474
970.000 0.473
980.000 0.450
990.000 0.431
1000.000 0.415
1010.000 0.409
1020.000 0.392
1030.000 0.392
1040.000 0.386
1050.000 0.383
1060.000 0.380
1070.000 0.382
1080.000 0.382
1090.000 0.394
1100.000 0.404
1110.000 0.412
1120.000 0.437
1130.000 0.437
1140.000 0.471
1150.000 0.493
1160.000 0.537
1170.000 0.581
1180.000 0.581
1190.000 0.632
1200.000 0.700
1210.000 0.780
1220.000 0.877
1230.000 0.876
1240.000 1.004
1250.000 1.156
1260.000 1.347
1270.000 1.347
1280.000 1.606
1290.000 1.973
1300.000 2.551
1310.000 3.546
1320.000 5.571
1330.000 9.055
1340.000 9.055
1350.000 12.124
1360.000 12.525
1370.000 12.525
1380.000 10.228
1390.000 7.909
1400.000 6.204
1410.000 5.018
1420.000 4.181
1430.000 4.181
1440.000 3.541
1450.000 3.075
1460.000 2.712
1470.000 2.712
1480.000 2.421
1490.000 2.190
1500.000 1.997
1510.000 1.847
1520.000 1.717
1530.000 1.716
1540.000 1.602
1550.000 1.507
1560.000 1.424
1570.000 1.424
1580.000 1.352
1590.000 1.285
1600.000 1.227
1610.000 1.170
1620.000 1.115
1630.000 1.115
1640.000 1.059
1650.000 1.006
1660.000 0.955
1670.000 0.955
1680.000 0.900
1690.000 0.848
1700.000 0.813
1710.000 0.820
1720.000 0.880
1730.000 0.880
1740.000 0.985
1750.000 1.104
1760.000 1.230
1770.000 1.230
1780.000 1.350
1790.000 1.461
1800.000 1.563
1810.000 1.653
1820.000 1.739
1830.000 1.739
1840.000 1.819
1850.000 1.897
1860.000 1.972
1870.000 1.972
1880.000 2.054
1890.000 2.139
1900.000 2.233
1910.000 2.332
1920.000 2.445
1930.000 2.445
1940.000 2.567
1950.000 2.699
1960.000 2.836
1970.000 2.836
1980.000 2.985
1990.000 3.137
2000.000 3.302
2010.000 3.463
2020.000 3.622
2030.000 3.622
2040.000 3.795
2050.000 3.941
2060.000 4.023
2070.000 4.023
2080.000 4.079
2090.000 4.127
2100.000 4.175
2110.000 4.215
2120.000 4.259
2130.000 4.259
2140.000 4.293
2150.000 4.333
2160.000 4.374
2170.000 4.374
2180.000 4.443
2190.000 4.544
2200.000 4.678
2210.000 4.845
2220.000 5.064
2230.000 5.064
2240.000 5.331
2250.000 5.676
2260.000 6.088
2270.000 6.087
2280.000 6.592
2290.000 7.202
2300.000 7.935
2310.000 8.742
2320.000 9.482
2330.000 9.482
2340.000 9.939
2350.000 9.878
2360.000 9.368
2370.000 9.368
2380.000 8.452
2390.000 7.377
2400.000 6.498
2410.000 5.867
2420.000 5.520
2430.000 5.499
2440.000 5.517
2450.000 5.738
2460.000 6.341
2470.000 6.341
2480.000 7.550
2490.000 8.841
2500.000 10.012
2510.000 10.012
2520.000 10.413
2530.000 10.065
2540.000 9.394
2550.000 8.456
2560.000 7.267
2570.000 7.266
2580.000 6.208
2590.000 5.356
2600.000 4.655
2610.000 4.654
2620.000 4.088
2630.000 3.634
2640.000 3.274
2650.000 2.981
2660.000 2.736
2670.000 2.736
2680.000 2.531
2690.000 2.348
2700.000 2.194
2710.000 2.194
2720.000 2.073
2730.000 1.922
2740.000 1.788
2750.000 1.669
2760.000 1.563
2770.000 1.563
2780.000 1.469
2790.000 1.387
2800.000 1.313
2810.000 1.313
2820.000 1.251
2830.000 1.190
2840.000 1.137
2850.000 1.092
2860.000 1.051
2870.000 1.050
2880.000 1.026
2890.000 0.994
2900.000 0.965
2910.000 0.964
2920.000 0.939
2930.000 0.916
2940.000 0.895
2950.000 0.876
2960.000 0.858
2970.000 0.858
2980.000 0.843
2990.000 0.826
3000.000 0.819
3010.000 0.819
3020.000 0.806
3030.000 0.791
3040.000 0.783
3050.000 0.782
3060.000 0.778
3070.000 0.778
3080.000 0.774
3090.000 0.769
3100.000 0.766
3110.000 0.766
3120.000 0.765
3130.000 0.768
3140.000 0.769
3150.000 0.771
3160.000 0.776
3170.000 0.776
3180.000 0.784
3190.000 0.792
3200.000 0.802
3210.000 0.802
3220.000 0.823
3230.000 0.837
3240.000 0.854
3250.000 0.875
3260.000 0.899
3270.000 0.899
3280.000 0.926
3290.000 0.958
3300.000 0.999
3310.000 0.999
3320.000 1.044
3330.000 1.097
3340.000 1.155
3350.000 1.215
3360.000 1.281
3370.000 1.281
3380.000 1.368
3390.000 1.475
3400.000 1.608
3410.000 1.608
3420.000 1.778
3430.000 2.005
3440.000 2.323
3450.000 2.780
3460.000 3.443
3470.000 3.442
3480.000 4.438
3490.000 5.928
3500.000 8.053
3510.000 8.052
3520.000 10.750
3530.000 13.758
3540.000 16.324
3550.000 16.916
3560.000 14.511
3570.000 14.511
3580.000 10.842
3590.000 7.998
3600.000 6.072
3610.000 6.072
3620.000 4.614
3630.000 3.684
3640.000 3.016
3650.000 2.528
3660.000 2.155
3670.000 2.155
3680.000 1.868
3690.000 1.639
3700.000 1.458
3710.000 1.458
3720.000 1.319
3730.000 1.190
3740.000 1.088
3750.000 1.002
3760.000 0.926
3770.000 0.925
3780.000 0.862
3790.000 0.808
3800.000 0.761
3810.000 0.761
3820.000 0.717
3830.000 0.681
3840.000 0.653
3850.000 0.625
3860.000 0.598
3870.000 0.598
3880.000 0.577
3890.000 0.558
3900.000 0.544
3910.000 0.544
3920.000 0.527
3930.000 0.517
3940.000 0.504
3950.000 0.496
3960.000 0.485
3970.000 0.485
3980.000 0.476
3990.000 0.475
4000.000 0.461
4010.000 0.461
4020.000 0.455
4030.000 0.458
4040.000 0.453
4050.000 0.446
4060.000 0.442
4070.000 0.442
4080.000 0.441
4090.000 0.430
4100.000 0.432
4110.000 0.432
4120.000 0.429
4130.000 0.428
4140.000 0.425
4150.000 0.426
4160.000 0.427
4170.000 0.427
4180.000 0.428
4190.000 0.429
4200.000 0.432
4210.000 0.432
4220.000 0.433
4230.000 0.435
4240.000 0.442
4250.000 0.448
4260.000 0.453
4270.000 0.453
4280.000 0.462
4290.000 0.469
4300.000 0.473
4310.000 0.473
4320.000 0.475
4330.000 0.473
4340.000 0.468
4350.000 0.467
4360.000 0.474
4370.000 0.474
4380.000 0.481
4390.000 0.496
4400.000 0.513
4410.000 0.539
4420.000 0.539
4430.000 0.571
4440.000 0.611
4450.000 0.667
4460.000 0.728
4470.000 0.728
4480.000 0.810
4490.000 0.921
4500.000 1.054
4510.000 1.054
4520.000 1.227
4530.000 1.463
4540.000 1.786
4550.000 2.234
4560.000 2.853
4570.000 2.853
4580.000 3.700
4590.000 4.831
4600.000 6.390
4610.000 6.390
4620.000 8.701
4630.000 11.861
4640.000 14.710
4650.000 14.872
4660.000 12.586
4670.000 12.586
4680.000 9.967
4690.000 8.071
4700.000 6.692
4710.000 6.692
4720.000 5.621
4730.000 4.744
4740.000 4.046
4750.000 3.446
4760.000 2.954
4770.000 2.954
4780.000 2.530
4790.000 2.176
4800.000 1.841
4810.000 1.841
4820.000 1.599
4830.000 1.398
4840.000 1.233
4850.000 1.233
4860.000 1.110
4870.000 1.018
4880.000 0.950
4890.000 0.908
4900.000 0.883
4910.000 0.883
4920.000 0.875
4930.000 0.878
4940.000 0.891
4950.000 0.891
4960.000 0.920
4970.000 0.949
4980.000 0.998
4990.000 1.060
5000.000 1.144
5010.000 1.144
5020.000 1.232
5030.000 1.339
5040.000 1.418
5050.000 1.418
5060.000 1.499
5070.000 1.574
5080.000 1.662
5090.000 1.729
5100.000 1.808
5110.000 1.808
5120.000 1.875
5130.000 1.935
5140.000 1.974
5150.000 1.974
5160.000 1.993
5170.000 1.990
5180.000 1.973
5190.000 1.949
5200.000 1.919
5210.000 1.919
5220.000 1.891
5230.000 1.871
5240.000 1.856
5250.000 1.856
5260.000 1.839
5270.000 1.823
5280.000 1.807
5290.000 1.787
5300.000 1.770
5310.000 1.770
5320.000 1.754
5330.000 1.741
5340.000 1.728
5350.000 1.728
5360.000 1.722
5370.000 1.716
5380.000 1.715
5390.000 1.709
5400.000 1.717
5410.000 1.717
5420.000 1.720
5430.000 1.733
5440.000 1.752
5450.000 1.751
5460.000 1.775
5470.000 1.802
5480.000 1.834
5490.000 1.879
5500.000 1.925
5510.000 1.925
5520.000 1.978
5530.000 2.047
5540.000 2.133
5550.000 2.133
5560.000 2.223
5570.000 2.375
5580.000 2.526
5590.000 2.700
5600.000 2.930
5610.000 2.930
5620.000 3.219
5630.000 3.583
5640.000 4.071
5650.000 4.071
5660.000 4.722
5670.000 5.592
5680.000 6.715
5690.000 8.088
5700.000 9.729
5710.000 9.728
5720.000 11.319
5730.000 12.662
5740.000 13.549
5750.000 13.545
5760.000 13.334
5770.000 12.164
5780.000 10.410
5790.000 8.734
5800.000 7.284
5810.000 7.284
5820.000 6.106
5830.000 5.158
5840.000 4.371
5850.000 4.371
5860.000 3.805
5870.000 3.328
5880.000 2.938
5890.000 2.609
5900.000 2.350
5910.000 2.350
5920.000 2.132
5930.000 1.954
5940.000 1.810
5950.000 1.810
5960.000 1.686
5970.000 1.593
5980.000 1.518
5990.000 1.453
6000.000 1.392
6010.000 1.392
6020.000 1.346
6030.000 1.296
6040.000 1.249
6050.000 1.249
6060.000 1.189
6070.000 1.138
6080.000 1.095
6090.000 1.066
6100.000 1.028
6110.000 1.028
6120.000 0.994
6130.000 0.968
6140.000 0.943
6150.000 0.943
6160.000 0.919
6170.000 0.901
6180.000 0.884
6190.000 0.871
6200.000 0.859
6210.000 0.859
6220.000 0.846
6230.000 0.834
6240.000 0.825
6250.000 0.825
6260.000 0.821
6270.000 0.821
6280.000 0.821
6290.000 0.820
6300.000 0.818
6310.000 0.818
6320.000 0.820
6330.000 0.823
6340.000 0.837
6350.000 0.837
6360.000 0.837
6370.000 0.840
6380.000 0.846
6390.000 0.847
6400.000 0.856
6410.000 0.856
6420.000 0.870
6430.000 0.882
6440.000 0.901
6450.000 0.901
6460.000 0.919
6470.000 0.937
6480.000 0.959
6490.000 0.987
6500.000 1.013
6510.000 1.013
6520.000 1.043
6530.000 1.078
6540.000 1.113
6550.000 1.113
6560.000 1.142
6570.000 1.177
6580.000 1.223
6590.000 1.252
6600.000 1.290
6610.000 1.290
6620.000 1.325
6630.000 1.363
6640.000 1.413
6650.000 1.413
6660.000 1.464
6670.000 1.524
6680.000 1.586
6690.000 1.655
6700.000 1.736
6710.000 1.736
6720.000 1.828
6730.000 1.919
6740.000 2.049
6750.000 2.049
6760.000 2.215
6770.000 2.402
6780.000 2.625
6790.000 2.908
6800.000 3.249
6810.000 3.249
6820.000 3.608
6830.000 4.032
6840.000 4.510
6850.000 4.510
6860.000 4.971
6870.000 5.382
6880.000 5.621
6890.000 5.591
6900.000 5.439
6910.000 5.439
6920.000 5.072
6930.000 4.637
6940.000 4.183
6950.000 3.704
6960.000 3.704
6970.000 3.285
6980.000 2.965
6990.000 2.656
7000.000 2.388
7010.000 2.388
7020.000 2.181
7030.000 2.004
7040.000 1.844
7050.000 1.695
7060.000 1.695
7070.000 1.600
7080.000 1.497
7090.000 1.420
7100.000 1.358
7110.000 1.358
7120.000 1.290
7130.000 1.231
7140.000 1.178
7150.000 1.178
7160.000 1.130
7170.000 1.077
7180.000 1.018
7190.000 1.018
7200.000 0.971
7210.000 0.925
7220.000 0.884
7230.000 0.847
7240.000 0.816
7250.000 0.816
7260.000 0.784
7270.000 0.761
7280.000 0.736
7290.000 0.736
7300.000 0.712
7310.000 0.692
7320.000 0.673
7330.000 0.656
7340.000 0.641
7350.000 0.641
7360.000 0.627
7370.000 0.615
7380.000 0.606
7390.000 0.606
7400.000 0.586
7410.000 0.605
7420.000 0.595
7430.000 0.582
7440.000 0.569
7450.000 0.569
7460.000 0.557
7470.000 0.544
7480.000 0.534
7490.000 0.534
7500.000 0.532
7510.000 0.524
7520.000 0.521
7530.000 0.517
7540.000 0.512
7550.000 0.512
7560.000 0.511
7570.000 0.508
7580.000 0.508
7590.000 0.508
7600.000 0.508
7610.000 0.508
7620.000 0.511
7630.000 0.512
7640.000 0.515
7650.000 0.515
7660.000 0.519
7670.000 0.525
7680.000 0.531
7690.000 0.531
7700.000 0.539
7710.000 0.549
7720.000 0.557
7730.000 0.565
7740.000 0.578
7750.000 0.578
7760.000 0.595
7770.000 0.614
7780.000 0.633
7790.000 0.633
7800.000 0.660
7810.000 0.688
7820.000 0.718
7830.000 0.756
7840.000 0.803
7850.000 0.803
7860.000 0.859
7870.000 0.930
7880.000 1.019
7890.000 1.019
7900.000 1.121
7910.000 1.267
7920.000 1.477
7930.000 1.759
7940.000 2.106
7950.000 2.106
7960.000 2.465
7970.000 2.792
7980.000 3.427
7990.000 3.426
8000.000 4.083
8010.000 5.109
8020.000 6.076
8030.000 7.724
8040.000 8.840
8050.000 8.840
8060.000 9.106
8070.000 7.947
8080.000 6.100
8090.000 6.100
8100.000 5.140
8110.000 4.765
8120.000 4.374
8130.000 3.907
8140.000 3.415
8150.000 3.415
8160.000 2.996
8170.000 2.630
8180.000 2.338
8190.000 2.338
8200.000 2.097
8210.000 1.898
8220.000 1.732
8230.000 1.599
8240.000 1.476
8250.000 1.476
8260.000 1.375
8270.000 1.289
8280.000 1.218
8290.000 1.218
8300.000 1.158
8310.000 1.101
8320.000 1.047
8330.000 0.991
8340.000 0.951
8350.000 0.951
8360.000 0.924
8370.000 0.924
8380.000 0.917
8390.000 0.917
8400.000 0.906
8410.000 0.895
8420.000 0.883
8430.000 0.873
8440.000 0.873
8450.000 0.861
8460.000 0.851
8470.000 0.842
8480.000 0.834
8490.000 0.834
8500.000 0.828
8510.000 0.821
8520.000 0.815
8530.000 0.814
8540.000 0.814
8550.000 0.813
8560.000 0.801
8570.000 0.787
8580.000 0.777
8590.000 0.777
8600.000 0.780
8610.000 0.777
8620.000 0.775
8630.000 0.771
8640.000 0.770
8650.000 0.771
8660.000 0.764
8670.000 0.764
8680.000 0.765
8690.000 0.765
8700.000 0.769
8710.000 0.774
8720.000 0.778
8730.000 0.782
8740.000 0.782
8750.000 0.786
8760.000 0.794
8770.000 0.806
8780.000 0.816
8790.000 0.816
8800.000 0.827
8810.000 0.837
8820.000 0.852
8830.000 0.870
8840.000 0.870
8850.000 0.890
8860.000 0.914
8870.000 0.956
8880.000 0.989
8890.000 0.989
8900.000 1.017
8910.000 1.043
8920.000 1.073
8930.000 1.101
8940.000 1.101
8950.000 1.142
8960.000 1.195
8970.000 1.247
8980.000 1.304
8990.000 1.304
9000.000 1.367
9010.000 1.442
9020.000 1.527
9030.000 1.648
9040.000 1.648
9050.000 1.794
9060.000 1.970
9070.000 2.222
9080.000 2.555
9090.000 2.555
9100.000 3.037
9110.000 3.703
9120.000 4.612
9130.000 5.810
9140.000 5.810
9150.000 7.219
9160.000 8.645
9170.000 9.638
9180.000 9.505
9190.000 9.505
9200.000 7.987
9210.000 6.056
9220.000 4.505
9230.000 3.423
9240.000 3.422
9250.000 2.667
9260.000 2.145
9270.000 1.762
9280.000 1.475
9290.000 1.475
9300.000 1.245
9310.000 1.060
9320.000 0.912
9330.000 0.791
9340.000 0.791
9350.000 0.691
9360.000 0.609
9370.000 0.538
9380.000 0.455
9390.000 0.455
9400.000 0.441
9410.000 0.394
9420.000 0.356
9430.000 0.321
9440.000 0.321
9450.000 0.293
9460.000 0.268
9470.000 0.245
9480.000 0.223
9490.000 0.223
9500.000 0.209
9510.000 0.192
9520.000 0.178
9530.000 0.166
9540.000 0.166
9550.000 0.154
9560.000 0.144
9570.000 0.134
9580.000 0.127
9590.000 0.127
9600.000 0.119
9610.000 0.114
9620.000 0.108
9630.000 0.108
9640.000 0.102
9650.000 0.101
9660.000 0.093
9670.000 0.090
9680.000 0.086
9690.000 0.086
9700.000 0.083
9710.000 0.081
9720.000 0.079
9730.000 0.079
9740.000 0.076
9750.000 0.074
9760.000 0.073
9770.000 0.072
9780.000 0.072
9790.000 0.072
9800.000 0.073
9810.000 0.074
9820.000 0.071
9830.000 0.071
9840.000 0.073
9850.000 0.073
9860.000 0.070
9870.000 0.068
9880.000 0.066
9890.000 0.066
9900.000 0.066
9910.000 0.066
9920.000 0.067
9930.000 0.067
9940.000 0.068
9950.000 0.073
9960.000 0.076
9970.000 0.082
9980.000 0.086
9990.000 0.086
10000.000 0.092
10010.000 0.097
10020.000 0.106
10030.000 0.106
10040.000 0.114
10050.000 0.126
10060.000 0.139
10070.000 0.157
10080.000 0.176
10090.000 0.176
10100.000 0.199
10110.000 0.222
10120.000 0.248
10130.000 0.248
10140.000 0.282
10150.000 0.322
10160.000 0.372
10170.000 0.438
10180.000 0.527
10190.000 0.527
10200.000 0.657
10210.000 0.853
10220.000 1.137
10230.000 1.137
10240.000 1.545
10250.000 2.078
10260.000 2.800
10270.000 3.773
10280.000 4.780
10290.000 4.780
10300.000 5.422
10310.000 5.290
10320.000 4.567
10330.000 4.567
10340.000 3.799
10350.000 3.193
10360.000 2.715
10370.000 2.348
10380.000 2.057
10390.000 2.057
10400.000 1.819
10410.000 1.618
10420.000 1.440
10430.000 1.440
10440.000 1.308
10450.000 1.187
10460.000 1.088
10470.000 1.001
10480.000 0.929
10490.000 0.929
10500.000 0.866
10510.000 0.816
10520.000 0.769
10530.000 0.769
10540.000 0.731
10550.000 0.693
10560.000 0.660
10570.000 0.629
10580.000 0.603
10590.000 0.603
10600.000 0.585
10610.000 0.572
10620.000 0.562
10630.000 0.562
10640.000 0.553
10650.000 0.548
10660.000 0.540
10670.000 0.533
10680.000 0.525
10690.000 0.525
10700.000 0.517
10710.000 0.511
10720.000 0.504
10730.000 0.504
10740.000 0.496
10750.000 0.493
10760.000 0.487
10770.000 0.483
10780.000 0.483
10790.000 0.478
10800.000 0.473
10810.000 0.470
10820.000 0.469
10830.000 0.469
10840.000 0.467
10850.000 0.467
10860.000 0.469
10870.000 0.467
10880.000 0.467
10890.000 0.469
10900.000 0.474
10910.000 0.472
10920.000 0.471
10930.000 0.471
10940.000 0.473
10950.000 0.471
10960.000 0.474
10970.000 0.472
10980.000 0.472
10990.000 0.475
11000.000 0.480
11010.000 0.483
11020.000 0.478
11030.000 0.478
11040.000 0.468
11050.000 0.476
11060.000 0.491
11070.000 0.497
11080.000 0.497
11090.000 0.503
11100.000 0.503
11110.000 0.507
11120.000 0.515
11130.000 0.515
11140.000 0.521
11150.000 0.529
11160.000 0.532
11170.000 0.544
11180.000 0.544
11190.000 0.555
11200.000 0.566
11210.000 0.584
11220.000 0.596
11230.000 0.596
11240.000 0.615
11250.000 0.636
11260.000 0.662
11270.000 0.696
11280.000 0.696
11290.000 0.736
11300.000 0.785
11310.000 0.849
11320.000 0.929
11330.000 0.929
11340.000 1.033
11350.000 1.180
11360.000 1.374
11370.000 1.649
11380.000 1.649
11390.000 2.015
11400.000 2.466
11410.000 2.887
11420.000 3.054
11430.000 3.054
11440.000 2.718
11450.000 2.084
11460.000 1.517
11470.000 1.106
11480.000 1.105
11490.000 0.827
11500.000 0.630
11510.000 0.484
11520.000 0.379
11530.000 0.379
11540.000 0.297
11550.000 0.233
11560.000 0.185
11570.000 0.143
11580.000 0.143
11590.000 0.110
11600.000 0.084
11610.000 0.060
11620.000 0.043
11630.000 0.043
11640.000 0.025
11650.000 0.013
11660.000 0.008
11670.000 0.015
11680.000 0.015
11690.000 0.024
11700.000 0.031
11710.000 0.038
11720.000 0.040
11730.000 0.040
11740.000 0.048
11750.000 0.052
11760.000 0.058
11770.000 0.062
11780.000 0.062
11790.000 0.066
11800.000 0.070
11810.000 0.073
11820.000 0.076
11830.000 0.076
11840.000 0.078
11850.000 0.082
11860.000 0.083
11870.000 0.085
11880.000 0.085
11890.000 0.086
11900.000 0.088
11910.000 0.089
11920.000 0.089
11930.000 0.089
11940.000 0.092
11950.000 0.093
11960.000 0.094
11970.000 0.094
11980.000 0.094
11990.000 0.097
12000.000 0.095
