2200.100 0.002
2200.200 0.092
2200.300 0.165
2200.400 0.165
2200.500 0.163
2200.600 0.165
2200.700 0.163
2200.800 0.162
2200.900 0.161
2201.000 0.162
2201.100 0.162
2201.200 0.161
2201.300 0.161
2201.400 0.161
2201.500 0.161
2201.600 0.161
2201.700 0.161
2201.800 0.160
2201.900 0.161
2202.000 0.160
2202.100 0.161
2202.200 0.161
2202.300 0.162
2202.400 0.162
2202.500 0.161
2202.600 0.162
2202.700 0.162
2202.800 0.162
2202.900 0.163
2203.000 0.162
2203.100 0.161
2203.200 0.163
2203.300 0.163
2203.400 0.162
2203.500 0.164
2203.600 0.163
2203.700 0.164
2203.800 0.162
2203.900 0.164
2204.000 0.164
2204.100 0.164
2204.200 0.164
2204.300 0.163
2204.400 0.163
2204.500 0.164
2204.600 0.163
2204.700 0.165
2204.800 0.165
2204.900 0.164
2205.000 0.165
2205.100 0.164
2205.200 0.165
2205.300 0.166
2205.400 0.166
2205.500 0.165
2205.600 0.167
2205.700 0.166
2205.800 0.166
2205.900 0.166
2206.000 0.165
2206.100 0.166
2206.200 0.167
2206.300 0.169
2206.400 0.168
2206.500 0.168
2206.600 0.168
2206.700 0.168
2206.800 0.166
2206.900 0.168
2207.000 0.168
2207.100 0.169
2207.200 0.167
2207.300 0.169
2207.400 0.167
2207.500 0.170
2207.600 0.170
2207.700 0.168
2207.800 0.169
2207.900 0.169
2208.000 0.169
2208.100 0.171
2208.200 0.171
2208.300 0.169
2208.400 0.172
2208.500 0.171
2208.600 0.171
2208.700 0.171
2208.800 0.170
2208.900 0.172
2209.000 0.173
2209.100 0.172
2209.200 0.173
2209.300 0.173
2209.400 0.172
2209.500 0.174
2209.600 0.173
2209.700 0.174
2209.800 0.174
2209.900 0.173
2210.000 0.172
2210.100 0.174
2210.200 0.174
2210.300 0.175
2210.400 0.175
2210.500 0.174
2210.600 0.174
2210.700 0.176
2210.800 0.176
2210.900 0.177
2211.000 0.176
2211.100 0.176
2211.200 0.176
2211.300 0.177
2211.400 0.175
2211.500 0.177
2211.600 0.178
2211.700 0.177
2211.800 0.178
2211.900 0.177
2212.000 0.179
2212.100 0.177
2212.200 0.179
2212.300 0.178
2212.400 0.181
2212.500 0.180
2212.600 0.180
2212.700 0.180
2212.800 0.181
2212.900 0.180
2213.000 0.180
2213.100 0.180
2213.200 0.181
2213.300 0.182
2213.400 0.184
2213.500 0.180
2213.600 0.182
2213.700 0.183
2213.800 0.183
2213.900 0.184
2214.000 0.183
2214.100 0.182
2214.200 0.184
2214.300 0.183
2214.400 0.184
2214.500 0.185
2214.600 0.184
2214.700 0.185
2214.800 0.188
2214.900 0.185
2215.000 0.187
2215.100 0.185
2215.200 0.187
2215.300 0.186
2215.400 0.187
2215.500 0.188
2215.600 0.188
2215.700 0.188
2215.800 0.188
2215.900 0.189
2216.000 0.191
2216.100 0.188
2216.200 0.190
2216.300 0.190
2216.400 0.189
2216.500 0.191
2216.600 0.191
2216.700 0.193
2216.800 0.191
2216.900 0.191
2217.000 0.193
2217.100 0.193
2217.200 0.193
2217.300 0.192
2217.400 0.193
2217.500 0.196
2217.600 0.195
2217.700 0.196
2217.800 0.196
2217.900 0.196
2218.000 0.195
2218.100 0.197
2218.200 0.197
2218.300 0.196
2218.400 0.198
2218.500 0.198
2218.600 0.200
2218.700 0.199
2218.800 0.201
2218.900 0.200
2219.000 0.201
2219.100 0.201
2219.200 0.200
2219.300 0.202
2219.400 0.201
2219.500 0.203
2219.600 0.204
2219.700 0.205
2219.800 0.203
2219.900 0.205
2220.000 0.205
2220.100 0.206
2220.200 0.206
2220.300 0.208
2220.400 0.207
2220.500 0.208
2220.600 0.209
2220.700 0.209
2220.800 0.209
2220.900 0.210
2221.000 0.212
2221.100 0.211
2221.200 0.211
2221.300 0.212
2221.400 0.213
2221.500 0.215
2221.600 0.214
2221.700 0.215
2221.800 0.215
2221.900 0.215
2222.000 0.216
2222.100 0.217
2222.200 0.219
2222.300 0.218
2222.400 0.220
2222.500 0.220
2222.600 0.220
2222.700 0.221
2222.800 0.223
2222.900 0.224
2223.000 0.224
2223.100 0.225
2223.200 0.226
2223.300 0.226
2223.400 0.228
2223.500 0.228
2223.600 0.228
2223.700 0.231
2223.800 0.231
2223.900 0.231
2224.000 0.232
2224.100 0.233
2224.200 0.234
2224.300 0.235
2224.400 0.235
2224.500 0.237
2224.600 0.238
2224.700 0.241
2224.800 0.240
2224.900 0.243
2225.000 0.243
2225.100 0.245
2225.200 0.248
2225.300 0.246
2225.400 0.247
2225.500 0.248
2225.600 0.251
2225.700 0.253
2225.800 0.255
2225.900 0.254
2226.000 0.254
2226.100 0.257
2226.200 0.263
2226.300 0.262
2226.400 0.260
2226.500 0.261
2226.600 0.263
2226.700 0.264
2226.800 0.266
2226.900 0.268
2227.000 0.269
2227.100 0.271
2227.200 0.273
2227.300 0.274
2227.400 0.277
2227.500 0.277
2227.600 0.280
2227.700 0.282
2227.800 0.284
2227.900 0.287
2228.000 0.286
2228.100 0.290
2228.200 0.292
2228.300 0.292
2228.400 0.293
2228.500 0.296
2228.600 0.298
2228.700 0.299
2228.800 0.301
2228.900 0.305
2229.000 0.307
2229.100 0.311
2229.200 0.312
2229.300 0.313
2229.400 0.315
2229.500 0.314
2229.600 0.318
2229.700 0.320
2229.800 0.322
2229.900 0.326
2230.000 0.326
2230.100 0.328
2230.200 0.332
2230.300 0.333
2230.400 0.337
2230.500 0.338
2230.600 0.343
2230.700 0.342
2230.800 0.343
2230.900 0.344
2231.000 0.347
2231.100 0.347
2231.200 0.348
2231.300 0.347
2231.400 0.349
2231.500 0.349
2231.600 0.351
2231.700 0.352
2231.800 0.350
2231.900 0.355
2232.000 0.354
2232.100 0.355
2232.200 0.357
2232.300 0.358
2232.400 0.357
2232.500 0.359
2232.600 0.359
2232.700 0.361
2232.800 0.363
2232.900 0.360
2233.000 0.364
2233.100 0.363
2233.200 0.367
2233.300 0.366
2233.400 0.369
2233.500 0.369
2233.600 0.369
2233.700 0.373
2233.800 0.370
2233.900 0.375
2234.000 0.370
2234.100 0.373
2234.200 0.372
2234.300 0.373
2234.400 0.380
2234.500 0.379
2234.600 0.380
2234.700 0.383
2234.800 0.381
2234.900 0.383
2235.000 0.384
2235.100 0.383
2235.200 0.384
2235.300 0.385
2235.400 0.386
2235.500 0.388
2235.600 0.388
2235.700 0.387
2235.800 0.391
2235.900 0.391
2236.000 0.394
2236.100 0.394
2236.200 0.395
2236.300 0.398
2236.400 0.398
2236.500 0.398
2236.600 0.401
2236.700 0.401
2236.800 0.402
2236.900 0.403
2237.000 0.405
2237.100 0.406
2237.200 0.406
2237.300 0.407
2237.400 0.410
2237.500 0.411
2237.600 0.413
2237.700 0.413
2237.800 0.412
2237.900 0.416
2238.000 0.416
2238.100 0.419
2238.200 0.418
2238.300 0.419
2238.400 0.423
2238.500 0.428
2238.600 0.423
2238.700 0.426
2238.800 0.428
2238.900 0.427
2239.000 0.429
2239.100 0.432
2239.200 0.432
2239.300 0.434
2239.400 0.437
2239.500 0.437
2239.600 0.438
2239.700 0.441
2239.800 0.440
2239.900 0.442
2240.000 0.451
2240.100 0.445
2240.200 0.448
2240.300 0.446
2240.400 0.451
2240.500 0.451
2240.600 0.452
2240.700 0.455
2240.800 0.454
2240.900 0.452
2241.000 0.457
2241.100 0.458
2241.200 0.463
2241.300 0.463
2241.400 0.466
2241.500 0.460
2241.600 0.464
2241.700 0.468
2241.800 0.466
2241.900 0.486
2242.000 0.485
2242.100 0.481
2242.200 0.474
2242.300 0.489
2242.400 0.481
2242.500 0.482
2242.600 0.478
2242.700 0.483
2242.800 0.488
2242.900 0.486
2243.000 0.487
2243.100 0.489
2243.200 0.491
2243.300 0.492
2243.400 0.494
2243.500 0.496
2243.600 0.499
2243.700 0.498
2243.800 0.502
2243.900 0.502
2244.000 0.505
2244.100 0.508
2244.200 0.508
2244.300 0.511
2244.400 0.513
2244.500 0.514
2244.600 0.514
2244.700 0.518
2244.800 0.519
2244.900 0.522
2245.000 0.521
2245.100 0.522
2245.200 0.527
2245.300 0.525
2245.400 0.532
2245.500 0.534
2245.600 0.533
2245.700 0.537
2245.800 0.538
2245.900 0.540
2246.000 0.542
2246.100 0.543
2246.200 0.544
2246.300 0.546
2246.400 0.548
2246.500 0.552
2246.600 0.555
2246.700 0.555
2246.800 0.557
2246.900 0.557
2247.000 0.560
2247.100 0.564
2247.200 0.565
2247.300 0.568
2247.400 0.572
2247.500 0.573
2247.600 0.575
2247.700 0.577
2247.800 0.581
2247.900 0.579
2248.000 0.583
2248.100 0.587
2248.200 0.589
2248.300 0.593
2248.400 0.594
2248.500 0.598
2248.600 0.601
2248.700 0.600
2248.800 0.605
2248.900 0.611
2249.000 0.610
2249.100 0.612
2249.200 0.615
2249.300 0.620
2249.400 0.627
2249.500 0.623
2249.600 0.626
2249.700 0.629
2249.800 0.633
2249.900 0.634
2250.000 0.638
2250.100 0.641
2250.200 0.645
2250.300 0.645
2250.400 0.648
2250.500 0.651
2250.600 0.657
2250.700 0.658
2250.800 0.662
2250.900 0.661
2251.000 0.660
2251.100 0.670
2251.200 0.674
2251.300 0.676
2251.400 0.678
2251.500 0.682
2251.600 0.684
2251.700 0.704
2251.800 0.704
2251.900 0.702
2252.000 0.700
2252.100 0.699
2252.200 0.708
2252.300 0.714
2252.400 0.709
2252.500 0.717
2252.600 0.722
2252.700 0.725
2252.800 0.726
2252.900 0.732
2253.000 0.737
2253.100 0.740
2253.200 0.743
2253.300 0.748
2253.400 0.750
2253.500 0.753
2253.600 0.758
2253.700 0.764
2253.800 0.768
2253.900 0.770
2254.000 0.779
2254.100 0.780
2254.200 0.784
2254.300 0.791
2254.400 0.795
2254.500 0.804
2254.600 0.803
2254.700 0.809
2254.800 0.811
2254.900 0.826
2255.000 0.829
2255.100 0.831
2255.200 0.833
2255.300 0.841
2255.400 0.841
2255.500 0.840
2255.600 0.846
2255.700 0.853
2255.800 0.859
2255.900 0.860
2256.000 0.862
2256.100 0.866
2256.200 0.869
2256.300 0.875
2256.400 0.883
2256.500 0.875
2256.600 0.885
2256.700 0.885
2256.800 0.887
2256.900 0.888
2257.000 0.900
2257.100 0.901
2257.200 0.905
2257.300 0.910
2257.400 0.910
2257.500 0.919
2257.600 0.916
2257.700 0.928
2257.800 0.931
2257.900 0.932
2258.000 0.939
2258.100 0.943
2258.200 0.948
2258.300 0.955
2258.400 0.956
2258.500 0.962
2258.600 0.965
2258.700 0.972
2258.800 0.979
2258.900 0.983
2259.000 0.988
2259.100 0.999
2259.200 1.000
2259.300 1.005
2259.400 1.006
2259.500 1.017
2259.600 1.018
2259.700 1.029
2259.800 1.032
2259.900 1.032
2260.000 1.040
2260.100 1.047
2260.200 1.054
2260.300 1.060
2260.400 1.063
2260.500 1.067
2260.600 1.074
2260.700 1.079
2260.800 1.090
2260.900 1.092
2261.000 1.101
2261.100 1.102
2261.200 1.113
2261.300 1.117
2261.400 1.124
2261.500 1.130
2261.600 1.134
2261.700 1.144
2261.800 1.156
2261.900 1.158
2262.000 1.165
2262.100 1.166
2262.200 1.177
2262.300 1.184
2262.400 1.187
2262.500 1.198
2262.600 1.201
2262.700 1.210
2262.800 1.219
2262.900 1.224
2263.000 1.231
2263.100 1.237
2263.200 1.245
2263.300 1.256
2263.400 1.259
2263.500 1.268
2263.600 1.274
2263.700 1.286
2263.800 1.297
2263.900 1.300
2264.000 1.306
2264.100 1.312
2264.200 1.321
2264.300 1.333
2264.400 1.336
2264.500 1.345
2264.600 1.350
2264.700 1.361
2264.800 1.372
2264.900 1.381
2265.000 1.391
2265.100 1.393
2265.200 1.409
2265.300 1.412
2265.400 1.428
2265.500 1.433
2265.600 1.441
2265.700 1.452
2265.800 1.460
2265.900 1.476
2266.000 1.487
2266.100 1.491
2266.200 1.502
2266.300 1.508
2266.400 1.515
2266.500 1.530
2266.600 1.534
2266.700 1.549
2266.800 1.554
2266.900 1.565
2267.000 1.583
2267.100 1.591
2267.200 1.606
2267.300 1.611
2267.400 1.626
2267.500 1.638
2267.600 1.647
2267.700 1.659
2267.800 1.667
2267.900 1.690
2268.000 1.702
2268.100 1.740
2268.200 1.743
2268.300 1.752
2268.400 1.767
2268.500 1.780
2268.600 1.773
2268.700 1.783
2268.800 1.793
2268.900 1.811
2269.000 1.828
2269.100 1.837
2269.200 1.854
2269.300 1.861
2269.400 1.879
2269.500 1.895
2269.600 1.910
2269.700 1.923
2269.800 1.939
2269.900 1.950
2270.000 1.971
2270.100 1.980
2270.200 1.998
2270.300 2.009
2270.400 2.031
2270.500 2.047
2270.600 2.062
2270.700 2.082
2270.800 2.090
2270.900 2.119
2271.000 2.135
2271.100 2.145
2271.200 2.172
2271.300 2.181
2271.400 2.206
2271.500 2.231
2271.600 2.242
2271.700 2.270
2271.800 2.303
2271.900 2.316
2272.000 2.332
2272.100 2.344
2272.200 2.364
2272.300 2.382
2272.400 2.402
2272.500 2.426
2272.600 2.437
2272.700 2.460
2272.800 2.466
2272.900 2.501
2273.000 2.520
2273.100 2.536
2273.200 2.568
2273.300 2.584
2273.400 2.634
2273.500 2.645
2273.600 2.659
2273.700 2.684
2273.800 2.701
2273.900 2.730
2274.000 2.755
2274.100 2.771
2274.200 2.810
2274.300 2.826
2274.400 2.860
2274.500 2.886
2274.600 2.908
2274.700 2.939
2274.800 2.954
2274.900 2.992
2275.000 3.028
2275.100 3.046
2275.200 3.087
2275.300 3.104
2275.400 3.144
2275.500 3.179
2275.600 3.195
2275.700 3.234
2275.800 3.250
2275.900 3.286
2276.000 3.326
2276.100 3.375
2276.200 3.406
2276.300 3.420
2276.400 3.449
2276.500 3.478
2276.600 3.508
2276.700 3.548
2276.800 3.565
2276.900 3.628
2277.000 3.616
2277.100 3.715
2277.200 3.740
2277.300 3.752
2277.400 3.772
2277.500 3.790
2277.600 3.830
2277.700 3.883
2277.800 3.899
2277.900 3.917
2278.000 3.918
2278.100 3.984
2278.200 4.007
2278.300 4.020
2278.400 4.036
2278.500 4.053
2278.600 4.115
2278.700 4.114
2278.800 4.137
2278.900 4.161
2279.000 4.176
2279.100 4.181
2279.200 4.193
2279.300 4.200
2279.400 4.218
2279.500 4.221
2279.600 4.238
2279.700 4.254
2279.800 4.257
2279.900 4.264
2280.000 4.268
2280.100 4.276
2280.200 4.284
2280.300 4.285
2280.400 4.293
2280.500 4.297
2280.600 4.296
2280.700 4.318
2280.800 4.316
2280.900 4.328
2281.000 4.334
2281.100 4.381
2281.200 4.397
2281.300 4.437
2281.400 4.481
2281.500 4.542
2281.600 4.608
2281.700 4.657
2281.800 4.687
2281.900 4.748
2282.000 4.762
2282.100 4.813
2282.200 4.897
2282.300 4.930
2282.400 5.021
2282.500 5.055
2282.600 5.143
2282.700 5.227
2282.800 5.268
2282.900 5.387
2283.000 5.487
2283.100 5.566
2283.200 5.670
2283.300 5.722
2283.400 5.829
2283.500 5.885
2283.600 5.991
2283.700 6.095
2283.800 6.185
2283.900 6.287
2284.000 6.345
2284.100 6.456
2284.200 6.553
2284.300 6.599
2284.400 6.678
2284.500 6.724
2284.600 6.804
2284.700 6.875
2284.800 6.909
2284.900 6.938
2285.000 6.966
2285.100 6.985
2285.200 7.005
2285.300 7.010
2285.400 7.013
2285.500 7.025
2285.600 7.015
2285.700 6.993
2285.800 6.975
2285.900 6.930
2286.000 6.913
2286.100 6.878
2286.200 6.826
2286.300 6.828
2286.400 6.770
2286.500 6.739
2286.600 6.688
2286.700 6.627
2286.800 6.607
2286.900 6.554
2287.000 6.520
2287.100 6.454
2287.200 6.395
2287.300 6.374
2287.400 6.311
2287.500 6.276
2287.600 6.209
2287.700 6.148
2287.800 6.120
2287.900 6.052
2288.000 6.026
2288.100 5.977
2288.200 5.913
2288.300 5.892
2288.400 5.827
2288.500 5.792
2288.600 5.742
2288.700 5.714
2288.800 5.641
2288.900 5.590
2289.000 5.561
2289.100 5.492
2289.200 5.473
2289.300 5.424
2289.400 5.364
2289.500 5.337
2289.600 5.288
2289.700 5.260
2289.800 5.209
2289.900 5.162
2290.000 5.133
2290.100 5.093
2290.200 5.063
2290.300 5.021
2290.400 4.967
2290.500 4.950
2290.600 4.887
2290.700 4.876
2290.800 4.822
2290.900 4.773
2291.000 4.751
2291.100 4.701
2291.200 4.675
2291.300 4.644
2291.400 4.599
2291.500 4.573
2291.600 4.532
2291.700 4.515
2291.800 4.472
2291.900 4.435
2292.000 4.410
2292.100 4.369
2292.200 4.353
2292.300 4.313
2292.400 4.287
2292.500 4.264
2292.600 4.232
2292.700 4.210
2292.800 4.167
2292.900 4.134
2293.000 4.116
2293.100 4.083
2293.200 4.064
2293.300 4.033
2293.400 4.004
2293.500 3.986
2293.600 3.946
2293.700 3.931
2293.800 3.905
2293.900 3.872
2294.000 3.859
2294.100 3.834
2294.200 3.815
2294.300 3.783
2294.400 3.767
2294.500 3.749
2294.600 3.716
2294.700 3.709
2294.800 3.675
2294.900 3.626
2295.000 3.581
2295.100 3.578
2295.200 3.563
2295.300 3.544
2295.400 3.513
2295.500 3.547
2295.600 3.517
2295.700 3.516
2295.800 3.480
2295.900 3.454
2296.000 3.444
2296.100 3.417
2296.200 3.415
2296.300 3.385
2296.400 3.361
2296.500 3.357
2296.600 3.343
2296.700 3.330
2296.800 3.304
2296.900 3.290
2297.000 3.277
2297.100 3.259
2297.200 3.245
2297.300 3.230
2297.400 3.210
2297.500 3.199
2297.600 3.181
2297.700 3.166
2297.800 3.163
2297.900 3.140
2298.000 3.137
2298.100 3.107
2298.200 3.111
2298.300 3.088
2298.400 3.074
2298.500 3.068
2298.600 3.055
2298.700 3.040
2298.800 3.022
2298.900 3.002
2299.000 2.998
2299.100 2.984
2299.200 2.978
2299.300 2.958
2299.400 2.943
2299.500 2.934
2299.600 2.922
2299.700 2.915
2299.800 2.905
2299.900 2.893
2300.000 2.885
2300.100 2.869
2300.200 2.864
2300.300 2.856
2300.400 2.847
2300.500 2.832
2300.600 2.810
2300.700 2.814
2300.800 2.803
2300.900 2.794
2301.000 2.780
2301.100 2.772
2301.200 2.762
2301.300 2.751
2301.400 2.753
2301.500 2.738
2301.600 2.722
2301.700 2.717
2301.800 2.708
2301.900 2.697
2302.000 2.690
2302.100 2.692
2302.200 2.688
2302.300 2.671
2302.400 2.661
2302.500 2.644
2302.600 2.634
2302.700 2.626
2302.800 2.626
2302.900 2.618
2303.000 2.607
2303.100 2.597
2303.200 2.593
2303.300 2.585
2303.400 2.581
2303.500 2.571
2303.600 2.560
2303.700 2.548
2303.800 2.551
2303.900 2.542
2304.000 2.538
2304.100 2.526
2304.200 2.517
2304.300 2.510
2304.400 2.507
2304.500 2.495
2304.600 2.499
2304.700 2.494
2304.800 2.483
2304.900 2.478
2305.000 2.468
2305.100 2.466
2305.200 2.462
2305.300 2.450
2305.400 2.446
2305.500 2.436
2305.600 2.423
2305.700 2.429
2305.800 2.414
2305.900 2.423
2306.000 2.412
2306.100 2.407
2306.200 2.402
2306.300 2.397
2306.400 2.391
2306.500 2.385
2306.600 2.385
2306.700 2.373
2306.800 2.363
2306.900 2.360
2307.000 2.355
2307.100 2.349
2307.200 2.342
2307.300 2.334
2307.400 2.329
2307.500 2.329
2307.600 2.336
2307.700 2.321
2307.800 2.322
2307.900 2.317
2308.000 2.308
2308.100 2.304
2308.200 2.299
2308.300 2.286
2308.400 2.288
2308.500 2.282
2308.600 2.278
2308.700 2.272
2308.800 2.277
2308.900 2.261
2309.000 2.267
2309.100 2.262
2309.200 2.256
2309.300 2.258
2309.400 2.256
2309.500 2.247
2309.600 2.240
2309.700 2.235
2309.800 2.231
2309.900 2.228
2310.000 2.218
2310.100 2.220
2310.200 2.215
2310.300 2.209
2310.400 2.208
2310.500 2.215
2310.600 2.205
2310.700 2.202
2310.800 2.203
2310.900 2.198
2311.000 2.191
2311.100 2.179
2311.200 2.181
2311.300 2.179
2311.400 2.176
2311.500 2.173
2311.600 2.180
2311.700 2.177
2311.800 2.172
2311.900 2.169
2312.000 2.169
2312.100 2.162
2312.200 2.162
2312.300 2.154
2312.400 2.146
2312.500 2.164
2312.600 2.142
2312.700 2.135
2312.800 2.140
2312.900 2.139
2313.000 2.134
2313.100 2.132
2313.200 2.134
2313.300 2.128
2313.400 2.128
2313.500 2.125
2313.600 2.123
2313.700 2.121
2313.800 2.119
2313.900 2.113
2314.000 2.111
2314.100 2.117
2314.200 2.118
2314.300 2.129
2314.400 2.114
2314.500 2.119
2314.600 2.114
2314.700 2.099
2314.800 2.098
2314.900 2.100
2315.000 2.090
2315.100 2.087
2315.200 2.084
2315.300 2.091
2315.400 2.101
2315.500 2.093
2315.600 2.088
2315.700 2.080
2315.800 2.074
2315.900 2.079
2316.000 2.074
2316.100 2.071
2316.200 2.073
2316.300 2.069
2316.400 2.069
2316.500 2.081
2316.600 2.081
2316.700 2.074
2316.800 2.070
2316.900 2.064
2317.000 2.063
2317.100 2.062
2317.200 2.061
2317.300 2.055
2317.400 2.054
2317.500 2.071
2317.600 2.084
2317.700 2.074
2317.800 2.066
2317.900 2.066
2318.000 2.065
2318.100 2.060
2318.200 2.056
2318.300 2.054
2318.400 2.049
2318.500 2.052
2318.600 2.051
2318.700 2.060
2318.800 2.050
2318.900 2.046
2319.000 2.045
2319.100 2.049
2319.200 2.046
2319.300 2.048
2319.400 2.038
2319.500 2.040
2319.600 2.039
2319.700 2.050
2319.800 2.041
2319.900 2.034
2320.000 2.033
2320.100 2.032
2320.200 2.035
2320.300 2.034
2320.400 2.030
2320.500 2.031
2320.600 2.039
2320.700 2.031
2320.800 2.034
2320.900 2.032
2321.000 2.032
2321.100 2.035
2321.200 2.028
2321.300 2.022
2321.400 2.023
2321.500 2.028
2321.600 2.036
2321.700 2.031
2321.800 2.029
2321.900 2.030
2322.000 2.032
2322.100 2.032
2322.200 2.038
2322.300 2.036
2322.400 2.072
2322.500 2.066
2322.600 2.053
2322.700 2.050
2322.800 2.048
2322.900 2.034
2323.000 2.030
2323.100 2.036
2323.200 2.031
2323.300 2.035
2323.400 2.031
2323.500 2.031
2323.600 2.029
2323.700 2.036
2323.800 2.023
2323.900 2.035
2324.000 2.041
2324.100 2.037
2324.200 2.034
2324.300 2.039
2324.400 2.043
2324.500 2.044
2324.600 2.043
2324.700 2.041
2324.800 2.040
2324.900 2.043
2325.000 2.043
2325.100 2.044
2325.200 2.048
2325.300 2.045
2325.400 2.046
2325.500 2.049
2325.600 2.052
2325.700 2.056
2325.800 2.051
2325.900 2.058
2326.000 2.054
2326.100 2.052
2326.200 2.056
2326.300 2.059
2326.400 2.051
2326.500 2.069
2326.600 2.061
2326.700 2.065
2326.800 2.062
2326.900 2.068
2327.000 2.076
2327.100 2.071
2327.200 2.070
2327.300 2.072
2327.400 2.073
2327.500 2.076
2327.600 2.075
2327.700 2.074
2327.800 2.082
2327.900 2.082
2328.000 2.085
2328.100 2.086
2328.200 2.084
2328.300 2.086
2328.400 2.090
2328.500 2.098
2328.600 2.097
2328.700 2.094
2328.800 2.097
2328.900 2.102
2329.000 2.107
2329.100 2.106
2329.200 2.108
2329.300 2.108
2329.400 2.105
2329.500 2.120
2329.600 2.115
2329.700 2.121
2329.800 2.115
2329.900 2.122
2330.000 2.123
2330.100 2.121
2330.200 2.124
2330.300 2.125
2330.400 2.124
2330.500 2.134
2330.600 2.130
2330.700 2.138
2330.800 2.138
2330.900 2.142
2331.000 2.158
2331.100 2.151
2331.200 2.153
2331.300 2.153
2331.400 2.160
2331.500 2.162
2331.600 2.161
2331.700 2.162
2331.800 2.182
2331.900 2.174
2332.000 2.176
2332.100 2.179
2332.200 2.183
2332.300 2.180
2332.400 2.190
2332.500 2.188
2332.600 2.196
2332.700 2.200
2332.800 2.199
2332.900 2.200
2333.000 2.206
2333.100 2.211
2333.200 2.223
2333.300 2.221
2333.400 2.227
2333.500 2.230
2333.600 2.230
2333.700 2.231
2333.800 2.236
2333.900 2.243
2334.000 2.249
2334.100 2.250
2334.200 2.261
2334.300 2.273
2334.400 2.273
2334.500 2.276
2334.600 2.278
2334.700 2.279
2334.800 2.283
2334.900 2.289
2335.000 2.297
2335.100 2.300
2335.200 2.309
2335.300 2.308
2335.400 2.320
2335.500 2.326
2335.600 2.328
2335.700 2.333
2335.800 2.347
2335.900 2.344
2336.000 2.349
2336.100 2.354
2336.200 2.360
2336.300 2.382
2336.400 2.386
2336.500 2.388
2336.600 2.401
2336.700 2.411
2336.800 2.407
2336.900 2.422
2337.000 2.431
2337.100 2.427
2337.200 2.436
2337.300 2.443
2337.400 2.439
2337.500 2.447
2337.600 2.455
2337.700 2.461
2337.800 2.469
2337.900 2.476
2338.000 2.475
2338.100 2.490
2338.200 2.494
2338.300 2.500
2338.400 2.509
2338.500 2.525
2338.600 2.529
2338.700 2.535
2338.800 2.541
2338.900 2.558
2339.000 2.557
2339.100 2.581
2339.200 2.587
2339.300 2.594
2339.400 2.597
2339.500 2.596
2339.600 2.605
2339.700 2.632
2339.800 2.633
2339.900 2.642
2340.000 2.642
2340.100 2.649
2340.200 2.657
2340.300 2.671
2340.400 2.694
2340.500 2.691
2340.600 2.704
2340.700 2.716
2340.800 2.726
2340.900 2.733
2341.000 2.750
2341.100 2.755
2341.200 2.761
2341.300 2.774
2341.400 2.791
2341.500 2.791
2341.600 2.806
2341.700 2.814
2341.800 2.826
2341.900 2.855
2342.000 2.858
2342.100 2.871
2342.200 2.879
2342.300 2.934
2342.400 2.981
2342.500 2.976
2342.600 2.976
2342.700 2.979
2342.800 2.986
2342.900 2.995
2343.000 2.998
2343.100 3.010
2343.200 3.018
2343.300 3.029
2343.400 3.044
2343.500 3.050
2343.600 3.074
2343.700 3.079
2343.800 3.096
2343.900 3.114
2344.000 3.124
2344.100 3.142
2344.200 3.155
2344.300 3.181
2344.400 3.200
2344.500 3.214
2344.600 3.235
2344.700 3.246
2344.800 3.264
2344.900 3.296
2345.000 3.300
2345.100 3.319
2345.200 3.333
2345.300 3.354
2345.400 3.384
2345.500 3.399
2345.600 3.425
2345.700 3.438
2345.800 3.457
2345.900 3.482
2346.000 3.496
2346.100 3.519
2346.200 3.533
2346.300 3.570
2346.400 3.601
2346.500 3.609
2346.600 3.641
2346.700 3.655
2346.800 3.682
2346.900 3.718
2347.000 3.728
2347.100 3.769
2347.200 3.779
2347.300 3.818
2347.400 3.845
2347.500 3.871
2347.600 3.901
2347.700 3.923
2347.800 3.955
2347.900 3.999
2348.000 4.018
2348.100 4.071
2348.200 4.110
2348.300 4.136
2348.400 4.168
2348.500 4.183
2348.600 4.214
2348.700 4.233
2348.900 4.335
2349.000 4.346
2349.100 4.371
2349.200 4.415
2349.300 4.462
2349.400 4.484
2349.500 4.507
2349.600 4.607
2349.700 4.685
2349.800 4.704
2349.900 4.758
2350.000 4.784
2350.100 4.822
2350.200 4.798
2350.300 4.824
2350.400 4.892
2350.500 4.915
2350.600 4.968
2350.700 5.030
2350.800 5.055
2350.900 5.112
2351.000 5.140
2351.100 5.193
2351.200 5.257
2351.300 5.282
2351.400 5.350
2351.500 5.376
2351.600 5.453
2351.700 5.507
2351.800 5.539
2351.900 5.596
2352.000 5.625
2352.100 5.688
2352.200 5.747
2352.300 5.779
2352.400 5.850
2352.500 5.880
2352.600 5.935
2352.700 5.992
2352.800 6.026
2352.900 6.094
2353.000 6.127
2353.100 6.187
2353.200 6.212
2353.300 6.317
2353.400 6.403
2353.500 6.408
2353.600 6.445
2353.700 6.463
2353.800 6.508
2353.900 6.541
2354.000 6.554
2354.100 6.583
2354.200 6.598
2354.300 6.625
2354.400 6.644
2354.500 6.657
2354.600 6.672
2354.700 6.680
2354.800 6.685
2354.900 6.696
2355.000 6.695
2355.100 6.694
2355.200 6.702
2355.300 6.699
2355.400 6.680
2355.500 6.665
2355.600 6.630
2355.700 6.623
2355.800 6.595
2355.900 6.554
2356.000 6.530
2356.100 6.480
2356.200 6.455
2356.300 6.424
2356.400 6.363
2356.500 6.319
2356.600 6.246
2356.700 6.229
2356.800 6.177
2356.900 6.091
2357.000 6.053
2357.100 5.963
2357.200 5.919
2357.300 5.847
2357.400 5.762
2357.500 5.724
2357.600 5.630
2357.700 5.587
2357.800 5.496
2357.900 5.410
2358.000 5.365
2358.100 5.281
2358.200 5.240
2358.300 5.163
2358.400 5.073
2358.500 5.031
2358.600 4.948
2358.700 4.897
2358.800 4.809
2358.900 4.733
2359.000 4.687
2359.100 4.597
2359.200 4.551
2359.300 4.473
2359.400 4.398
2359.500 4.352
2359.600 4.277
2359.700 4.236
2359.800 4.160
2359.900 4.084
2360.000 4.051
2360.100 3.973
2360.200 3.942
2360.300 3.874
2360.400 3.800
2360.500 3.767
2360.600 3.712
2360.700 3.680
2360.800 3.608
2360.900 3.544
2361.000 3.508
2361.100 3.454
2361.200 3.420
2361.300 3.363
2361.400 3.307
2361.500 3.287
2361.600 3.225
2361.700 3.200
2361.800 3.141
2361.900 3.090
2362.000 3.067
2362.100 3.014
2362.200 2.983
2362.300 2.937
2362.400 2.892
2362.500 2.870
2362.600 2.819
2362.700 2.802
2362.800 2.758
2362.900 2.714
2363.000 2.690
2363.100 2.651
2363.200 2.642
2363.300 2.600
2363.400 2.554
2363.500 2.536
2363.600 2.492
2363.700 2.425
2363.800 2.384
2363.900 2.348
2364.000 2.340
2364.100 2.302
2364.200 2.301
2364.300 2.308
2364.400 2.259
2364.500 2.248
2364.600 2.213
2364.700 2.203
2364.800 2.167
2364.900 2.135
2365.000 2.118
2365.100 2.087
2365.200 2.073
2365.300 2.049
2365.400 2.031
2365.500 1.997
2365.600 1.973
2365.700 1.960
2365.800 1.928
2365.900 1.925
2366.000 1.892
2366.100 1.865
2366.200 1.849
2366.300 1.825
2366.400 1.813
2366.500 1.787
2366.600 1.762
2366.700 1.752
2366.800 1.732
2366.900 1.717
2367.000 1.693
2367.100 1.674
2367.200 1.664
2367.300 1.647
2367.400 1.637
2367.500 1.611
2367.600 1.585
2367.700 1.571
2367.800 1.551
2367.900 1.542
2368.000 1.527
2368.100 1.506
2368.200 1.500
2368.300 1.482
2368.400 1.474
2368.500 1.450
2368.600 1.434
2368.700 1.423
2368.800 1.405
2368.900 1.395
2369.000 1.382
2369.100 1.368
2369.200 1.356
2369.300 1.340
2369.400 1.331
2369.500 1.315
2369.600 1.300
2369.700 1.294
2369.800 1.274
2369.900 1.274
2370.000 1.253
2370.100 1.238
2370.200 1.230
2370.300 1.214
2370.400 1.207
2370.500 1.195
2370.600 1.177
2370.700 1.180
2370.800 1.162
2370.900 1.153
2371.000 1.141
2371.100 1.132
2371.200 1.123
2371.300 1.112
2371.400 1.104
2371.500 1.089
2371.600 1.084
2371.700 1.074
2371.800 1.065
2371.900 1.055
2372.000 1.047
2372.100 1.041
2372.200 1.028
2372.300 1.013
2372.400 1.014
2372.500 0.997
2372.600 0.991
2372.700 0.984
2372.800 0.981
2372.900 0.971
2373.000 0.961
2373.100 0.945
2373.200 0.945
2373.300 0.932
2373.400 0.927
2373.500 0.918
2373.600 0.913
2373.700 0.904
2373.800 0.893
2373.900 0.887
2374.000 0.878
2374.100 0.865
2374.200 0.861
2374.300 0.855
2374.400 0.852
2374.500 0.844
2374.600 0.833
2374.700 0.837
2374.800 0.822
2374.900 0.826
2375.000 0.812
2375.100 0.805
2375.200 0.796
2375.300 0.788
2375.400 0.783
2375.500 0.780
2375.600 0.769
2375.700 0.768
2375.800 0.757
2375.900 0.749
2376.000 0.743
2376.100 0.743
2376.200 0.734
2376.300 0.724
2376.400 0.724
2376.500 0.716
2376.600 0.711
2376.700 0.704
2376.800 0.697
2376.900 0.695
2377.000 0.688
2377.100 0.683
2377.200 0.679
2377.300 0.668
2377.400 0.673
2377.500 0.660
2377.600 0.659
2377.700 0.649
2377.800 0.644
2377.900 0.625
2378.000 0.627
2378.100 0.620
2378.200 0.622
2378.300 0.613
2378.400 0.620
2378.500 0.612
2378.600 0.608
2378.700 0.600
2378.800 0.594
2378.900 0.590
2379.000 0.586
2379.100 0.582
2379.200 0.577
2379.300 0.568
2379.400 0.567
2379.500 0.566
2379.600 0.561
2379.700 0.559
2379.800 0.551
2379.900 0.548
2380.000 0.545
2380.100 0.541
2380.200 0.538
2380.300 0.535
2380.400 0.530
2380.500 0.525
2380.600 0.520
2380.700 0.517
2380.800 0.510
2380.900 0.505
2381.000 0.504
2381.100 0.497
2381.200 0.496
2381.300 0.492
2381.400 0.491
2381.500 0.481
2381.600 0.487
2381.700 0.478
2381.800 0.474
2381.900 0.471
2382.000 0.471
2382.100 0.463
2382.200 0.461
2382.300 0.455
2382.400 0.455
2382.500 0.450
2382.600 0.448
2382.700 0.443
2382.800 0.444
2382.900 0.436
2383.000 0.434
2383.100 0.432
2383.200 0.428
2383.300 0.424
2383.400 0.423
2383.500 0.416
2383.600 0.413
2383.700 0.411
2383.800 0.408
2383.900 0.406
2384.000 0.400
2384.100 0.399
2384.200 0.395
2384.300 0.393
2384.400 0.387
2384.500 0.389
2384.600 0.382
2384.700 0.382
2384.800 0.380
2384.900 0.377
2385.000 0.372
2385.100 0.372
2385.200 0.368
2385.300 0.366
2385.400 0.361
2385.500 0.359
2385.600 0.357
2385.700 0.355
2385.800 0.352
2385.900 0.345
2386.000 0.343
2386.100 0.342
2386.200 0.340
2386.300 0.338
2386.400 0.336
2386.500 0.334
2386.600 0.332
2386.700 0.326
2386.800 0.327
2386.900 0.322
2387.000 0.320
2387.100 0.319
2387.200 0.318
2387.300 0.312
2387.400 0.310
2387.500 0.305
2387.600 0.305
2387.700 0.306
2387.800 0.302
2387.900 0.300
2388.000 0.297
2388.100 0.297
2388.200 0.291
2388.300 0.293
2388.400 0.286
2388.500 0.287
2388.600 0.285
2388.700 0.284
2388.800 0.281
2388.900 0.280
2389.000 0.276
2389.100 0.275
2389.200 0.272
2389.300 0.273
2389.400 0.267
2389.500 0.267
2389.600 0.264
2389.700 0.263
2389.800 0.259
2389.900 0.258
2390.000 0.255
2390.100 0.254
2390.200 0.253
2390.300 0.250
2390.400 0.250
2390.500 0.249
2390.600 0.248
2390.700 0.244
2390.800 0.246
2390.900 0.241
2391.000 0.239
2391.100 0.236
2391.200 0.236
2391.300 0.236
2391.400 0.233
2391.500 0.228
2391.600 0.230
2391.700 0.226
2391.800 0.227
2391.900 0.224
2392.000 0.224
2392.100 0.222
2392.200 0.218
2392.300 0.215
2392.400 0.216
2392.500 0.210
2392.600 0.210
2392.700 0.210
2392.800 0.209
2392.900 0.209
2393.000 0.206
2393.100 0.204
2393.200 0.204
2393.300 0.203
2393.400 0.202
2393.500 0.200
2393.600 0.200
2393.700 0.197
2393.800 0.194
2393.900 0.191
2394.000 0.191
2394.100 0.193
2394.200 0.189
2394.300 0.186
2394.400 0.185
2394.500 0.188
2394.600 0.182
2394.700 0.181
2394.800 0.184
2394.900 0.180
2395.000 0.180
2395.100 0.177
2395.200 0.177
2395.300 0.171
2395.400 0.174
2395.500 0.171
2395.600 0.173
2395.700 0.171
2395.800 0.169
2395.900 0.165
2396.000 0.167
2396.100 0.165
2396.200 0.160
2396.300 0.163
2396.400 0.163
2396.500 0.159
2396.600 0.159
2396.700 0.156
2396.800 0.158
2396.900 0.155
2397.000 0.154
2397.100 0.153
2397.200 0.153
2397.300 0.153
2397.400 0.148
2397.500 0.151
2397.600 0.146
2397.700 0.148
2397.800 0.147
2397.900 0.147
2398.000 0.145
2398.100 0.146
2398.200 0.143
2398.300 0.143
2398.400 0.140
2398.500 0.141
2398.600 0.140
2398.700 0.135
2398.800 0.138
2398.900 0.138
2399.000 0.136
2399.100 0.135
2399.200 0.133
2399.300 0.134
2399.400 0.134
2399.500 0.130
2399.600 0.130
2399.700 0.130
2399.800 0.130
2399.900 0.126
2400.000 0.130
2400.100 0.126
2400.200 0.126
2400.300 0.123
2400.400 0.124
2400.500 0.121
2400.600 0.123
2400.700 0.121
2400.800 0.125
2400.900 0.120
2401.000 0.120
2401.100 0.119
2401.200 0.120
2401.300 0.117
2401.400 0.119
2401.500 0.118
2401.600 0.115
2401.700 0.116
2401.800 0.112
2401.900 0.112
2402.000 0.112
2402.100 0.110
2402.200 0.111
2402.300 0.111
2402.400 0.111
2402.500 0.111
2402.600 0.110
2402.700 0.110
2402.800 0.106
2402.900 0.109
2403.000 0.106
2403.100 0.108
2403.200 0.105
2403.300 0.107
2403.400 0.106
2403.500 0.102
2403.600 0.104
2403.700 0.104
2403.800 0.103
2403.900 0.104
2404.000 0.102
2404.100 0.104
2404.200 0.100
2404.300 0.100
2404.400 0.102
2404.500 0.101
2404.600 0.100
2404.700 0.102
2404.800 0.100
2404.900 0.098
2405.000 0.099
2405.100 0.101
2405.200 0.099
2405.300 0.098
2405.400 0.099
2405.500 0.096
2405.600 0.098
2405.700 0.095
2405.800 0.098
2405.900 0.096
2406.000 0.096
2406.100 0.094
2406.200 0.099
2406.300 0.097
2406.400 0.097
2406.500 0.094
2406.600 0.095
2406.700 0.097
2406.800 0.096
2406.900 0.094
2407.000 0.096
2407.100 0.093
2407.200 0.091
2407.300 0.093
2407.400 0.091
2407.500 0.094
2407.600 0.093
2407.700 0.095
2407.800 0.092
2407.900 0.093
2408.000 0.095
2408.100 0.097
2408.200 0.094
2408.300 0.096
2408.400 0.094
2408.500 0.093
2408.600 0.093
2408.700 0.093
2408.800 0.093
2408.900 0.094
2409.000 0.094
2409.100 0.092
2409.200 0.093
2409.300 0.093
2409.400 0.092
2409.500 0.093
2409.600 0.097
2409.700 0.091
2409.800 0.094
2409.900 0.092
2410.000 0.093
2410.100 0.092
2410.200 0.091
2410.300 0.092
2410.400 0.095
2410.500 0.092
2410.600 0.094
2410.700 0.095
2410.800 0.092
2410.900 0.092
2411.000 0.095
2411.100 0.095
2411.200 0.096
2411.300 0.093
2411.400 0.095
2411.500 0.094
2411.600 0.094
2411.700 0.094
2411.800 0.093
2411.900 0.098
2412.000 0.096
2412.100 0.094
2412.200 0.096
2412.300 0.098
2412.400 0.097
2412.500 0.094
2412.600 0.097
2412.700 0.097
2412.800 0.095
2412.900 0.097
2413.000 0.096
2413.100 0.098
2413.200 0.097
2413.300 0.097
2413.400 0.099
2413.500 0.096
2413.600 0.099
2413.700 0.097
2413.800 0.099
2413.900 0.099
2414.000 0.098
2414.100 0.101
2414.200 0.100
2414.300 0.097
2414.400 0.100
2414.500 0.098
2414.600 0.099
2414.700 0.100
2414.800 0.097
2414.900 0.100
2415.000 0.100
2415.100 0.099
2415.200 0.104
2415.300 0.099
2415.400 0.101
2415.500 0.100
2415.600 0.102
2415.700 0.104
2415.800 0.103
2415.900 0.102
2416.000 0.103
2416.100 0.105
2416.200 0.105
2416.300 0.104
2416.400 0.107
2416.500 0.106
2416.600 0.105
2416.700 0.106
2416.800 0.103
2416.900 0.107
2417.000 0.108
2417.100 0.109
2417.200 0.106
2417.300 0.107
2417.400 0.109
2417.500 0.108
2417.600 0.105
2417.700 0.107
2417.800 0.108
2417.900 0.110
2418.000 0.107
2418.100 0.114
2418.200 0.109
2418.300 0.111
2418.400 0.109
2418.500 0.111
2418.600 0.111
2418.700 0.110
2418.800 0.112
2418.900 0.113
2419.000 0.112
2419.100 0.111
2419.200 0.112
2419.300 0.112
2419.400 0.116
2419.500 0.111
2419.600 0.114
2419.700 0.113
2419.800 0.115
2419.900 0.111
2420.000 0.115
2420.100 0.112
2420.200 0.114
2420.300 0.114
2420.400 0.116
2420.500 0.117
2420.600 0.117
2420.700 0.117
2420.800 0.118
2420.900 0.114
2421.000 0.120
2421.100 0.117
2421.200 0.118
2421.300 0.119
2421.400 0.120
2421.500 0.117
2421.600 0.121
2421.700 0.120
2421.800 0.119
2421.900 0.121
2422.000 0.118
2422.100 0.124
2422.200 0.123
2422.300 0.124
2422.400 0.123
2422.500 0.121
2422.600 0.121
2422.700 0.122
2422.800 0.121
2422.900 0.125
2423.000 0.121
2423.100 0.126
2423.200 0.124
2423.300 0.122
2423.400 0.124
2423.500 0.124
2423.600 0.124
2423.700 0.127
2423.800 0.128
2423.900 0.127
2424.000 0.125
2424.100 0.129
2424.200 0.128
2424.300 0.127
2424.400 0.128
2424.500 0.126
2424.600 0.125
2424.700 0.127
2424.800 0.129
2424.900 0.129
2425.000 0.129
2425.100 0.128
2425.200 0.128
2425.300 0.128
2425.400 0.133
2425.500 0.133
2425.600 0.132
2425.700 0.131
2425.800 0.133
2425.900 0.131
2426.000 0.134
2426.100 0.131
2426.200 0.135
2426.300 0.130
2426.400 0.133
2426.500 0.132
2426.600 0.135
2426.700 0.134
2426.800 0.135
2426.900 0.134
2427.000 0.134
2427.100 0.135
2427.200 0.135
2427.300 0.136
2427.400 0.136
2427.500 0.137
2427.600 0.136
2427.700 0.140
2427.800 0.137
2427.900 0.138
2428.000 0.136
2428.100 0.136
2428.200 0.138
2428.300 0.139
2428.400 0.139
2428.500 0.140
2428.600 0.137
2428.700 0.140
2428.800 0.138
2428.900 0.141
2429.000 0.140
2429.100 0.139
2429.200 0.141
2429.300 0.143
2429.400 0.141
2429.500 0.145
2429.600 0.140
2429.700 0.142
2429.800 0.143
2429.900 0.140
2430.000 0.140
2430.100 0.144
2430.200 0.144
2430.300 0.144
2430.400 0.145
2430.500 0.147
2430.600 0.146
2430.700 0.144
2430.800 0.147
2430.900 0.146
2431.000 0.147
2431.100 0.149
2431.200 0.150
2431.300 0.149
2431.400 0.150
2431.500 0.148
2431.600 0.147
2431.700 0.147
2431.800 0.148
2431.900 0.146
2432.000 0.150
2432.100 0.149
2432.200 0.148
2432.300 0.149
2432.400 0.149
2432.500 0.151
2432.600 0.150
2432.700 0.150
2432.800 0.150
2432.900 0.151
2433.000 0.151
2433.100 0.152
2433.200 0.151
2433.300 0.154
2433.400 0.151
2433.500 0.153
2433.600 0.151
2433.700 0.155
2433.800 0.150
2433.900 0.153
2434.000 0.152
2434.100 0.154
2434.200 0.154
2434.300 0.153
2434.400 0.154
2434.500 0.154
2434.600 0.153
2434.700 0.153
2434.800 0.156
2434.900 0.155
2435.000 0.158
2435.100 0.156
2435.200 0.157
2435.300 0.157
2435.400 0.158
2435.500 0.158
2435.600 0.157
2435.700 0.158
2435.800 0.159
2435.900 0.159
2436.000 0.157
2436.100 0.160
2436.200 0.157
2436.300 0.160
2436.400 0.158
2436.500 0.161
2436.600 0.160
2436.700 0.160
2436.800 0.158
2436.900 0.162
2437.000 0.159
2437.100 0.162
2437.200 0.161
2437.300 0.165
2437.400 0.162
2437.500 0.164
2437.600 0.164
2437.700 0.163
2437.800 0.161
2437.900 0.164
2438.000 0.164
2438.100 0.163
2438.200 0.167
2438.300 0.164
2438.400 0.168
2438.500 0.165
2438.600 0.165
2438.700 0.165
2438.800 0.164
2438.900 0.164
2439.000 0.165
2439.100 0.165
2439.200 0.165
2439.300 0.167
2439.400 0.169
2439.500 0.170
2439.600 0.170
2439.700 0.166
2439.800 0.167
2439.900 0.170
2440.000 0.170
2440.100 0.168
2440.200 0.170
2440.300 0.168
2440.400 0.169
2440.500 0.168
2440.600 0.168
2440.700 0.171
2440.800 0.173
2440.900 0.172
2441.000 0.169
2441.100 0.169
2441.200 0.168
2441.300 0.169
2441.400 0.169
2441.500 0.172
2441.600 0.169
2441.700 0.171
2441.800 0.168
2441.900 0.171
2442.000 0.171
2442.100 0.174
2442.200 0.172
2442.300 0.170
2442.400 0.169
2442.500 0.170
2442.600 0.172
2442.700 0.173
2442.800 0.173
2442.900 0.174
2443.000 0.173
2443.100 0.172
2443.200 0.174
2443.300 0.173
2443.400 0.176
2443.500 0.175
2443.600 0.173
2443.700 0.178
2443.800 0.178
2443.900 0.175
2444.000 0.175
2444.100 0.175
2444.200 0.178
2444.300 0.178
2444.400 0.180
2444.500 0.179
2444.600 0.179
2444.700 0.179
2444.800 0.177
2444.900 0.177
2445.000 0.178
2445.100 0.177
2445.200 0.178
2445.300 0.180
2445.400 0.183
2445.500 0.179
2445.600 0.177
2445.700 0.179
2445.800 0.180
2445.900 0.179
2446.000 0.181
2446.100 0.179
2446.200 0.182
2446.300 0.182
2446.400 0.181
2446.500 0.180
2446.600 0.180
2446.700 0.182
2446.800 0.181
2446.900 0.183
2447.000 0.181
2447.100 0.183
2447.200 0.180
2447.300 0.185
2447.400 0.184
2447.500 0.187
2447.600 0.182
2447.700 0.183
2447.800 0.184
2447.900 0.184
2448.000 0.181
2448.100 0.184
2448.200 0.183
2448.300 0.184
2448.400 0.186
2448.500 0.185
2448.600 0.186
2448.700 0.186
2448.800 0.189
2448.900 0.186
2449.000 0.186
2449.100 0.186
2449.200 0.188
2449.300 0.186
2449.400 0.190
2449.500 0.189
2449.600 0.190
2449.700 0.192
2449.800 0.190
2449.900 0.189
2450.000 0.190
2450.100 0.190
2450.200 0.190
2450.300 0.189
2450.400 0.191
2450.500 0.188
2450.600 0.194
2450.700 0.191
2450.800 0.191
2450.900 0.192
2451.000 0.194
2451.100 0.194
2451.200 0.192
2451.300 0.195
2451.400 0.190
2451.500 0.192
2451.600 0.193
2451.700 0.195
2451.800 0.192
2451.900 0.193
2452.000 0.193
2452.100 0.195
2452.200 0.193
2452.300 0.198
2452.400 0.193
2452.500 0.192
2452.600 0.193
2452.700 0.194
2452.800 0.194
2452.900 0.189
2453.000 0.193
2453.100 0.192
2453.200 0.197
2453.300 0.194
2453.400 0.195
2453.500 0.192
2453.600 0.196
2453.700 0.195
2453.800 0.196
2453.900 0.197
2454.000 0.194
2454.100 0.196
2454.200 0.198
2454.300 0.197
2454.400 0.199
2454.500 0.198
2454.600 0.195
2454.700 0.196
2454.800 0.197
2454.900 0.199
2455.000 0.197
2455.100 0.199
2455.200 0.197
2455.300 0.203
2455.400 0.198
2455.500 0.198
2455.600 0.196
2455.700 0.200
2455.800 0.197
2455.900 0.197
2456.000 0.196
2456.100 0.199
2456.200 0.198
2456.300 0.201
2456.400 0.200
2456.500 0.198
2456.600 0.199
2456.700 0.199
2456.800 0.201
2456.900 0.200
2457.000 0.201
2457.100 0.201
2457.200 0.198
2457.300 0.200
2457.400 0.203
2457.500 0.200
2457.600 0.201
2457.700 0.203
2457.800 0.202
2457.900 0.201
2458.000 0.204
2458.100 0.202
2458.200 0.202
2458.300 0.202
2458.400 0.205
2458.500 0.207
2458.600 0.203
2458.700 0.201
2458.800 0.202
2458.900 0.208
2459.000 0.204
2459.100 0.203
2459.200 0.205
2459.300 0.204
2459.400 0.203
2459.500 0.207
2459.600 0.204
2459.700 0.203
2459.800 0.202
2459.900 0.206
2460.000 0.202
2460.100 0.205
2460.200 0.205
2460.300 0.204
2460.400 0.203
2460.500 0.207
2460.600 0.204
2460.700 0.202
2460.800 0.208
2460.900 0.206
2461.000 0.204
2461.100 0.205
2461.200 0.204
2461.300 0.208
2461.400 0.204
2461.500 0.202
2461.600 0.205
2461.700 0.205
2461.800 0.205
2461.900 0.207
2462.000 0.207
2462.100 0.208
2462.200 0.208
2462.300 0.205
2462.400 0.208
2462.500 0.207
2462.600 0.210
2462.700 0.209
2462.800 0.208
2462.900 0.207
2463.000 0.207
2463.100 0.210
2463.200 0.206
2463.300 0.209
2463.400 0.217
2463.500 0.212
2463.600 0.213
2463.700 0.210
2463.800 0.211
2463.900 0.212
2464.000 0.209
2464.100 0.208
2464.200 0.211
2464.300 0.209
2464.400 0.208
2464.500 0.211
2464.600 0.211
2464.700 0.213
2464.800 0.211
2464.900 0.210
2465.000 0.209
2465.100 0.212
2465.200 0.210
2465.300 0.213
2465.400 0.212
2465.500 0.210
2465.600 0.213
2465.700 0.210
2465.800 0.213
2465.900 0.216
2466.000 0.215
2466.100 0.214
2466.200 0.214
2466.300 0.209
2466.400 0.211
2466.500 0.212
2466.600 0.214
2466.700 0.214
2466.800 0.214
2466.900 0.215
2467.000 0.214
2467.100 0.212
2467.200 0.214
2467.300 0.214
2467.400 0.216
2467.500 0.214
2467.600 0.212
2467.700 0.217
2467.800 0.213
2467.900 0.211
2468.000 0.216
2468.100 0.213
2468.200 0.212
2468.300 0.217
2468.400 0.215
2468.500 0.215
2468.600 0.215
2468.700 0.214
2468.800 0.218
2468.900 0.217
2469.000 0.214
2469.100 0.215
2469.200 0.214
2469.300 0.216
2469.400 0.214
2469.500 0.219
2469.600 0.215
2469.700 0.215
2469.800 0.216
2469.900 0.218
2470.000 0.218
2470.100 0.218
2470.200 0.218
2470.300 0.218
2470.400 0.218
2470.500 0.216
2470.600 0.219
2470.700 0.217
2470.800 0.216
2470.900 0.218
2471.000 0.219
2471.100 0.216
2471.200 0.217
2471.300 0.218
2471.400 0.219
2471.500 0.217
2471.600 0.218
2471.700 0.220
2471.800 0.221
2471.900 0.220
2472.000 0.218
2472.100 0.219
2472.200 0.222
2472.300 0.221
2472.400 0.221
2472.500 0.221
2472.600 0.223
2472.700 0.221
2472.800 0.222
2472.900 0.220
2473.000 0.219
2473.100 0.220
2473.200 0.222
2473.300 0.222
2473.400 0.221
2473.500 0.220
2473.600 0.221
2473.700 0.219
2473.800 0.221
2473.900 0.223
2474.000 0.223
2474.100 0.221
2474.200 0.221
2474.300 0.225
2474.400 0.223
2474.500 0.223
2474.600 0.220
2474.700 0.224
2474.800 0.221
2474.900 0.222
2475.000 0.221
2475.100 0.224
2475.200 0.224
2475.300 0.225
2475.400 0.225
2475.500 0.223
2475.600 0.224
2475.700 0.222
2475.800 0.223
2475.900 0.226
2476.000 0.224
2476.100 0.220
2476.200 0.226
2476.300 0.224
2476.400 0.223
2476.500 0.222
2476.600 0.225
2476.700 0.225
2476.800 0.227
2476.900 0.225
2477.000 0.224
2477.100 0.225
2477.200 0.222
2477.300 0.226
2477.400 0.224
2477.500 0.224
2477.600 0.225
2477.700 0.222
2477.800 0.223
2477.900 0.228
2478.000 0.227
2478.100 0.226
2478.200 0.226
2478.300 0.228
2478.400 0.225
2478.500 0.227
2478.600 0.224
2478.700 0.226
2478.800 0.226
2478.900 0.225
2479.000 0.223
2479.100 0.228
2479.200 0.226
2479.300 0.228
2479.400 0.226
2479.500 0.227
2479.600 0.226
2479.700 0.228
2479.800 0.231
2479.900 0.229
2480.000 0.229
2480.100 0.228
2480.200 0.228
2480.300 0.227
2480.400 0.229
2480.500 0.230
2480.600 0.228
2480.700 0.226
2480.800 0.229
2480.900 0.227
2481.000 0.228
2481.100 0.228
2481.200 0.224
2481.300 0.227
2481.400 0.228
2481.500 0.227
2481.600 0.230
2481.700 0.229
2481.800 0.229
2481.900 0.227
2482.000 0.227
2482.100 0.229
2482.200 0.227
2482.300 0.232
2482.400 0.230
2482.500 0.232
2482.600 0.229
2482.700 0.229
2482.800 0.230
2482.900 0.230
2483.000 0.231
2483.100 0.231
2483.200 0.232
2483.300 0.229
2483.400 0.235
2483.500 0.232
2483.600 0.231
2483.700 0.233
2483.800 0.234
2483.900 0.232
2484.000 0.233
2484.100 0.230
2484.200 0.235
2484.300 0.231
2484.400 0.234
2484.500 0.230
2484.600 0.233
2484.700 0.229
2484.800 0.233
2484.900 0.234
2485.000 0.236
2485.100 0.234
2485.200 0.231
2485.300 0.230
2485.400 0.230
2485.500 0.232
2485.600 0.233
2485.700 0.235
2485.800 0.233
2485.900 0.232
2486.000 0.230
2486.100 0.234
2486.200 0.232
2486.300 0.234
2486.400 0.233
2486.500 0.236
2486.600 0.233
2486.700 0.232
2486.800 0.231
2486.900 0.234
2487.000 0.237
2487.100 0.234
2487.200 0.234
2487.300 0.234
2487.400 0.231
2487.500 0.230
2487.600 0.234
2487.700 0.231
2487.800 0.232
2487.900 0.234
2488.000 0.232
2488.100 0.234
2488.200 0.234
2488.300 0.230
2488.400 0.231
2488.500 0.232
2488.600 0.231
2488.700 0.234
2488.800 0.233
2488.900 0.235
2489.000 0.234
2489.100 0.237
2489.200 0.231
2489.300 0.233
2489.400 0.233
2489.500 0.232
2489.600 0.236
2489.700 0.236
2489.800 0.236
2489.900 0.235
2490.000 0.236
2490.100 0.236
2490.200 0.235
2490.300 0.237
2490.400 0.234
2490.500 0.236
2490.600 0.238
2490.700 0.240
2490.800 0.238
2490.900 0.238
2491.000 0.234
2491.100 0.235
2491.200 0.239
2491.300 0.238
2491.400 0.234
2491.500 0.237
2491.600 0.237
2491.700 0.235
2491.800 0.236
2491.900 0.235
2492.000 0.238
2492.100 0.235
2492.200 0.235
2492.300 0.238
2492.400 0.236
2492.500 0.235
2492.600 0.238
2492.700 0.236
2492.800 0.240
2492.900 0.239
2493.000 0.240
2493.100 0.240
2493.200 0.238
2493.300 0.238
2493.400 0.238
2493.500 0.241
2493.600 0.237
2493.700 0.235
2493.800 0.238
2493.900 0.235
2494.000 0.237
2494.100 0.237
2494.200 0.239
2494.300 0.241
2494.400 0.239
2494.500 0.239
2494.600 0.237
2494.700 0.237
2494.800 0.237
2494.900 0.239
2495.000 0.236
2495.100 0.241
2495.200 0.237
2495.300 0.238
2495.400 0.239
2495.500 0.240
2495.600 0.239
2495.700 0.241
2495.800 0.241
2495.900 0.240
2496.000 0.237
2496.100 0.237
2496.200 0.240
2496.300 0.238
2496.400 0.239
2496.500 0.237
2496.600 0.241
2496.700 0.237
2496.800 0.240
2496.900 0.239
2497.000 0.242
2497.100 0.237
2497.200 0.242
2497.300 0.241
2497.400 0.239
2497.500 0.239
2497.600 0.241
2497.700 0.238
2497.800 0.238
2497.900 0.239
2498.000 0.240
2498.100 0.238
2498.200 0.240
2498.300 0.241
2498.400 0.238
2498.500 0.238
2498.600 0.240
2498.700 0.244
2498.800 0.240
2498.900 0.239
2499.000 0.238
2499.100 0.240
2499.200 0.237
2499.300 0.242
2499.400 0.241
2499.500 0.245
2499.600 0.241
2499.700 0.243
2499.800 0.244
2499.900 0.243
2500.000 0.245
