2200.100 0.005
2200.200 1.014
2200.300 0.978
2200.400 0.868
2200.500 0.862
2200.600 0.843
2200.700 0.850
2200.800 0.845
2200.900 0.844
2201.000 0.838
2201.100 0.831
2201.200 0.837
2201.300 0.827
2201.400 0.824
2201.500 0.813
2201.600 0.818
2201.700 0.806
2201.800 0.812
2201.900 0.795
2202.000 0.791
2202.100 0.786
2202.200 0.772
2202.300 0.758
2202.400 0.761
2202.500 0.755
2202.600 0.743
2202.700 0.738
2202.800 0.735
2202.900 0.739
2203.000 0.734
2203.100 0.736
2203.200 0.727
2203.300 0.730
2203.400 0.723
2203.500 0.719
2203.600 0.714
2203.700 0.710
2203.800 0.702
2203.900 0.693
2204.000 0.678
2204.100 0.668
2204.200 0.648
2204.300 0.642
2204.400 0.629
2204.500 0.607
2204.600 0.600
2204.700 0.574
2204.800 0.567
2204.900 0.544
2205.000 0.539
2205.100 0.508
2205.200 0.490
2205.300 0.478
2205.400 0.458
2205.500 0.434
2205.600 0.427
2205.700 0.401
2205.800 0.398
2205.900 0.380
2206.000 0.371
2206.100 0.361
2206.200 0.365
2206.300 0.362
2206.400 0.365
2206.500 0.362
2206.600 0.362
2206.700 0.359
2206.800 0.362
2206.900 0.367
2207.000 0.366
2207.100 0.367
2207.200 0.364
2207.300 0.366
2207.400 0.367
2207.500 0.371
2207.600 0.365
2207.700 0.370
2207.800 0.369
2207.900 0.368
2208.000 0.371
2208.100 0.374
2208.200 0.370
2208.300 0.376
2208.400 0.374
2208.500 0.373
2208.600 0.374
2208.700 0.379
2208.800 0.375
2208.900 0.375
2209.000 0.375
2209.100 0.378
2209.200 0.376
2209.300 0.376
2209.400 0.378
2209.500 0.378
2209.600 0.379
2209.700 0.375
2209.800 0.381
2209.900 0.377
2210.000 0.379
2210.100 0.379
2210.200 0.377
2210.300 0.380
2210.400 0.383
2210.500 0.382
2210.600 0.386
2210.700 0.384
2210.800 0.385
2210.900 0.387
2211.000 0.387
2211.100 0.389
2211.200 0.388
2211.300 0.390
2211.400 0.389
2211.500 0.388
2211.600 0.387
2211.700 0.388
2211.800 0.386
2211.900 0.394
2212.000 0.396
2212.100 0.396
2212.200 0.392
2212.300 0.395
2212.400 0.392
2212.500 0.391
2212.600 0.393
2212.700 0.400
2212.800 0.397
2212.900 0.400
2213.000 0.396
2213.100 0.403
2213.200 0.399
2213.300 0.404
2213.400 0.404
2213.500 0.400
2213.600 0.405
2213.700 0.403
2213.800 0.403
2213.900 0.406
2214.000 0.403
2214.100 0.401
2214.200 0.405
2214.300 0.406
2214.400 0.409
2214.500 0.408
2214.600 0.413
2214.700 0.409
2214.800 0.415
2214.900 0.413
2215.000 0.411
2215.100 0.410
2215.200 0.412
2215.300 0.412
2215.400 0.418
2215.500 0.418
2215.600 0.412
2215.700 0.417
2215.800 0.414
2215.900 0.414
2216.000 0.416
2216.100 0.417
2216.200 0.417
2216.300 0.418
2216.400 0.419
2216.500 0.423
2216.600 0.420
2216.700 0.423
2216.800 0.426
2216.900 0.428
2217.000 0.426
2217.100 0.430
2217.200 0.427
2217.300 0.426
2217.400 0.426
2217.500 0.429
2217.600 0.429
2217.700 0.433
2217.800 0.434
2217.900 0.430
2218.000 0.434
2218.100 0.429
2218.200 0.434
2218.300 0.434
2218.400 0.435
2218.500 0.436
2218.600 0.437
2218.700 0.435
2218.800 0.439
2218.900 0.439
2219.000 0.441
2219.100 0.437
2219.200 0.444
2219.300 0.442
2219.400 0.447
2219.500 0.444
2219.600 0.445
2219.700 0.447
2219.800 0.451
2219.900 0.449
2220.000 0.451
2220.100 0.448
2220.200 0.448
2220.300 0.447
2220.400 0.448
2220.500 0.450
2220.600 0.455
2220.700 0.453
2220.800 0.452
2220.900 0.455
2221.000 0.453
2221.100 0.458
2221.200 0.457
2221.300 0.460
2221.400 0.458
2221.500 0.459
2221.600 0.461
2221.700 0.466
2221.800 0.464
2221.900 0.464
2222.000 0.466
2222.100 0.465
2222.200 0.463
2222.300 0.473
2222.400 0.466
2222.500 0.471
2222.600 0.469
2222.700 0.469
2222.800 0.472
2222.900 0.472
2223.000 0.472
2223.100 0.476
2223.200 0.479
2223.300 0.472
2223.400 0.477
2223.500 0.478
2223.600 0.479
2223.700 0.482
2223.800 0.482
2223.900 0.482
2224.000 0.488
2224.100 0.486
2224.200 0.489
2224.300 0.487
2224.400 0.487
2224.500 0.487
2224.600 0.491
2224.700 0.493
2224.800 0.489
2224.900 0.492
2225.000 0.490
2225.100 0.494
2225.200 0.492
2225.300 0.497
2225.400 0.497
2225.500 0.501
2225.600 0.499
2225.700 0.504
2225.800 0.498
2225.900 0.503
2226.000 0.502
2226.100 0.512
2226.200 0.509
2226.300 0.510
2226.400 0.509
2226.500 0.510
2226.600 0.510
2226.700 0.509
2226.800 0.515
2226.900 0.524
2227.000 0.515
2227.100 0.518
2227.200 0.517
2227.300 0.514
2227.400 0.520
2227.500 0.525
2227.600 0.524
2227.700 0.525
2227.800 0.528
2227.900 0.523
2228.000 0.531
2228.100 0.525
2228.200 0.531
2228.300 0.525
2228.400 0.531
2228.500 0.533
2228.600 0.532
2228.700 0.533
2228.800 0.539
2228.900 0.536
2229.000 0.539
2229.100 0.538
2229.200 0.538
2229.300 0.542
2229.400 0.543
2229.500 0.543
2229.600 0.545
2229.700 0.545
2229.800 0.544
2229.900 0.548
2230.000 0.548
2230.100 0.555
2230.200 0.552
2230.300 0.558
2230.400 0.558
2230.500 0.564
2230.600 0.558
2230.700 0.562
2230.800 0.558
2230.900 0.560
2231.000 0.566
2231.100 0.567
2231.200 0.567
2231.300 0.566
2231.400 0.571
2231.500 0.568
2231.600 0.573
2231.700 0.572
2231.800 0.578
2231.900 0.575
2232.000 0.581
2232.100 0.576
2232.200 0.579
2232.300 0.580
2232.400 0.582
2232.500 0.580
2232.600 0.589
2232.700 0.591
2232.800 0.589
2232.900 0.586
2233.000 0.584
2233.100 0.588
2233.200 0.589
2233.300 0.599
2233.400 0.596
2233.500 0.603
2233.600 0.601
2233.700 0.601
2233.800 0.602
2233.900 0.601
2234.000 0.604
2234.100 0.614
2234.200 0.611
2234.300 0.610
2234.400 0.615
2234.500 0.610
2234.600 0.612
2234.700 0.616
2234.800 0.622
2234.900 0.619
2235.000 0.624
2235.100 0.622
2235.200 0.623
2235.300 0.621
2235.400 0.623
2235.500 0.622
2235.600 0.635
2235.700 0.633
2235.800 0.632
2235.900 0.637
2236.000 0.634
2236.100 0.639
2236.200 0.638
2236.300 0.643
2236.400 0.642
2236.500 0.645
2236.600 0.646
2236.700 0.656
2236.800 0.651
2236.900 0.651
2237.000 0.656
2237.100 0.656
2237.200 0.656
2237.300 0.660
2237.400 0.661
2237.500 0.665
2237.600 0.663
2237.700 0.667
2237.800 0.671
2237.900 0.668
2238.000 0.671
2238.100 0.676
2238.200 0.678
2238.300 0.676
2238.400 0.680
2238.500 0.683
2238.600 0.687
2238.700 0.687
2238.800 0.691
2238.900 0.689
2239.000 0.695
2239.100 0.694
2239.200 0.697
2239.300 0.696
2239.400 0.699
2239.500 0.700
2239.600 0.699
2239.700 0.703
2239.800 0.711
2239.900 0.705
2240.000 0.710
2240.100 0.712
2240.200 0.714
2240.300 0.717
2240.400 0.719
2240.500 0.722
2240.600 0.723
2240.700 0.729
2240.800 0.726
2240.900 0.730
2241.000 0.732
2241.100 0.733
2241.200 0.736
2241.300 0.743
2241.400 0.741
2241.500 0.747
2241.600 0.743
2241.700 0.742
2241.800 0.751
2241.900 0.750
2242.000 0.755
2242.100 0.754
2242.200 0.754
2242.300 0.758
2242.400 0.765
2242.500 0.764
2242.600 0.767
2242.700 0.765
2242.800 0.779
2242.900 0.773
2243.000 0.782
2243.100 0.778
2243.200 0.785
2243.300 0.786
2243.400 0.788
2243.500 0.785
2243.600 0.788
2243.700 0.794
2243.800 0.800
2243.900 0.799
2244.000 0.800
2244.100 0.806
2244.200 0.801
2244.300 0.810
2244.400 0.811
2244.500 0.814
2244.600 0.815
2244.700 0.822
2244.800 0.819
2244.900 0.829
2245.000 0.826
2245.100 0.827
2245.200 0.835
2245.300 0.836
2245.400 0.835
2245.500 0.841
2245.600 0.844
2245.700 0.846
2245.800 0.856
2245.900 0.854
2246.000 0.857
2246.100 0.858
2246.200 0.862
2246.300 0.862
2246.400 0.872
2246.500 0.868
2246.600 0.876
2246.700 0.876
2246.800 0.878
2246.900 0.881
2247.000 0.894
2247.100 0.890
2247.200 0.897
2247.300 0.902
2247.400 0.904
2247.500 0.902
2247.600 0.905
2247.700 0.914
2247.800 0.922
2247.900 0.918
2248.000 0.918
2248.100 0.923
2248.200 0.923
2248.300 0.928
2248.400 0.928
2248.500 0.937
2248.600 0.940
2248.700 0.941
2248.800 0.945
2248.900 0.954
2249.000 0.951
2249.100 0.954
2249.200 0.959
2249.300 0.973
2249.400 0.971
2249.500 0.972
2249.600 0.970
2249.700 0.974
2249.800 0.983
2249.900 0.982
2250.000 0.987
2250.100 0.991
2250.200 0.999
2250.300 0.997
2250.400 0.999
2250.500 1.007
2250.600 1.016
2250.700 1.013
2250.800 1.018
2250.900 1.017
2251.000 1.029
2251.100 1.029
2251.200 1.043
2251.300 1.041
2251.400 1.042
2251.500 1.046
2251.600 1.050
2251.700 1.054
2251.800 1.058
2251.900 1.064
2252.000 1.070
2252.100 1.071
2252.200 1.078
2252.300 1.078
2252.400 1.085
2252.500 1.086
2252.600 1.091
2252.700 1.098
2252.800 1.099
2252.900 1.110
2253.000 1.107
2253.100 1.110
2253.200 1.121
2253.300 1.130
2253.400 1.132
2253.500 1.142
2253.600 1.143
2253.700 1.145
2253.800 1.149
2253.900 1.150
2254.000 1.161
2254.100 1.161
2254.200 1.171
2254.300 1.176
2254.400 1.173
2254.500 1.185
2254.600 1.195
2254.700 1.192
2254.800 1.203
2254.900 1.206
2255.000 1.211
2255.100 1.212
2255.200 1.226
2255.300 1.227
2255.400 1.238
2255.500 1.237
2255.600 1.244
2255.700 1.252
2255.800 1.251
2255.900 1.263
2256.000 1.272
2256.100 1.274
2256.200 1.285
2256.300 1.284
2256.400 1.287
2256.500 1.298
2256.600 1.301
2256.700 1.308
2256.800 1.310
2256.900 1.322
2257.000 1.324
2257.100 1.330
2257.200 1.335
2257.300 1.346
2257.400 1.349
2257.500 1.360
2257.600 1.362
2257.700 1.370
2257.800 1.373
2257.900 1.381
2258.000 1.387
2258.100 1.399
2258.200 1.403
2258.300 1.412
2258.400 1.415
2258.500 1.434
2258.600 1.433
2258.700 1.445
2258.800 1.443
2258.900 1.452
2259.000 1.469
2259.100 1.471
2259.200 1.476
2259.300 1.479
2259.400 1.491
2259.500 1.495
2259.600 1.505
2259.700 1.515
2259.800 1.523
2259.900 1.528
2260.000 1.543
2260.100 1.545
2260.200 1.559
2260.300 1.567
2260.400 1.582
2260.500 1.587
2260.600 1.593
2260.700 1.602
2260.800 1.606
2260.900 1.619
2261.000 1.715
2261.100 1.709
2261.200 1.716
2261.300 1.706
2261.400 1.708
2261.500 1.707
2261.600 1.707
2261.700 1.700
2261.800 1.702
2261.900 1.712
2262.000 1.726
2262.100 1.727
2262.200 1.739
2262.300 1.748
2262.400 1.757
2262.500 1.771
2262.600 1.773
2262.700 1.790
2262.800 1.800
2262.900 1.815
2263.000 1.825
2263.100 1.833
2263.200 1.844
2263.300 1.847
2263.400 1.866
2263.500 1.873
2263.600 1.884
2263.700 1.901
2263.800 1.906
2263.900 1.921
2264.000 1.936
2264.100 1.942
2264.200 1.961
2264.300 1.967
2264.400 1.989
2264.500 2.005
2264.600 2.015
2264.700 2.029
2264.800 2.044
2264.900 2.082
2265.000 2.097
2265.100 2.101
2265.200 2.110
2265.300 2.128
2265.400 2.142
2265.500 2.137
2265.600 2.141
2265.700 2.147
2265.800 2.177
2265.900 2.191
2266.000 2.203
2266.100 2.217
2266.200 2.241
2266.300 2.249
2266.400 2.271
2266.500 2.293
2266.600 2.302
2266.700 2.328
2266.800 2.334
2266.900 2.354
2267.000 2.366
2267.100 2.388
2267.200 2.409
2267.300 2.417
2267.400 2.440
2267.500 2.455
2267.600 2.470
2267.700 2.500
2267.800 2.508
2267.900 2.538
2268.000 2.552
2268.100 2.571
2268.200 2.582
2268.300 2.610
2268.400 2.634
2268.500 2.648
2268.600 2.676
2268.700 2.702
2268.800 2.711
2268.900 2.745
2269.000 2.751
2269.100 2.783
2269.200 2.803
2269.300 2.822
2269.400 2.857
2269.500 2.867
2269.600 2.905
2269.700 2.938
2269.800 2.954
2269.900 2.976
2270.000 2.997
2270.100 3.029
2270.200 3.058
2270.300 3.073
2270.400 3.111
2270.500 3.125
2270.600 3.170
2270.700 3.181
2270.800 3.227
2270.900 3.255
2271.000 3.274
2271.100 3.306
2271.200 3.351
2271.300 3.371
2271.400 3.418
2271.500 3.433
2271.600 3.469
2271.700 3.509
2271.800 3.531
2271.900 3.572
2272.000 3.593
2272.100 3.641
2272.200 3.688
2272.300 3.715
2272.400 3.749
2272.500 3.783
2272.600 3.829
2272.700 3.888
2272.800 3.910
2272.900 3.962
2273.000 3.990
2273.100 4.036
2273.200 4.085
2273.300 4.120
2273.400 4.172
2273.500 4.200
2273.600 4.254
2273.700 4.314
2273.800 4.342
2273.900 4.424
2274.000 4.449
2274.100 4.503
2274.200 4.570
2274.300 4.598
2274.400 4.654
2274.500 4.692
2274.600 4.773
2274.700 4.834
2274.800 4.875
2274.900 4.935
2275.000 4.978
2275.100 5.041
2275.200 5.125
2275.300 5.156
2275.400 5.240
2275.500 5.270
2275.600 5.348
2275.700 5.428
2275.800 5.476
2275.900 5.556
2276.000 5.592
2276.100 5.678
2276.200 5.766
2276.300 5.804
2276.400 5.881
2276.500 5.918
2276.600 6.001
2276.700 6.079
2276.800 6.119
2276.900 6.211
2277.000 6.248
2277.100 6.335
2277.200 6.399
2277.300 6.451
2277.400 6.482
2277.500 6.560
2277.600 6.628
2277.700 6.701
2277.800 6.727
2277.900 6.800
2278.000 6.824
2278.100 6.876
2278.200 6.928
2278.300 6.951
2278.400 6.994
2278.500 7.014
2278.600 7.066
2278.700 7.077
2278.800 7.108
2278.900 7.123
2279.000 7.136
2279.100 7.137
2279.200 7.145
2279.300 7.141
2279.400 7.149
2279.500 7.141
2279.600 7.146
2279.700 7.137
2279.800 7.121
2279.900 7.099
2280.000 7.096
2280.100 7.085
2280.200 7.061
2280.300 7.044
2280.400 7.032
2280.500 7.017
2280.600 7.013
2280.700 7.009
2280.800 7.008
2280.900 7.007
2281.000 7.010
2281.100 7.046
2281.200 7.050
2281.300 7.076
2281.400 7.092
2281.500 7.123
2281.600 7.149
2281.700 7.172
2281.800 7.206
2281.900 7.276
2282.000 7.304
2282.100 7.354
2282.200 7.385
2282.300 7.457
2282.400 7.516
2282.500 7.548
2282.600 7.606
2282.700 7.637
2282.800 7.750
2282.900 7.860
2283.000 7.899
2283.100 7.973
2283.200 8.020
2283.300 8.037
2283.400 8.034
2283.500 8.044
2283.600 8.077
2283.700 8.093
2283.800 8.131
2283.900 8.132
2284.000 8.140
2284.100 8.117
2284.200 8.113
2284.300 8.077
2284.400 8.028
2284.500 7.991
2284.600 7.960
2284.700 7.890
2284.800 7.774
2284.900 7.709
2285.000 7.560
2285.100 7.404
2285.200 7.327
2285.300 7.155
2285.400 7.062
2285.500 6.880
2285.600 6.678
2285.700 6.582
2285.800 6.364
2285.900 6.274
2286.000 6.053
2286.100 5.852
2286.200 5.739
2286.300 5.541
2286.400 5.436
2286.500 5.247
2286.600 5.055
2286.700 4.961
2286.800 4.780
2286.900 4.695
2287.000 4.531
2287.100 4.377
2287.200 4.302
2287.300 4.168
2287.400 4.028
2287.500 3.976
2287.600 3.914
2287.700 3.804
2287.800 3.700
2287.900 3.600
2288.000 3.557
2288.100 3.478
2288.200 3.435
2288.300 3.376
2288.400 3.312
2288.500 3.281
2288.600 3.230
2288.700 3.207
2288.800 3.163
2288.900 3.133
2289.000 3.114
2289.100 3.088
2289.200 3.068
2289.300 3.039
2289.400 3.020
2289.500 3.007
2289.600 2.992
2289.700 2.983
2289.800 2.968
2289.900 2.947
2290.000 2.951
2290.100 2.933
2290.200 2.933
2290.300 2.920
2290.400 2.907
2290.500 2.904
2290.600 2.895
2290.700 2.884
2290.800 2.876
2290.900 2.873
2291.000 2.861
2291.100 2.853
2291.200 2.849
2291.300 2.844
2291.400 2.842
2291.500 2.827
2291.600 2.819
2291.700 2.814
2291.800 2.799
2291.900 2.814
2292.000 2.797
2292.100 2.788
2292.200 2.780
2292.300 2.773
2292.400 2.760
2292.500 2.754
2292.600 2.741
2292.700 2.734
2292.800 2.722
2292.900 2.711
2293.000 2.708
2293.100 2.701
2293.200 2.696
2293.300 2.693
2293.400 2.693
2293.500 2.670
2293.600 2.666
2293.700 2.652
2293.800 2.645
2293.900 2.634
2294.000 2.627
2294.100 2.615
2294.200 2.617
2294.300 2.604
2294.400 2.600
2294.500 2.581
2294.600 2.572
2294.700 2.565
2294.800 2.561
2294.900 2.556
2295.000 2.544
2295.100 2.522
2295.200 2.521
2295.300 2.506
2295.400 2.500
2295.500 2.492
2295.600 2.482
2295.700 2.473
2295.800 2.460
2295.900 2.456
2296.000 2.445
2296.100 2.430
2296.200 2.420
2296.300 2.417
2296.400 2.410
2296.500 2.394
2296.600 2.391
2296.700 2.385
2296.800 2.376
2296.900 2.378
2297.000 2.368
2297.100 2.358
2297.200 2.350
2297.300 2.347
2297.400 2.341
2297.500 2.330
2297.600 2.318
2297.700 2.306
2297.800 2.296
2297.900 2.287
2298.000 2.279
2298.100 2.276
2298.200 2.262
2298.300 2.255
2298.400 2.255
2298.500 2.243
2298.600 2.240
2298.700 2.228
2298.800 2.226
2298.900 2.215
2299.000 2.198
2299.100 2.192
2299.200 2.188
2299.300 2.176
2299.400 2.172
2299.500 2.162
2299.600 2.154
2299.700 2.146
2299.800 2.144
2299.900 2.136
2300.000 2.128
2300.100 2.130
2300.200 2.120
2300.300 2.107
2300.400 2.103
2300.500 2.077
2300.600 2.074
2300.700 2.074
2300.800 2.064
2300.900 2.061
2301.000 2.062
2301.100 2.051
2301.200 2.048
2301.300 2.038
2301.400 2.033
2301.500 2.029
2301.600 2.022
2301.700 2.013
2301.800 2.009
2301.900 1.999
2302.000 1.991
2302.100 1.988
2302.200 1.988
2302.300 1.974
2302.400 1.969
2302.500 1.960
2302.600 1.966
2302.700 1.956
2302.800 1.951
2302.900 1.941
2303.000 1.935
2303.100 1.930
2303.200 1.932
2303.300 1.914
2303.400 1.918
2303.500 1.903
2303.600 1.903
2303.700 1.893
2303.800 1.888
2303.900 1.883
2304.000 1.875
2304.100 1.876
2304.200 1.869
2304.300 1.866
2304.400 1.862
2304.500 1.850
2304.600 1.848
2304.700 1.846
2304.800 1.835
2304.900 1.834
2305.000 1.824
2305.100 1.827
2305.200 1.814
2305.300 1.812
2305.400 1.809
2305.500 1.808
2305.600 1.800
2305.700 1.794
2305.800 1.783
2305.900 1.788
2306.000 1.774
2306.100 1.773
2306.200 1.769
2306.300 1.765
2306.400 1.759
2306.500 1.757
2306.600 1.753
2306.700 1.742
2306.800 1.744
2306.900 1.741
2307.000 1.729
2307.100 1.727
2307.200 1.728
2307.300 1.719
2307.400 1.722
2307.500 1.711
2307.600 1.713
2307.700 1.702
2307.800 1.697
2307.900 1.693
2308.000 1.685
2308.100 1.677
2308.200 1.688
2308.300 1.682
2308.400 1.676
2308.500 1.665
2308.600 1.665
2308.700 1.660
2308.800 1.655
2308.900 1.653
2309.000 1.651
2309.100 1.647
2309.200 1.636
2309.300 1.634
2309.400 1.628
2309.500 1.636
2309.600 1.623
2309.700 1.621
2309.800 1.619
2309.900 1.616
2310.000 1.613
2310.100 1.616
2310.200 1.606
2310.300 1.601
2310.400 1.594
2310.500 1.595
2310.600 1.592
2310.700 1.586
2310.800 1.580
2310.900 1.577
2311.000 1.569
2311.100 1.563
2311.200 1.567
2311.300 1.560
2311.400 1.556
2311.500 1.552
2311.600 1.557
2311.700 1.550
2311.800 1.556
2311.900 1.546
2312.000 1.540
2312.100 1.536
2312.200 1.539
2312.300 1.533
2312.400 1.532
2312.500 1.524
2312.600 1.526
2312.700 1.520
2312.800 1.514
2312.900 1.510
2313.000 1.514
2313.100 1.506
2313.200 1.504
2313.300 1.502
2313.400 1.498
2313.500 1.498
2313.600 1.495
2313.700 1.492
2313.800 1.487
2313.900 1.482
2314.000 1.480
2314.100 1.482
2314.200 1.470
2314.300 1.482
2314.400 1.468
2314.500 1.466
2314.600 1.463
2314.700 1.460
2314.800 1.460
2314.900 1.457
2315.000 1.449
2315.100 1.452
2315.200 1.449
2315.300 1.445
2315.400 1.445
2315.500 1.444
2315.600 1.437
2315.700 1.433
2315.800 1.433
2315.900 1.428
2316.000 1.425
2316.100 1.421
2316.200 1.416
2316.300 1.416
2316.400 1.418
2316.500 1.413
2316.600 1.412
2316.700 1.406
2316.800 1.409
2316.900 1.404
2317.000 1.397
2317.100 1.396
2317.200 1.400
2317.300 1.392
2317.400 1.398
2317.500 1.387
2317.600 1.390
2317.700 1.388
2317.800 1.384
2317.900 1.379
2318.000 1.384
2318.100 1.376
2318.200 1.371
2318.300 1.375
2318.400 1.364
2318.500 1.368
2318.600 1.363
2318.700 1.364
2318.800 1.361
2318.900 1.361
2319.000 1.358
2319.100 1.358
2319.200 1.353
2319.300 1.348
2319.400 1.345
2319.500 1.352
2319.600 1.345
2319.700 1.349
2319.800 1.346
2319.900 1.347
2320.000 1.337
2320.100 1.338
2320.200 1.330
2320.300 1.327
2320.400 1.320
2320.500 1.325
2320.600 1.326
2320.700 1.319
2320.800 1.329
2320.900 1.317
2321.000 1.325
2321.100 1.322
2321.200 1.318
2321.300 1.311
2321.400 1.306
2321.500 1.304
2321.600 1.306
2321.700 1.301
2321.800 1.301
2321.900 1.299
2322.000 1.294
2322.100 1.295
2322.200 1.288
2322.300 1.291
2322.400 1.287
2322.500 1.298
2322.600 1.285
2322.700 1.288
2322.800 1.282
2322.900 1.287
2323.000 1.284
2323.100 1.284
2323.200 1.272
2323.300 1.271
2323.400 1.266
2323.500 1.272
2323.600 1.265
2323.700 1.262
2323.800 1.264
2323.900 1.260
2324.000 1.258
2324.100 1.258
2324.200 1.254
2324.300 1.252
2324.400 1.254
2324.500 1.253
2324.600 1.255
2324.700 1.249
2324.800 1.246
2324.900 1.246
2325.000 1.244
2325.100 1.242
2325.200 1.240
2325.300 1.240
2325.400 1.243
2325.500 1.244
2325.600 1.235
2325.700 1.234
2325.800 1.235
2325.900 1.230
2326.000 1.229
2326.100 1.226
2326.200 1.231
2326.300 1.223
2326.400 1.220
2326.500 1.218
2326.600 1.215
2326.700 1.216
2326.800 1.216
2326.900 1.219
2327.000 1.214
2327.100 1.208
2327.200 1.213
2327.300 1.212
2327.400 1.205
2327.500 1.210
2327.600 1.202
2327.700 1.200
2327.800 1.199
2327.900 1.206
2328.000 1.201
2328.100 1.200
2328.200 1.195
2328.300 1.193
2328.400 1.194
2328.500 1.192
2328.600 1.184
2328.700 1.188
2328.800 1.188
2328.900 1.188
2329.000 1.194
2329.100 1.186
2329.200 1.185
2329.300 1.178
2329.400 1.177
2329.500 1.174
2329.600 1.183
2329.700 1.182
2329.800 1.178
2329.900 1.171
2330.000 1.172
2330.100 1.169
2330.200 1.168
2330.300 1.170
2330.400 1.168
2330.500 1.169
2330.600 1.159
2330.700 1.164
2330.800 1.160
2330.900 1.164
2331.000 1.158
2331.100 1.162
2331.200 1.158
2331.300 1.158
2331.400 1.151
2331.500 1.156
2331.600 1.147
2331.700 1.153
2331.800 1.153
2331.900 1.149
2332.000 1.146
2332.100 1.151
2332.200 1.148
2332.300 1.143
2332.400 1.141
2332.500 1.134
2332.600 1.144
2332.700 1.144
2332.800 1.140
2332.900 1.136
2333.000 1.137
2333.100 1.136
2333.200 1.139
2333.300 1.132
2333.400 1.131
2333.500 1.129
2333.600 1.129
2333.700 1.126
2333.800 1.129
2333.900 1.121
2334.000 1.121
2334.100 1.126
2334.200 1.122
2334.300 1.117
2334.400 1.125
2334.500 1.122
2334.600 1.115
2334.700 1.119
2334.800 1.115
2334.900 1.121
2335.000 1.116
2335.100 1.114
2335.200 1.109
2335.300 1.110
2335.400 1.110
2335.500 1.110
2335.600 1.101
2335.700 1.112
2335.800 1.106
2335.900 1.109
2336.000 1.109
2336.100 1.108
2336.200 1.105
2336.300 1.109
2336.400 1.100
2336.500 1.106
2336.600 1.099
2336.700 1.094
2336.800 1.102
2336.900 1.102
2337.000 1.098
2337.100 1.101
2337.200 1.097
2337.300 1.095
2337.400 1.097
2337.500 1.094
2337.600 1.090
2337.700 1.089
2337.800 1.092
2337.900 1.086
2338.000 1.093
2338.100 1.087
2338.200 1.089
2338.300 1.084
2338.400 1.088
2338.500 1.090
2338.600 1.088
2338.700 1.080
2338.800 1.083
2338.900 1.078
2339.000 1.080
2339.100 1.080
2339.200 1.079
2339.300 1.072
2339.400 1.079
2339.500 1.077
2339.600 1.086
2339.700 1.079
2339.800 1.080
2339.900 1.078
2340.000 1.075
2340.100 1.070
2340.200 1.070
2340.300 1.069
2340.400 1.069
2340.500 1.069
2340.600 1.068
2340.700 1.066
2340.800 1.064
2340.900 1.069
2341.000 1.070
2341.100 1.067
2341.200 1.064
2341.300 1.065
2341.400 1.067
2341.500 1.066
2341.600 1.063
2341.700 1.065
2341.800 1.064
2341.900 1.065
2342.000 1.058
2342.100 1.060
2342.200 1.059
2342.300 1.060
2342.400 1.055
2342.500 1.063
2342.600 1.058
2342.700 1.058
2342.800 1.056
2342.900 1.059
2343.000 1.049
2343.100 1.057
2343.200 1.054
2343.300 1.048
2343.400 1.053
2343.500 1.050
2343.600 1.050
2343.700 1.052
2343.800 1.049
2343.900 1.047
2344.000 1.055
2344.100 1.047
2344.200 1.054
2344.300 1.046
2344.400 1.043
2344.500 1.044
2344.600 1.040
2344.700 1.040
2344.800 1.039
2344.900 1.041
2345.000 1.039
2345.100 1.046
2345.200 1.036
2345.300 1.041
2345.400 1.040
2345.500 1.039
2345.600 1.036
2345.700 1.041
2345.800 1.033
2345.900 1.044
2346.000 1.036
2346.100 1.040
2346.200 1.035
2346.300 1.039
2346.400 1.035
2346.500 1.034
2346.600 1.034
2346.700 1.032
2346.800 1.030
2346.900 1.029
2347.000 1.030
2347.100 1.025
2347.200 1.033
2347.300 1.029
2347.400 1.033
2347.500 1.027
2347.600 1.030
2347.700 1.027
2347.800 1.029
2347.900 1.027
2348.000 1.034
2348.100 1.029
2348.200 1.022
2348.300 1.022
2348.400 1.018
2348.500 1.021
2348.600 1.026
2348.700 1.018
2348.800 1.017
2348.900 1.017
2349.000 1.016
2349.100 1.021
2349.200 1.016
2349.300 1.019
2349.400 1.019
2349.500 1.020
2349.600 1.015
2349.700 1.020
2349.800 1.016
2349.900 1.025
2350.000 1.015
2350.100 1.015
2350.200 1.013
2350.300 1.013
2350.400 1.009
2350.500 1.017
2350.600 1.013
2350.700 1.014
2350.800 1.011
2350.900 1.010
2351.000 1.007
2351.100 1.007
2351.200 1.008
2351.300 1.007
2351.400 1.013
2351.500 1.007
2351.600 1.009
2351.700 1.005
2351.800 1.015
2351.900 1.012
2352.000 1.011
2352.100 1.006
2352.200 1.008
2352.300 1.005
2352.400 1.002
2352.500 1.008
2352.600 1.004
2352.700 1.003
2352.800 0.999
2352.900 1.001
2353.000 0.998
2353.100 1.008
2353.200 1.005
2353.300 1.005
2353.400 1.001
2353.500 1.007
2353.600 1.005
2353.700 1.010
2353.800 1.003
2353.900 1.002
2354.000 1.001
2354.100 1.000
2354.200 1.000
2354.300 1.005
2354.400 0.998
2354.500 0.998
2354.600 1.001
2354.700 0.998
2354.800 1.001
2354.900 0.998
2355.000 1.000
2355.100 0.994
2355.200 0.993
2355.300 0.996
2355.400 1.002
2355.500 0.998
2355.600 0.998
2355.700 0.999
2355.800 1.000
2355.900 1.000
2356.000 1.002
2356.100 0.999
2356.200 0.993
2356.300 0.991
2356.400 0.994
2356.500 0.994
2356.600 0.992
2356.700 0.997
2356.800 0.996
2356.900 0.995
2357.000 0.992
2357.100 0.992
2357.200 0.989
2357.300 0.996
2357.400 0.992
2357.500 0.992
2357.600 0.991
2357.700 0.998
2357.800 0.993
2357.900 0.997
2358.000 0.989
2358.100 0.995
2358.200 0.989
2358.300 0.988
2358.400 0.990
2358.500 0.994
2358.600 0.985
2358.700 0.994
2358.800 0.989
2358.900 0.990
2359.000 0.988
2359.100 0.984
2359.200 0.990
2359.300 0.992
2359.400 0.986
2359.500 0.983
2359.600 0.990
2359.700 0.984
2359.800 0.986
2359.900 0.984
2360.000 0.993
2360.100 0.985
2360.200 0.996
2360.300 0.991
2360.400 0.992
2360.500 0.988
2360.600 0.992
2360.700 0.988
2360.800 0.992
2360.900 0.988
2361.000 0.991
2361.100 0.987
2361.200 0.984
2361.300 0.981
2361.400 0.983
2361.500 0.988
2361.600 0.988
2361.700 0.985
2361.800 0.987
2361.900 0.985
2362.000 0.987
2362.100 0.984
2362.200 0.981
2362.300 0.982
2362.400 0.977
2362.500 0.982
2362.600 0.981
2362.700 0.983
2362.800 0.978
2362.900 0.982
2363.000 0.978
2363.100 0.986
2363.200 0.979
2363.300 0.981
2363.400 0.979
2363.500 0.986
2363.600 0.981
2363.700 0.982
2363.800 0.978
2363.900 0.978
2364.000 0.983
2364.100 0.985
2364.200 0.984
2364.300 0.981
2364.400 0.986
2364.500 0.984
2364.600 0.987
2364.700 0.981
2364.800 0.985
2364.900 0.977
2365.000 0.982
2365.100 0.981
2365.200 0.982
2365.300 0.980
2365.400 0.986
2365.500 0.978
2365.600 0.978
2365.700 0.978
2365.800 0.979
2365.900 0.984
2366.000 0.985
2366.100 0.983
2366.200 0.975
2366.300 0.985
2366.400 0.981
2366.500 0.981
2366.600 0.980
2366.700 0.982
2366.800 0.980
2366.900 0.987
2367.000 0.978
2367.100 0.985
2367.200 0.981
2367.300 0.982
2367.400 0.984
2367.500 0.986
2367.600 0.987
2367.700 0.980
2367.800 0.979
2367.900 0.976
2368.000 0.982
2368.100 0.979
2368.200 0.983
2368.300 0.979
2368.400 0.982
2368.500 0.982
2368.600 0.985
2368.700 0.984
2368.800 0.987
2368.900 0.981
2369.000 0.984
2369.100 0.979
2369.200 0.980
2369.300 0.978
2369.400 0.983
2369.500 0.983
2369.600 0.982
2369.700 0.981
2369.800 0.982
2369.900 0.981
2370.000 0.984
2370.100 0.980
2370.200 0.981
2370.300 0.987
2370.400 0.981
2370.500 0.979
2370.600 0.980
2370.700 0.979
2370.800 0.982
2370.900 0.987
2371.000 0.986
2371.100 0.984
2371.200 0.980
2371.300 0.979
2371.400 0.983
2371.500 0.981
2371.600 0.982
2371.700 0.982
2371.800 0.987
2371.900 0.983
2372.000 0.982
2372.100 0.983
2372.200 0.983
2372.300 0.981
2372.400 0.984
2372.500 0.984
2372.600 0.988
2372.700 0.984
2372.800 0.981
2372.900 0.981
2373.000 0.988
2373.100 0.989
2373.200 0.984
2373.300 0.988
2373.400 0.983
2373.500 0.986
2373.600 0.985
2373.700 0.985
2373.800 0.983
2373.900 0.984
2374.000 0.981
2374.100 0.987
2374.200 0.986
2374.300 0.993
2374.400 0.988
2374.500 0.988
2374.600 0.986
2374.700 0.988
2374.800 0.983
2374.900 0.993
2375.000 0.992
2375.100 0.985
2375.200 0.991
2375.300 0.987
2375.400 0.992
2375.500 0.989
2375.600 0.995
2375.700 0.989
2375.800 0.994
2375.900 0.988
2376.000 0.994
2376.100 0.991
2376.200 0.991
2376.300 0.990
2376.400 0.988
2376.500 0.988
2376.600 0.995
2376.700 0.993
2376.800 0.994
2376.900 0.991
2377.000 0.991
2377.100 0.993
2377.200 0.990
2377.300 0.991
2377.400 0.990
2377.500 0.991
2377.600 0.989
2377.700 0.995
2377.800 0.992
2377.900 0.995
2378.000 0.996
2378.100 1.001
2378.200 0.996
2378.300 0.996
2378.400 0.995
2378.500 0.994
2378.600 0.995
2378.700 1.000
2378.800 0.997
2378.900 0.999
2379.000 0.995
2379.100 0.997
2379.200 0.999
2379.300 0.994
2379.400 1.005
2379.500 1.000
2379.600 1.003
2379.700 1.004
2379.800 1.002
2379.900 1.001
2380.000 1.006
2380.100 1.002
2380.200 1.003
2380.300 1.003
2380.400 1.004
2380.500 1.004
2380.600 1.009
2380.700 1.004
2380.800 1.011
2380.900 1.008
2381.000 1.007
2381.100 1.007
2381.200 1.007
2381.300 1.006
2381.400 1.008
2381.500 1.010
2381.600 1.007
2381.700 1.007
2381.800 1.008
2381.900 1.012
2382.000 1.009
2382.100 1.011
2382.200 1.006
2382.300 1.015
2382.400 1.014
2382.500 1.019
2382.600 1.014
2382.700 1.017
2382.800 1.015
2382.900 1.016
2383.000 1.014
2383.100 1.019
2383.200 1.016
2383.300 1.015
2383.400 1.014
2383.500 1.016
2383.600 1.020
2383.700 1.022
2383.800 1.020
2383.900 1.017
2384.000 1.021
2384.100 1.018
2384.200 1.017
2384.300 1.019
2384.400 1.019
2384.500 1.020
2384.600 1.022
2384.700 1.021
2384.800 1.028
2384.900 1.027
2385.000 1.028
2385.100 1.026
2385.200 1.030
2385.300 1.023
2385.400 1.027
2385.500 1.027
2385.600 1.035
2385.700 1.032
2385.800 1.030
2385.900 1.031
2386.000 1.029
2386.100 1.032
2386.200 1.028
2386.300 1.036
2386.400 1.039
2386.500 1.035
2386.600 1.029
2386.700 1.029
2386.800 1.032
2386.900 1.038
2387.000 1.038
2387.100 1.042
2387.200 1.040
2387.300 1.044
2387.400 1.038
2387.500 1.040
2387.600 1.038
2387.700 1.037
2387.800 1.044
2387.900 1.047
2388.000 1.044
2388.100 1.043
2388.200 1.046
2388.300 1.044
2388.400 1.047
2388.500 1.044
2388.600 1.049
2388.700 1.045
2388.800 1.050
2388.900 1.047
2389.000 1.051
2389.100 1.047
2389.200 1.055
2389.300 1.050
2389.400 1.051
2389.500 1.050
2389.600 1.056
2389.700 1.053
2389.800 1.052
2389.900 1.054
2390.000 1.052
2390.100 1.055
2390.200 1.052
2390.300 1.054
2390.400 1.057
2390.500 1.060
2390.600 1.061
2390.700 1.065
2390.800 1.057
2390.900 1.067
2391.000 1.061
2391.100 1.064
2391.200 1.062
2391.300 1.064
2391.400 1.062
2391.500 1.069
2391.600 1.069
2391.700 1.067
2391.800 1.069
2391.900 1.073
2392.000 1.068
2392.100 1.068
2392.200 1.074
2392.300 1.076
2392.400 1.076
2392.500 1.073
2392.600 1.078
2392.700 1.076
2392.800 1.074
2392.900 1.082
2393.000 1.079
2393.100 1.076
2393.200 1.086
2393.300 1.080
2393.400 1.084
2393.500 1.087
2393.600 1.085
2393.700 1.082
2393.800 1.091
2393.900 1.088
2394.000 1.089
2394.100 1.080
2394.200 1.090
2394.300 1.085
2394.400 1.088
2394.500 1.096
2394.600 1.099
2394.700 1.097
2394.800 1.102
2394.900 1.099
2395.000 1.099
2395.100 1.096
2395.200 1.096
2395.300 1.102
2395.400 1.102
2395.500 1.102
2395.600 1.102
2395.700 1.108
2395.800 1.109
2395.900 1.109
2396.000 1.109
2396.100 1.108
2396.200 1.108
2396.300 1.116
2396.400 1.112
2396.500 1.124
2396.600 1.116
2396.700 1.115
2396.800 1.121
2396.900 1.125
2397.000 1.122
2397.100 1.124
2397.200 1.124
2397.300 1.121
2397.400 1.126
2397.500 1.123
2397.600 1.129
2397.700 1.132
2397.800 1.132
2397.900 1.132
2398.000 1.133
2398.100 1.132
2398.200 1.135
2398.300 1.134
2398.400 1.145
2398.500 1.139
2398.600 1.145
2398.700 1.139
2398.800 1.144
2398.900 1.145
2399.000 1.145
2399.100 1.144
2399.200 1.151
2399.300 1.146
2399.400 1.145
2399.500 1.150
2399.600 1.154
2399.700 1.154
2399.800 1.155
2399.900 1.155
2400.000 1.155
2400.100 1.157
2400.200 1.157
2400.300 1.162
2400.400 1.156
2400.500 1.161
2400.600 1.164
2400.700 1.172
2400.800 1.170
2400.900 1.170
2401.000 1.175
2401.100 1.175
2401.200 1.172
2401.300 1.178
2401.400 1.178
2401.500 1.175
2401.600 1.181
2401.700 1.183
2401.800 1.184
2401.900 1.183
2402.000 1.194
2402.100 1.185
2402.200 1.185
2402.300 1.189
2402.400 1.194
2402.500 1.192
2402.600 1.204
2402.700 1.201
2402.800 1.206
2402.900 1.201
2403.000 1.207
2403.100 1.205
2403.200 1.209
2403.300 1.208
2403.400 1.207
2403.500 1.215
2403.600 1.226
2403.700 1.223
2403.800 1.216
2403.900 1.221
2404.000 1.221
2404.100 1.222
2404.200 1.222
2404.300 1.230
2404.400 1.227
2404.500 1.231
2404.600 1.231
2404.700 1.239
2404.800 1.235
2404.900 1.241
2405.000 1.241
2405.100 1.242
2405.200 1.241
2405.300 1.249
2405.400 1.245
2405.500 1.250
2405.600 1.250
2405.700 1.250
2405.800 1.255
2405.900 1.255
2406.000 1.260
2406.100 1.263
2406.200 1.261
2406.300 1.268
2406.400 1.269
2406.500 1.271
2406.600 1.270
2406.700 1.273
2406.800 1.277
2406.900 1.279
2407.000 1.284
2407.100 1.284
2407.200 1.291
2407.300 1.288
2407.400 1.292
2407.500 1.288
2407.600 1.300
2407.700 1.298
2407.800 1.304
2407.900 1.303
2408.000 1.301
2408.100 1.313
2408.200 1.311
2408.300 1.305
2408.400 1.309
2408.500 1.310
2408.600 1.315
2408.700 1.319
2408.800 1.319
2408.900 1.324
2409.000 1.327
2409.100 1.334
2409.200 1.333
2409.300 1.335
2409.400 1.335
2409.500 1.347
2409.600 1.345
2409.700 1.347
2409.800 1.345
2409.900 1.348
2410.000 1.350
2410.100 1.352
2410.200 1.357
2410.300 1.367
2410.400 1.368
2410.500 1.371
2410.600 1.379
2410.700 1.380
2410.800 1.382
2410.900 1.377
2411.000 1.386
2411.100 1.386
2411.200 1.392
2411.300 1.389
2411.400 1.395
2411.500 1.391
2411.600 1.400
2411.700 1.407
2411.800 1.406
2411.900 1.407
2412.000 1.416
2412.100 1.416
2412.200 1.419
2412.300 1.420
2412.400 1.425
2412.500 1.432
2412.600 1.428
2412.700 1.435
2412.800 1.445
2412.900 1.443
2413.000 1.444
2413.100 1.449
2413.200 1.448
2413.300 1.453
2413.400 1.454
2413.500 1.466
2413.600 1.468
2413.700 1.477
2413.800 1.475
2413.900 1.479
2414.000 1.482
2414.100 1.482
2414.200 1.487
2414.300 1.500
2414.400 1.497
2414.500 1.503
2414.600 1.502
2414.700 1.510
2414.800 1.513
2414.900 1.517
2415.000 1.516
2415.100 1.517
2415.200 1.532
2415.300 1.529
2415.400 1.537
2415.500 1.538
2415.600 1.545
2415.700 1.547
2415.800 1.563
2415.900 1.565
2416.000 1.569
2416.100 1.565
2416.200 1.578
2416.300 1.577
2416.400 1.580
2416.500 1.580
2416.600 1.589
2416.700 1.594
2416.800 1.595
2416.900 1.600
2417.000 1.611
2417.100 1.613
2417.200 1.611
2417.300 1.621
2417.400 1.621
2417.500 1.637
2417.600 1.634
2417.700 1.649
2417.800 1.654
2417.900 1.658
2418.000 1.656
2418.100 1.667
2418.200 1.665
2418.300 1.679
2418.400 1.678
2418.500 1.686
2418.600 1.693
2418.700 1.696
2418.800 1.698
2418.900 1.702
2419.000 1.714
2419.100 1.716
2419.200 1.730
2419.300 1.735
2419.400 1.742
2419.500 1.742
2419.600 1.751
2419.700 1.756
2419.800 1.770
2419.900 1.769
2420.000 1.775
2420.100 1.776
2420.200 1.795
2420.300 1.798
2420.400 1.808
2420.500 1.815
2420.600 1.816
2420.700 1.826
2420.800 1.832
2420.900 1.836
2421.000 1.842
2421.100 1.849
2421.200 1.854
2421.300 1.868
2421.400 1.875
2421.500 1.882
2421.600 1.889
2421.700 1.907
2421.800 1.910
2421.900 1.915
2422.000 1.918
2422.100 1.936
2422.200 1.943
2422.300 1.947
2422.400 1.953
2422.500 1.970
2422.600 1.972
2422.700 1.988
2422.800 1.992
2422.900 2.000
2423.000 2.008
2423.100 2.015
2423.200 2.027
2423.300 2.033
2423.400 2.048
2423.500 2.054
2423.600 2.068
2423.700 2.077
2423.800 2.096
2423.900 2.099
2424.000 2.112
2424.100 2.116
2424.200 2.138
2424.300 2.138
2424.400 2.151
2424.500 2.164
2424.600 2.171
2424.700 2.184
2424.800 2.191
2424.900 2.210
2425.000 2.235
2425.100 2.235
2425.200 2.249
2425.300 2.253
2425.400 2.265
2425.500 2.281
2425.600 2.286
2425.700 2.302
2425.800 2.310
2425.900 2.327
2426.000 2.343
2426.100 2.359
2426.200 2.369
2426.300 2.380
2426.400 2.402
2426.500 2.421
2426.600 2.429
2426.700 2.437
2426.800 2.455
2426.900 2.473
2427.000 2.487
2427.100 2.499
2427.200 2.523
2427.300 2.532
2427.400 2.555
2427.500 2.560
2427.600 2.584
2427.700 2.608
2427.800 2.617
2427.900 2.639
2428.000 2.657
2428.100 2.675
2428.200 2.695
2428.300 2.706
2428.400 2.731
2428.500 2.743
2428.600 2.770
2428.700 2.789
2428.800 2.811
2428.900 2.884
2429.000 2.892
2429.100 2.920
2429.200 2.944
2429.300 2.952
2429.400 2.964
2429.500 2.950
2429.600 2.993
2429.700 3.016
2429.800 3.026
2429.900 3.052
2430.000 3.071
2430.100 3.115
2430.200 3.126
2430.300 3.157
2430.400 3.190
2430.500 3.210
2430.600 3.235
2430.700 3.253
2430.800 3.288
2430.900 3.324
2431.000 3.340
2431.100 3.376
2431.200 3.394
2431.300 3.440
2431.400 3.468
2431.500 3.501
2431.600 3.538
2431.700 3.555
2431.800 3.595
2431.900 3.638
2432.000 3.659
2432.100 3.698
2432.200 3.757
2432.300 3.775
2432.400 3.820
2432.500 3.841
2432.600 3.885
2432.700 3.924
2432.800 3.957
2432.900 4.010
2433.000 4.039
2433.100 4.074
2433.200 4.103
2433.300 4.154
2433.400 4.177
2433.500 4.241
2433.600 4.299
2433.700 4.346
2433.800 4.373
2433.900 4.426
2434.000 4.461
2434.100 4.517
2434.200 4.586
2434.300 4.612
2434.400 4.666
2434.500 4.696
2434.600 4.747
2434.700 4.817
2434.800 4.844
2434.900 4.912
2435.000 4.939
2435.100 5.009
2435.200 5.029
2435.300 5.102
2435.400 5.156
2435.500 5.186
2435.600 5.242
2435.700 5.306
2435.800 5.333
2435.900 5.392
2436.000 5.421
2436.100 5.475
2436.200 5.523
2436.300 5.553
2436.400 5.600
2436.500 5.624
2436.600 5.674
2436.700 5.696
2436.800 5.737
2436.900 5.772
2437.000 5.800
2437.100 5.834
2437.200 5.867
2437.300 5.891
2437.400 5.896
2437.500 5.916
2437.600 5.937
2437.700 5.946
2437.800 5.945
2437.900 5.947
2438.000 5.939
2438.100 5.931
2438.200 5.918
2438.300 5.907
2438.400 5.897
2438.500 5.873
2438.600 5.844
2438.700 5.812
2438.800 5.786
2438.900 5.757
2439.000 5.741
2439.100 5.682
2439.200 5.644
2439.300 5.597
2439.400 5.530
2439.500 5.508
2439.600 5.436
2439.700 5.417
2439.800 5.335
2439.900 5.260
2440.000 5.221
2440.100 5.154
2440.200 5.110
2440.300 5.039
2440.400 4.957
2440.500 4.919
2440.600 4.837
2440.700 4.799
2440.800 4.722
2440.900 4.647
2441.000 4.601
2441.100 4.526
2441.200 4.491
2441.300 4.406
2441.400 4.325
2441.500 4.290
2441.600 4.214
2441.700 4.171
2441.800 4.101
2441.900 4.026
2442.000 3.989
2442.100 3.911
2442.200 3.885
2442.300 3.802
2442.400 3.737
2442.500 3.703
2442.600 3.645
2442.700 3.610
2442.800 3.551
2442.900 3.488
2443.000 3.455
2443.100 3.401
2443.200 3.373
2443.300 3.310
2443.400 3.279
2443.500 3.232
2443.600 3.165
2443.700 3.149
2443.800 3.089
2443.900 3.046
2444.000 3.018
2444.100 2.969
2444.200 2.942
2444.300 2.889
2444.400 2.835
2444.500 2.822
2444.600 2.778
2444.700 2.749
2444.800 2.703
2444.900 2.677
2445.000 2.639
2445.100 2.592
2445.200 2.570
2445.300 2.536
2445.400 2.494
2445.500 2.474
2445.600 2.437
2445.700 2.415
2445.800 2.382
2445.900 2.345
2446.000 2.330
2446.100 2.289
2446.200 2.275
2446.300 2.237
2446.400 2.228
2446.500 2.193
2446.600 2.163
2446.700 2.145
2446.800 2.120
2446.900 2.089
2447.000 2.079
2447.100 2.042
2447.200 2.032
2447.300 1.997
2447.400 1.924
2447.500 1.910
2447.600 1.895
2447.700 1.880
2447.800 1.865
2447.900 1.871
2448.000 1.877
2448.100 1.836
2448.200 1.827
2448.300 1.797
2448.400 1.775
2448.500 1.766
2448.600 1.748
2448.700 1.738
2448.800 1.709
2448.900 1.682
2449.000 1.675
2449.100 1.653
2449.200 1.645
2449.300 1.627
2449.400 1.603
2449.500 1.600
2449.600 1.569
2449.700 1.569
2449.800 1.544
2449.900 1.532
2450.000 1.526
2450.100 1.497
2450.200 1.483
2450.300 1.464
2450.400 1.445
2450.500 1.435
2450.600 1.429
2450.700 1.420
2450.800 1.406
2450.900 1.387
2451.000 1.382
2451.100 1.360
2451.200 1.363
2451.300 1.338
2451.400 1.338
2451.500 1.317
2451.600 1.303
2451.700 1.292
2451.800 1.287
2451.900 1.276
2452.000 1.255
2452.100 1.241
2452.200 1.233
2452.300 1.224
2452.400 1.213
2452.500 1.201
2452.600 1.186
2452.700 1.184
2452.800 1.165
2452.900 1.169
2453.000 1.147
2453.100 1.137
2453.200 1.129
2453.300 1.123
2453.400 1.115
2453.500 1.105
2453.600 1.087
2453.700 1.087
2453.800 1.070
2453.900 1.069
2454.000 1.056
2454.100 1.048
2454.200 1.038
2454.300 1.037
2454.400 1.025
2454.500 1.012
2454.600 1.001
2454.700 0.996
2454.800 0.980
2454.900 0.979
2455.000 0.969
2455.100 0.955
2455.200 0.958
2455.300 0.947
2455.400 0.949
2455.500 0.932
2455.600 0.930
2455.700 0.920
2455.800 0.911
2455.900 0.903
2456.000 0.897
2456.100 0.887
2456.200 0.879
2456.300 0.876
2456.400 0.867
2456.500 0.859
2456.600 0.855
2456.700 0.850
2456.800 0.840
2456.900 0.834
2457.000 0.825
2457.100 0.818
2457.200 0.815
2457.300 0.808
2457.400 0.805
2457.500 0.799
2457.600 0.787
2457.700 0.783
2457.800 0.774
2457.900 0.776
2458.000 0.765
2458.100 0.760
2458.200 0.755
2458.300 0.750
2458.400 0.747
2458.500 0.742
2458.600 0.735
2458.700 0.731
2458.800 0.725
2458.900 0.720
2459.000 0.709
2459.100 0.707
2459.200 0.708
2459.300 0.697
2459.400 0.699
2459.500 0.686
2459.600 0.681
2459.700 0.676
2459.800 0.674
2459.900 0.667
2460.000 0.665
2460.100 0.656
2460.200 0.651
2460.300 0.644
2460.400 0.639
2460.500 0.637
2460.600 0.629
2460.700 0.630
2460.800 0.627
2460.900 0.621
2461.000 0.617
2461.100 0.616
2461.200 0.607
2461.300 0.604
2461.400 0.599
2461.500 0.599
2461.600 0.589
2461.700 0.587
2461.800 0.582
2461.900 0.578
2462.000 0.573
2462.100 0.578
2462.200 0.571
2462.300 0.562
2462.400 0.558
2462.500 0.554
2462.600 0.551
2462.700 0.545
2462.800 0.544
2462.900 0.538
2463.000 0.536
2463.100 0.534
2463.200 0.529
2463.300 0.522
2463.400 0.524
2463.500 0.515
2463.600 0.515
2463.700 0.513
2463.800 0.507
2463.900 0.503
2464.000 0.500
2464.100 0.498
2464.200 0.492
2464.300 0.488
2464.400 0.485
2464.500 0.484
2464.600 0.480
2464.700 0.479
2464.800 0.471
2464.900 0.470
2465.000 0.467
2465.100 0.469
2465.200 0.460
2465.300 0.456
2465.400 0.454
2465.500 0.455
2465.600 0.448
2465.700 0.447
2465.800 0.441
2465.900 0.445
2466.000 0.435
2466.100 0.426
2466.200 0.425
2466.300 0.421
2466.400 0.419
2466.500 0.417
2466.600 0.415
2466.700 0.418
2466.800 0.411
2466.900 0.413
2467.000 0.408
2467.100 0.402
2467.200 0.401
2467.300 0.399
2467.400 0.397
2467.500 0.390
2467.600 0.392
2467.700 0.388
2467.800 0.386
2467.900 0.385
2468.000 0.386
2468.100 0.378
2468.200 0.379
2468.300 0.373
2468.400 0.372
2468.500 0.368
2468.600 0.367
2468.700 0.364
2468.800 0.366
2468.900 0.363
2469.000 0.362
2469.100 0.356
2469.200 0.354
2469.300 0.348
2469.400 0.344
2469.500 0.345
2469.600 0.341
2469.700 0.338
2469.800 0.336
2469.900 0.341
2470.000 0.338
2470.100 0.337
2470.200 0.328
2470.300 0.327
2470.400 0.323
2470.500 0.324
2470.600 0.324
2470.700 0.323
2470.800 0.316
2470.900 0.313
2471.000 0.312
2471.100 0.309
2471.200 0.306
2471.300 0.305
2471.400 0.303
2471.500 0.302
2471.600 0.300
2471.700 0.294
2471.800 0.293
2471.900 0.290
2472.000 0.292
2472.100 0.288
2472.200 0.289
2472.300 0.283
2472.400 0.286
2472.500 0.281
2472.600 0.284
2472.700 0.274
2472.800 0.277
2472.900 0.270
2473.000 0.273
2473.100 0.271
2473.200 0.272
2473.300 0.264
2473.400 0.264
2473.500 0.263
2473.600 0.260
2473.700 0.260
2473.800 0.260
2473.900 0.255
2474.000 0.252
2474.100 0.252
2474.200 0.249
2474.300 0.247
2474.400 0.244
2474.500 0.243
2474.600 0.245
2474.700 0.244
2474.800 0.239
2474.900 0.239
2475.000 0.233
2475.100 0.236
2475.200 0.235
2475.300 0.232
2475.400 0.229
2475.500 0.229
2475.600 0.226
2475.700 0.222
2475.800 0.225
2475.900 0.218
2476.000 0.221
2476.100 0.220
2476.200 0.218
2476.300 0.216
2476.400 0.215
2476.500 0.208
2476.600 0.213
2476.700 0.208
2476.800 0.210
2476.900 0.206
2477.000 0.204
2477.100 0.202
2477.200 0.200
2477.300 0.201
2477.400 0.199
2477.500 0.197
2477.600 0.193
2477.700 0.195
2477.800 0.190
2477.900 0.190
2478.000 0.189
2478.100 0.187
2478.200 0.184
2478.300 0.185
2478.400 0.182
2478.500 0.181
2478.600 0.183
2478.700 0.180
2478.800 0.181
2478.900 0.179
2479.000 0.174
2479.100 0.176
2479.200 0.175
2479.300 0.173
2479.400 0.171
2479.500 0.167
2479.600 0.169
2479.700 0.170
2479.800 0.168
2479.900 0.165
2480.000 0.163
2480.100 0.162
2480.200 0.159
2480.300 0.161
2480.400 0.158
2480.500 0.157
2480.600 0.157
2480.700 0.154
2480.800 0.151
2480.900 0.147
2481.000 0.151
2481.100 0.148
2481.200 0.147
2481.300 0.147
2481.400 0.148
2481.500 0.145
2481.600 0.145
2481.700 0.138
2481.800 0.142
2481.900 0.140
2482.000 0.140
2482.100 0.137
2482.200 0.139
2482.300 0.136
2482.400 0.134
2482.500 0.133
2482.600 0.131
2482.700 0.131
2482.800 0.133
2482.900 0.131
2483.000 0.130
2483.100 0.126
2483.200 0.125
2483.300 0.124
2483.400 0.123
2483.500 0.124
2483.600 0.122
2483.700 0.120
2483.800 0.118
2483.900 0.117
2484.000 0.116
2484.100 0.114
2484.200 0.113
2484.300 0.114
2484.400 0.111
2484.500 0.107
2484.600 0.111
2484.700 0.109
2484.800 0.108
2484.900 0.107
2485.000 0.101
2485.100 0.103
2485.200 0.099
2485.300 0.098
2485.400 0.101
2485.500 0.100
2485.600 0.096
2485.700 0.099
2485.800 0.099
2485.900 0.097
2486.000 0.097
2486.100 0.095
2486.200 0.095
2486.300 0.095
2486.400 0.095
2486.500 0.091
2486.600 0.094
2486.700 0.090
2486.800 0.094
2486.900 0.086
2487.000 0.086
2487.100 0.086
2487.200 0.087
2487.300 0.084
2487.400 0.085
2487.500 0.083
2487.600 0.080
2487.700 0.080
2487.800 0.079
2487.900 0.079
2488.000 0.076
2488.100 0.078
2488.200 0.073
2488.300 0.074
2488.400 0.073
2488.500 0.075
2488.600 0.071
2488.700 0.071
2488.800 0.071
2488.900 0.072
2489.000 0.069
2489.100 0.067
2489.200 0.064
2489.300 0.067
2489.400 0.066
2489.500 0.066
2489.600 0.066
2489.700 0.063
2489.800 0.063
2489.900 0.062
2490.000 0.061
2490.100 0.058
2490.200 0.061
2490.300 0.059
2490.400 0.057
2490.500 0.060
2490.600 0.058
2490.700 0.055
2490.800 0.055
2490.900 0.053
2491.000 0.056
2491.100 0.052
2491.200 0.053
2491.300 0.051
2491.400 0.052
2491.500 0.048
2491.600 0.048
2491.700 0.045
2491.800 0.048
2491.900 0.048
2492.000 0.047
2492.100 0.046
2492.200 0.042
2492.300 0.041
2492.400 0.043
2492.500 0.041
2492.600 0.041
2492.700 0.040
2492.800 0.038
2492.900 0.040
2493.000 0.038
2493.100 0.036
2493.200 0.039
2493.300 0.038
2493.400 0.037
2493.500 0.035
2493.600 0.035
2493.700 0.035
2493.800 0.036
2493.900 0.034
2494.000 0.030
2494.100 0.032
2494.200 0.030
2494.300 0.031
2494.400 0.028
2494.500 0.031
2494.600 0.029
2494.700 0.028
2494.800 0.028
2494.900 0.028
2495.000 0.027
2495.100 0.027
2495.200 0.026
2495.300 0.027
2495.400 0.027
2495.500 0.026
2495.600 0.024
2495.700 0.023
2495.800 0.024
2495.900 0.023
2496.000 0.022
2496.100 0.023
2496.200 0.024
2496.300 0.026
2496.400 0.024
2496.500 0.020
2496.600 0.023
2496.700 0.020
2496.800 0.024
2496.900 0.019
2497.000 0.018
2497.100 0.021
2497.200 0.018
2497.300 0.018
2497.400 0.016
2497.500 0.018
2497.600 0.018
2497.700 0.018
2497.800 0.015
2497.900 0.019
2498.000 0.018
2498.100 0.019
2498.200 0.017
2498.300 0.019
2498.400 0.020
2498.500 0.021
2498.600 0.019
2498.700 0.020
2498.800 0.018
2498.900 0.017
2499.000 0.018
2499.100 0.019
2499.200 0.019
2499.300 0.018
2499.400 0.018
2499.500 0.019
2499.600 0.021
2499.700 0.018
2499.800 0.022
2499.900 0.021
2500.000 0.023
