2200.100 0.003
2200.200 0.005
2200.300 0.894
2200.400 0.859
2200.500 0.829
2200.600 0.819
2200.700 0.796
2200.800 0.789
2200.900 0.781
2201.000 0.784
2201.100 0.779
2201.200 0.776
2201.300 0.781
2201.400 0.784
2201.500 0.777
2201.600 0.775
2201.700 0.783
2201.800 0.775
2201.900 0.778
2202.000 0.770
2202.100 0.764
2202.200 0.763
2202.300 0.753
2202.400 0.740
2202.500 0.742
2202.600 0.737
2202.700 0.736
2202.800 0.730
2202.900 0.732
2203.000 0.727
2203.100 0.731
2203.200 0.726
2203.300 0.713
2203.400 0.717
2203.500 0.712
2203.600 0.705
2203.700 0.696
2203.800 0.695
2203.900 0.683
2204.000 0.667
2204.100 0.645
2204.200 0.639
2204.300 0.616
2204.400 0.592
2204.500 0.579
2204.600 0.559
2204.700 0.544
2204.800 0.520
2204.900 0.494
2205.000 0.485
2205.100 0.464
2205.200 0.453
2205.300 0.427
2205.400 0.408
2205.500 0.397
2205.600 0.386
2205.700 0.373
2205.800 0.361
2205.900 0.364
2206.000 0.362
2206.100 0.365
2206.200 0.361
2206.300 0.364
2206.400 0.364
2206.500 0.361
2206.600 0.360
2206.700 0.368
2206.800 0.367
2206.900 0.366
2207.000 0.364
2207.100 0.368
2207.200 0.368
2207.300 0.367
2207.400 0.369
2207.500 0.368
2207.600 0.368
2207.700 0.367
2207.800 0.367
2207.900 0.366
2208.000 0.372
2208.100 0.369
2208.200 0.370
2208.300 0.373
2208.400 0.374
2208.500 0.376
2208.600 0.374
2208.700 0.372
2208.800 0.376
2208.900 0.377
2209.000 0.372
2209.100 0.374
2209.200 0.378
2209.300 0.378
2209.400 0.379
2209.500 0.379
2209.600 0.381
2209.700 0.381
2209.800 0.381
2209.900 0.380
2210.000 0.380
2210.100 0.378
2210.200 0.380
2210.300 0.383
2210.400 0.380
2210.500 0.382
2210.600 0.387
2210.700 0.384
2210.800 0.383
2210.900 0.383
2211.000 0.384
2211.100 0.386
2211.200 0.387
2211.300 0.386
2211.400 0.385
2211.500 0.391
2211.600 0.388
2211.700 0.392
2211.800 0.392
2211.900 0.394
2212.000 0.389
2212.100 0.396
2212.200 0.398
2212.300 0.400
2212.400 0.398
2212.500 0.395
2212.600 0.396
2212.700 0.393
2212.800 0.399
2212.900 0.398
2213.000 0.401
2213.100 0.401
2213.200 0.400
2213.300 0.399
2213.400 0.403
2213.500 0.401
2213.600 0.404
2213.700 0.403
2213.800 0.407
2213.900 0.406
2214.000 0.406
2214.100 0.405
2214.200 0.410
2214.300 0.407
2214.400 0.407
2214.500 0.407
2214.600 0.410
2214.700 0.409
2214.800 0.415
2214.900 0.412
2215.000 0.412
2215.100 0.411
2215.200 0.413
2215.300 0.414
2215.400 0.413
2215.500 0.418
2215.600 0.414
2215.700 0.415
2215.800 0.416
2215.900 0.428
2216.000 0.425
2216.100 0.424
2216.200 0.418
2216.300 0.423
2216.400 0.424
2216.500 0.423
2216.600 0.420
2216.700 0.426
2216.800 0.422
2216.900 0.423
2217.000 0.426
2217.100 0.429
2217.200 0.428
2217.300 0.427
2217.400 0.430
2217.500 0.431
2217.600 0.427
2217.700 0.430
2217.800 0.436
2217.900 0.432
2218.000 0.437
2218.100 0.434
2218.200 0.436
2218.300 0.437
2218.400 0.443
2218.500 0.436
2218.600 0.438
2218.700 0.439
2218.800 0.444
2218.900 0.443
2219.000 0.446
2219.100 0.444
2219.200 0.450
2219.300 0.446
2219.400 0.443
2219.500 0.447
2219.600 0.452
2219.700 0.449
2219.800 0.449
2219.900 0.448
2220.000 0.449
2220.100 0.448
2220.200 0.449
2220.300 0.451
2220.400 0.451
2220.500 0.454
2220.600 0.456
2220.700 0.458
2220.800 0.455
2220.900 0.464
2221.000 0.455
2221.100 0.460
2221.200 0.460
2221.300 0.464
2221.400 0.462
2221.500 0.465
2221.600 0.463
2221.700 0.465
2221.800 0.465
2221.900 0.469
2222.000 0.472
2222.100 0.478
2222.200 0.472
2222.300 0.473
2222.400 0.473
2222.500 0.474
2222.600 0.475
2222.700 0.486
2222.800 0.501
2222.900 0.495
2223.000 0.483
2223.100 0.481
2223.200 0.480
2223.300 0.479
2223.400 0.485
2223.500 0.484
2223.600 0.487
2223.700 0.479
2223.800 0.488
2223.900 0.486
2224.000 0.491
2224.100 0.489
2224.200 0.489
2224.300 0.489
2224.400 0.496
2224.500 0.494
2224.600 0.493
2224.700 0.500
2224.800 0.499
2224.900 0.499
2225.000 0.498
2225.100 0.503
2225.200 0.502
2225.300 0.505
2225.400 0.506
2225.500 0.505
2225.600 0.503
2225.700 0.513
2225.800 0.508
2225.900 0.508
2226.000 0.506
2226.100 0.510
2226.200 0.506
2226.300 0.512
2226.400 0.513
2226.500 0.520
2226.600 0.515
2226.700 0.519
2226.800 0.518
2226.900 0.517
2227.000 0.517
2227.100 0.518
2227.200 0.519
2227.300 0.527
2227.400 0.526
2227.500 0.527
2227.600 0.535
2227.700 0.533
2227.800 0.537
2227.900 0.537
2228.000 0.532
2228.100 0.530
2228.200 0.534
2228.300 0.534
2228.400 0.533
2228.500 0.533
2228.600 0.572
2228.700 0.592
2228.800 0.584
2228.900 0.571
2229.000 0.562
2229.100 0.560
2229.200 0.566
2229.300 0.553
2229.400 0.553
2229.500 0.549
2229.600 0.553
2229.700 0.546
2229.800 0.549
2229.900 0.552
2230.000 0.551
2230.100 0.554
2230.200 0.567
2230.300 0.566
2230.400 0.564
2230.500 0.564
2230.600 0.564
2230.700 0.574
2230.800 0.589
2230.900 0.582
2231.000 0.577
2231.100 0.573
2231.200 0.574
2231.300 0.574
2231.400 0.575
2231.500 0.574
2231.600 0.573
2231.700 0.578
2231.800 0.574
2231.900 0.577
2232.000 0.577
2232.100 0.580
2232.200 0.578
2232.300 0.586
2232.400 0.583
2232.500 0.584
2232.600 0.587
2232.700 0.588
2232.800 0.591
2232.900 0.591
2233.000 0.594
2233.100 0.592
2233.200 0.598
2233.300 0.597
2233.400 0.603
2233.500 0.601
2233.600 0.605
2233.700 0.600
2233.800 0.603
2233.900 0.606
2234.000 0.610
2234.100 0.611
2234.200 0.614
2234.300 0.609
2234.400 0.616
2234.500 0.617
2234.600 0.615
2234.700 0.620
2234.800 0.629
2234.900 0.624
2235.000 0.624
2235.100 0.629
2235.200 0.627
2235.300 0.658
2235.400 0.653
2235.500 0.643
2235.600 0.642
2235.700 0.642
2235.800 0.643
2235.900 0.644
2236.000 0.640
2236.100 0.647
2236.200 0.649
2236.300 0.644
2236.400 0.650
2236.500 0.652
2236.600 0.654
2236.700 0.653
2236.800 0.657
2236.900 0.654
2237.000 0.660
2237.100 0.660
2237.200 0.668
2237.300 0.738
2237.400 0.738
2237.500 0.729
2237.600 0.718
2237.700 0.705
2237.800 0.704
2237.900 0.693
2238.000 0.685
2238.100 0.683
2238.200 0.682
2238.300 0.680
2238.400 0.683
2238.500 0.682
2238.600 0.684
2238.700 0.686
2238.800 0.685
2238.900 0.688
2239.000 0.697
2239.100 0.695
2239.200 0.693
2239.300 0.701
2239.400 0.701
2239.500 0.704
2239.600 0.701
2239.700 0.715
2239.800 0.715
2239.900 0.717
2240.000 0.715
2240.100 0.715
2240.200 0.716
2240.300 0.719
2240.400 0.719
2240.500 0.719
2240.600 0.725
2240.700 0.728
2240.800 0.728
2240.900 0.730
2241.000 0.736
2241.100 0.736
2241.200 0.739
2241.300 0.735
2241.400 0.743
2241.500 0.744
2241.600 0.751
2241.700 0.750
2241.800 0.752
2241.900 0.750
2242.000 0.761
2242.100 0.760
2242.200 0.765
2242.300 0.764
2242.400 0.766
2242.500 0.772
2242.600 0.772
2242.700 0.779
2242.800 0.780
2242.900 0.782
2243.000 0.784
2243.100 0.790
2243.200 0.787
2243.300 0.794
2243.400 0.794
2243.500 0.804
2243.600 0.801
2243.700 0.803
2243.800 0.804
2243.900 0.808
2244.000 0.808
2244.100 0.812
2244.200 0.810
2244.300 0.814
2244.400 0.816
2244.500 0.819
2244.600 0.826
2244.700 0.823
2244.800 0.834
2244.900 0.831
2245.000 0.837
2245.100 0.838
2245.200 0.841
2245.300 0.840
2245.400 0.842
2245.500 0.845
2245.600 0.850
2245.700 0.851
2245.800 0.855
2245.900 0.855
2246.000 0.861
2246.100 0.863
2246.200 0.867
2246.300 0.875
2246.400 0.872
2246.500 0.876
2246.600 0.881
2246.700 0.883
2246.800 0.881
2246.900 0.892
2247.000 0.895
2247.100 0.902
2247.200 0.902
2247.300 0.910
2247.400 0.910
2247.500 0.912
2247.600 0.918
2247.700 0.924
2247.800 0.922
2247.900 0.927
2248.000 0.927
2248.100 0.929
2248.200 0.932
2248.300 0.937
2248.400 0.942
2248.500 0.940
2248.600 0.946
2248.700 0.947
2248.800 0.961
2248.900 0.961
2249.000 0.966
2249.100 0.965
2249.200 0.971
2249.300 0.974
2249.400 0.982
2249.500 0.979
2249.600 0.987
2249.700 0.985
2249.800 0.994
2249.900 0.994
2250.000 1.000
2250.100 1.004
2250.200 1.016
2250.300 1.013
2250.400 1.020
2250.500 1.019
2250.600 1.021
2250.700 1.028
2250.800 1.029
2250.900 1.028
2251.000 1.032
2251.100 1.042
2251.200 1.048
2251.300 1.055
2251.400 1.055
2251.500 1.060
2251.600 1.064
2251.700 1.072
2251.800 1.068
2251.900 1.072
2252.000 1.076
2252.100 1.086
2252.200 1.089
2252.300 1.102
2252.400 1.098
2252.500 1.106
2252.600 1.104
2252.700 1.110
2252.800 1.119
2252.900 1.122
2253.000 1.123
2253.100 1.141
2253.200 1.141
2253.300 1.144
2253.400 1.151
2253.500 1.150
2253.600 1.157
2253.700 1.160
2253.800 1.168
2253.900 1.175
2254.000 1.178
2254.100 1.183
2254.200 1.186
2254.300 1.187
2254.400 1.197
2254.500 1.201
2254.600 1.208
2254.700 1.210
2254.800 1.219
2254.900 1.223
2255.000 1.230
2255.100 1.235
2255.200 1.233
2255.300 1.244
2255.400 1.258
2255.500 1.258
2255.600 1.263
2255.700 1.271
2255.800 1.275
2255.900 1.282
2256.000 1.287
2256.100 1.291
2256.200 1.293
2256.300 1.303
2256.400 1.308
2256.500 1.313
2256.600 1.316
2256.700 1.321
2256.800 1.329
2256.900 1.345
2257.000 1.345
2257.100 1.352
2257.200 1.357
2257.300 1.367
2257.400 1.372
2257.500 1.375
2257.600 1.387
2257.700 1.390
2257.800 1.404
2257.900 1.415
2258.000 1.413
2258.100 1.419
2258.200 1.426
2258.300 1.432
2258.400 1.443
2258.500 1.450
2258.600 1.459
2258.700 1.464
2258.800 1.474
2258.900 1.476
2259.000 1.485
2259.100 1.496
2259.200 1.512
2259.300 1.513
2259.400 1.520
2259.500 1.520
2259.600 1.540
2259.700 1.540
2259.800 1.554
2259.900 1.561
2260.000 1.568
2260.100 1.575
2260.200 1.581
2260.300 1.594
2260.400 1.604
2260.500 1.605
2260.600 1.609
2260.700 1.619
2260.800 1.655
2260.900 1.657
2261.000 1.669
2261.100 1.682
2261.200 1.685
2261.300 1.692
2261.400 1.685
2261.500 1.700
2261.600 1.710
2261.700 1.717
2261.800 1.723
2261.900 1.736
2262.000 1.742
2262.100 1.758
2262.200 1.761
2262.300 1.784
2262.400 1.792
2262.500 1.809
2262.600 1.815
2262.700 1.817
2262.800 1.831
2262.900 1.850
2263.000 1.855
2263.100 1.862
2263.200 1.874
2263.300 1.887
2263.400 1.900
2263.500 1.903
2263.600 1.926
2263.700 1.934
2263.800 1.952
2263.900 1.966
2264.000 1.972
2264.100 1.982
2264.200 2.002
2264.300 2.009
2264.400 2.022
2264.500 2.032
2264.600 2.055
2264.700 2.061
2264.800 2.087
2264.900 2.089
2265.000 2.110
2265.100 2.123
2265.200 2.128
2265.300 2.149
2265.400 2.157
2265.500 2.173
2265.600 2.193
2265.700 2.198
2265.800 2.215
2265.900 2.227
2266.000 2.243
2266.100 2.269
2266.200 2.278
2266.300 2.298
2266.400 2.307
2266.500 2.329
2266.600 2.335
2266.700 2.360
2266.800 2.378
2266.900 2.386
2267.000 2.408
2267.100 2.433
2267.200 2.445
2267.300 2.477
2267.400 2.482
2267.500 2.505
2267.600 2.515
2267.700 2.536
2267.800 2.565
2267.900 2.580
2268.000 2.602
2268.100 2.624
2268.200 2.653
2268.300 2.672
2268.400 2.688
2268.500 2.704
2268.600 2.714
2268.700 2.745
2268.800 2.772
2268.900 2.781
2269.000 2.814
2269.100 2.842
2269.200 2.852
2269.300 2.895
2269.400 2.905
2269.500 2.939
2269.600 2.971
2269.700 2.986
2269.800 3.017
2269.900 3.042
2270.000 3.067
2270.100 3.103
2270.200 3.118
2270.300 3.157
2270.400 3.169
2270.500 3.216
2270.600 3.245
2270.700 3.262
2270.800 3.292
2270.900 3.320
2271.000 3.365
2271.100 3.400
2271.200 3.413
2271.300 3.459
2271.400 3.479
2271.500 3.529
2271.600 3.562
2271.700 3.585
2271.800 3.623
2271.900 3.644
2272.000 3.693
2272.100 3.744
2272.200 3.767
2272.300 3.809
2272.400 3.838
2272.500 3.878
2272.600 3.935
2272.700 3.957
2272.800 4.027
2272.900 4.047
2273.000 4.101
2273.100 4.124
2273.200 4.177
2273.300 4.201
2273.400 4.254
2273.500 4.315
2273.600 4.382
2273.700 4.415
2273.800 4.480
2273.900 4.511
2274.000 4.563
2274.100 4.598
2274.200 4.661
2274.300 4.731
2274.400 4.760
2274.500 4.827
2274.600 4.899
2274.700 4.949
2274.800 5.008
2274.900 5.050
2275.000 5.113
2275.100 5.149
2275.200 5.234
2275.300 5.314
2275.400 5.350
2275.500 5.426
2275.600 5.507
2275.700 5.543
2275.800 5.631
2275.900 5.670
2276.000 5.762
2276.100 5.843
2276.200 5.892
2276.300 5.973
2276.400 6.023
2276.500 6.106
2276.600 6.148
2276.700 6.229
2276.800 6.312
2276.900 6.355
2277.000 6.435
2277.100 6.465
2277.200 6.544
2277.300 6.635
2277.400 6.667
2277.500 6.747
2277.600 6.776
2277.700 6.857
2277.800 6.914
2277.900 6.943
2278.000 7.003
2278.100 7.043
2278.200 7.085
2278.300 7.192
2278.400 7.232
2278.500 7.257
2278.600 7.262
2278.700 7.288
2278.800 7.265
2278.900 7.243
2279.000 7.284
2279.100 7.309
2279.200 7.327
2279.300 7.318
2279.400 7.309
2279.500 7.293
2279.600 7.288
2279.700 7.266
2279.800 7.264
2279.900 7.250
2280.000 7.223
2280.100 7.213
2280.200 7.193
2280.300 7.182
2280.400 7.183
2280.500 7.164
2280.600 7.165
2280.700 7.161
2280.800 7.160
2280.900 7.195
2281.000 7.206
2281.100 7.226
2281.200 7.264
2281.300 7.288
2281.400 7.342
2281.500 7.412
2281.600 7.443
2281.700 7.546
2281.800 7.632
2281.900 7.687
2282.000 7.785
2282.100 7.859
2282.200 7.963
2282.300 8.085
2282.400 8.141
2282.500 8.206
2282.600 8.334
2282.700 8.472
2282.800 8.592
2282.900 8.654
2283.000 8.776
2283.100 8.840
2283.200 8.970
2283.300 9.090
2283.400 9.146
2283.500 9.248
2283.600 9.301
2283.700 9.387
2283.800 9.476
2283.900 9.515
2284.000 9.584
2284.100 9.604
2284.200 9.659
2284.300 9.679
2284.400 9.686
2284.500 9.669
2284.600 9.659
2284.700 9.634
2284.800 9.618
2284.900 9.544
2285.000 9.451
2285.100 9.380
2285.200 9.237
2285.300 9.079
2285.400 8.995
2285.500 8.912
2285.600 8.714
2285.700 8.498
2285.800 8.259
2285.900 8.145
2286.000 8.015
2286.100 7.757
2286.200 7.487
2286.300 7.233
2286.400 7.092
2286.500 6.813
2286.600 6.670
2286.700 6.401
2286.800 6.118
2286.900 5.984
2287.000 5.726
2287.100 5.589
2287.200 5.330
2287.300 5.085
2287.400 4.964
2287.500 4.852
2287.600 4.628
2287.700 4.406
2287.800 4.327
2287.900 4.117
2288.000 3.936
2288.100 3.848
2288.200 3.689
2288.300 3.535
2288.400 3.465
2288.500 3.334
2288.600 3.266
2288.700 3.155
2288.800 3.107
2288.900 3.010
2289.000 2.934
2289.100 2.891
2289.200 2.827
2289.300 2.793
2289.400 2.735
2289.500 2.684
2289.600 2.668
2289.700 2.636
2289.800 2.621
2289.900 2.593
2290.000 2.578
2290.100 2.567
2290.200 2.545
2290.300 2.539
2290.400 2.522
2290.500 2.517
2290.600 2.510
2290.700 2.499
2290.800 2.492
2290.900 2.490
2291.000 2.485
2291.100 2.494
2291.200 2.482
2291.300 2.485
2291.400 2.480
2291.500 2.475
2291.600 2.472
2291.700 2.470
2291.800 2.468
2291.900 2.459
2292.000 2.462
2292.100 2.460
2292.200 2.464
2292.300 2.459
2292.400 2.456
2292.500 2.452
2292.600 2.445
2292.700 2.445
2292.800 2.446
2292.900 2.437
2293.000 2.434
2293.100 2.433
2293.200 2.437
2293.300 2.434
2293.400 2.441
2293.500 2.431
2293.600 2.432
2293.700 2.416
2293.800 2.414
2293.900 2.406
2294.000 2.411
2294.100 2.403
2294.200 2.401
2294.300 2.397
2294.400 2.382
2294.500 2.382
2294.600 2.373
2294.700 2.372
2294.800 2.367
2294.900 2.360
2295.000 2.354
2295.100 2.351
2295.200 2.337
2295.300 2.349
2295.400 2.335
2295.500 2.336
2295.600 2.326
2295.700 2.323
2295.800 2.313
2295.900 2.283
2296.000 2.291
2296.100 2.270
2296.200 2.278
2296.300 2.275
2296.400 2.272
2296.500 2.254
2296.600 2.268
2296.700 2.245
2296.800 2.251
2296.900 2.240
2297.000 2.236
2297.100 2.230
2297.200 2.217
2297.300 2.213
2297.400 2.219
2297.500 2.205
2297.600 2.206
2297.700 2.191
2297.800 2.188
2297.900 2.174
2298.000 2.174
2298.100 2.166
2298.200 2.165
2298.300 2.157
2298.400 2.148
2298.500 2.141
2298.600 2.136
2298.700 2.131
2298.800 2.131
2298.900 2.125
2299.000 2.112
2299.100 2.111
2299.200 2.095
2299.300 2.105
2299.400 2.090
2299.500 2.081
2299.600 2.072
2299.700 2.066
2299.800 2.062
2299.900 2.070
2300.000 2.053
2300.100 2.048
2300.200 2.044
2300.300 2.033
2300.400 2.026
2300.500 2.019
2300.600 2.012
2300.700 2.001
2300.800 2.002
2300.900 1.993
2301.000 1.994
2301.100 1.983
2301.200 1.979
2301.300 1.972
2301.400 1.963
2301.500 1.962
2301.600 1.955
2301.700 1.952
2301.800 1.959
2301.900 1.947
2302.000 1.940
2302.100 1.928
2302.200 1.926
2302.300 1.919
2302.400 1.910
2302.500 1.910
2302.600 1.896
2302.700 1.895
2302.800 1.891
2302.900 1.889
2303.000 1.884
2303.100 1.884
2303.200 1.874
2303.300 1.870
2303.400 1.858
2303.500 1.862
2303.600 1.857
2303.700 1.851
2303.800 1.842
2303.900 1.840
2304.000 1.836
2304.100 1.825
2304.200 1.829
2304.300 1.818
2304.400 1.818
2304.500 1.810
2304.600 1.806
2304.700 1.801
2304.800 1.801
2304.900 1.793
2305.000 1.793
2305.100 1.780
2305.200 1.772
2305.300 1.767
2305.400 1.763
2305.500 1.759
2305.600 1.762
2305.700 1.753
2305.800 1.756
2305.900 1.745
2306.000 1.744
2306.100 1.743
2306.200 1.738
2306.300 1.733
2306.400 1.728
2306.500 1.723
2306.600 1.716
2306.700 1.716
2306.800 1.707
2306.900 1.702
2307.000 1.697
2307.100 1.692
2307.200 1.687
2307.300 1.691
2307.400 1.679
2307.500 1.682
2307.600 1.671
2307.700 1.678
2307.800 1.661
2307.900 1.668
2308.000 1.662
2308.100 1.668
2308.200 1.658
2308.300 1.651
2308.400 1.650
2308.500 1.642
2308.600 1.640
2308.700 1.633
2308.800 1.630
2308.900 1.618
2309.000 1.625
2309.100 1.615
2309.200 1.617
2309.300 1.610
2309.400 1.612
2309.500 1.607
2309.600 1.607
2309.700 1.592
2309.800 1.591
2309.900 1.586
2310.000 1.584
2310.100 1.594
2310.200 1.587
2310.300 1.578
2310.400 1.574
2310.500 1.573
2310.600 1.561
2310.700 1.560
2310.800 1.557
2310.900 1.564
2311.000 1.554
2311.100 1.555
2311.200 1.545
2311.300 1.551
2311.400 1.540
2311.500 1.539
2311.600 1.533
2311.700 1.537
2311.800 1.531
2311.900 1.529
2312.000 1.522
2312.100 1.519
2312.200 1.512
2312.300 1.509
2312.400 1.513
2312.500 1.506
2312.600 1.505
2312.700 1.499
2312.800 1.506
2312.900 1.497
2313.000 1.498
2313.100 1.488
2313.200 1.491
2313.300 1.485
2313.400 1.485
2313.500 1.482
2313.600 1.477
2313.700 1.469
2313.800 1.464
2313.900 1.456
2314.000 1.455
2314.100 1.459
2314.200 1.459
2314.300 1.452
2314.400 1.453
2314.500 1.447
2314.600 1.444
2314.700 1.442
2314.800 1.438
2314.900 1.442
2315.000 1.439
2315.100 1.435
2315.200 1.432
2315.300 1.429
2315.400 1.425
2315.500 1.430
2315.600 1.425
2315.700 1.424
2315.800 1.419
2315.900 1.419
2316.000 1.412
2316.100 1.416
2316.200 1.414
2316.300 1.413
2316.400 1.406
2316.500 1.403
2316.600 1.397
2316.700 1.395
2316.800 1.396
2316.900 1.398
2317.000 1.387
2317.100 1.385
2317.200 1.393
2317.300 1.386
2317.400 1.384
2317.500 1.377
2317.600 1.387
2317.700 1.380
2317.800 1.377
2317.900 1.368
2318.000 1.370
2318.100 1.358
2318.200 1.365
2318.300 1.359
2318.400 1.355
2318.500 1.360
2318.600 1.356
2318.700 1.351
2318.800 1.353
2318.900 1.346
2319.000 1.351
2319.100 1.346
2319.200 1.345
2319.300 1.340
2319.400 1.339
2319.500 1.339
2319.600 1.333
2319.700 1.337
2319.800 1.330
2319.900 1.329
2320.000 1.330
2320.100 1.327
2320.200 1.327
2320.300 1.321
2320.400 1.325
2320.500 1.323
2320.600 1.320
2320.700 1.312
2320.800 1.312
2320.900 1.307
2321.000 1.309
2321.100 1.306
2321.200 1.306
2321.300 1.297
2321.400 1.295
2321.500 1.293
2321.600 1.300
2321.700 1.296
2321.800 1.293
2321.900 1.297
2322.000 1.296
2322.100 1.293
2322.200 1.291
2322.300 1.283
2322.400 1.287
2322.500 1.279
2322.600 1.280
2322.700 1.272
2322.800 1.276
2322.900 1.271
2323.000 1.279
2323.100 1.274
2323.200 1.270
2323.300 1.262
2323.400 1.261
2323.500 1.264
2323.600 1.262
2323.700 1.258
2323.800 1.259
2323.900 1.258
2324.000 1.253
2324.100 1.251
2324.200 1.247
2324.300 1.253
2324.400 1.249
2324.500 1.250
2324.600 1.246
2324.700 1.253
2324.800 1.246
2324.900 1.246
2325.000 1.243
2325.100 1.238
2325.200 1.234
2325.300 1.239
2325.400 1.229
2325.500 1.227
2325.600 1.230
2325.700 1.226
2325.800 1.223
2325.900 1.223
2326.000 1.225
2326.100 1.220
2326.200 1.220
2326.300 1.212
2326.400 1.213
2326.500 1.211
2326.600 1.216
2326.700 1.215
2326.800 1.220
2326.900 1.215
2327.000 1.215
2327.100 1.209
2327.200 1.216
2327.300 1.207
2327.400 1.204
2327.500 1.196
2327.600 1.203
2327.700 1.199
2327.800 1.197
2327.900 1.194
2328.000 1.193
2328.100 1.197
2328.200 1.190
2328.300 1.189
2328.400 1.186
2328.500 1.187
2328.600 1.188
2328.700 1.189
2328.800 1.186
2328.900 1.187
2329.000 1.181
2329.100 1.179
2329.200 1.177
2329.300 1.180
2329.400 1.177
2329.500 1.179
2329.600 1.174
2329.700 1.173
2329.800 1.169
2329.900 1.175
2330.000 1.171
2330.100 1.170
2330.200 1.166
2330.300 1.168
2330.400 1.163
2330.500 1.160
2330.600 1.162
2330.700 1.158
2330.800 1.159
2330.900 1.159
2331.000 1.153
2331.100 1.154
2331.200 1.155
2331.300 1.146
2331.400 1.158
2331.500 1.150
2331.600 1.150
2331.700 1.143
2331.800 1.147
2331.900 1.143
2332.000 1.150
2332.100 1.144
2332.200 1.143
2332.300 1.142
2332.400 1.143
2332.500 1.137
2332.600 1.134
2332.700 1.138
2332.800 1.134
2332.900 1.143
2333.000 1.135
2333.100 1.143
2333.200 1.138
2333.300 1.134
2333.400 1.133
2333.500 1.132
2333.600 1.129
2333.700 1.129
2333.800 1.123
2333.900 1.132
2334.000 1.125
2334.100 1.126
2334.200 1.124
2334.300 1.128
2334.400 1.122
2334.500 1.119
2334.600 1.119
2334.700 1.116
2334.800 1.119
2334.900 1.113
2335.000 1.118
2335.100 1.115
2335.200 1.113
2335.300 1.106
2335.400 1.113
2335.500 1.108
2335.600 1.112
2335.700 1.109
2335.800 1.115
2335.900 1.111
2336.000 1.112
2336.100 1.106
2336.200 1.103
2336.300 1.102
2336.400 1.099
2336.500 1.101
2336.600 1.097
2336.700 1.106
2336.800 1.096
2336.900 1.097
2337.000 1.092
2337.100 1.098
2337.200 1.091
2337.300 1.098
2337.400 1.095
2337.500 1.095
2337.600 1.091
2337.700 1.096
2337.800 1.094
2337.900 1.096
2338.000 1.094
2338.100 1.092
2338.200 1.085
2338.300 1.085
2338.400 1.084
2338.500 1.079
2338.600 1.086
2338.700 1.082
2338.800 1.087
2338.900 1.081
2339.000 1.089
2339.100 1.084
2339.200 1.085
2339.300 1.082
2339.400 1.080
2339.500 1.076
2339.600 1.083
2339.700 1.072
2339.800 1.077
2339.900 1.070
2340.000 1.068
2340.100 1.075
2340.200 1.081
2340.300 1.072
2340.400 1.074
2340.500 1.070
2340.600 1.065
2340.700 1.069
2340.800 1.067
2340.900 1.062
2341.000 1.063
2341.100 1.070
2341.200 1.065
2341.300 1.062
2341.400 1.060
2341.500 1.070
2341.600 1.066
2341.700 1.062
2341.800 1.060
2341.900 1.063
2342.000 1.055
2342.100 1.067
2342.200 1.057
2342.300 1.061
2342.400 1.058
2342.500 1.060
2342.600 1.055
2342.700 1.057
2342.800 1.052
2342.900 1.057
2343.000 1.057
2343.100 1.056
2343.200 1.056
2343.300 1.054
2343.400 1.050
2343.500 1.050
2343.600 1.050
2343.700 1.050
2343.800 1.049
2343.900 1.046
2344.000 1.050
2344.100 1.046
2344.200 1.047
2344.300 1.046
2344.400 1.043
2344.500 1.042
2344.600 1.047
2344.700 1.039
2344.800 1.048
2344.900 1.043
2345.000 1.050
2345.100 1.047
2345.200 1.045
2345.300 1.042
2345.400 1.043
2345.500 1.040
2345.600 1.040
2345.700 1.039
2345.800 1.035
2345.900 1.036
2346.000 1.039
2346.100 1.035
2346.200 1.034
2346.300 1.040
2346.400 1.034
2346.500 1.034
2346.600 1.030
2346.700 1.033
2346.800 1.028
2346.900 1.032
2347.000 1.030
2347.100 1.034
2347.200 1.028
2347.300 1.032
2347.400 1.025
2347.500 1.028
2347.600 1.025
2347.700 1.033
2347.800 1.030
2347.900 1.031
2348.000 1.027
2348.100 1.023
2348.200 1.027
2348.300 1.023
2348.400 1.027
2348.500 1.028
2348.600 1.025
2348.700 1.019
2348.800 1.025
2348.900 1.021
2349.000 1.019
2349.100 1.017
2349.200 1.022
2349.300 1.019
2349.400 1.022
2349.500 1.016
2349.600 1.020
2349.700 1.015
2349.800 1.015
2349.900 1.022
2350.000 1.020
2350.100 1.017
2350.200 1.016
2350.300 1.014
2350.400 1.014
2350.500 1.017
2350.600 1.014
2350.700 1.014
2350.800 1.015
2350.900 1.019
2351.000 1.015
2351.100 1.019
2351.200 1.012
2351.300 1.020
2351.400 1.012
2351.500 1.016
2351.600 1.009
2351.700 1.007
2351.800 1.010
2351.900 1.018
2352.000 1.011
2352.100 1.009
2352.200 1.009
2352.300 1.008
2352.400 1.016
2352.500 1.009
2352.600 1.013
2352.700 1.006
2352.800 1.010
2352.900 1.007
2353.000 1.012
2353.100 1.010
2353.200 1.008
2353.300 1.006
2353.400 1.010
2353.500 1.007
2353.600 1.010
2353.700 1.005
2353.800 1.006
2353.900 1.002
2354.000 1.002
2354.100 1.000
2354.200 0.999
2354.300 1.002
2354.400 1.013
2354.500 1.008
2354.600 1.004
2354.700 1.005
2354.800 1.003
2354.900 1.002
2355.000 1.003
2355.100 1.000
2355.200 1.001
2355.300 1.004
2355.400 0.999
2355.500 1.004
2355.600 0.996
2355.700 1.004
2355.800 1.000
2355.900 1.001
2356.000 0.999
2356.100 1.004
2356.200 0.995
2356.300 1.001
2356.400 0.995
2356.500 0.995
2356.600 0.997
2356.700 0.999
2356.800 0.997
2356.900 0.994
2357.000 0.997
2357.100 0.996
2357.200 0.999
2357.300 0.994
2357.400 0.994
2357.500 0.994
2357.600 0.991
2357.700 1.091
2357.800 1.073
2357.900 1.059
2358.000 1.053
2358.100 1.046
2358.200 1.032
2358.300 1.030
2358.400 1.011
2358.500 1.004
2358.600 1.000
2358.700 0.993
2358.800 0.990
2358.900 0.993
2359.000 0.991
2359.100 0.991
2359.200 0.988
2359.300 0.984
2359.400 0.990
2359.500 0.987
2359.600 0.987
2359.700 0.984
2359.800 0.985
2359.900 0.981
2360.000 0.982
2360.100 0.981
2360.200 0.983
2360.300 0.984
2360.400 0.986
2360.500 0.988
2360.600 0.981
2360.700 0.986
2360.800 0.984
2360.900 0.985
2361.000 0.987
2361.100 0.985
2361.200 0.987
2361.300 0.987
2361.400 0.982
2361.500 0.980
2361.600 0.988
2361.700 0.985
2361.800 0.987
2361.900 0.984
2362.000 0.982
2362.100 0.988
2362.200 0.982
2362.300 0.982
2362.400 0.980
2362.500 0.983
2362.600 0.984
2362.700 0.984
2362.800 0.983
2362.900 0.983
2363.000 0.987
2363.100 0.983
2363.200 0.986
2363.300 0.983
2363.400 0.984
2363.500 0.983
2363.600 0.984
2363.700 0.982
2363.800 0.986
2363.900 0.982
2364.000 0.982
2364.100 0.982
2364.200 0.983
2364.300 0.983
2364.400 0.982
2364.500 0.987
2364.600 0.987
2364.700 0.981
2364.800 0.980
2364.900 0.981
2365.000 0.980
2365.100 0.987
2365.200 0.984
2365.300 0.985
2365.400 0.980
2365.500 0.984
2365.600 0.984
2365.700 0.990
2365.800 0.983
2365.900 0.989
2366.000 0.986
2366.100 0.991
2366.200 0.990
2366.300 0.991
2366.400 0.985
2366.500 0.984
2366.600 0.983
2366.700 0.981
2366.800 0.983
2366.900 0.990
2367.000 0.986
2367.100 0.988
2367.200 0.985
2367.300 0.984
2367.400 0.986
2367.500 0.984
2367.600 0.984
2367.700 0.985
2367.800 0.984
2367.900 0.985
2368.000 0.986
2368.100 0.982
2368.200 0.985
2368.300 0.983
2368.400 0.988
2368.500 0.981
2368.600 0.989
2368.700 0.988
2368.800 0.986
2368.900 0.986
2369.000 0.985
2369.100 0.984
2369.200 0.981
2369.300 0.986
2369.400 0.986
2369.500 0.986
2369.600 0.985
2369.700 0.981
2369.800 0.984
2369.900 0.985
2370.000 0.984
2370.100 0.987
2370.200 0.983
2370.300 0.991
2370.400 0.986
2370.500 0.990
2370.600 0.988
2370.700 0.989
2370.800 0.990
2370.900 0.988
2371.000 0.990
2371.100 0.984
2371.200 0.992
2371.300 0.987
2371.400 0.986
2371.500 0.984
2371.600 0.982
2371.700 0.984
2371.800 0.994
2371.900 0.989
2372.000 0.995
2372.100 0.988
2372.200 0.988
2372.300 0.987
2372.400 0.995
2372.500 0.991
2372.600 0.988
2372.700 0.993
2372.800 0.989
2372.900 0.993
2373.000 0.989
2373.100 0.990
2373.200 0.987
2373.300 0.991
2373.400 0.985
2373.500 0.999
2373.600 0.995
2373.700 0.991
2373.800 0.991
2373.900 0.996
2374.000 0.994
2374.100 0.989
2374.200 0.987
2374.300 0.988
2374.400 0.992
2374.500 0.989
2374.600 0.995
2374.700 0.996
2374.800 0.992
2374.900 0.994
2375.000 0.996
2375.100 0.993
2375.200 0.994
2375.300 0.991
2375.400 0.998
2375.500 0.993
2375.600 0.994
2375.700 0.992
2375.800 0.999
2375.900 0.993
2376.000 0.996
2376.100 0.997
2376.200 0.994
2376.300 0.993
2376.400 0.998
2376.500 0.995
2376.600 1.001
2376.700 0.996
2376.800 0.997
2376.900 1.000
2377.000 0.997
2377.100 0.999
2377.200 0.993
2377.300 1.001
2377.400 0.999
2377.500 1.003
2377.600 0.998
2377.700 1.001
2377.800 0.999
2377.900 1.000
2378.000 1.003
2378.100 1.001
2378.200 1.000
2378.300 1.008
2378.400 1.006
2378.500 1.003
2378.600 1.002
2378.700 1.002
2378.800 1.005
2378.900 1.003
2379.000 1.007
2379.100 1.005
2379.200 1.008
2379.300 1.005
2379.400 1.007
2379.500 1.008
2379.600 1.012
2379.700 1.010
2379.800 1.008
2379.900 1.006
2380.000 1.008
2380.100 1.005
2380.200 1.005
2380.300 1.010
2380.400 1.005
2380.500 1.007
2380.600 1.008
2380.700 1.013
2380.800 1.008
2380.900 1.016
2381.000 1.010
2381.100 1.016
2381.200 1.011
2381.300 1.012
2381.400 1.015
2381.500 1.014
2381.600 1.013
2381.700 1.011
2381.800 1.012
2381.900 1.013
2382.000 1.017
2382.100 1.013
2382.200 1.018
2382.300 1.015
2382.400 1.023
2382.500 1.020
2382.600 1.018
2382.700 1.017
2382.800 1.023
2382.900 1.023
2383.000 1.022
2383.100 1.020
2383.200 1.029
2383.300 1.021
2383.400 1.025
2383.500 1.018
2383.600 1.018
2383.700 1.024
2383.800 1.026
2383.900 1.022
2384.000 1.029
2384.100 1.026
2384.200 1.025
2384.300 1.025
2384.400 1.025
2384.500 1.027
2384.600 1.024
2384.700 1.024
2384.800 1.024
2384.900 1.026
2385.000 1.022
2385.100 1.031
2385.200 1.028
2385.300 1.030
2385.400 1.031
2385.500 1.036
2385.600 1.036
2385.700 1.037
2385.800 1.032
2385.900 1.037
2386.000 1.037
2386.100 1.036
2386.200 1.037
2386.300 1.041
2386.400 1.039
2386.500 1.040
2386.600 1.044
2386.700 1.040
2386.800 1.037
2386.900 1.037
2387.000 1.041
2387.100 1.042
2387.200 1.048
2387.300 1.043
2387.400 1.045
2387.500 1.042
2387.600 1.044
2387.700 1.044
2387.800 1.044
2387.900 1.042
2388.000 1.045
2388.100 1.042
2388.200 1.049
2388.300 1.047
2388.400 1.054
2388.500 1.048
2388.600 1.048
2388.700 1.050
2388.800 1.050
2388.900 1.050
2389.000 1.056
2389.100 1.052
2389.200 1.052
2389.300 1.058
2389.400 1.053
2389.500 1.063
2389.600 1.057
2389.700 1.058
2389.800 1.057
2389.900 1.063
2390.000 1.060
2390.100 1.065
2390.200 1.060
2390.300 1.065
2390.400 1.062
2390.500 1.064
2390.600 1.063
2390.700 1.065
2390.800 1.064
2390.900 1.072
2391.000 1.072
2391.100 1.069
2391.200 1.073
2391.300 1.073
2391.400 1.077
2391.500 1.079
2391.600 1.074
2391.700 1.074
2391.800 1.080
2391.900 1.078
2392.000 1.076
2392.100 1.075
2392.200 1.080
2392.300 1.075
2392.400 1.084
2392.500 1.084
2392.600 1.089
2392.700 1.082
2392.800 1.087
2392.900 1.086
2393.000 1.084
2393.100 1.082
2393.200 1.097
2393.300 1.093
2393.400 1.098
2393.500 1.095
2393.600 1.095
2393.700 1.093
2393.800 1.090
2393.900 1.092
2394.000 1.094
2394.100 1.097
2394.200 1.103
2394.300 1.098
2394.400 1.098
2394.500 1.101
2394.600 1.099
2394.700 1.102
2394.800 1.100
2394.900 1.102
2395.000 1.104
2395.100 1.110
2395.200 1.109
2395.300 1.115
2395.400 1.106
2395.500 1.114
2395.600 1.114
2395.700 1.117
2395.800 1.115
2395.900 1.118
2396.000 1.114
2396.100 1.122
2396.200 1.120
2396.300 1.122
2396.400 1.128
2396.500 1.124
2396.600 1.128
2396.700 1.125
2396.800 1.129
2396.900 1.127
2397.000 1.127
2397.100 1.125
2397.200 1.137
2397.300 1.134
2397.400 1.136
2397.500 1.135
2397.600 1.140
2397.700 1.136
2397.800 1.140
2397.900 1.137
2398.000 1.143
2398.100 1.143
2398.200 1.149
2398.300 1.146
2398.400 1.150
2398.500 1.147
2398.600 1.149
2398.700 1.145
2398.800 1.147
2398.900 1.152
2399.000 1.162
2399.100 1.160
2399.200 1.159
2399.300 1.158
2399.400 1.156
2399.500 1.167
2399.600 1.162
2399.700 1.162
2399.800 1.166
2399.900 1.163
2400.000 1.162
2400.100 1.171
2400.200 1.171
2400.300 1.182
2400.400 1.174
2400.500 1.182
2400.600 1.178
2400.700 1.184
2400.800 1.178
2400.900 1.185
2401.000 1.183
2401.100 1.177
2401.200 1.183
2401.300 1.180
2401.400 1.188
2401.500 1.193
2401.600 1.190
2401.700 1.192
2401.800 1.196
2401.900 1.193
2402.000 1.198
2402.100 1.198
2402.200 1.203
2402.300 1.200
2402.400 1.210
2402.500 1.208
2402.600 1.210
2402.700 1.210
2402.800 1.214
2402.900 1.211
2403.000 1.219
2403.100 1.213
2403.200 1.217
2403.300 1.214
2403.400 1.221
2403.500 1.219
2403.600 1.221
2403.700 1.223
2403.800 1.222
2403.900 1.231
2404.000 1.234
2404.100 1.231
2404.200 1.235
2404.300 1.239
2404.400 1.236
2404.500 1.238
2404.600 1.239
2404.700 1.244
2404.800 1.244
2404.900 1.253
2405.000 1.249
2405.100 1.257
2405.200 1.251
2405.300 1.256
2405.400 1.256
2405.500 1.264
2405.600 1.264
2405.700 1.259
2405.800 1.265
2405.900 1.265
2406.000 1.272
2406.100 1.266
2406.200 1.271
2406.300 1.272
2406.400 1.280
2406.500 1.278
2406.600 1.287
2406.700 1.284
2406.800 1.291
2406.900 1.288
2407.000 1.288
2407.100 1.291
2407.200 1.294
2407.300 1.294
2407.400 1.298
2407.500 1.297
2407.600 1.310
2407.700 1.306
2407.800 1.310
2407.900 1.312
2408.000 1.309
2408.100 1.314
2408.200 1.313
2408.300 1.314
2408.400 1.318
2408.500 1.324
2408.600 1.323
2408.700 1.329
2408.800 1.325
2408.900 1.334
2409.000 1.332
2409.100 1.339
2409.200 1.341
2409.300 1.347
2409.400 1.344
2409.500 1.352
2409.600 1.349
2409.700 1.355
2409.800 1.355
2409.900 1.365
2410.000 1.363
2410.100 1.371
2410.200 1.368
2410.300 1.370
2410.400 1.373
2410.500 1.377
2410.600 1.376
2410.700 1.386
2410.800 1.384
2410.900 1.391
2411.000 1.390
2411.100 1.392
2411.200 1.397
2411.300 1.400
2411.400 1.395
2411.500 1.402
2411.600 1.405
2411.700 1.403
2411.800 1.416
2411.900 1.417
2412.000 1.425
2412.100 1.423
2412.200 1.428
2412.300 1.428
2412.400 1.436
2412.500 1.433
2412.600 1.445
2412.700 1.444
2412.800 1.444
2412.900 1.448
2413.000 1.447
2413.100 1.459
2413.200 1.459
2413.300 1.461
2413.400 1.469
2413.500 1.475
2413.600 1.472
2413.700 1.475
2413.800 1.480
2413.900 1.483
2414.000 1.485
2414.100 1.500
2414.200 1.498
2414.300 1.502
2414.400 1.504
2414.500 1.510
2414.600 1.511
2414.700 1.526
2414.800 1.522
2414.900 1.526
2415.000 1.526
2415.100 1.533
2415.200 1.534
2415.300 1.539
2415.400 1.545
2415.500 1.548
2415.600 1.557
2415.700 1.564
2415.800 1.564
2415.900 1.570
2416.000 1.574
2416.100 1.578
2416.200 1.583
2416.300 1.582
2416.400 1.592
2416.500 1.592
2416.600 1.601
2416.700 1.602
2416.800 1.610
2416.900 1.611
2417.000 1.614
2417.100 1.624
2417.200 1.636
2417.300 1.635
2417.400 1.649
2417.500 1.648
2417.600 1.646
2417.700 1.654
2417.800 1.659
2417.900 1.665
2418.000 1.668
2418.100 1.672
2418.200 1.677
2418.300 1.684
2418.400 1.690
2418.500 1.696
2418.600 1.695
2418.700 1.719
2418.800 1.719
2418.900 1.723
2419.000 1.724
2419.100 1.741
2419.200 1.741
2419.300 1.750
2419.400 1.754
2419.500 1.756
2419.600 1.762
2419.700 1.768
2419.800 1.778
2419.900 1.780
2420.000 1.791
2420.100 1.799
2420.200 1.803
2420.300 1.807
2420.400 1.816
2420.500 1.818
2420.600 1.834
2420.700 1.834
2420.800 1.847
2420.900 1.850
2421.000 1.864
2421.100 1.859
2421.200 1.869
2421.300 1.878
2421.400 1.895
2421.500 1.899
2421.600 1.914
2421.700 1.916
2421.800 1.924
2421.900 1.927
2422.000 1.935
2422.100 1.950
2422.200 1.966
2422.300 1.977
2422.400 1.994
2422.500 1.995
2422.600 2.006
2422.700 2.012
2422.800 2.007
2422.900 2.022
2423.000 2.025
2423.100 2.039
2423.200 2.044
2423.300 2.060
2423.400 2.066
2423.500 2.074
2423.600 2.085
2423.700 2.090
2423.800 2.102
2423.900 2.119
2424.000 2.122
2424.100 2.152
2424.200 2.150
2424.300 2.166
2424.400 2.174
2424.500 2.177
2424.600 2.193
2424.700 2.198
2424.800 2.213
2424.900 2.231
2425.000 2.234
2425.100 2.248
2425.200 2.265
2425.300 2.275
2425.400 2.292
2425.500 2.298
2425.600 2.314
2425.700 2.320
2425.800 2.329
2425.900 2.347
2426.000 2.360
2426.100 2.378
2426.200 2.392
2426.300 2.403
2426.400 2.426
2426.500 2.434
2426.600 2.453
2426.700 2.457
2426.800 2.486
2426.900 2.501
2427.000 2.507
2427.100 2.532
2427.200 2.541
2427.300 2.564
2427.400 2.587
2427.500 2.595
2427.600 2.610
2427.700 2.621
2427.800 2.640
2427.900 2.672
2428.000 2.676
2428.100 2.703
2428.200 2.713
2428.300 2.737
2428.400 2.759
2428.500 2.779
2428.600 2.798
2428.700 2.816
2428.800 2.833
2428.900 2.851
2429.000 2.877
2429.100 2.901
2429.200 2.906
2429.300 2.945
2429.400 2.971
2429.500 2.983
2429.600 3.015
2429.700 3.026
2429.800 3.061
2429.900 3.089
2430.000 3.105
2430.100 3.131
2430.200 3.161
2430.300 3.188
2430.400 3.229
2430.500 3.239
2430.600 3.268
2430.700 3.283
2430.800 3.320
2430.900 3.351
2431.000 3.382
2431.100 3.415
2431.200 3.441
2431.300 3.478
2431.400 3.499
2431.500 3.539
2431.600 3.590
2431.700 3.603
2431.800 3.641
2431.900 3.663
2432.000 3.698
2432.100 3.738
2432.200 3.761
2432.300 3.809
2432.400 3.832
2432.500 3.887
2432.600 3.933
2432.700 3.966
2432.800 4.006
2432.900 4.040
2433.000 4.082
2433.100 4.128
2433.200 4.154
2433.300 4.222
2433.400 4.247
2433.500 4.301
2433.600 4.322
2433.700 4.368
2433.800 4.419
2433.900 4.447
2434.000 4.514
2434.100 4.543
2434.200 4.603
2434.300 4.663
2434.400 4.692
2434.500 4.748
2434.600 4.785
2434.700 4.836
2434.800 4.909
2434.900 4.937
2435.000 5.003
2435.100 5.054
2435.200 5.087
2435.300 5.146
2435.400 5.179
2435.500 5.239
2435.600 5.305
2435.700 5.330
2435.800 5.402
2435.900 5.429
2436.000 5.483
2436.100 5.533
2436.200 5.557
2436.300 5.618
2436.400 5.643
2436.500 5.703
2436.600 5.740
2436.700 5.755
2436.800 5.800
2436.900 5.824
2437.000 5.863
2437.100 5.898
2437.200 5.907
2437.300 5.942
2437.400 5.955
2437.500 5.976
2437.600 5.983
2437.700 6.007
2437.800 6.006
2437.900 6.004
2438.000 5.994
2438.100 5.994
2438.200 5.989
2438.300 5.962
2438.400 5.949
2438.500 5.918
2438.600 5.888
2438.700 5.869
2438.800 5.864
2438.900 5.805
2439.000 5.760
2439.100 5.706
2439.200 5.685
2439.300 5.622
2439.400 5.595
2439.500 5.538
2439.600 5.473
2439.700 5.435
2439.800 5.369
2439.900 5.332
2440.000 5.252
2440.100 5.178
2440.200 5.135
2440.300 5.068
2440.400 5.023
2440.500 4.889
2440.600 4.732
2440.700 4.686
2440.800 4.606
2440.900 4.576
2441.000 4.515
2441.100 4.527
2441.200 4.499
2441.300 4.435
2441.400 4.390
2441.500 4.304
2441.600 4.227
2441.700 4.187
2441.800 4.123
2441.900 4.084
2442.000 4.021
2442.100 3.980
2442.200 3.908
2442.300 3.834
2442.400 3.808
2442.500 3.729
2442.600 3.665
2442.700 3.627
2442.800 3.573
2442.900 3.538
2443.000 3.500
2443.100 3.440
2443.200 3.386
2443.300 3.352
2443.400 3.289
2443.500 3.232
2443.600 3.198
2443.700 3.151
2443.800 3.103
2443.900 3.072
2444.000 3.017
2444.100 2.997
2444.200 2.941
2444.300 2.894
2444.400 2.871
2444.500 2.820
2444.600 2.799
2444.700 2.752
2444.800 2.711
2444.900 2.692
2445.000 2.646
2445.100 2.632
2445.200 2.583
2445.300 2.546
2445.400 2.521
2445.500 2.491
2445.600 2.470
2445.700 2.431
2445.800 2.411
2445.900 2.371
2446.000 2.363
2446.100 2.326
2446.200 2.289
2446.300 2.253
2446.400 2.236
2446.500 2.204
2446.600 2.190
2446.700 2.156
2446.800 2.152
2446.900 2.112
2447.000 2.079
2447.100 2.067
2447.200 2.038
2447.300 2.011
2447.400 1.997
2447.500 1.970
2447.600 1.959
2447.700 1.927
2447.800 1.910
2447.900 1.894
2448.000 1.870
2448.100 1.852
2448.200 1.828
2448.300 1.806
2448.400 1.789
2448.500 1.767
2448.600 1.759
2448.700 1.747
2448.800 1.724
2448.900 1.709
2449.000 1.687
2449.100 1.679
2449.200 1.652
2449.300 1.644
2449.400 1.622
2449.500 1.603
2449.600 1.584
2449.700 1.583
2449.800 1.562
2449.900 1.549
2450.000 1.522
2450.100 1.511
2450.200 1.491
2450.300 1.479
2450.400 1.459
2450.500 1.448
2450.600 1.440
2450.700 1.430
2450.800 1.416
2450.900 1.412
2451.000 1.384
2451.100 1.380
2451.200 1.364
2451.300 1.353
2451.400 1.337
2451.500 1.328
2451.600 1.321
2451.700 1.303
2451.800 1.297
2451.900 1.278
2452.000 1.265
2452.100 1.263
2452.200 1.249
2452.300 1.240
2452.400 1.224
2452.500 1.213
2452.600 1.203
2452.700 1.190
2452.800 1.176
2452.900 1.166
2453.000 1.159
2453.100 1.151
2453.200 1.136
2453.300 1.127
2453.400 1.121
2453.500 1.104
2453.600 1.109
2453.700 1.094
2453.800 1.086
2453.900 1.078
2454.000 1.070
2454.100 1.059
2454.200 1.056
2454.300 1.043
2454.400 1.029
2454.500 1.015
2454.600 1.011
2454.700 0.998
2454.800 0.999
2454.900 0.991
2455.000 0.982
2455.100 0.978
2455.200 0.963
2455.300 0.959
2455.400 0.950
2455.500 0.940
2455.600 0.934
2455.700 0.923
2455.800 0.919
2455.900 0.914
2456.000 0.899
2456.100 0.897
2456.200 0.885
2456.300 0.881
2456.400 0.874
2456.500 0.871
2456.600 0.866
2456.700 0.856
2456.800 0.853
2456.900 0.845
2457.000 0.839
2457.100 0.832
2457.200 0.823
2457.300 0.815
2457.400 0.812
2457.500 0.801
2457.600 0.805
2457.700 0.789
2457.800 0.788
2457.900 0.781
2458.000 0.772
2458.100 0.767
2458.200 0.765
2458.300 0.757
2458.400 0.753
2458.500 0.745
2458.600 0.740
2458.700 0.733
2458.800 0.726
2458.900 0.707
2459.000 0.706
2459.100 0.705
2459.200 0.694
2459.300 0.699
2459.400 0.691
2459.500 0.694
2459.600 0.685
2459.700 0.687
2459.800 0.678
2459.900 0.671
2460.000 0.665
2460.100 0.669
2460.200 0.663
2460.300 0.655
2460.400 0.648
2460.500 0.646
2460.600 0.641
2460.700 0.635
2460.800 0.632
2460.900 0.622
2461.000 0.624
2461.100 0.618
2461.200 0.613
2461.300 0.604
2461.400 0.609
2461.500 0.604
2461.600 0.601
2461.700 0.589
2461.800 0.592
2461.900 0.587
2462.000 0.581
2462.100 0.575
2462.200 0.569
2462.300 0.565
2462.400 0.567
2462.500 0.561
2462.600 0.556
2462.700 0.549
2462.800 0.547
2462.900 0.543
2463.000 0.537
2463.100 0.535
2463.200 0.536
2463.300 0.531
2463.400 0.522
2463.500 0.529
2463.600 0.518
2463.700 0.516
2463.800 0.510
2463.900 0.506
2464.000 0.506
2464.100 0.504
2464.200 0.492
2464.300 0.495
2464.400 0.491
2464.500 0.489
2464.600 0.485
2464.700 0.483
2464.800 0.480
2464.900 0.472
2465.000 0.476
2465.100 0.469
2465.200 0.466
2465.300 0.460
2465.400 0.458
2465.500 0.453
2465.600 0.455
2465.700 0.448
2465.800 0.451
2465.900 0.446
2466.000 0.442
2466.100 0.439
2466.200 0.438
2466.300 0.431
2466.400 0.433
2466.500 0.427
2466.600 0.421
2466.700 0.416
2466.800 0.415
2466.900 0.414
2467.000 0.407
2467.100 0.411
2467.200 0.411
2467.300 0.404
2467.400 0.399
2467.500 0.398
2467.600 0.392
2467.700 0.393
2467.800 0.390
2467.900 0.391
2468.000 0.385
2468.100 0.384
2468.200 0.377
2468.300 0.381
2468.400 0.373
2468.500 0.373
2468.600 0.368
2468.700 0.366
2468.800 0.365
2468.900 0.364
2469.000 0.359
2469.100 0.355
2469.200 0.354
2469.300 0.352
2469.400 0.349
2469.500 0.344
2469.600 0.349
2469.700 0.350
2469.800 0.345
2469.900 0.340
2470.000 0.340
2470.100 0.334
2470.200 0.331
2470.300 0.327
2470.400 0.328
2470.500 0.324
2470.600 0.325
2470.700 0.318
2470.800 0.317
2470.900 0.315
2471.000 0.312
2471.100 0.311
2471.200 0.313
2471.300 0.307
2471.400 0.307
2471.500 0.306
2471.600 0.302
2471.700 0.300
2471.800 0.296
2471.900 0.296
2472.000 0.293
2472.100 0.293
2472.200 0.291
2472.300 0.291
2472.400 0.287
2472.500 0.288
2472.600 0.279
2472.700 0.283
2472.800 0.278
2472.900 0.276
2473.000 0.277
2473.100 0.272
2473.200 0.268
2473.300 0.270
2473.400 0.268
2473.500 0.265
2473.600 0.262
2473.700 0.259
2473.800 0.260
2473.900 0.258
2474.000 0.261
2474.100 0.254
2474.200 0.251
2474.300 0.251
2474.400 0.252
2474.500 0.248
2474.600 0.245
2474.700 0.243
2474.800 0.240
2474.900 0.240
2475.000 0.243
2475.100 0.238
2475.200 0.240
2475.300 0.236
2475.400 0.232
2475.500 0.230
2475.600 0.228
2475.700 0.230
2475.800 0.228
2475.900 0.223
2476.000 0.224
2476.100 0.220
2476.200 0.219
2476.300 0.219
2476.400 0.220
2476.500 0.216
2476.600 0.215
2476.700 0.215
2476.800 0.210
2476.900 0.210
2477.000 0.207
2477.100 0.204
2477.200 0.206
2477.300 0.202
2477.400 0.199
2477.500 0.197
2477.600 0.195
2477.700 0.197
2477.800 0.190
2477.900 0.196
2478.000 0.194
2478.100 0.190
2478.200 0.190
2478.300 0.183
2478.400 0.185
2478.500 0.187
2478.600 0.184
2478.700 0.184
2478.800 0.182
2478.900 0.181
2479.000 0.181
2479.100 0.176
2479.200 0.181
2479.300 0.173
2479.400 0.176
2479.500 0.175
2479.600 0.170
2479.700 0.169
2479.800 0.169
2479.900 0.165
2480.000 0.165
2480.100 0.162
2480.200 0.163
2480.300 0.163
2480.400 0.161
2480.500 0.159
2480.600 0.161
2480.700 0.156
2480.800 0.153
2480.900 0.153
2481.000 0.153
2481.100 0.152
2481.200 0.150
2481.300 0.149
2481.400 0.150
2481.500 0.147
2481.600 0.149
2481.700 0.146
2481.800 0.141
2481.900 0.143
2482.000 0.142
2482.100 0.140
2482.200 0.141
2482.300 0.137
2482.400 0.134
2482.500 0.136
2482.600 0.134
2482.700 0.131
2482.800 0.129
2482.900 0.130
2483.000 0.131
2483.100 0.130
2483.200 0.128
2483.300 0.125
2483.400 0.123
2483.500 0.124
2483.600 0.125
2483.700 0.122
2483.800 0.120
2483.900 0.119
2484.000 0.121
2484.100 0.115
2484.200 0.115
2484.300 0.116
2484.400 0.115
2484.500 0.112
2484.600 0.113
2484.700 0.111
2484.800 0.110
2484.900 0.110
2485.000 0.112
2485.100 0.108
2485.200 0.109
2485.300 0.105
2485.400 0.104
2485.500 0.104
2485.600 0.102
2485.700 0.101
2485.800 0.100
2485.900 0.100
2486.000 0.096
2486.100 0.096
2486.200 0.095
2486.300 0.097
2486.400 0.096
2486.500 0.093
2486.600 0.093
2486.700 0.090
2486.800 0.087
2486.900 0.092
2487.000 0.087
2487.100 0.085
2487.200 0.087
2487.300 0.086
2487.400 0.086
2487.500 0.084
2487.600 0.082
2487.700 0.081
2487.800 0.083
2487.900 0.079
2488.000 0.079
2488.100 0.079
2488.200 0.077
2488.300 0.073
2488.400 0.075
2488.500 0.075
2488.600 0.076
2488.700 0.073
2488.800 0.071
2488.900 0.070
2489.000 0.071
2489.100 0.070
2489.200 0.066
2489.300 0.067
2489.400 0.066
2489.500 0.065
2489.600 0.063
2489.700 0.065
2489.800 0.061
2489.900 0.062
2490.000 0.060
2490.100 0.059
2490.200 0.060
2490.300 0.060
2490.400 0.058
2490.500 0.058
2490.600 0.054
2490.700 0.056
2490.800 0.053
2490.900 0.053
2491.000 0.051
2491.100 0.051
2491.200 0.052
2491.300 0.050
2491.400 0.048
2491.500 0.048
2491.600 0.050
2491.700 0.048
2491.800 0.047
2491.900 0.047
2492.000 0.047
2492.100 0.046
2492.200 0.044
2492.300 0.044
2492.400 0.044
2492.500 0.042
2492.600 0.040
2492.700 0.040
2492.800 0.040
2492.900 0.040
2493.000 0.038
2493.100 0.037
2493.200 0.037
2493.300 0.036
2493.400 0.036
2493.500 0.034
2493.600 0.034
2493.700 0.034
2493.800 0.034
2493.900 0.033
2494.000 0.030
2494.100 0.032
2494.200 0.030
2494.300 0.032
2494.400 0.030
2494.500 0.031
2494.600 0.026
2494.700 0.028
2494.800 0.026
2494.900 0.027
2495.000 0.026
2495.100 0.026
2495.200 0.026
2495.300 0.023
2495.400 0.023
2495.500 0.025
2495.600 0.025
2495.700 0.024
2495.800 0.022
2495.900 0.021
2496.000 0.021
2496.100 0.022
2496.200 0.019
2496.300 0.019
2496.400 0.021
2496.500 0.018
2496.600 0.020
2496.700 0.019
2496.800 0.018
2496.900 0.022
2497.000 0.019
2497.100 0.018
2497.200 0.020
2497.300 0.018
2497.400 0.019
2497.500 0.020
2497.600 0.015
2497.700 0.017
2497.800 0.016
2497.900 0.017
2498.000 0.018
2498.100 0.018
2498.200 0.018
2498.300 0.017
2498.400 0.020
2498.500 0.019
2498.600 0.019
2498.700 0.017
2498.800 0.020
2498.900 0.018
2499.000 0.020
2499.100 0.019
2499.200 0.019
2499.300 0.020
2499.400 0.018
2499.500 0.020
2499.600 0.020
2499.700 0.018
2499.800 0.020
2499.900 0.019
2500.000 0.021
