2200.100 0.004
2200.200 0.356
2200.300 0.829
2200.400 0.840
2200.500 0.788
2200.600 0.796
2200.700 0.766
2200.800 0.754
2200.900 0.747
2201.000 0.734
2201.100 0.732
2201.200 0.732
2201.300 0.724
2201.400 0.721
2201.500 0.718
2201.600 0.716
2201.700 0.717
2201.800 0.710
2201.900 0.717
2202.000 0.717
2202.100 0.714
2202.200 0.710
2202.300 0.718
2202.400 0.715
2202.500 0.713
2202.600 0.715
2202.700 0.706
2202.800 0.709
2202.900 0.707
2203.000 0.715
2203.100 0.707
2203.200 0.705
2203.300 0.699
2203.400 0.692
2203.500 0.680
2203.600 0.668
2203.700 0.665
2203.800 0.657
2203.900 0.648
2204.000 0.636
2204.100 0.614
2204.200 0.609
2204.300 0.582
2204.400 0.578
2204.500 0.560
2204.600 0.541
2204.700 0.530
2204.800 0.513
2204.900 0.498
2205.000 0.475
2205.100 0.452
2205.200 0.439
2205.300 0.420
2205.400 0.411
2205.500 0.390
2205.600 0.376
2205.700 0.367
2205.800 0.363
2205.900 0.359
2206.000 0.355
2206.100 0.359
2206.200 0.356
2206.300 0.361
2206.400 0.356
2206.500 0.359
2206.600 0.360
2206.700 0.361
2206.800 0.358
2206.900 0.362
2207.000 0.358
2207.100 0.365
2207.200 0.363
2207.300 0.365
2207.400 0.361
2207.500 0.362
2207.600 0.364
2207.700 0.365
2207.800 0.364
2207.900 0.364
2208.000 0.362
2208.100 0.368
2208.200 0.367
2208.300 0.365
2208.400 0.367
2208.500 0.366
2208.600 0.365
2208.700 0.369
2208.800 0.369
2208.900 0.367
2209.000 0.373
2209.100 0.372
2209.200 0.374
2209.300 0.373
2209.400 0.374
2209.500 0.371
2209.600 0.375
2209.700 0.371
2209.800 0.370
2209.900 0.375
2210.000 0.377
2210.100 0.374
2210.200 0.378
2210.300 0.374
2210.400 0.379
2210.500 0.381
2210.600 0.380
2210.700 0.380
2210.800 0.380
2210.900 0.381
2211.000 0.381
2211.100 0.382
2211.200 0.381
2211.300 0.385
2211.400 0.383
2211.500 0.384
2211.600 0.382
2211.700 0.386
2211.800 0.386
2211.900 0.388
2212.000 0.385
2212.100 0.386
2212.200 0.389
2212.300 0.386
2212.400 0.389
2212.500 0.390
2212.600 0.392
2212.700 0.389
2212.800 0.389
2212.900 0.392
2213.000 0.394
2213.100 0.392
2213.200 0.396
2213.300 0.397
2213.400 0.398
2213.500 0.398
2213.600 0.398
2213.700 0.396
2213.800 0.400
2213.900 0.397
2214.000 0.402
2214.100 0.400
2214.200 0.405
2214.300 0.402
2214.400 0.402
2214.500 0.405
2214.600 0.403
2214.700 0.405
2214.800 0.408
2214.900 0.406
2215.000 0.408
2215.100 0.408
2215.200 0.407
2215.300 0.408
2215.400 0.409
2215.500 0.408
2215.600 0.411
2215.700 0.411
2215.800 0.409
2215.900 0.415
2216.000 0.414
2216.100 0.417
2216.200 0.416
2216.300 0.414
2216.400 0.415
2216.500 0.420
2216.600 0.415
2216.700 0.416
2216.800 0.420
2216.900 0.418
2217.000 0.421
2217.100 0.422
2217.200 0.422
2217.300 0.422
2217.400 0.424
2217.500 0.427
2217.600 0.429
2217.700 0.424
2217.800 0.431
2217.900 0.427
2218.000 0.430
2218.100 0.430
2218.200 0.436
2218.300 0.431
2218.400 0.434
2218.500 0.431
2218.600 0.432
2218.700 0.436
2218.800 0.431
2218.900 0.437
2219.000 0.439
2219.100 0.442
2219.200 0.439
2219.300 0.440
2219.400 0.438
2219.500 0.439
2219.600 0.440
2219.700 0.443
2219.800 0.443
2219.900 0.445
2220.000 0.443
2220.100 0.447
2220.200 0.443
2220.300 0.446
2220.400 0.448
2220.500 0.452
2220.600 0.448
2220.700 0.453
2220.800 0.450
2220.900 0.457
2221.000 0.455
2221.100 0.461
2221.200 0.456
2221.300 0.459
2221.400 0.457
2221.500 0.456
2221.600 0.461
2221.700 0.465
2221.800 0.462
2221.900 0.461
2222.000 0.464
2222.100 0.463
2222.200 0.465
2222.300 0.465
2222.400 0.470
2222.500 0.468
2222.600 0.471
2222.700 0.472
2222.800 0.478
2222.900 0.473
2223.000 0.476
2223.100 0.476
2223.200 0.478
2223.300 0.478
2223.400 0.480
2223.500 0.476
2223.600 0.479
2223.700 0.480
2223.800 0.480
2223.900 0.479
2224.000 0.485
2224.100 0.486
2224.200 0.491
2224.300 0.486
2224.400 0.487
2224.500 0.487
2224.600 0.490
2224.700 0.490
2224.800 0.492
2224.900 0.491
2225.000 0.488
2225.100 0.497
2225.200 0.494
2225.300 0.499
2225.400 0.498
2225.500 0.502
2225.600 0.499
2225.700 0.501
2225.800 0.500
2225.900 0.512
2226.000 0.507
2226.100 0.506
2226.200 0.506
2226.300 0.505
2226.400 0.508
2226.500 0.513
2226.600 0.513
2226.700 0.512
2226.800 0.512
2226.900 0.511
2227.000 0.515
2227.100 0.516
2227.200 0.523
2227.300 0.518
2227.400 0.525
2227.500 0.521
2227.600 0.529
2227.700 0.524
2227.800 0.528
2227.900 0.523
2228.000 0.530
2228.100 0.529
2228.200 0.535
2228.300 0.530
2228.400 0.532
2228.500 0.532
2228.600 0.530
2228.700 0.536
2228.800 0.533
2228.900 0.537
2229.000 0.539
2229.100 0.546
2229.200 0.539
2229.300 0.543
2229.400 0.543
2229.500 0.545
2229.600 0.546
2229.700 0.547
2229.800 0.548
2229.900 0.555
2230.000 0.551
2230.100 0.552
2230.200 0.556
2230.300 0.555
2230.400 0.555
2230.500 0.564
2230.600 0.560
2230.700 0.559
2230.800 0.564
2230.900 0.562
2231.000 0.567
2231.100 0.565
2231.200 0.567
2231.300 0.569
2231.400 0.578
2231.500 0.574
2231.600 0.578
2231.700 0.576
2231.800 0.582
2231.900 0.576
2232.000 0.579
2232.100 0.578
2232.200 0.584
2232.300 0.581
2232.400 0.588
2232.500 0.586
2232.600 0.592
2232.700 0.587
2232.800 0.587
2232.900 0.589
2233.000 0.593
2233.100 0.595
2233.200 0.600
2233.300 0.596
2233.400 0.599
2233.500 0.603
2233.600 0.603
2233.700 0.602
2233.800 0.604
2233.900 0.609
2234.000 0.608
2234.100 0.617
2234.200 0.610
2234.300 0.616
2234.400 0.613
2234.500 0.616
2234.600 0.617
2234.700 0.622
2234.800 0.622
2234.900 0.625
2235.000 0.624
2235.100 0.626
2235.200 0.628
2235.300 0.629
2235.400 0.632
2235.500 0.631
2235.600 0.634
2235.700 0.634
2235.800 0.647
2235.900 0.642
2236.000 0.646
2236.100 0.645
2236.200 0.650
2236.300 0.648
2236.400 0.655
2236.500 0.650
2236.600 0.658
2236.700 0.654
2236.800 0.655
2236.900 0.657
2237.000 0.656
2237.100 0.666
2237.200 0.671
2237.300 0.669
2237.400 0.667
2237.500 0.671
2237.600 0.671
2237.700 0.677
2237.800 0.676
2237.900 0.680
2238.000 0.676
2238.100 0.681
2238.200 0.680
2238.300 0.687
2238.400 0.684
2238.500 0.695
2238.600 0.692
2238.700 0.694
2238.800 0.693
2238.900 0.694
2239.000 0.699
2239.100 0.705
2239.200 0.703
2239.300 0.705
2239.400 0.706
2239.500 0.708
2239.600 0.711
2239.700 0.711
2239.800 0.717
2239.900 0.712
2240.000 0.720
2240.100 0.722
2240.200 0.729
2240.300 0.723
2240.400 0.728
2240.500 0.725
2240.600 0.737
2240.700 0.728
2240.800 0.738
2240.900 0.737
2241.000 0.737
2241.100 0.740
2241.200 0.739
2241.300 0.745
2241.400 0.754
2241.500 0.751
2241.600 0.756
2241.700 0.757
2241.800 0.760
2241.900 0.763
2242.000 0.762
2242.100 0.770
2242.200 0.768
2242.300 0.769
2242.400 0.772
2242.500 0.780
2242.600 0.778
2242.700 0.778
2242.800 0.779
2242.900 0.786
2243.000 0.788
2243.100 0.793
2243.200 0.791
2243.300 0.791
2243.400 0.792
2243.500 0.800
2243.600 0.800
2243.700 0.806
2243.800 0.805
2243.900 0.813
2244.000 0.813
2244.100 0.814
2244.200 0.816
2244.300 0.817
2244.400 0.820
2244.500 0.821
2244.600 0.829
2244.700 0.830
2244.800 0.835
2244.900 0.835
2245.000 0.843
2245.100 0.844
2245.200 0.856
2245.300 0.847
2245.400 0.851
2245.500 0.849
2245.600 0.852
2245.700 0.857
2245.800 0.863
2245.900 0.865
2246.000 0.872
2246.100 0.869
2246.200 0.868
2246.300 0.875
2246.400 0.884
2246.500 0.881
2246.600 0.887
2246.700 0.891
2246.800 0.890
2246.900 0.897
2247.000 0.897
2247.100 0.899
2247.200 0.902
2247.300 0.908
2247.400 0.911
2247.500 0.918
2247.600 0.915
2247.700 0.923
2247.800 0.924
2247.900 0.927
2248.000 0.929
2248.100 0.936
2248.200 0.939
2248.300 0.946
2248.400 0.944
2248.500 0.949
2248.600 0.949
2248.700 0.951
2248.800 0.959
2248.900 0.967
2249.000 0.965
2249.100 0.976
2249.200 0.976
2249.300 0.976
2249.400 0.979
2249.500 0.979
2249.600 0.988
2249.700 0.991
2249.800 0.998
2249.900 1.013
2250.000 1.010
2250.100 1.009
2250.200 1.024
2250.300 1.023
2250.400 1.025
2250.500 1.023
2250.600 1.032
2250.700 1.029
2250.800 1.033
2250.900 1.035
2251.000 1.047
2251.100 1.050
2251.200 1.064
2251.300 1.060
2251.400 1.064
2251.500 1.065
2251.600 1.073
2251.700 1.071
2251.800 1.075
2251.900 1.077
2252.000 1.089
2252.100 1.085
2252.200 1.093
2252.300 1.094
2252.400 1.097
2252.500 1.107
2252.600 1.120
2252.700 1.120
2252.800 1.120
2252.900 1.130
2253.000 1.126
2253.100 1.141
2253.200 1.138
2253.300 1.147
2253.400 1.147
2253.500 1.155
2253.600 1.154
2253.700 1.166
2253.800 1.163
2253.900 1.169
2254.000 1.175
2254.100 1.186
2254.200 1.185
2254.300 1.195
2254.400 1.194
2254.500 1.211
2254.600 1.209
2254.700 1.218
2254.800 1.222
2254.900 1.218
2255.000 1.232
2255.100 1.232
2255.200 1.244
2255.300 1.248
2255.400 1.255
2255.500 1.258
2255.600 1.262
2255.700 1.264
2255.800 1.276
2255.900 1.272
2256.000 1.289
2256.100 1.292
2256.200 1.301
2256.300 1.302
2256.400 1.311
2256.500 1.312
2256.600 1.319
2256.700 1.324
2256.800 1.336
2256.900 1.339
2257.000 1.354
2257.100 1.358
2257.200 1.364
2257.300 1.365
2257.400 1.374
2257.500 1.381
2257.600 1.385
2257.700 1.393
2257.800 1.404
2257.900 1.412
2258.000 1.412
2258.100 1.422
2258.200 1.427
2258.300 1.435
2258.400 1.442
2258.500 1.458
2258.600 1.460
2258.700 1.467
2258.800 1.472
2258.900 1.475
2259.000 1.486
2259.100 1.498
2259.200 1.503
2259.300 1.515
2259.400 1.515
2259.500 1.529
2259.600 1.535
2259.700 1.537
2259.800 1.547
2259.900 1.551
2260.000 1.571
2260.100 1.584
2260.200 1.584
2260.300 1.594
2260.400 1.604
2260.500 1.607
2260.600 1.628
2260.700 1.629
2260.800 1.641
2260.900 1.645
2261.000 1.658
2261.100 1.669
2261.200 1.681
2261.300 1.682
2261.400 1.698
2261.500 1.704
2261.600 1.721
2261.700 1.725
2261.800 1.737
2261.900 1.740
2262.000 1.761
2262.100 1.766
2262.200 1.768
2262.300 1.785
2262.400 1.791
2262.500 1.807
2262.600 1.812
2262.700 1.823
2262.800 1.836
2262.900 1.846
2263.000 1.857
2263.100 1.869
2263.200 1.880
2263.300 1.897
2263.400 1.904
2263.500 1.922
2263.600 1.926
2263.700 1.943
2263.800 1.945
2263.900 1.966
2264.000 1.979
2264.100 1.988
2264.200 2.000
2264.300 2.025
2264.400 2.031
2264.500 2.052
2264.600 2.056
2264.700 2.070
2264.800 2.087
2264.900 2.092
2265.000 2.116
2265.100 2.123
2265.200 2.135
2265.300 2.154
2265.400 2.169
2265.500 2.181
2265.600 2.199
2265.700 2.218
2265.800 2.238
2265.900 2.242
2266.000 2.267
2266.100 2.270
2266.200 2.287
2266.300 2.308
2266.400 2.317
2266.500 2.338
2266.600 2.349
2266.700 2.378
2266.800 2.398
2266.900 2.411
2267.000 2.433
2267.100 2.450
2267.200 2.468
2267.300 2.496
2267.400 2.505
2267.500 2.534
2267.600 2.544
2267.700 2.568
2267.800 2.574
2267.900 2.599
2268.000 2.619
2268.100 2.631
2268.200 2.650
2268.300 2.683
2268.400 2.693
2268.500 2.743
2268.600 2.805
2268.700 2.811
2268.800 2.855
2268.900 2.862
2269.000 2.889
2269.100 2.860
2269.200 2.896
2269.300 2.931
2269.400 2.950
2269.500 2.973
2269.600 3.009
2269.700 3.032
2269.800 3.060
2269.900 3.082
2270.000 3.113
2270.100 3.125
2270.200 3.176
2270.300 3.185
2270.400 3.216
2270.500 3.240
2270.600 3.271
2270.700 3.313
2270.800 3.359
2270.900 3.377
2271.000 3.396
2271.100 3.437
2271.200 3.473
2271.300 3.525
2271.400 3.551
2271.500 3.576
2271.600 3.610
2271.700 3.648
2271.800 3.691
2271.900 3.726
2272.000 3.763
2272.100 3.792
2272.200 3.842
2272.300 3.897
2272.400 3.919
2272.500 3.971
2272.600 3.993
2272.700 4.039
2272.800 4.109
2272.900 4.133
2273.000 4.193
2273.100 4.220
2273.200 4.289
2273.300 4.310
2273.400 4.370
2273.500 4.431
2273.600 4.464
2273.700 4.529
2273.800 4.596
2273.900 4.627
2274.000 4.701
2274.100 4.735
2274.200 4.814
2274.300 4.847
2274.400 4.920
2274.500 4.988
2274.600 5.036
2274.700 5.104
2274.800 5.141
2274.900 5.219
2275.000 5.305
2275.100 5.341
2275.200 5.429
2275.300 5.470
2275.400 5.551
2275.500 5.659
2275.600 5.691
2275.700 5.786
2275.800 5.826
2275.900 5.923
2276.000 6.008
2276.100 6.061
2276.200 6.151
2276.300 6.212
2276.400 6.292
2276.500 6.377
2276.600 6.412
2276.700 6.507
2276.800 6.547
2276.900 6.639
2277.000 6.723
2277.100 6.763
2277.200 6.843
2277.300 6.887
2277.400 6.964
2277.500 7.047
2277.600 7.084
2277.700 7.149
2277.800 7.187
2277.900 7.243
2278.000 7.302
2278.100 7.322
2278.200 7.388
2278.300 7.402
2278.400 7.447
2278.500 7.469
2278.600 7.481
2278.700 7.496
2278.800 7.491
2278.900 7.487
2279.000 7.468
2279.100 7.456
2279.200 7.432
2279.300 7.409
2279.400 7.372
2279.500 7.349
2279.600 7.281
2279.700 7.226
2279.800 7.190
2279.900 7.113
2280.000 7.025
2280.100 6.988
2280.200 6.900
2280.300 6.861
2280.400 6.775
2280.500 6.712
2280.600 6.674
2280.700 6.613
2280.800 6.578
2280.900 6.527
2281.000 6.494
2281.100 6.473
2281.200 6.465
2281.300 6.448
2281.400 6.468
2281.500 6.467
2281.600 6.496
2281.700 6.527
2281.800 6.551
2281.900 6.603
2282.000 6.677
2282.100 6.707
2282.200 6.803
2282.300 6.840
2282.400 6.948
2282.500 7.041
2282.600 7.099
2282.700 7.193
2282.800 7.255
2282.900 7.355
2283.000 7.450
2283.100 7.496
2283.200 7.621
2283.300 7.663
2283.400 7.744
2283.500 7.793
2283.600 7.814
2283.700 7.874
2283.800 7.888
2283.900 7.912
2284.000 7.912
2284.100 7.904
2284.200 7.895
2284.300 7.856
2284.400 7.796
2284.500 7.734
2284.600 7.676
2284.700 7.552
2284.800 7.475
2284.900 7.322
2285.000 7.136
2285.100 7.062
2285.200 6.845
2285.300 6.738
2285.400 6.516
2285.500 6.283
2285.600 6.159
2285.700 5.918
2285.800 5.789
2285.900 5.541
2286.000 5.298
2286.100 5.168
2286.200 4.927
2286.300 4.817
2286.400 4.597
2286.500 4.485
2286.600 4.295
2286.700 4.101
2286.800 4.018
2286.900 3.855
2287.000 3.792
2287.100 3.654
2287.200 3.540
2287.300 3.488
2287.400 3.258
2287.500 3.195
2287.600 3.156
2287.700 3.131
2287.800 3.121
2287.900 3.172
2288.000 3.167
2288.100 3.099
2288.200 3.046
2288.300 3.028
2288.400 3.028
2288.500 3.009
2288.600 2.986
2288.700 2.985
2288.800 2.982
2288.900 2.977
2289.000 2.969
2289.100 2.960
2289.200 2.963
2289.300 2.974
2289.400 2.962
2289.500 2.975
2289.600 2.960
2289.700 2.967
2289.800 2.969
2289.900 2.962
2290.000 2.968
2290.100 2.961
2290.200 2.955
2290.300 2.961
2290.400 2.964
2290.500 2.958
2290.600 2.956
2290.700 2.959
2290.800 2.952
2290.900 2.940
2291.000 2.944
2291.100 2.930
2291.200 2.937
2291.300 2.925
2291.400 2.920
2291.500 2.914
2291.600 2.909
2291.700 2.898
2291.800 2.901
2291.900 2.884
2292.000 2.878
2292.100 2.875
2292.200 2.864
2292.300 2.851
2292.400 2.849
2292.500 2.839
2292.600 2.828
2292.700 2.822
2292.800 2.807
2292.900 2.802
2293.000 2.796
2293.100 2.783
2293.200 2.768
2293.300 2.762
2293.400 2.753
2293.500 2.754
2293.600 2.739
2293.700 2.718
2293.800 2.715
2293.900 2.715
2294.000 2.702
2294.100 2.688
2294.200 2.674
2294.300 2.675
2294.400 2.664
2294.500 2.652
2294.600 2.644
2294.700 2.636
2294.800 2.626
2294.900 2.615
2295.000 2.605
2295.100 2.591
2295.200 2.584
2295.300 2.572
2295.400 2.561
2295.500 2.561
2295.600 2.547
2295.700 2.531
2295.800 2.527
2295.900 2.509
2296.000 2.505
2296.100 2.492
2296.200 2.490
2296.300 2.481
2296.400 2.477
2296.500 2.466
2296.600 2.458
2296.700 2.444
2296.800 2.434
2296.900 2.419
2297.000 2.414
2297.100 2.401
2297.200 2.405
2297.300 2.390
2297.400 2.382
2297.500 2.378
2297.600 2.361
2297.700 2.355
2297.800 2.340
2297.900 2.336
2298.000 2.330
2298.100 2.320
2298.200 2.312
2298.300 2.310
2298.400 2.290
2298.500 2.288
2298.600 2.280
2298.700 2.270
2298.800 2.258
2298.900 2.250
2299.000 2.245
2299.100 2.237
2299.200 2.227
2299.300 2.220
2299.400 2.212
2299.500 2.205
2299.600 2.204
2299.700 2.193
2299.800 2.177
2299.900 2.174
2300.000 2.164
2300.100 2.149
2300.200 2.155
2300.300 2.143
2300.400 2.135
2300.500 2.128
2300.600 2.127
2300.700 2.121
2300.800 2.106
2300.900 2.099
2301.000 2.100
2301.100 2.089
2301.200 2.078
2301.300 2.076
2301.400 2.075
2301.500 2.072
2301.600 2.064
2301.700 2.054
2301.800 2.041
2301.900 2.032
2302.000 2.030
2302.100 2.017
2302.200 2.016
2302.300 2.015
2302.400 2.001
2302.500 2.003
2302.600 1.992
2302.700 1.991
2302.800 1.974
2302.900 1.970
2303.000 1.968
2303.100 1.960
2303.200 1.959
2303.300 1.959
2303.400 1.943
2303.500 1.939
2303.600 1.940
2303.700 1.929
2303.800 1.924
2303.900 1.918
2304.000 1.910
2304.100 1.908
2304.200 1.903
2304.300 1.891
2304.400 1.890
2304.500 1.882
2304.600 1.873
2304.700 1.872
2304.800 1.868
2304.900 1.862
2305.000 1.862
2305.100 1.845
2305.200 1.843
2305.300 1.833
2305.400 1.834
2305.500 1.826
2305.600 1.825
2305.700 1.821
2305.800 1.811
2305.900 1.809
2306.000 1.811
2306.100 1.801
2306.200 1.793
2306.300 1.777
2306.400 1.776
2306.500 1.769
2306.600 1.767
2306.700 1.760
2306.800 1.770
2306.900 1.776
2307.000 1.765
2307.100 1.756
2307.200 1.753
2307.300 1.742
2307.400 1.736
2307.500 1.728
2307.600 1.723
2307.700 1.732
2307.800 1.718
2307.900 1.718
2308.000 1.712
2308.100 1.707
2308.200 1.702
2308.300 1.701
2308.400 1.690
2308.500 1.702
2308.600 1.690
2308.700 1.687
2308.800 1.682
2308.900 1.674
2309.000 1.669
2309.100 1.667
2309.200 1.657
2309.300 1.654
2309.400 1.660
2309.500 1.654
2309.600 1.649
2309.700 1.641
2309.800 1.642
2309.900 1.631
2310.000 1.637
2310.100 1.633
2310.200 1.635
2310.300 1.624
2310.400 1.629
2310.500 1.615
2310.600 1.606
2310.700 1.606
2310.800 1.602
2310.900 1.601
2311.000 1.606
2311.100 1.593
2311.200 1.592
2311.300 1.581
2311.400 1.585
2311.500 1.580
2311.600 1.576
2311.700 1.576
2311.800 1.572
2311.900 1.566
2312.000 1.561
2312.100 1.564
2312.200 1.556
2312.300 1.553
2312.400 1.550
2312.500 1.551
2312.600 1.540
2312.700 1.542
2312.800 1.534
2312.900 1.537
2313.000 1.528
2313.100 1.527
2313.200 1.522
2313.300 1.524
2313.400 1.520
2313.500 1.518
2313.600 1.511
2313.700 1.509
2313.800 1.507
2313.900 1.503
2314.000 1.498
2314.100 1.499
2314.200 1.498
2314.300 1.490
2314.400 1.499
2314.500 1.489
2314.600 1.481
2314.700 1.481
2314.800 1.473
2314.900 1.471
2315.000 1.467
2315.100 1.469
2315.200 1.469
2315.300 1.460
2315.400 1.460
2315.500 1.455
2315.600 1.463
2315.700 1.457
2315.800 1.447
2315.900 1.442
2316.000 1.445
2316.100 1.447
2316.200 1.439
2316.300 1.434
2316.400 1.433
2316.500 1.432
2316.600 1.428
2316.700 1.427
2316.800 1.425
2316.900 1.424
2317.000 1.416
2317.100 1.426
2317.200 1.417
2317.300 1.419
2317.400 1.413
2317.500 1.412
2317.600 1.410
2317.700 1.412
2317.800 1.404
2317.900 1.405
2318.000 1.397
2318.100 1.397
2318.200 1.390
2318.300 1.399
2318.400 1.395
2318.500 1.387
2318.600 1.388
2318.700 1.382
2318.800 1.379
2318.900 1.377
2319.000 1.375
2319.100 1.374
2319.200 1.364
2319.300 1.361
2319.400 1.371
2319.500 1.362
2319.600 1.365
2319.700 1.360
2319.800 1.356
2319.900 1.352
2320.000 1.352
2320.100 1.350
2320.200 1.350
2320.300 1.345
2320.400 1.340
2320.500 1.344
2320.600 1.348
2320.700 1.338
2320.800 1.337
2320.900 1.333
2321.000 1.331
2321.100 1.333
2321.200 1.325
2321.300 1.324
2321.400 1.322
2321.500 1.320
2321.600 1.317
2321.700 1.316
2321.800 1.319
2321.900 1.323
2322.000 1.314
2322.100 1.318
2322.200 1.309
2322.300 1.322
2322.400 1.312
2322.500 1.309
2322.600 1.303
2322.700 1.302
2322.800 1.298
2322.900 1.296
2323.000 1.295
2323.100 1.291
2323.200 1.295
2323.300 1.295
2323.400 1.288
2323.500 1.285
2323.600 1.285
2323.700 1.281
2323.800 1.281
2323.900 1.275
2324.000 1.275
2324.100 1.275
2324.200 1.274
2324.300 1.276
2324.400 1.294
2324.500 1.283
2324.600 1.277
2324.700 1.269
2324.800 1.258
2324.900 1.266
2325.000 1.275
2325.100 1.258
2325.200 1.258
2325.300 1.249
2325.400 1.251
2325.500 1.245
2325.600 1.242
2325.700 1.239
2325.800 1.247
2325.900 1.244
2326.000 1.245
2326.100 1.240
2326.200 1.237
2326.300 1.233
2326.400 1.228
2326.500 1.231
2326.600 1.225
2326.700 1.234
2326.800 1.228
2326.900 1.231
2327.000 1.226
2327.100 1.226
2327.200 1.220
2327.300 1.219
2327.400 1.220
2327.500 1.217
2327.600 1.212
2327.700 1.220
2327.800 1.219
2327.900 1.224
2328.000 1.221
2328.100 1.215
2328.200 1.209
2328.300 1.209
2328.400 1.206
2328.500 1.204
2328.600 1.202
2328.700 1.199
2328.800 1.203
2328.900 1.195
2329.000 1.197
2329.100 1.193
2329.200 1.194
2329.300 1.191
2329.400 1.197
2329.500 1.194
2329.600 1.185
2329.700 1.196
2329.800 1.183
2329.900 1.187
2330.000 1.179
2330.100 1.181
2330.200 1.182
2330.300 1.183
2330.400 1.180
2330.500 1.178
2330.600 1.173
2330.700 1.175
2330.800 1.175
2330.900 1.172
2331.000 1.165
2331.100 1.180
2331.200 1.168
2331.300 1.170
2331.400 1.165
2331.500 1.170
2331.600 1.191
2331.700 1.180
2331.800 1.174
2331.900 1.164
2332.000 1.154
2332.100 1.156
2332.200 1.159
2332.300 1.159
2332.400 1.154
2332.500 1.158
2332.600 1.149
2332.700 1.152
2332.800 1.159
2332.900 1.147
2333.000 1.146
2333.100 1.133
2333.200 1.171
2333.300 1.192
2333.400 1.169
2333.500 1.161
2333.600 1.151
2333.700 1.141
2333.800 1.138
2333.900 1.133
2334.000 1.139
2334.100 1.132
2334.200 1.139
2334.300 1.138
2334.400 1.137
2334.500 1.136
2334.600 1.126
2334.700 1.125
2334.800 1.128
2334.900 1.204
2335.000 1.188
2335.100 1.177
2335.200 1.164
2335.300 1.154
2335.400 1.157
2335.500 1.143
2335.600 1.134
2335.700 1.124
2335.800 1.117
2335.900 1.115
2336.000 1.116
2336.100 1.119
2336.200 1.113
2336.300 1.113
2336.400 1.108
2336.500 1.109
2336.600 1.103
2336.700 1.105
2336.800 1.104
2336.900 1.100
2337.000 1.111
2337.100 1.105
2337.200 1.107
2337.300 1.107
2337.400 1.113
2337.500 1.104
2337.600 1.102
2337.700 1.097
2337.800 1.099
2337.900 1.098
2338.000 1.100
2338.100 1.097
2338.200 1.099
2338.300 1.093
2338.400 1.093
2338.500 1.090
2338.600 1.093
2338.700 1.091
2338.800 1.091
2338.900 1.086
2339.000 1.085
2339.100 1.090
2339.200 1.095
2339.300 1.097
2339.400 1.081
2339.500 1.127
2339.600 1.113
2339.700 1.098
2339.800 1.092
2339.900 1.083
2340.000 1.086
2340.100 1.081
2340.200 1.080
2340.300 1.084
2340.400 1.080
2340.500 1.080
2340.600 1.077
2340.700 1.077
2340.800 1.077
2340.900 1.078
2341.000 1.075
2341.100 1.097
2341.200 1.101
2341.300 1.093
2341.400 1.081
2341.500 1.075
2341.600 1.077
2341.700 1.071
2341.800 1.089
2341.900 1.070
2342.000 1.135
2342.100 1.110
2342.200 1.107
2342.300 1.095
2342.400 1.079
2342.500 1.086
2342.600 1.082
2342.700 1.073
2342.800 1.151
2342.900 1.186
2343.000 1.173
2343.100 1.131
2343.200 1.107
2343.300 1.097
2343.400 1.078
2343.500 1.073
2343.600 1.062
2343.700 1.056
2343.800 1.049
2343.900 1.051
2344.000 1.049
2344.100 1.050
2344.200 1.044
2344.300 1.047
2344.400 1.044
2344.500 1.039
2344.600 1.041
2344.700 1.060
2344.800 1.084
2344.900 1.069
2345.000 1.065
2345.100 1.050
2345.200 1.047
2345.300 1.044
2345.400 1.041
2345.500 1.041
2345.600 1.034
2345.700 1.037
2345.800 1.036
2345.900 1.033
2346.000 1.035
2346.100 1.030
2346.200 1.032
2346.300 1.029
2346.400 1.033
2346.500 1.028
2346.600 1.026
2346.700 1.036
2346.800 1.041
2346.900 1.027
2347.000 1.035
2347.100 1.025
2347.200 1.027
2347.300 1.021
2347.400 1.028
2347.500 1.025
2347.600 1.021
2347.700 1.021
2347.800 1.021
2347.900 1.025
2348.000 1.019
2348.100 1.024
2348.200 1.025
2348.300 1.023
2348.400 1.018
2348.500 1.020
2348.600 1.017
2348.700 1.016
2348.800 1.016
2348.900 1.014
2349.000 1.013
2349.100 1.019
2349.200 1.012
2349.300 1.016
2349.400 1.011
2349.500 1.018
2349.600 1.010
2349.700 1.010
2349.800 1.011
2349.900 1.013
2350.000 1.009
2350.100 1.017
2350.200 1.011
2350.300 1.009
2350.400 1.012
2350.500 1.014
2350.600 1.015
2350.700 1.019
2350.800 1.029
2350.900 1.024
2351.000 1.016
2351.100 1.014
2351.200 1.011
2351.300 1.010
2351.400 1.011
2351.500 1.007
2351.600 1.003
2351.700 1.010
2351.800 1.010
2351.900 1.009
2352.000 1.012
2352.100 1.026
2352.200 1.021
2352.300 1.011
2352.400 1.014
2352.500 1.007
2352.600 1.009
2352.700 1.006
2352.800 1.000
2352.900 1.000
2353.000 1.001
2353.100 0.999
2353.200 0.998
2353.300 1.004
2353.400 1.000
2353.500 1.004
2353.600 0.992
2353.700 0.997
2353.800 1.001
2353.900 1.002
2354.000 0.996
2354.100 1.002
2354.200 0.997
2354.300 0.997
2354.400 0.995
2354.500 0.998
2354.600 0.995
2354.700 0.995
2354.800 0.995
2354.900 0.999
2355.000 0.995
2355.100 0.997
2355.200 0.997
2355.300 0.997
2355.400 0.995
2355.500 0.996
2355.600 0.995
2355.700 0.991
2355.800 0.999
2355.900 1.005
2356.000 1.002
2356.100 0.995
2356.200 0.997
2356.300 0.992
2356.400 0.992
2356.500 0.995
2356.600 0.998
2356.700 0.995
2356.800 0.996
2356.900 0.993
2357.000 0.996
2357.100 1.011
2357.200 1.035
2357.300 1.016
2357.400 1.008
2357.500 1.010
2357.600 1.010
2357.700 0.999
2357.800 0.996
2357.900 0.995
2358.000 0.997
2358.100 0.994
2358.200 0.993
2358.300 0.993
2358.400 0.991
2358.500 0.997
2358.600 0.992
2358.700 0.995
2358.800 0.991
2358.900 0.995
2359.000 0.993
2359.100 0.992
2359.200 0.988
2359.300 0.992
2359.400 0.983
2359.500 0.982
2359.600 0.987
2359.700 0.987
2359.800 0.987
2359.900 0.980
2360.000 0.981
2360.100 0.984
2360.200 0.992
2360.300 0.986
2360.400 0.989
2360.500 0.985
2360.600 0.991
2360.700 0.990
2360.800 0.992
2360.900 0.986
2361.000 0.986
2361.100 0.979
2361.200 0.985
2361.300 1.022
2361.400 1.011
2361.500 1.004
2361.600 0.995
2361.700 0.990
2361.800 0.988
2361.900 0.987
2362.000 0.985
2362.100 0.980
2362.200 0.977
2362.300 0.982
2362.400 0.984
2362.500 0.984
2362.600 0.979
2362.700 0.989
2362.800 0.986
2362.900 0.991
2363.000 0.999
2363.100 0.993
2363.200 0.994
2363.300 1.007
2363.400 0.993
2363.500 0.993
2363.600 0.982
2363.700 0.989
2363.800 0.986
2363.900 1.025
2364.000 1.016
2364.100 1.013
2364.200 1.017
2364.300 0.992
2364.400 0.987
2364.500 0.988
2364.600 0.999
2364.700 0.995
2364.800 0.993
2364.900 0.982
2365.000 0.987
2365.100 0.983
2365.200 0.986
2365.300 0.982
2365.400 0.982
2365.500 0.977
2365.600 0.982
2365.700 0.979
2365.800 0.983
2365.900 0.982
2366.000 0.989
2366.100 0.986
2366.200 0.988
2366.300 0.987
2366.400 0.980
2366.500 0.983
2366.600 0.983
2366.700 0.980
2366.800 0.978
2366.900 0.989
2367.000 0.983
2367.100 0.981
2367.200 0.982
2367.300 0.984
2367.400 0.984
2367.500 0.985
2367.600 0.989
2367.700 0.991
2367.800 0.986
2367.900 0.991
2368.000 0.982
2368.100 0.998
2368.200 0.992
2368.300 0.990
2368.400 0.990
2368.500 0.991
2368.600 0.989
2368.700 0.984
2368.800 0.979
2368.900 0.991
2369.000 0.980
2369.100 0.979
2369.200 0.982
2369.300 0.996
2369.400 0.989
2369.500 0.991
2369.600 0.987
2369.700 0.990
2369.800 0.988
2369.900 0.984
2370.000 0.986
2370.100 0.984
2370.200 0.991
2370.300 0.987
2370.400 0.986
2370.500 0.982
2370.600 0.990
2370.700 0.985
2370.800 0.991
2370.900 0.987
2371.000 0.991
2371.100 0.989
2371.200 0.997
2371.300 0.991
2371.400 0.995
2371.500 0.993
2371.600 0.996
2371.700 0.995
2371.800 0.993
2371.900 0.987
2372.000 0.999
2372.100 0.994
2372.200 0.990
2372.300 0.988
2372.400 0.993
2372.500 0.995
2372.600 0.993
2372.700 0.995
2372.800 1.004
2372.900 1.009
2373.000 0.995
2373.100 0.993
2373.200 0.993
2373.300 0.991
2373.400 0.994
2373.500 0.999
2373.600 0.993
2373.700 0.991
2373.800 0.989
2373.900 0.989
2374.000 0.993
2374.100 1.002
2374.200 0.999
2374.300 0.996
2374.400 0.999
2374.500 0.993
2374.600 0.996
2374.700 0.994
2374.800 1.003
2374.900 1.001
2375.000 1.000
2375.100 0.997
2375.200 1.003
2375.300 1.002
2375.400 0.997
2375.500 0.992
2375.600 0.995
2375.700 0.996
2375.800 0.996
2375.900 0.996
2376.000 0.994
2376.100 1.005
2376.200 0.995
2376.300 1.000
2376.400 1.000
2376.500 1.006
2376.600 0.999
2376.700 1.006
2376.800 1.002
2376.900 1.007
2377.000 0.999
2377.100 0.997
2377.200 1.002
2377.300 1.005
2377.400 1.001
2377.500 0.998
2377.600 1.004
2377.700 0.999
2377.800 1.001
2377.900 1.000
2378.000 0.999
2378.100 1.000
2378.200 1.006
2378.300 1.006
2378.400 1.008
2378.500 1.005
2378.600 1.010
2378.700 1.001
2378.800 1.007
2378.900 1.002
2379.000 1.008
2379.100 1.005
2379.200 1.005
2379.300 1.005
2379.400 1.012
2379.500 1.005
2379.600 1.008
2379.700 1.009
2379.800 1.014
2379.900 1.010
2380.000 1.012
2380.100 1.025
2380.200 1.026
2380.300 1.020
2380.400 1.017
2380.500 1.016
2380.600 1.015
2380.700 1.024
2380.800 1.014
2380.900 1.014
2381.000 1.009
2381.100 1.018
2381.200 1.015
2381.300 1.020
2381.400 1.016
2381.500 1.019
2381.600 1.013
2381.700 1.014
2381.800 1.012
2381.900 1.019
2382.000 1.016
2382.100 1.015
2382.200 1.013
2382.300 1.012
2382.400 1.021
2382.500 1.024
2382.600 1.024
2382.700 1.020
2382.800 1.023
2382.900 1.024
2383.000 1.026
2383.100 1.024
2383.200 1.021
2383.300 1.020
2383.400 1.028
2383.500 1.028
2383.600 1.028
2383.700 1.025
2383.800 1.022
2383.900 1.027
2384.000 1.032
2384.100 1.029
2384.200 1.028
2384.300 1.033
2384.400 1.031
2384.500 1.031
2384.600 1.030
2384.700 1.033
2384.800 1.034
2384.900 1.039
2385.000 1.036
2385.100 1.033
2385.200 1.033
2385.300 1.035
2385.400 1.029
2385.500 1.039
2385.600 1.033
2385.700 1.040
2385.800 1.036
2385.900 1.046
2386.000 1.042
2386.100 1.044
2386.200 1.042
2386.300 1.041
2386.400 1.045
2386.500 1.042
2386.600 1.046
2386.700 1.048
2386.800 1.046
2386.900 1.043
2387.000 1.046
2387.100 1.045
2387.200 1.046
2387.300 1.046
2387.400 1.054
2387.500 1.047
2387.600 1.048
2387.700 1.045
2387.800 1.047
2387.900 1.050
2388.000 1.053
2388.100 1.049
2388.200 1.055
2388.300 1.054
2388.400 1.049
2388.500 1.058
2388.600 1.058
2388.700 1.056
2388.800 1.055
2388.900 1.057
2389.000 1.051
2389.100 1.063
2389.200 1.057
2389.300 1.063
2389.400 1.063
2389.500 1.069
2389.600 1.064
2389.700 1.066
2389.800 1.066
2389.900 1.063
2390.000 1.070
2390.100 1.065
2390.200 1.067
2390.300 1.070
2390.400 1.071
2390.500 1.072
2390.600 1.076
2390.700 1.075
2390.800 1.077
2390.900 1.070
2391.000 1.073
2391.100 1.073
2391.200 1.074
2391.300 1.086
2391.400 1.086
2391.500 1.076
2391.600 1.080
2391.700 1.076
2391.800 1.078
2391.900 1.079
2392.000 1.085
2392.100 1.084
2392.200 1.081
2392.300 1.085
2392.400 1.084
2392.500 1.093
2392.600 1.091
2392.700 1.090
2392.800 1.091
2392.900 1.101
2393.000 1.092
2393.100 1.096
2393.200 1.090
2393.300 1.092
2393.400 1.090
2393.500 1.088
2393.600 1.096
2393.700 1.100
2393.800 1.097
2393.900 1.095
2394.000 1.101
2394.100 1.095
2394.200 1.103
2394.300 1.096
2394.400 1.105
2394.500 1.107
2394.600 1.109
2394.700 1.107
2394.800 1.105
2394.900 1.104
2395.000 1.113
2395.100 1.110
2395.200 1.114
2395.300 1.112
2395.400 1.110
2395.500 1.111
2395.600 1.112
2395.700 1.114
2395.800 1.117
2395.900 1.116
2396.000 1.113
2396.100 1.122
2396.200 1.115
2396.300 1.126
2396.400 1.121
2396.500 1.133
2396.600 1.127
2396.700 1.130
2396.800 1.132
2396.900 1.136
2397.000 1.130
2397.100 1.135
2397.200 1.130
2397.300 1.132
2397.400 1.132
2397.500 1.134
2397.600 1.139
2397.700 1.136
2397.800 1.144
2397.900 1.137
2398.000 1.141
2398.100 1.141
2398.200 1.142
2398.300 1.149
2398.400 1.145
2398.500 1.147
2398.600 1.157
2398.700 1.153
2398.800 1.154
2398.900 1.153
2399.000 1.156
2399.100 1.158
2399.200 1.162
2399.300 1.160
2399.400 1.162
2399.500 1.165
2399.600 1.160
2399.700 1.170
2399.800 1.167
2399.900 1.163
2400.000 1.167
2400.100 1.176
2400.200 1.175
2400.300 1.177
2400.400 1.174
2400.500 1.177
2400.600 1.171
2400.700 1.180
2400.800 1.179
2400.900 1.183
2401.000 1.186
2401.100 1.193
2401.200 1.187
2401.300 1.188
2401.400 1.192
2401.500 1.195
2401.600 1.196
2401.700 1.199
2401.800 1.196
2401.900 1.198
2402.000 1.198
2402.100 1.199
2402.200 1.206
2402.300 1.200
2402.400 1.210
2402.500 1.210
2402.600 1.214
2402.700 1.211
2402.800 1.215
2402.900 1.214
2403.000 1.222
2403.100 1.213
2403.200 1.222
2403.300 1.223
2403.400 1.221
2403.500 1.219
2403.600 1.230
2403.700 1.226
2403.800 1.231
2403.900 1.232
2404.000 1.234
2404.100 1.236
2404.200 1.240
2404.300 1.240
2404.400 1.246
2404.500 1.246
2404.600 1.242
2404.700 1.240
2404.800 1.241
2404.900 1.248
2405.000 1.248
2405.100 1.251
2405.200 1.252
2405.300 1.251
2405.400 1.254
2405.500 1.263
2405.600 1.263
2405.700 1.264
2405.800 1.258
2405.900 1.266
2406.000 1.266
2406.100 1.271
2406.200 1.268
2406.300 1.281
2406.400 1.279
2406.500 1.282
2406.600 1.285
2406.700 1.280
2406.800 1.287
2406.900 1.296
2407.000 1.289
2407.100 1.292
2407.200 1.292
2407.300 1.302
2407.400 1.301
2407.500 1.300
2407.600 1.303
2407.700 1.305
2407.800 1.305
2407.900 1.308
2408.000 1.312
2408.100 1.308
2408.200 1.324
2408.300 1.317
2408.400 1.322
2408.500 1.323
2408.600 1.333
2408.700 1.335
2408.800 1.337
2408.900 1.334
2409.000 1.341
2409.100 1.342
2409.200 1.344
2409.300 1.341
2409.400 1.350
2409.500 1.352
2409.600 1.352
2409.700 1.348
2409.800 1.357
2409.900 1.360
2410.000 1.362
2410.100 1.365
2410.200 1.368
2410.300 1.372
2410.400 1.372
2410.500 1.379
2410.600 1.381
2410.700 1.392
2410.800 1.387
2410.900 1.393
2411.000 1.393
2411.100 1.402
2411.200 1.400
2411.300 1.407
2411.400 1.404
2411.500 1.406
2411.600 1.412
2411.700 1.412
2411.800 1.416
2411.900 1.419
2412.000 1.426
2412.100 1.430
2412.200 1.438
2412.300 1.432
2412.400 1.439
2412.500 1.439
2412.600 1.444
2412.700 1.443
2412.800 1.450
2412.900 1.451
2413.000 1.459
2413.100 1.457
2413.200 1.469
2413.300 1.464
2413.400 1.469
2413.500 1.472
2413.600 1.478
2413.700 1.477
2413.800 1.497
2413.900 1.492
2414.000 1.494
2414.100 1.496
2414.200 1.497
2414.300 1.501
2414.400 1.516
2414.500 1.514
2414.600 1.511
2414.700 1.518
2414.800 1.520
2414.900 1.525
2415.000 1.527
2415.100 1.534
2415.200 1.540
2415.300 1.544
2415.400 1.545
2415.500 1.556
2415.600 1.554
2415.700 1.562
2415.800 1.559
2415.900 1.559
2416.000 1.571
2416.100 1.579
2416.200 1.583
2416.300 1.586
2416.400 1.594
2416.500 1.594
2416.600 1.607
2416.700 1.606
2416.800 1.622
2416.900 1.622
2417.000 1.624
2417.100 1.625
2417.200 1.634
2417.300 1.635
2417.400 1.652
2417.500 1.645
2417.600 1.655
2417.700 1.656
2417.800 1.669
2417.900 1.667
2418.000 1.676
2418.100 1.680
2418.200 1.681
2418.300 1.688
2418.400 1.691
2418.500 1.705
2418.600 1.708
2418.700 1.711
2418.800 1.713
2418.900 1.722
2419.000 1.722
2419.100 1.734
2419.200 1.735
2419.300 1.754
2419.400 1.753
2419.500 1.761
2419.600 1.764
2419.700 1.772
2419.800 1.778
2419.900 1.781
2420.000 1.793
2420.100 1.808
2420.200 1.808
2420.300 1.822
2420.400 1.818
2420.500 1.824
2420.600 1.841
2420.700 1.839
2420.800 1.850
2420.900 1.851
2421.000 1.861
2421.100 1.865
2421.200 1.878
2421.300 1.883
2421.400 1.890
2421.500 1.905
2421.600 1.907
2421.700 1.920
2421.800 1.928
2421.900 1.932
2422.000 1.935
2422.100 1.972
2422.200 1.967
2422.300 1.982
2422.400 1.986
2422.500 2.001
2422.600 1.980
2422.700 2.003
2422.800 2.009
2422.900 2.020
2423.000 2.027
2423.100 2.035
2423.200 2.046
2423.300 2.063
2423.400 2.066
2423.500 2.089
2423.600 2.093
2423.700 2.105
2423.800 2.112
2423.900 2.120
2424.000 2.126
2424.100 2.140
2424.200 2.147
2424.300 2.168
2424.400 2.171
2424.500 2.179
2424.600 2.197
2424.700 2.204
2424.800 2.220
2424.900 2.231
2425.000 2.248
2425.100 2.255
2425.200 2.268
2425.300 2.273
2425.400 2.292
2425.500 2.303
2425.600 2.320
2425.700 2.328
2425.800 2.343
2425.900 2.351
2426.000 2.375
2426.100 2.381
2426.200 2.396
2426.300 2.415
2426.400 2.422
2426.500 2.442
2426.600 2.464
2426.700 2.471
2426.800 2.494
2426.900 2.501
2427.000 2.516
2427.100 2.536
2427.200 2.543
2427.300 2.570
2427.400 2.578
2427.500 2.600
2427.600 2.622
2427.700 2.634
2427.800 2.651
2427.900 2.661
2428.000 2.683
2428.100 2.715
2428.200 2.722
2428.300 2.741
2428.400 2.758
2428.500 2.784
2428.600 2.808
2428.700 2.826
2428.800 2.848
2428.900 2.860
2429.000 2.886
2429.100 2.904
2429.200 2.934
2429.300 2.967
2429.400 2.972
2429.500 3.000
2429.600 3.014
2429.700 3.040
2429.800 3.076
2429.900 3.090
2430.000 3.132
2430.100 3.146
2430.200 3.177
2430.300 3.201
2430.400 3.236
2430.500 3.244
2430.600 3.276
2430.700 3.313
2430.800 3.345
2430.900 3.362
2431.000 3.382
2431.100 3.421
2431.200 3.460
2431.300 3.510
2431.400 3.523
2431.500 3.544
2431.600 3.580
2431.700 3.623
2431.800 3.661
2431.900 3.689
2432.000 3.725
2432.100 3.769
2432.200 3.810
2432.300 3.857
2432.400 3.879
2432.500 3.898
2432.600 3.972
2432.700 4.018
2432.800 4.058
2432.900 4.080
2433.000 4.100
2433.100 4.141
2433.200 4.201
2433.300 4.225
2433.400 4.279
2433.500 4.301
2433.600 4.359
2433.700 4.410
2433.800 4.471
2433.900 4.498
2434.000 4.555
2434.100 4.578
2434.200 4.637
2434.300 4.699
2434.400 4.732
2434.500 4.791
2434.600 4.822
2434.700 4.882
2434.800 4.939
2434.900 4.973
2435.000 5.048
2435.100 5.075
2435.200 5.134
2435.300 5.164
2435.400 5.223
2435.500 5.281
2435.600 5.306
2435.700 5.372
2435.800 5.437
2435.900 5.459
2436.000 5.526
2436.100 5.549
2436.200 5.606
2436.300 5.646
2436.400 5.670
2436.500 5.711
2436.600 5.732
2436.700 5.791
2436.800 5.825
2436.900 5.847
2437.000 5.873
2437.100 5.890
2437.200 5.923
2437.300 5.943
2437.400 5.957
2437.500 5.962
2437.600 5.983
2437.700 5.984
2437.800 5.973
2437.900 5.963
2438.000 5.962
2438.100 5.953
2438.200 5.940
2438.300 5.922
2438.400 5.903
2438.500 5.864
2438.600 5.867
2438.700 5.822
2438.800 5.767
2438.900 5.746
2439.000 5.696
2439.100 5.664
2439.200 5.613
2439.300 5.542
2439.400 5.511
2439.500 5.483
2439.600 5.428
2439.700 5.345
2439.800 5.284
2439.900 5.240
2440.000 5.161
2440.100 5.118
2440.200 5.045
2440.300 4.962
2440.400 4.922
2440.500 4.836
2440.600 4.799
2440.700 4.718
2440.800 4.648
2440.900 4.604
2441.000 4.521
2441.100 4.481
2441.200 4.401
2441.300 4.368
2441.400 4.284
2441.500 4.212
2441.600 4.167
2441.700 4.002
2441.800 3.948
2441.900 3.886
2442.000 3.813
2442.100 3.788
2442.200 3.799
2442.300 3.792
2442.400 3.721
2442.500 3.652
2442.600 3.618
2442.700 3.545
2442.800 3.514
2442.900 3.446
2443.000 3.393
2443.100 3.363
2443.200 3.299
2443.300 3.272
2443.400 3.229
2443.500 3.197
2443.600 3.152
2443.700 3.087
2443.800 3.062
2443.900 3.008
2444.000 2.955
2444.100 2.929
2444.200 2.888
2444.300 2.862
2444.400 2.818
2444.500 2.793
2444.600 2.744
2444.700 2.701
2444.800 2.675
2444.900 2.635
2445.000 2.589
2445.100 2.571
2445.200 2.525
2445.300 2.506
2445.400 2.468
2445.500 2.424
2445.600 2.402
2445.700 2.382
2445.800 2.362
2445.900 2.323
2446.000 2.289
2446.100 2.271
2446.200 2.244
2446.300 2.228
2446.400 2.194
2446.500 2.163
2446.600 2.143
2446.700 2.116
2446.800 2.096
2446.900 2.062
2447.000 2.058
2447.100 2.023
2447.200 1.998
2447.300 1.982
2447.400 1.964
2447.500 1.942
2447.600 1.929
2447.700 1.887
2447.800 1.878
2447.900 1.857
2448.000 1.838
2448.100 1.814
2448.200 1.798
2448.300 1.784
2448.400 1.753
2448.500 1.753
2448.600 1.724
2448.700 1.705
2448.800 1.693
2448.900 1.668
2449.000 1.655
2449.100 1.638
2449.200 1.614
2449.300 1.603
2449.400 1.579
2449.500 1.582
2449.600 1.562
2449.700 1.540
2449.800 1.534
2449.900 1.517
2450.000 1.499
2450.100 1.478
2450.200 1.460
2450.300 1.452
2450.400 1.435
2450.500 1.423
2450.600 1.408
2450.700 1.402
2450.800 1.387
2450.900 1.381
2451.000 1.371
2451.100 1.348
2451.200 1.342
2451.300 1.332
2451.400 1.314
2451.500 1.303
2451.600 1.293
2451.700 1.274
2451.800 1.271
2451.900 1.252
2452.000 1.242
2452.100 1.231
2452.200 1.219
2452.300 1.209
2452.400 1.197
2452.500 1.190
2452.600 1.175
2452.700 1.166
2452.800 1.160
2452.900 1.145
2453.000 1.138
2453.100 1.130
2453.200 1.113
2453.300 1.111
2453.400 1.097
2453.500 1.093
2453.600 1.077
2453.700 1.066
2453.800 1.060
2453.900 1.052
2454.000 1.042
2454.100 1.033
2454.200 1.020
2454.300 1.025
2454.400 1.019
2454.500 1.003
2454.600 0.990
2454.700 0.985
2454.800 0.977
2454.900 0.971
2455.000 0.964
2455.100 0.950
2455.200 0.939
2455.300 0.937
2455.400 0.928
2455.500 0.923
2455.600 0.912
2455.700 0.907
2455.800 0.900
2455.900 0.888
2456.000 0.889
2456.100 0.875
2456.200 0.873
2456.300 0.864
2456.400 0.862
2456.500 0.851
2456.600 0.844
2456.700 0.838
2456.800 0.838
2456.900 0.824
2457.000 0.821
2457.100 0.811
2457.200 0.804
2457.300 0.799
2457.400 0.793
2457.500 0.788
2457.600 0.780
2457.700 0.775
2457.800 0.767
2457.900 0.771
2458.000 0.759
2458.100 0.757
2458.200 0.743
2458.300 0.742
2458.400 0.736
2458.500 0.737
2458.600 0.728
2458.700 0.720
2458.800 0.714
2458.900 0.710
2459.000 0.704
2459.100 0.697
2459.200 0.691
2459.300 0.690
2459.400 0.681
2459.500 0.677
2459.600 0.676
2459.700 0.671
2459.800 0.665
2459.900 0.661
2460.000 0.659
2460.100 0.649
2460.200 0.649
2460.300 0.637
2460.400 0.633
2460.500 0.626
2460.600 0.626
2460.700 0.620
2460.800 0.611
2460.900 0.604
2461.000 0.609
2461.100 0.598
2461.200 0.601
2461.300 0.584
2461.400 0.583
2461.500 0.574
2461.600 0.574
2461.700 0.570
2461.800 0.583
2461.900 0.566
2462.000 0.562
2462.100 0.560
2462.200 0.558
2462.300 0.553
2462.400 0.553
2462.500 0.545
2462.600 0.539
2462.700 0.539
2462.800 0.532
2462.900 0.530
2463.000 0.525
2463.100 0.523
2463.200 0.519
2463.300 0.515
2463.400 0.509
2463.500 0.511
2463.600 0.505
2463.700 0.505
2463.800 0.497
2463.900 0.495
2464.000 0.491
2464.100 0.490
2464.200 0.485
2464.300 0.482
2464.400 0.476
2464.500 0.473
2464.600 0.470
2464.700 0.470
2464.800 0.464
2464.900 0.464
2465.000 0.463
2465.100 0.457
2465.200 0.456
2465.300 0.450
2465.400 0.445
2465.500 0.437
2465.600 0.443
2465.700 0.438
2465.800 0.437
2465.900 0.431
2466.000 0.432
2466.100 0.427
2466.200 0.423
2466.300 0.421
2466.400 0.419
2466.500 0.415
2466.600 0.414
2466.700 0.413
2466.800 0.407
2466.900 0.404
2467.000 0.401
2467.100 0.397
2467.200 0.395
2467.300 0.392
2467.400 0.390
2467.500 0.392
2467.600 0.385
2467.700 0.385
2467.800 0.379
2467.900 0.374
2468.000 0.375
2468.100 0.373
2468.200 0.371
2468.300 0.373
2468.400 0.361
2468.500 0.370
2468.600 0.363
2468.700 0.362
2468.800 0.356
2468.900 0.352
2469.000 0.349
2469.100 0.353
2469.200 0.346
2469.300 0.348
2469.400 0.342
2469.500 0.338
2469.600 0.334
2469.700 0.331
2469.800 0.331
2469.900 0.333
2470.000 0.331
2470.100 0.322
2470.200 0.324
2470.300 0.321
2470.400 0.318
2470.500 0.315
2470.600 0.316
2470.700 0.308
2470.800 0.309
2470.900 0.307
2471.000 0.311
2471.100 0.303
2471.200 0.304
2471.300 0.299
2471.400 0.297
2471.500 0.292
2471.600 0.292
2471.700 0.289
2471.800 0.291
2471.900 0.289
2472.000 0.292
2472.100 0.279
2472.200 0.280
2472.300 0.279
2472.400 0.277
2472.500 0.278
2472.600 0.274
2472.700 0.270
2472.800 0.268
2472.900 0.268
2473.000 0.268
2473.100 0.266
2473.200 0.264
2473.300 0.263
2473.400 0.258
2473.500 0.258
2473.600 0.253
2473.700 0.255
2473.800 0.250
2473.900 0.255
2474.000 0.250
2474.100 0.246
2474.200 0.243
2474.300 0.244
2474.400 0.241
2474.500 0.241
2474.600 0.235
2474.700 0.233
2474.800 0.235
2474.900 0.235
2475.000 0.233
2475.100 0.227
2475.200 0.231
2475.300 0.222
2475.400 0.224
2475.500 0.222
2475.600 0.221
2475.700 0.220
2475.800 0.218
2475.900 0.217
2476.000 0.219
2476.100 0.212
2476.200 0.215
2476.300 0.208
2476.400 0.207
2476.500 0.208
2476.600 0.205
2476.700 0.206
2476.800 0.203
2476.900 0.201
2477.000 0.201
2477.100 0.194
2477.200 0.194
2477.300 0.192
2477.400 0.193
2477.500 0.190
2477.600 0.191
2477.700 0.189
2477.800 0.186
2477.900 0.185
2478.000 0.181
2478.100 0.181
2478.200 0.180
2478.300 0.180
2478.400 0.180
2478.500 0.179
2478.600 0.173
2478.700 0.171
2478.800 0.173
2478.900 0.172
2479.000 0.171
2479.100 0.172
2479.200 0.168
2479.300 0.166
2479.400 0.167
2479.500 0.164
2479.600 0.165
2479.700 0.160
2479.800 0.162
2479.900 0.157
2480.000 0.161
2480.100 0.155
2480.200 0.159
2480.300 0.153
2480.400 0.156
2480.500 0.156
2480.600 0.151
2480.700 0.148
2480.800 0.149
2480.900 0.149
2481.000 0.144
2481.100 0.142
2481.200 0.140
2481.300 0.141
2481.400 0.143
2481.500 0.146
2481.600 0.144
2481.700 0.138
2481.800 0.139
2481.900 0.138
2482.000 0.134
2482.100 0.134
2482.200 0.131
2482.300 0.131
2482.400 0.128
2482.500 0.132
2482.600 0.127
2482.700 0.127
2482.800 0.125
2482.900 0.123
2483.000 0.122
2483.100 0.121
2483.200 0.121
2483.300 0.121
2483.400 0.119
2483.500 0.115
2483.600 0.119
2483.700 0.113
2483.800 0.115
2483.900 0.112
2484.000 0.109
2484.100 0.108
2484.200 0.110
2484.300 0.105
2484.400 0.108
2484.500 0.108
2484.600 0.104
2484.700 0.102
2484.800 0.102
2484.900 0.099
2485.000 0.100
2485.100 0.100
2485.200 0.100
2485.300 0.100
2485.400 0.098
2485.500 0.097
2485.600 0.095
2485.700 0.094
2485.800 0.091
2485.900 0.092
2486.000 0.092
2486.100 0.093
2486.200 0.089
2486.300 0.088
2486.400 0.086
2486.500 0.086
2486.600 0.085
2486.700 0.084
2486.800 0.083
2486.900 0.090
2487.000 0.084
2487.100 0.082
2487.200 0.079
2487.300 0.078
2487.400 0.079
2487.500 0.078
2487.600 0.077
2487.700 0.075
2487.800 0.075
2487.900 0.072
2488.000 0.070
2488.100 0.073
2488.200 0.071
2488.300 0.068
2488.400 0.069
2488.500 0.066
2488.600 0.067
2488.700 0.066
2488.800 0.066
2488.900 0.065
2489.000 0.066
2489.100 0.063
2489.200 0.063
2489.300 0.062
2489.400 0.059
2489.500 0.059
2489.600 0.062
2489.700 0.057
2489.800 0.056
2489.900 0.056
2490.000 0.056
2490.100 0.054
2490.200 0.053
2490.300 0.052
2490.400 0.049
2490.500 0.051
2490.600 0.051
2490.700 0.050
2490.800 0.047
2490.900 0.052
2491.000 0.046
2491.100 0.049
2491.200 0.046
2491.300 0.046
2491.400 0.042
2491.500 0.043
2491.600 0.043
2491.700 0.043
2491.800 0.040
2491.900 0.041
2492.000 0.041
2492.100 0.040
2492.200 0.039
2492.300 0.037
2492.400 0.037
2492.500 0.038
2492.600 0.037
2492.700 0.035
2492.800 0.031
2492.900 0.033
2493.000 0.034
2493.100 0.031
2493.200 0.029
2493.300 0.031
2493.400 0.031
2493.500 0.030
2493.600 0.030
2493.700 0.029
2493.800 0.027
2493.900 0.025
2494.000 0.026
2494.100 0.027
2494.200 0.026
2494.300 0.025
2494.400 0.024
2494.500 0.025
2494.600 0.025
2494.700 0.025
2494.800 0.022
2494.900 0.023
2495.000 0.022
2495.100 0.022
2495.200 0.022
2495.300 0.021
2495.400 0.020
2495.500 0.018
2495.600 0.018
2495.700 0.019
2495.800 0.018
2495.900 0.019
2496.000 0.017
2496.100 0.021
2496.200 0.019
2496.300 0.022
2496.400 0.016
2496.500 0.017
2496.600 0.016
2496.700 0.016
2496.800 0.014
2496.900 0.014
2497.000 0.015
2497.100 0.015
2497.200 0.015
2497.300 0.015
2497.400 0.016
2497.500 0.017
2497.600 0.016
2497.700 0.015
2497.800 0.017
2497.900 0.017
2498.000 0.018
2498.100 0.016
2498.200 0.016
2498.300 0.015
2498.400 0.017
2498.500 0.020
2498.600 0.018
2498.700 0.016
2498.800 0.019
2498.900 0.018
2499.000 0.017
2499.100 0.020
2499.200 0.018
2499.300 0.019
2499.400 0.022
2499.500 0.021
2499.600 0.020
2499.700 0.022
2499.800 0.020
2499.900 0.023
2500.000 0.023
