2200.100 0.003
2200.200 0.003
2200.300 0.731
2200.400 0.749
2200.500 0.683
2200.600 0.687
2200.700 0.677
2200.800 0.678
2200.900 0.669
2201.000 0.673
2201.100 0.670
2201.200 0.674
2201.300 0.666
2201.400 0.671
2201.500 0.664
2201.600 0.664
2201.700 0.661
2201.800 0.664
2201.900 0.660
2202.000 0.659
2202.100 0.655
2202.200 0.657
2202.300 0.659
2202.400 0.653
2202.500 0.657
2202.600 0.653
2202.700 0.659
2202.800 0.655
2202.900 0.656
2203.000 0.657
2203.100 0.652
2203.200 0.654
2203.300 0.649
2203.400 0.651
2203.500 0.646
2203.600 0.643
2203.700 0.632
2203.800 0.636
2203.900 0.628
2204.000 0.621
2204.100 0.611
2204.200 0.599
2204.300 0.587
2204.400 0.579
2204.500 0.571
2204.600 0.553
2204.700 0.531
2204.800 0.522
2204.900 0.498
2205.000 0.490
2205.100 0.467
2205.200 0.451
2205.300 0.441
2205.400 0.416
2205.500 0.408
2205.600 0.388
2205.700 0.367
2205.800 0.359
2205.900 0.344
2206.000 0.336
2206.100 0.326
2206.200 0.323
2206.300 0.322
2206.400 0.321
2206.500 0.323
2206.600 0.320
2206.700 0.321
2206.800 0.323
2206.900 0.321
2207.000 0.320
2207.100 0.324
2207.200 0.322
2207.300 0.325
2207.400 0.321
2207.500 0.322
2207.600 0.325
2207.700 0.325
2207.800 0.326
2207.900 0.327
2208.000 0.326
2208.100 0.327
2208.200 0.326
2208.300 0.326
2208.400 0.325
2208.500 0.327
2208.600 0.326
2208.700 0.329
2208.800 0.330
2208.900 0.329
2209.000 0.328
2209.100 0.331
2209.200 0.330
2209.300 0.330
2209.400 0.333
2209.500 0.331
2209.600 0.331
2209.700 0.332
2209.800 0.335
2209.900 0.333
2210.000 0.332
2210.100 0.335
2210.200 0.334
2210.300 0.335
2210.400 0.336
2210.500 0.336
2210.600 0.336
2210.700 0.341
2210.800 0.340
2210.900 0.339
2211.000 0.340
2211.100 0.340
2211.200 0.340
2211.300 0.342
2211.400 0.341
2211.500 0.339
2211.600 0.342
2211.700 0.345
2211.800 0.342
2211.900 0.342
2212.000 0.342
2212.100 0.344
2212.200 0.345
2212.300 0.345
2212.400 0.344
2212.500 0.348
2212.600 0.347
2212.700 0.349
2212.800 0.351
2212.900 0.352
2213.000 0.352
2213.100 0.351
2213.200 0.353
2213.300 0.353
2213.400 0.354
2213.500 0.353
2213.600 0.353
2213.700 0.353
2213.800 0.354
2213.900 0.355
2214.000 0.356
2214.100 0.355
2214.200 0.357
2214.300 0.357
2214.400 0.358
2214.500 0.360
2214.600 0.359
2214.700 0.359
2214.800 0.358
2214.900 0.362
2215.000 0.362
2215.100 0.363
2215.200 0.362
2215.300 0.363
2215.400 0.364
2215.500 0.364
2215.600 0.364
2215.700 0.366
2215.800 0.368
2215.900 0.370
2216.000 0.371
2216.100 0.371
2216.200 0.372
2216.300 0.373
2216.400 0.372
2216.500 0.373
2216.600 0.375
2216.700 0.373
2216.800 0.375
2216.900 0.376
2217.000 0.375
2217.100 0.378
2217.200 0.379
2217.300 0.378
2217.400 0.377
2217.500 0.380
2217.600 0.381
2217.700 0.382
2217.800 0.382
2217.900 0.385
2218.000 0.384
2218.100 0.387
2218.200 0.387
2218.300 0.387
2218.400 0.387
2218.500 0.391
2218.600 0.391
2218.700 0.391
2218.800 0.391
2218.900 0.390
2219.000 0.392
2219.100 0.396
2219.200 0.395
2219.300 0.395
2219.400 0.396
2219.500 0.394
2219.600 0.396
2219.700 0.398
2219.800 0.402
2219.900 0.402
2220.000 0.401
2220.100 0.403
2220.200 0.405
2220.300 0.405
2220.400 0.405
2220.500 0.405
2220.600 0.410
2220.700 0.410
2220.800 0.410
2220.900 0.410
2221.000 0.415
2221.100 0.413
2221.200 0.412
2221.300 0.415
2221.400 0.416
2221.500 0.420
2221.600 0.419
2221.700 0.422
2221.800 0.421
2221.900 0.425
2222.000 0.423
2222.100 0.426
2222.200 0.426
2222.300 0.428
2222.400 0.428
2222.500 0.431
2222.600 0.430
2222.700 0.429
2222.800 0.427
2222.900 0.429
2223.000 0.434
2223.100 0.433
2223.200 0.434
2223.300 0.441
2223.400 0.437
2223.500 0.437
2223.600 0.440
2223.700 0.439
2223.800 0.443
2223.900 0.442
2224.000 0.441
2224.100 0.441
2224.200 0.444
2224.300 0.444
2224.400 0.443
2224.500 0.448
2224.600 0.446
2224.700 0.447
2224.800 0.447
2224.900 0.449
2225.000 0.451
2225.100 0.452
2225.200 0.450
2225.300 0.453
2225.400 0.457
2225.500 0.455
2225.600 0.454
2225.700 0.457
2225.800 0.453
2225.900 0.460
2226.000 0.460
2226.100 0.462
2226.200 0.462
2226.300 0.466
2226.400 0.463
2226.500 0.466
2226.600 0.465
2226.700 0.467
2226.800 0.468
2226.900 0.467
2227.000 0.471
2227.100 0.473
2227.200 0.469
2227.300 0.472
2227.400 0.476
2227.500 0.473
2227.600 0.479
2227.700 0.475
2227.800 0.478
2227.900 0.479
2228.000 0.484
2228.100 0.481
2228.200 0.485
2228.300 0.484
2228.400 0.484
2228.500 0.484
2228.600 0.491
2228.700 0.488
2228.800 0.491
2228.900 0.490
2229.000 0.495
2229.100 0.492
2229.200 0.493
2229.300 0.492
2229.400 0.494
2229.500 0.498
2229.600 0.497
2229.700 0.499
2229.800 0.498
2229.900 0.501
2230.000 0.503
2230.100 0.507
2230.200 0.507
2230.300 0.507
2230.400 0.507
2230.500 0.509
2230.600 0.510
2230.700 0.510
2230.800 0.510
2230.900 0.511
2231.000 0.514
2231.100 0.518
2231.200 0.515
2231.300 0.518
2231.400 0.519
2231.500 0.518
2231.600 0.519
2231.700 0.522
2231.800 0.524
2231.900 0.522
2232.000 0.524
2232.100 0.530
2232.200 0.530
2232.300 0.528
2232.400 0.531
2232.500 0.529
2232.600 0.533
2232.700 0.535
2232.800 0.539
2232.900 0.534
2233.000 0.541
2233.100 0.541
2233.200 0.543
2233.300 0.540
2233.400 0.543
2233.500 0.540
2233.600 0.546
2233.700 0.549
2233.800 0.547
2233.900 0.547
2234.000 0.549
2234.100 0.553
2234.200 0.556
2234.300 0.556
2234.400 0.556
2234.500 0.558
2234.600 0.560
2234.700 0.563
2234.800 0.567
2234.900 0.565
2235.000 0.567
2235.100 0.574
2235.200 0.569
2235.300 0.572
2235.400 0.572
2235.500 0.576
2235.600 0.574
2235.700 0.579
2235.800 0.579
2235.900 0.576
2236.000 0.581
2236.100 0.582
2236.200 0.584
2236.300 0.586
2236.400 0.587
2236.500 0.591
2236.600 0.593
2236.700 0.595
2236.800 0.595
2236.900 0.596
2237.000 0.600
2237.100 0.597
2237.200 0.600
2237.300 0.603
2237.400 0.608
2237.500 0.608
2237.600 0.612
2237.700 0.610
2237.800 0.613
2237.900 0.614
2238.000 0.616
2238.100 0.615
2238.200 0.617
2238.300 0.622
2238.400 0.622
2238.500 0.625
2238.600 0.623
2238.700 0.628
2238.800 0.629
2238.900 0.631
2239.000 0.633
2239.100 0.635
2239.200 0.635
2239.300 0.635
2239.400 0.636
2239.500 0.641
2239.600 0.638
2239.700 0.644
2239.800 0.642
2239.900 0.650
2240.000 0.652
2240.100 0.651
2240.200 0.651
2240.300 0.659
2240.400 0.657
2240.500 0.663
2240.600 0.663
2240.700 0.660
2240.800 0.662
2240.900 0.668
2241.000 0.670
2241.100 0.670
2241.200 0.674
2241.300 0.676
2241.400 0.680
2241.500 0.681
2241.600 0.681
2241.700 0.680
2241.800 0.680
2241.900 0.691
2242.000 0.694
2242.100 0.692
2242.200 0.695
2242.300 0.696
2242.400 0.695
2242.500 0.701
2242.600 0.701
2242.700 0.701
2242.800 0.703
2242.900 0.709
2243.000 0.711
2243.100 0.712
2243.200 0.713
2243.300 0.716
2243.400 0.716
2243.500 0.720
2243.600 0.722
2243.700 0.723
2243.800 0.723
2243.900 0.729
2244.000 0.730
2244.100 0.727
2244.200 0.735
2244.300 0.734
2244.400 0.739
2244.500 0.745
2244.600 0.747
2244.700 0.751
2244.800 0.747
2244.900 0.751
2245.000 0.758
2245.100 0.758
2245.200 0.759
2245.300 0.759
2245.400 0.768
2245.500 0.769
2245.600 0.778
2245.700 0.769
2245.800 0.765
2245.900 0.775
2246.000 0.800
2246.100 0.801
2246.200 0.804
2246.300 0.803
2246.400 0.800
2246.500 0.802
2246.600 0.802
2246.700 0.805
2246.800 0.812
2246.900 0.811
2247.000 0.812
2247.100 0.819
2247.200 0.813
2247.300 0.816
2247.400 0.814
2247.500 0.816
2247.600 0.814
2247.700 0.824
2247.800 0.823
2247.900 0.824
2248.000 0.834
2248.100 0.831
2248.200 0.838
2248.300 0.842
2248.400 0.841
2248.500 0.846
2248.600 0.851
2248.700 0.858
2248.800 0.855
2248.900 0.861
2249.000 0.866
2249.100 0.869
2249.200 0.882
2249.300 0.881
2249.400 0.894
2249.500 0.898
2249.600 0.896
2249.700 0.898
2249.800 0.904
2249.900 0.909
2250.000 0.920
2250.100 0.916
2250.200 0.916
2250.300 0.919
2250.400 0.917
2250.500 0.920
2250.600 0.922
2250.700 0.924
2250.800 0.924
2250.900 0.932
2251.000 0.939
2251.100 0.937
2251.200 0.946
2251.300 0.948
2251.400 0.948
2251.500 0.947
2251.600 0.959
2251.700 0.967
2251.800 0.963
2251.900 0.976
2252.000 0.978
2252.100 0.980
2252.200 0.983
2252.300 0.990
2252.400 0.989
2252.500 0.993
2252.600 0.999
2252.700 1.001
2252.800 1.006
2252.900 1.012
2253.000 1.012
2253.100 1.019
2253.200 1.026
2253.300 1.022
2253.400 1.039
2253.500 1.038
2253.600 1.043
2253.700 1.049
2253.800 1.048
2253.900 1.051
2254.000 1.057
2254.100 1.062
2254.200 1.066
2254.300 1.072
2254.400 1.080
2254.500 1.080
2254.600 1.086
2254.700 1.091
2254.800 1.094
2254.900 1.106
2255.000 1.107
2255.100 1.109
2255.200 1.116
2255.300 1.116
2255.400 1.121
2255.500 1.129
2255.600 1.136
2255.700 1.151
2255.800 1.150
2255.900 1.157
2256.000 1.154
2256.100 1.158
2256.200 1.167
2256.300 1.171
2256.400 1.178
2256.500 1.184
2256.600 1.186
2256.700 1.197
2256.800 1.198
2256.900 1.200
2257.000 1.205
2257.100 1.218
2257.200 1.223
2257.300 1.229
2257.400 1.235
2257.500 1.237
2257.600 1.244
2257.700 1.253
2257.800 1.261
2257.900 1.262
2258.000 1.276
2258.100 1.275
2258.200 1.285
2258.300 1.283
2258.400 1.294
2258.500 1.297
2258.600 1.307
2258.700 1.316
2258.800 1.321
2258.900 1.325
2259.000 1.331
2259.100 1.340
2259.200 1.350
2259.300 1.352
2259.400 1.362
2259.500 1.366
2259.600 1.376
2259.700 1.382
2259.800 1.383
2259.900 1.396
2260.000 1.398
2260.100 1.425
2260.200 1.429
2260.300 1.429
2260.400 1.440
2260.500 1.456
2260.600 1.452
2260.700 1.458
2260.800 1.461
2260.900 1.469
2261.000 1.471
2261.100 1.491
2261.200 1.500
2261.300 1.500
2261.400 1.511
2261.500 1.512
2261.600 1.530
2261.700 1.536
2261.800 1.539
2261.900 1.552
2262.000 1.557
2262.100 1.564
2262.200 1.733
2262.300 2.397
2262.400 2.624
2262.500 2.653
2262.600 2.680
2262.700 2.530
2262.800 2.378
2262.900 2.119
2263.000 2.023
2263.100 1.867
2263.200 1.755
2263.300 1.718
2263.400 1.687
2263.500 1.690
2263.600 1.700
2263.700 1.710
2263.800 1.715
2263.900 1.730
2264.000 1.735
2264.100 1.748
2264.200 1.754
2264.300 1.772
2264.400 1.781
2264.500 1.791
2264.600 1.806
2264.700 1.816
2264.800 1.829
2264.900 1.841
2265.000 1.849
2265.100 1.865
2265.200 1.871
2265.300 1.891
2265.400 1.901
2265.500 1.912
2265.600 1.926
2265.700 1.930
2265.800 1.948
2265.900 1.962
2266.000 1.970
2266.100 1.988
2266.200 1.994
2266.300 2.014
2266.400 2.034
2266.500 2.042
2266.600 2.058
2266.700 2.069
2266.800 2.083
2266.900 2.101
2267.000 2.115
2267.100 2.132
2267.200 2.142
2267.300 2.164
2267.400 2.181
2267.500 2.186
2267.600 2.207
2267.700 2.218
2267.800 2.240
2267.900 2.259
2268.000 2.265
2268.100 2.290
2268.200 2.305
2268.300 2.322
2268.400 2.348
2268.500 2.364
2268.600 2.387
2268.700 2.401
2268.800 2.426
2268.900 2.445
2269.000 2.450
2269.100 2.482
2269.200 2.501
2269.300 2.519
2269.400 2.549
2269.500 2.565
2269.600 2.593
2269.700 2.601
2269.800 2.631
2269.900 2.659
2270.000 2.676
2270.100 2.703
2270.200 2.718
2270.300 2.748
2270.400 2.782
2270.500 2.797
2270.600 2.829
2270.700 2.841
2270.800 2.873
2270.900 2.903
2271.000 2.921
2271.100 3.044
2271.200 3.053
2271.300 3.053
2271.400 3.075
2271.500 3.132
2271.600 3.137
2271.700 3.143
2271.800 3.190
2271.900 3.206
2272.000 3.226
2272.100 3.264
2272.200 3.287
2272.300 3.317
2272.400 3.362
2272.500 3.389
2272.600 3.431
2272.700 3.466
2272.800 3.477
2272.900 3.536
2273.000 3.554
2273.100 3.604
2273.200 3.611
2273.300 3.656
2273.400 3.740
2273.500 3.755
2273.600 3.805
2273.700 3.826
2273.800 3.873
2273.900 3.937
2274.000 3.968
2274.100 4.012
2274.200 4.031
2274.300 4.101
2274.400 4.164
2274.500 4.211
2274.600 4.248
2274.700 4.312
2274.800 4.333
2274.900 4.473
2275.000 4.475
2275.100 4.517
2275.200 4.563
2275.300 4.608
2275.400 4.674
2275.500 4.701
2275.600 4.754
2275.700 4.789
2275.800 4.847
2275.900 4.907
2276.000 4.940
2276.100 5.007
2276.200 5.034
2276.300 5.115
2276.400 5.150
2276.500 5.204
2276.600 5.259
2276.700 5.293
2276.800 5.441
2276.900 5.470
2277.000 5.505
2277.100 5.544
2277.200 5.565
2277.300 5.608
2277.400 5.644
2277.500 5.680
2277.600 5.729
2277.700 5.753
2277.800 5.899
2277.900 5.909
2278.000 5.915
2278.100 5.930
2278.200 5.944
2278.300 5.953
2278.400 5.956
2278.500 5.966
2278.600 5.954
2278.700 5.947
2278.800 5.952
2278.900 5.935
2279.000 5.914
2279.100 5.896
2279.200 5.899
2279.300 5.904
2279.400 5.866
2279.500 5.774
2279.600 5.578
2279.700 5.528
2279.800 5.438
2279.900 5.383
2280.000 5.249
2280.100 5.288
2280.200 5.250
2280.300 5.113
2280.400 5.050
2280.500 4.916
2280.600 4.760
2280.700 4.685
2280.800 4.507
2280.900 4.415
2281.000 4.240
2281.100 4.063
2281.200 3.974
2281.300 3.772
2281.400 3.677
2281.500 3.470
2281.600 3.238
2281.700 3.142
2281.800 2.880
2281.900 2.755
2282.000 2.493
2282.100 2.235
2282.200 2.080
2282.300 1.816
2282.400 1.687
2282.500 1.412
2282.600 1.281
2282.700 0.996
2282.800 0.709
2282.900 0.562
2283.000 0.289
2283.100 0.171
2283.200 0.149
2283.300 0.375
2283.400 0.502
2283.500 0.856
2283.600 1.120
2283.700 1.826
2283.800 2.778
2283.900 3.239
2284.000 4.102
2284.100 4.561
2284.200 5.089
2284.300 5.702
2284.400 6.034
2284.500 6.604
2284.600 6.879
2284.700 7.453
2284.800 7.968
2284.900 8.179
2285.000 8.652
2285.100 8.880
2285.200 9.307
2285.300 9.677
2285.400 9.861
2285.500 10.243
2285.600 10.402
2285.700 10.727
2285.800 11.027
2285.900 11.175
2286.000 11.485
2286.100 11.613
2286.200 11.898
2286.300 12.114
2286.400 12.181
2286.500 12.358
2286.600 12.457
2286.700 12.510
2286.800 12.496
2286.900 12.428
2287.000 12.399
2287.100 12.386
2287.200 12.423
2287.300 12.396
2287.400 12.401
2287.500 12.316
2287.600 12.244
2287.700 12.096
2287.800 11.964
2287.900 11.709
2288.000 11.422
2288.100 11.190
2288.200 10.643
2288.300 10.125
2288.400 9.852
2288.500 9.307
2288.600 8.980
2288.700 8.393
2288.800 7.761
2288.900 7.500
2289.000 7.017
2289.100 6.801
2289.200 6.412
2289.300 6.097
2289.400 5.955
2289.500 5.757
2289.600 5.716
2289.700 5.659
2289.800 5.586
2289.900 5.563
2290.000 5.490
2290.100 5.480
2290.200 5.376
2290.300 5.309
2290.400 5.315
2290.500 5.262
2290.600 5.222
2290.700 5.156
2290.800 5.064
2290.900 5.051
2291.000 4.966
2291.100 4.933
2291.200 4.865
2291.300 4.808
2291.400 4.785
2291.500 4.712
2291.600 4.706
2291.700 4.657
2291.800 4.598
2291.900 4.581
2292.000 4.501
2292.100 4.490
2292.200 4.421
2292.300 4.377
2292.400 4.351
2292.500 4.304
2292.600 4.268
2292.700 4.220
2292.800 4.172
2292.900 4.145
2293.000 4.097
2293.100 4.084
2293.200 4.034
2293.300 4.003
2293.400 3.976
2293.500 3.960
2293.600 3.971
2293.700 3.917
2293.800 3.847
2293.900 3.841
2294.000 3.796
2294.100 3.751
2294.200 3.701
2294.300 3.686
2294.400 3.654
2294.500 3.618
2294.600 3.618
2294.700 3.573
2294.800 3.558
2294.900 3.521
2295.000 3.476
2295.100 3.453
2295.200 3.428
2295.300 3.410
2295.400 3.414
2295.500 3.373
2295.600 3.344
2295.700 3.318
2295.800 3.301
2295.900 3.282
2296.000 3.245
2296.100 3.229
2296.200 3.191
2296.300 3.188
2296.400 3.153
2296.500 3.121
2296.600 3.163
2296.700 3.070
2296.800 3.074
2296.900 3.090
2297.000 3.011
2297.100 3.014
2297.200 2.978
2297.300 2.984
2297.400 2.958
2297.500 2.935
2297.600 2.925
2297.700 2.906
2297.800 2.897
2297.900 2.917
2298.000 2.880
2298.100 2.867
2298.200 2.834
2298.300 2.843
2298.400 2.792
2298.500 2.779
2298.600 2.764
2298.700 2.722
2298.800 2.716
2298.900 2.708
2299.000 2.675
2299.100 2.651
2299.200 2.641
2299.300 2.633
2299.400 2.611
2299.500 2.592
2299.600 2.643
2299.700 2.583
2299.800 2.601
2299.900 2.582
2300.000 2.557
2300.100 2.544
2300.200 2.518
2300.300 2.543
2300.400 2.514
2300.500 2.491
2300.600 2.485
2300.700 2.477
2300.800 2.457
2300.900 2.461
2301.000 2.440
2301.100 2.439
2301.200 2.417
2301.300 2.408
2301.400 2.398
2301.500 2.386
2301.600 2.368
2301.700 2.358
2301.800 2.362
2301.900 2.349
2302.000 2.360
2302.100 2.341
2302.200 2.312
2302.300 2.322
2302.400 2.304
2302.500 2.283
2302.600 2.271
2302.700 2.269
2302.800 2.266
2302.900 2.254
2303.000 2.243
2303.100 2.240
2303.200 2.210
2303.300 2.207
2303.400 2.193
2303.500 2.187
2303.600 2.180
2303.700 2.179
2303.800 2.180
2303.900 2.167
2304.000 2.144
2304.100 2.134
2304.200 2.125
2304.300 2.117
2304.400 2.110
2304.500 2.097
2304.600 2.091
2304.700 2.080
2304.800 2.074
2304.900 2.074
2305.000 2.062
2305.100 2.053
2305.200 2.041
2305.300 2.041
2305.400 2.035
2305.500 2.030
2305.600 2.024
2305.700 2.018
2305.800 2.002
2305.900 2.001
2306.000 1.993
2306.100 1.987
2306.200 2.003
2306.300 1.992
2306.400 1.970
2306.500 1.976
2306.600 1.963
2306.700 1.951
2306.800 1.947
2306.900 1.933
2307.000 1.926
2307.100 1.918
2307.200 1.913
2307.300 1.911
2307.400 1.907
2307.500 1.902
2307.600 1.893
2307.700 1.883
2307.800 1.886
2307.900 1.882
2308.000 1.878
2308.100 1.866
2308.200 1.871
2308.300 1.890
2308.400 1.858
2308.500 1.849
2308.600 1.844
2308.700 1.827
2308.800 1.820
2308.900 1.823
2309.000 1.819
2309.100 1.807
2309.200 1.821
2309.300 1.815
2309.400 1.802
2309.500 1.802
2309.600 1.784
2309.700 1.775
2309.800 1.775
2309.900 1.770
2310.000 1.763
2310.100 1.763
2310.200 1.745
2310.300 1.752
2310.400 1.744
2310.500 1.739
2310.600 1.736
2310.700 1.726
2310.800 1.723
2310.900 1.717
2311.000 1.714
2311.100 1.707
2311.200 1.706
2311.300 1.699
2311.400 1.694
2311.500 1.687
2311.600 1.694
2311.700 1.687
2311.800 1.690
2311.900 1.676
2312.000 1.681
2312.100 1.666
2312.200 1.661
2312.300 1.660
2312.400 1.654
2312.500 1.649
2312.600 1.645
2312.700 1.655
2312.800 1.652
2312.900 1.641
2313.000 1.639
2313.100 1.633
2313.200 1.624
2313.300 1.622
2313.400 1.619
2313.500 1.611
2313.600 1.609
2313.700 1.601
2313.800 1.601
2313.900 1.603
2314.000 1.596
2314.100 1.591
2314.200 1.590
2314.300 1.587
2314.400 1.581
2314.500 1.583
2314.600 1.569
2314.700 1.600
2314.800 1.588
2314.900 1.580
2315.000 1.573
2315.100 1.574
2315.200 1.558
2315.300 1.554
2315.400 1.543
2315.500 1.538
2315.600 1.545
2315.700 1.543
2315.800 1.536
2315.900 1.535
2316.000 1.530
2316.100 1.517
2316.200 1.524
2316.300 1.525
2316.400 1.520
2316.500 1.514
2316.600 1.518
2316.700 1.507
2316.800 1.512
2316.900 1.536
2317.000 1.521
2317.100 1.511
2317.200 1.497
2317.300 1.497
2317.400 1.487
2317.500 1.483
2317.600 1.479
2317.700 1.474
2317.800 1.475
2317.900 1.470
2318.000 1.497
2318.100 1.492
2318.200 1.491
2318.300 1.503
2318.400 1.458
2318.500 1.456
2318.600 1.454
2318.700 1.454
2318.800 1.445
2318.900 1.444
2319.000 1.437
2319.100 1.432
2319.200 1.429
2319.300 1.438
2319.400 1.430
2319.500 1.427
2319.600 1.422
2319.700 1.417
2319.800 1.421
2319.900 1.418
2320.000 1.418
2320.100 1.419
2320.200 1.414
2320.300 1.409
2320.400 1.403
2320.500 1.400
2320.600 1.400
2320.700 1.398
2320.800 1.392
2320.900 1.398
2321.000 1.389
2321.100 1.382
2321.200 1.387
2321.300 1.388
2321.400 1.378
2321.500 1.384
2321.600 1.373
2321.700 1.376
2321.800 1.370
2321.900 1.379
2322.000 1.383
2322.100 1.372
2322.200 1.371
2322.300 1.365
2322.400 1.371
2322.500 1.368
2322.600 1.360
2322.700 1.357
2322.800 1.353
2322.900 1.344
2323.000 1.349
2323.100 1.342
2323.200 1.345
2323.300 1.377
2323.400 1.353
2323.500 1.358
2323.600 1.343
2323.700 1.338
2323.800 1.334
2323.900 1.329
2324.000 1.327
2324.100 1.332
2324.200 1.331
2324.300 1.330
2324.400 1.334
2324.500 1.340
2324.600 1.336
2324.700 1.327
2324.800 1.309
2324.900 1.309
2325.000 1.306
2325.100 1.305
2325.200 1.299
2325.300 1.302
2325.400 1.301
2325.500 1.308
2325.600 1.305
2325.700 1.298
2325.800 1.291
2325.900 1.295
2326.000 1.287
2326.100 1.292
2326.200 1.288
2326.300 1.281
2326.400 1.289
2326.500 1.273
2326.600 1.280
2326.700 1.273
2326.800 1.269
2326.900 1.269
2327.000 1.275
2327.100 1.271
2327.200 1.268
2327.300 1.268
2327.400 1.261
2327.500 1.262
2327.600 1.272
2327.700 1.261
2327.800 1.257
2327.900 1.257
2328.000 1.255
2328.100 1.258
2328.200 1.253
2328.300 1.244
2328.400 1.243
2328.500 1.244
2328.600 1.254
2328.700 1.249
2328.800 1.243
2328.900 1.240
2329.000 1.238
2329.100 1.237
2329.200 1.232
2329.300 1.235
2329.400 1.237
2329.500 1.243
2329.600 1.226
2329.700 1.221
2329.800 1.224
2329.900 1.223
2330.000 1.219
2330.100 1.224
2330.200 1.222
2330.300 1.214
2330.400 1.210
2330.500 1.214
2330.600 1.206
2330.700 1.208
2330.800 1.206
2330.900 1.205
2331.000 1.205
2331.100 1.202
2331.200 1.198
2331.300 1.200
2331.400 1.196
2331.500 1.196
2331.600 1.202
2331.700 1.226
2331.800 1.214
2331.900 1.212
2332.000 1.205
2332.100 1.196
2332.200 1.211
2332.300 1.210
2332.400 1.198
2332.500 1.193
2332.600 1.188
2332.700 1.190
2332.800 1.180
2332.900 1.182
2333.000 1.228
2333.100 1.208
2333.200 1.197
2333.300 1.203
2333.400 1.205
2333.500 1.186
2333.600 1.175
2333.700 1.168
2333.800 1.166
2333.900 1.171
2334.000 1.163
2334.100 1.173
2334.200 1.178
2334.300 1.202
2334.400 1.187
2334.500 1.173
2334.600 1.168
2334.700 1.173
2334.800 1.162
2334.900 1.166
2335.000 1.164
2335.100 1.164
2335.200 1.154
2335.300 1.152
2335.400 1.150
2335.500 1.148
2335.600 1.151
2335.700 1.149
2335.800 1.173
2335.900 1.162
2336.000 1.144
2336.100 1.140
2336.200 1.145
2336.300 1.239
2336.400 1.225
2336.500 1.206
2336.600 1.177
2336.700 1.168
2336.800 1.152
2336.900 1.148
2337.000 1.137
2337.100 1.135
2337.200 1.130
2337.300 1.127
2337.400 1.132
2337.500 1.130
2337.600 1.124
2337.700 1.123
2337.800 1.131
2337.900 1.128
2338.000 1.122
2338.100 1.163
2338.200 1.147
2338.300 1.140
2338.400 1.137
2338.500 1.123
2338.600 1.129
2338.700 1.123
2338.800 1.117
2338.900 1.114
2339.000 1.113
2339.100 1.112
2339.200 1.116
2339.300 1.119
2339.400 1.112
2339.500 1.113
2339.600 1.113
2339.700 1.120
2339.800 1.135
2339.900 1.131
2340.000 1.125
2340.100 1.118
2340.200 1.114
2340.300 1.109
2340.400 1.105
2340.500 1.106
2340.600 1.101
2340.700 1.099
2340.800 1.096
2340.900 1.097
2341.000 1.095
2341.100 1.100
2341.200 1.105
2341.300 1.091
2341.400 1.093
2341.500 1.085
2341.600 1.158
2341.700 1.154
2341.800 1.123
2341.900 1.116
2342.000 1.100
2342.100 1.095
2342.200 1.094
2342.300 1.088
2342.400 1.090
2342.500 1.085
2342.600 1.085
2342.700 1.086
2342.800 1.085
2342.900 1.082
2343.000 1.084
2343.100 1.079
2343.200 1.077
2343.300 1.079
2343.400 1.079
2343.500 1.077
2343.600 1.097
2343.700 1.124
2343.800 1.102
2343.900 1.102
2344.000 1.077
2344.100 1.090
2344.200 1.075
2344.300 1.087
2344.400 1.082
2344.500 1.077
2344.600 1.070
2344.700 1.073
2344.800 1.071
2344.900 1.072
2345.000 1.072
2345.100 1.061
2345.200 1.105
2345.300 1.076
2345.400 1.078
2345.500 1.108
2345.600 1.100
2345.700 1.084
2345.800 1.071
2345.900 1.068
2346.000 1.076
2346.100 1.061
2346.200 1.070
2346.300 1.060
2346.400 1.067
2346.500 1.054
2346.600 1.058
2346.700 1.085
2346.800 1.094
2346.900 1.082
2347.000 1.066
2347.100 1.069
2347.200 1.061
2347.300 1.055
2347.400 1.055
2347.500 1.055
2347.600 1.051
2347.700 1.052
2347.800 1.051
2347.900 1.052
2348.000 1.053
2348.100 1.057
2348.200 1.047
2348.300 1.048
2348.400 1.047
2348.500 1.047
2348.600 1.048
2348.700 1.046
2348.800 1.043
2348.900 1.047
2349.000 1.045
2349.100 1.050
2349.200 1.043
2349.300 1.043
2349.400 1.059
2349.500 1.063
2349.600 1.055
2349.700 1.048
2349.800 1.048
2349.900 1.043
2350.000 1.052
2350.100 1.054
2350.200 1.045
2350.300 1.041
2350.400 1.042
2350.500 1.041
2350.600 1.040
2350.700 1.036
2350.800 1.040
2350.900 1.037
2351.000 1.037
2351.100 1.035
2351.200 1.036
2351.300 1.034
2351.400 1.036
2351.500 1.037
2351.600 1.035
2351.700 1.031
2351.800 1.031
2351.900 1.030
2352.000 1.035
2352.100 1.035
2352.200 1.028
2352.300 1.046
2352.400 1.035
2352.500 1.032
2352.600 1.030
2352.700 1.034
2352.800 1.030
2352.900 1.035
2353.000 1.022
2353.100 1.031
2353.200 1.023
2353.300 1.026
2353.400 1.021
2353.500 1.029
2353.600 1.039
2353.700 1.024
2353.800 1.023
2353.900 1.032
2354.000 1.067
2354.100 1.086
2354.200 1.058
2354.300 1.051
2354.400 1.034
2354.500 1.031
2354.600 1.032
2354.700 1.038
2354.800 1.036
2354.900 1.024
2355.000 1.025
2355.100 1.028
2355.200 1.027
2355.300 1.017
2355.400 1.022
2355.500 1.016
2355.600 1.016
2355.700 1.016
2355.800 1.015
2355.900 1.013
2356.000 1.014
2356.100 1.013
2356.200 1.017
2356.300 1.017
2356.400 1.013
2356.500 1.013
2356.600 1.015
2356.700 1.014
2356.800 1.012
2356.900 1.015
2357.000 1.013
2357.100 1.008
2357.200 1.012
2357.300 1.010
2357.400 1.011
2357.500 1.016
2357.600 1.012
2357.700 1.013
2357.800 1.009
2357.900 1.010
2358.000 1.009
2358.100 1.007
2358.200 1.007
2358.300 1.007
2358.400 1.012
2358.500 1.009
2358.600 1.007
2358.700 1.007
2358.800 1.014
2358.900 1.011
2359.000 1.011
2359.100 1.007
2359.200 1.009
2359.300 1.007
2359.400 1.008
2359.500 1.006
2359.600 1.007
2359.700 1.006
2359.800 1.009
2359.900 1.008
2360.000 1.005
2360.100 1.005
2360.200 1.017
2360.300 0.998
2360.400 1.012
2360.500 1.004
2360.600 1.010
2360.700 1.014
2360.800 1.017
2360.900 1.008
2361.000 1.017
2361.100 1.003
2361.200 1.001
2361.300 1.001
2361.400 1.003
2361.500 1.006
2361.600 1.000
2361.700 1.001
2361.800 1.003
2361.900 1.001
2362.000 1.013
2362.100 1.008
2362.200 1.005
2362.300 1.006
2362.400 1.002
2362.500 1.001
2362.600 1.003
2362.700 1.045
2362.800 1.036
2362.900 1.027
2363.000 1.017
2363.100 1.006
2363.200 1.011
2363.300 1.000
2363.400 1.003
2363.500 0.998
2363.600 1.002
2363.700 1.004
2363.800 1.015
2363.900 1.060
2364.000 1.065
2364.100 1.036
2364.200 1.022
2364.300 1.009
2364.400 1.004
2364.500 1.007
2364.600 1.003
2364.700 1.001
2364.800 1.018
2364.900 1.040
2365.000 1.031
2365.100 1.007
2365.200 1.007
2365.300 1.000
2365.400 1.024
2365.500 1.021
2365.600 1.008
2365.700 1.001
2365.800 1.001
2365.900 0.999
2366.000 0.998
2366.100 1.004
2366.200 1.006
2366.300 1.002
2366.400 1.007
2366.500 1.010
2366.600 1.013
2366.700 1.007
2366.800 1.006
2366.900 1.028
2367.000 1.036
2367.100 1.010
2367.200 1.010
2367.300 1.002
2367.400 1.011
2367.500 1.010
2367.600 1.042
2367.700 1.012
2367.800 1.002
2367.900 1.011
2368.000 1.009
2368.100 1.000
2368.200 1.006
2368.300 1.003
2368.400 1.002
2368.500 0.996
2368.600 1.008
2368.700 1.000
2368.800 1.003
2368.900 0.999
2369.000 0.995
2369.100 1.004
2369.200 1.004
2369.300 1.014
2369.400 1.009
2369.500 1.005
2369.600 1.002
2369.700 1.006
2369.800 1.026
2369.900 1.010
2370.000 1.004
2370.100 1.024
2370.200 1.048
2370.300 1.039
2370.400 1.026
2370.500 1.023
2370.600 1.009
2370.700 1.008
2370.800 1.003
2370.900 1.002
2371.000 1.000
2371.100 1.000
2371.200 1.002
2371.300 1.001
2371.400 1.003
2371.500 0.998
2371.600 1.000
2371.700 0.995
2371.800 1.002
2371.900 1.000
2372.000 1.007
2372.100 1.000
2372.200 1.004
2372.300 1.000
2372.400 1.004
2372.500 1.010
2372.600 1.008
2372.700 1.003
2372.800 1.003
2372.900 1.000
2373.000 1.000
2373.100 0.999
2373.200 0.999
2373.300 1.010
2373.400 1.010
2373.500 1.010
2373.600 1.015
2373.700 1.006
2373.800 1.007
2373.900 1.007
2374.000 1.007
2374.100 1.023
2374.200 1.025
2374.300 1.001
2374.400 1.003
2374.500 1.002
2374.600 1.003
2374.700 1.010
2374.800 1.007
2374.900 1.004
2375.000 1.003
2375.100 1.008
2375.200 1.004
2375.300 1.014
2375.400 1.009
2375.500 1.011
2375.600 1.006
2375.700 1.007
2375.800 1.009
2375.900 1.013
2376.000 1.010
2376.100 1.006
2376.200 1.010
2376.300 1.009
2376.400 1.012
2376.500 1.009
2376.600 1.011
2376.700 1.008
2376.800 1.009
2376.900 1.007
2377.000 1.014
2377.100 1.011
2377.200 1.020
2377.300 1.013
2377.400 1.012
2377.500 1.011
2377.600 1.013
2377.700 1.015
2377.800 1.016
2377.900 1.008
2378.000 1.020
2378.100 1.012
2378.200 1.013
2378.300 1.016
2378.400 1.014
2378.500 1.014
2378.600 1.017
2378.700 1.020
2378.800 1.013
2378.900 1.017
2379.000 1.021
2379.100 1.018
2379.200 1.015
2379.300 1.020
2379.400 1.019
2379.500 1.020
2379.600 1.018
2379.700 1.017
2379.800 1.016
2379.900 1.018
2380.000 1.020
2380.100 1.021
2380.200 1.017
2380.300 1.021
2380.400 1.022
2380.500 1.023
2380.600 1.024
2380.700 1.020
2380.800 1.022
2380.900 1.019
2381.000 1.016
2381.100 1.025
2381.200 1.022
2381.300 1.028
2381.400 1.026
2381.500 1.020
2381.600 1.021
2381.700 1.023
2381.800 1.024
2381.900 1.019
2382.000 1.024
2382.100 1.022
2382.200 1.020
2382.300 1.021
2382.400 1.025
2382.500 1.026
2382.600 1.027
2382.700 1.024
2382.800 1.033
2382.900 1.046
2383.000 1.044
2383.100 1.047
2383.200 1.070
2383.300 1.064
2383.400 1.050
2383.500 1.037
2383.600 1.033
2383.700 1.034
2383.800 1.032
2383.900 1.034
2384.000 1.029
2384.100 1.035
2384.200 1.034
2384.300 1.037
2384.400 1.035
2384.500 1.037
2384.600 1.038
2384.700 1.094
2384.800 1.078
2384.900 1.070
2385.000 1.057
2385.100 1.046
2385.200 1.044
2385.300 1.043
2385.400 1.042
2385.500 1.043
2385.600 1.044
2385.700 1.043
2385.800 1.047
2385.900 1.047
2386.000 1.049
2386.100 1.049
2386.200 1.050
2386.300 1.060
2386.400 1.058
2386.500 1.058
2386.600 1.081
2386.700 1.068
2386.800 1.064
2386.900 1.061
2387.000 1.073
2387.100 1.058
2387.200 1.054
2387.300 1.053
2387.400 1.050
2387.500 1.061
2387.600 1.058
2387.700 1.085
2387.800 1.073
2387.900 1.060
2388.000 1.054
2388.100 1.055
2388.200 1.057
2388.300 1.062
2388.400 1.091
2388.500 1.075
2388.600 1.067
2388.700 1.068
2388.800 1.073
2388.900 1.069
2389.000 1.062
2389.100 1.077
2389.200 1.052
2389.300 1.062
2389.400 1.065
2389.500 1.071
2389.600 1.069
2389.700 1.069
2389.800 1.070
2389.900 1.066
2390.000 1.070
2390.100 1.080
2390.200 1.076
2390.300 1.090
2390.400 1.080
2390.500 1.079
2390.600 1.075
2390.700 1.075
2390.800 1.078
2390.900 1.074
2391.000 1.077
2391.100 1.080
2391.200 1.085
2391.300 1.090
2391.400 1.094
2391.500 1.121
2391.600 1.106
2391.700 1.092
2391.800 1.092
2391.900 1.087
2392.000 1.088
2392.100 1.086
2392.200 1.100
2392.300 1.101
2392.400 1.099
2392.500 1.104
2392.600 1.096
2392.700 1.093
2392.800 1.091
2392.900 1.092
2393.000 1.090
2393.100 1.093
2393.200 1.097
2393.300 1.098
2393.400 1.097
2393.500 1.098
2393.600 1.092
2393.700 1.094
2393.800 1.134
2393.900 1.128
2394.000 1.116
2394.100 1.133
2394.200 1.130
2394.300 1.129
2394.400 1.127
2394.500 1.114
2394.600 1.106
2394.700 1.116
2394.800 1.110
2394.900 1.112
2395.000 1.109
2395.100 1.113
2395.200 1.114
2395.300 1.123
2395.400 1.135
2395.500 1.126
2395.600 1.135
2395.700 1.124
2395.800 1.124
2395.900 1.121
2396.000 1.118
2396.100 1.120
2396.200 1.130
2396.300 1.128
2396.400 1.136
2396.500 1.131
2396.600 1.132
2396.700 1.133
2396.800 1.133
2396.900 1.132
2397.000 1.138
2397.100 1.135
2397.200 1.134
2397.300 1.141
2397.400 1.136
2397.500 1.139
2397.600 1.138
2397.700 1.144
2397.800 1.162
2397.900 1.181
2398.000 1.163
2398.100 1.157
2398.200 1.145
2398.300 1.142
2398.400 1.143
2398.500 1.149
2398.600 1.150
2398.700 1.157
2398.800 1.162
2398.900 1.162
2399.000 1.159
2399.100 1.164
2399.200 1.158
2399.300 1.166
2399.400 1.163
2399.500 1.169
2399.600 1.170
2399.700 1.164
2399.800 1.170
2399.900 1.168
2400.000 1.175
2400.100 1.171
2400.200 1.181
2400.300 1.175
2400.400 1.176
2400.500 1.178
2400.600 1.178
2400.700 1.194
2400.800 1.195
2400.900 1.198
2401.000 1.191
2401.100 1.191
2401.200 1.207
2401.300 1.205
2401.400 1.203
2401.500 1.198
2401.600 1.194
2401.700 1.221
2401.800 1.212
2401.900 1.208
2402.000 1.213
2402.100 1.216
2402.200 1.198
2402.300 1.206
2402.400 1.214
2402.500 1.216
2402.600 1.215
2402.700 1.219
2402.800 1.240
2402.900 1.241
2403.000 1.227
2403.100 1.218
2403.200 1.239
2403.300 1.234
2403.400 1.225
2403.500 1.231
2403.600 1.236
2403.700 1.220
2403.800 1.233
2403.900 1.249
2404.000 1.246
2404.100 1.253
2404.200 1.264
2404.300 1.260
2404.400 1.254
2404.500 1.255
2404.600 1.272
2404.700 1.264
2404.800 1.260
2404.900 1.257
2405.000 1.255
2405.100 1.261
2405.200 1.254
2405.300 1.263
2405.400 1.266
2405.500 1.270
2405.600 1.271
2405.700 1.285
2405.800 1.278
2405.900 1.287
2406.000 1.338
2406.100 1.347
2406.200 1.333
2406.300 1.288
2406.400 1.320
2406.500 1.295
2406.600 1.289
2406.700 1.306
2406.800 1.310
2406.900 1.308
2407.000 1.301
2407.100 1.315
2407.200 1.341
2407.300 1.333
2407.400 1.327
2407.500 1.351
2407.600 1.352
2407.700 1.343
2407.800 1.348
2407.900 1.339
2408.000 1.344
2408.100 1.337
2408.200 1.361
2408.300 1.371
2408.400 1.369
2408.500 1.350
2408.600 1.349
2408.700 1.344
2408.800 1.345
2408.900 1.342
2409.000 1.346
2409.100 1.350
2409.200 1.354
2409.300 1.332
2409.400 1.365
2409.500 1.362
2409.600 1.345
2409.700 1.384
2409.800 1.358
2409.900 1.365
2410.000 1.369
2410.100 1.375
2410.200 1.377
2410.300 1.382
2410.400 1.396
2410.500 1.392
2410.600 1.390
2410.700 1.390
2410.800 1.393
2410.900 1.408
2411.000 1.431
2411.100 1.381
2411.200 1.426
2411.300 1.417
2411.400 1.423
2411.500 1.421
2411.600 1.419
2411.700 1.432
2411.800 1.431
2411.900 1.437
2412.000 1.438
2412.100 1.440
2412.200 1.456
2412.300 1.453
2412.400 1.443
2412.500 1.452
2412.600 1.455
2412.700 1.459
2412.800 1.465
2412.900 1.465
2413.000 1.493
2413.100 1.553
2413.200 1.514
2413.300 1.523
2413.400 1.497
2413.500 1.498
2413.600 1.488
2413.700 1.502
2413.800 1.499
2413.900 1.528
2414.000 1.523
2414.100 1.535
2414.200 1.531
2414.300 1.527
2414.400 1.523
2414.500 1.520
2414.600 1.555
2414.700 1.568
2414.800 1.553
2414.900 1.554
2415.000 1.564
2415.100 1.556
2415.200 1.554
2415.300 1.554
2415.400 1.605
2415.500 1.597
2415.600 1.587
2415.700 1.578
2415.800 1.577
2415.900 1.585
2416.000 1.588
2416.100 1.616
2416.200 1.624
2416.300 1.612
2416.400 1.610
2416.500 1.614
2416.600 1.633
2416.700 1.630
2416.800 1.647
2416.900 1.640
2417.000 1.634
2417.100 1.634
2417.200 1.644
2417.300 1.644
2417.400 1.653
2417.500 1.650
2417.600 1.658
2417.700 1.667
2417.800 1.671
2417.900 1.677
2418.000 1.678
2418.100 1.684
2418.200 1.697
2418.300 1.695
2418.400 1.701
2418.500 1.707
2418.600 1.713
2418.700 1.725
2418.800 1.732
2418.900 1.758
2419.000 1.747
2419.100 1.761
2419.200 1.768
2419.300 1.780
2419.400 1.764
2419.500 1.799
2419.600 1.775
2419.700 1.781
2419.800 1.787
2419.900 1.789
2420.000 1.795
2420.100 1.804
2420.200 1.793
2420.300 1.800
2420.400 1.830
2420.500 1.834
2420.600 1.853
2420.700 1.855
2420.800 1.854
2420.900 1.861
2421.000 1.870
2421.100 1.877
2421.200 1.888
2421.300 1.889
2421.400 1.922
2421.500 1.933
2421.600 1.934
2421.700 1.912
2421.800 1.899
2421.900 1.931
2422.000 1.948
2422.100 1.957
2422.200 1.966
2422.300 1.967
2422.400 1.983
2422.500 2.049
2422.600 2.034
2422.700 2.025
2422.800 2.031
2422.900 2.051
2423.000 2.057
2423.100 2.052
2423.200 2.053
2423.300 2.062
2423.400 2.073
2423.500 2.077
2423.600 2.083
2423.700 2.102
2423.800 2.102
2423.900 2.123
2424.000 2.129
2424.100 2.140
2424.200 2.140
2424.300 2.151
2424.400 2.174
2424.500 2.190
2424.600 2.190
2424.700 2.220
2424.800 2.219
2424.900 2.228
2425.000 2.241
2425.100 2.216
2425.200 2.284
2425.300 2.279
2425.400 2.288
2425.500 2.302
2425.600 2.320
2425.700 2.332
2425.800 2.340
2425.900 2.356
2426.000 2.358
2426.100 2.383
2426.200 2.408
2426.300 2.451
2426.400 2.434
2426.500 2.438
2426.600 2.472
2426.700 2.465
2426.800 2.473
2426.900 2.496
2427.000 2.502
2427.100 2.523
2427.200 2.530
2427.300 2.561
2427.400 2.590
2427.500 2.639
2427.600 2.636
2427.700 2.647
2427.800 2.651
2427.900 2.665
2428.000 2.676
2428.100 2.695
2428.200 2.708
2428.300 2.707
2428.400 2.783
2428.500 2.798
2428.600 2.774
2428.700 2.790
2428.800 2.804
2428.900 2.859
2429.000 2.864
2429.100 2.882
2429.200 2.900
2429.300 2.934
2429.400 2.974
2429.500 3.032
2429.600 3.036
2429.700 3.045
2429.800 3.063
2429.900 3.080
2430.000 3.090
2430.100 3.132
2430.200 3.157
2430.300 3.173
2430.400 3.203
2430.500 3.247
2430.600 3.271
2430.700 3.285
2430.800 3.314
2430.900 3.361
2431.000 3.372
2431.100 3.400
2431.200 3.408
2431.300 3.459
2431.400 3.488
2431.500 3.519
2431.600 3.551
2431.700 3.570
2431.800 3.607
2431.900 3.660
2432.000 3.675
2432.100 3.721
2432.200 3.739
2432.300 3.812
2432.400 3.838
2432.500 3.859
2432.600 3.912
2432.700 3.927
2432.800 3.970
2432.900 4.032
2433.000 4.061
2433.100 4.119
2433.200 4.146
2433.300 4.222
2433.400 4.262
2433.500 4.281
2433.600 4.326
2433.700 4.349
2433.800 4.434
2433.900 4.474
2434.000 4.500
2434.100 4.549
2434.200 4.579
2434.300 4.631
2434.400 4.693
2434.500 4.719
2434.600 4.778
2434.700 4.820
2434.800 4.868
2434.900 4.928
2435.000 4.956
2435.100 5.021
2435.200 5.044
2435.300 5.114
2435.400 5.176
2435.500 5.208
2435.600 5.259
2435.700 5.289
2435.800 5.389
2435.900 5.447
2436.000 5.460
2436.100 5.522
2436.200 5.541
2436.300 5.593
2436.400 5.653
2436.500 5.684
2436.600 5.729
2436.700 5.730
2436.800 5.781
2436.900 5.806
2437.000 5.855
2437.100 5.881
2437.200 5.897
2437.300 5.931
2437.400 5.944
2437.500 5.976
2437.600 6.017
2437.700 6.019
2437.800 6.023
2437.900 6.083
2438.000 6.071
2438.100 6.044
2438.200 6.014
2438.300 5.994
2438.400 5.982
2438.500 5.976
2438.600 5.891
2438.700 5.866
2438.800 5.872
2438.900 5.856
2439.000 5.789
2439.100 5.745
2439.200 5.722
2439.300 5.598
2439.400 5.549
2439.500 5.461
2439.600 5.405
2439.700 5.371
2439.800 5.355
2439.900 5.397
2440.000 5.324
2440.100 5.237
2440.200 5.191
2440.300 5.112
2440.400 5.072
2440.500 5.040
2440.600 4.918
2440.700 4.889
2440.800 4.792
2440.900 4.752
2441.000 4.670
2441.100 4.576
2441.200 4.535
2441.300 4.462
2441.400 4.426
2441.500 4.354
2441.600 4.271
2441.700 4.231
2441.800 4.160
2441.900 4.123
2442.000 4.044
2442.100 3.973
2442.200 3.936
2442.300 3.844
2442.400 3.830
2442.500 3.759
2442.600 3.689
2442.700 3.655
2442.800 3.596
2442.900 3.565
2443.000 3.482
2443.100 3.420
2443.200 3.419
2443.300 3.363
2443.400 3.325
2443.500 3.259
2443.600 3.206
2443.700 3.182
2443.800 3.141
2443.900 3.107
2444.000 3.047
2444.100 2.987
2444.200 2.963
2444.300 2.908
2444.400 2.892
2444.500 2.848
2444.600 2.795
2444.700 2.772
2444.800 2.728
2444.900 2.706
2445.000 2.683
2445.100 2.621
2445.200 2.597
2445.300 2.558
2445.400 2.530
2445.500 2.500
2445.600 2.453
2445.700 2.434
2445.800 2.401
2445.900 2.389
2446.000 2.348
2446.100 2.309
2446.200 2.286
2446.300 2.252
2446.400 2.247
2446.500 2.207
2446.600 2.188
2446.700 2.159
2446.800 2.130
2446.900 2.118
2447.000 2.090
2447.100 2.056
2447.200 2.036
2447.300 2.015
2447.400 1.996
2447.500 1.945
2447.600 1.949
2447.700 1.942
2447.800 1.908
2447.900 1.892
2448.000 1.868
2448.100 1.841
2448.200 1.830
2448.300 1.812
2448.400 1.797
2448.500 1.768
2448.600 1.751
2448.700 1.748
2448.800 1.717
2448.900 1.706
2449.000 1.687
2449.100 1.667
2449.200 1.651
2449.300 1.629
2449.400 1.616
2449.500 1.603
2449.600 1.595
2449.700 1.578
2449.800 1.557
2449.900 1.552
2450.000 1.524
2450.100 1.534
2450.200 1.550
2450.300 1.494
2450.400 1.481
2450.500 1.449
2450.600 1.472
2450.700 1.455
2450.800 1.416
2450.900 1.403
2451.000 1.383
2451.100 1.397
2451.200 1.370
2451.300 1.359
2451.400 1.339
2451.500 1.323
2451.600 1.316
2451.700 1.319
2451.800 1.301
2451.900 1.291
2452.000 1.276
2452.100 1.269
2452.200 1.258
2452.300 1.227
2452.400 1.222
2452.500 1.206
2452.600 1.203
2452.700 1.211
2452.800 1.198
2452.900 1.177
2453.000 1.158
2453.100 1.151
2453.200 1.135
2453.300 1.125
2453.400 1.121
2453.500 1.102
2453.600 1.100
2453.700 1.080
2453.800 1.070
2453.900 1.065
2454.000 1.058
2454.100 1.046
2454.200 1.059
2454.300 1.029
2454.400 1.020
2454.500 1.006
2454.600 0.999
2454.700 1.003
2454.800 0.987
2454.900 0.988
2455.000 0.986
2455.100 0.967
2455.200 0.954
2455.300 0.969
2455.400 0.956
2455.500 0.937
2455.600 0.931
2455.700 0.920
2455.800 0.906
2455.900 0.899
2456.000 0.899
2456.100 0.879
2456.200 0.900
2456.300 0.876
2456.400 0.871
2456.500 0.860
2456.600 0.862
2456.700 0.851
2456.800 0.860
2456.900 0.863
2457.000 0.827
2457.100 0.829
2457.200 0.829
2457.300 0.810
2457.400 0.804
2457.500 0.795
2457.600 0.793
2457.700 0.794
2457.800 0.784
2457.900 0.779
2458.000 0.766
2458.100 0.762
2458.200 0.751
2458.300 0.748
2458.400 0.748
2458.500 0.771
2458.600 0.778
2458.700 0.789
2458.800 0.745
2458.900 0.729
2459.000 0.717
2459.100 0.712
2459.200 0.712
2459.300 0.697
2459.400 0.694
2459.500 0.687
2459.600 0.670
2459.700 0.674
2459.800 0.665
2459.900 0.659
2460.000 0.651
2460.100 0.657
2460.200 0.652
2460.300 0.669
2460.400 0.692
2460.500 0.673
2460.600 0.668
2460.700 0.658
2460.800 0.651
2460.900 0.629
2461.000 0.621
2461.100 0.614
2461.200 0.613
2461.300 0.616
2461.400 0.621
2461.500 0.617
2461.600 0.597
2461.700 0.593
2461.800 0.591
2461.900 0.584
2462.000 0.576
2462.100 0.570
2462.200 0.561
2462.300 0.564
2462.400 0.557
2462.500 0.554
2462.600 0.551
2462.700 0.551
2462.800 0.546
2462.900 0.532
2463.000 0.532
2463.100 0.531
2463.200 0.523
2463.300 0.528
2463.400 0.530
2463.500 0.518
2463.600 0.520
2463.700 0.552
2463.800 0.542
2463.900 0.582
2464.000 0.562
2464.100 0.539
2464.200 0.514
2464.300 0.520
2464.400 0.503
2464.500 0.490
2464.600 0.488
2464.700 0.478
2464.800 0.480
2464.900 0.472
2465.000 0.466
2465.100 0.458
2465.200 0.459
2465.300 0.457
2465.400 0.457
2465.500 0.448
2465.600 0.448
2465.700 0.453
2465.800 0.448
2465.900 0.441
2466.000 0.436
2466.100 0.435
2466.200 0.428
2466.300 0.425
2466.400 0.426
2466.500 0.472
2466.600 0.450
2466.700 0.430
2466.800 0.431
2466.900 0.418
2467.000 0.406
2467.100 0.415
2467.200 0.409
2467.300 0.401
2467.400 0.393
2467.500 0.399
2467.600 0.401
2467.700 0.387
2467.800 0.390
2467.900 0.379
2468.000 0.375
2468.100 0.382
2468.200 0.380
2468.300 0.379
2468.400 0.367
2468.500 0.369
2468.600 0.358
2468.700 0.373
2468.800 0.362
2468.900 0.360
2469.000 0.359
2469.100 0.354
2469.200 0.349
2469.300 0.349
2469.400 0.343
2469.500 0.344
2469.600 0.342
2469.700 0.335
2469.800 0.336
2469.900 0.335
2470.000 0.331
2470.100 0.344
2470.200 0.329
2470.300 0.327
2470.400 0.324
2470.500 0.324
2470.600 0.321
2470.700 0.315
2470.800 0.314
2470.900 0.311
2471.000 0.312
2471.100 0.308
2471.200 0.305
2471.300 0.323
2471.400 0.331
2471.500 0.320
2471.600 0.306
2471.700 0.297
2471.800 0.295
2471.900 0.300
2472.000 0.271
2472.100 0.311
2472.200 0.304
2472.300 0.299
2472.400 0.287
2472.500 0.298
2472.600 0.288
2472.700 0.280
2472.800 0.277
2472.900 0.301
2473.000 0.305
2473.100 0.271
2473.200 0.282
2473.300 0.295
2473.400 0.285
2473.500 0.278
2473.600 0.269
2473.700 0.264
2473.800 0.258
2473.900 0.254
2474.000 0.255
2474.100 0.250
2474.200 0.250
2474.300 0.246
2474.400 0.244
2474.500 0.244
2474.600 0.241
2474.700 0.235
2474.800 0.241
2474.900 0.235
2475.000 0.236
2475.100 0.319
2475.200 0.260
2475.300 0.279
2475.400 0.233
2475.500 0.251
2475.600 0.237
2475.700 0.222
2475.800 0.223
2475.900 0.214
2476.000 0.217
2476.100 0.236
2476.200 0.234
2476.300 0.230
2476.400 0.210
2476.500 0.215
2476.600 0.214
2476.700 0.212
2476.800 0.218
2476.900 0.206
2477.000 0.206
2477.100 0.205
2477.200 0.199
2477.300 0.217
2477.400 0.236
2477.500 0.202
2477.600 0.195
2477.700 0.207
2477.800 0.193
2477.900 0.198
2478.000 0.199
2478.100 0.200
2478.200 0.182
2478.300 0.193
2478.400 0.182
2478.500 0.197
2478.600 0.189
2478.700 0.191
2478.800 0.183
2478.900 0.179
2479.000 0.177
2479.100 0.176
2479.200 0.204
2479.300 0.184
2479.400 0.175
2479.500 0.170
2479.600 0.176
2479.700 0.184
2479.800 0.176
2479.900 0.167
2480.000 0.161
2480.100 0.162
2480.200 0.153
2480.300 0.176
2480.400 0.165
2480.500 0.163
2480.600 0.158
2480.700 0.154
2480.800 0.148
2480.900 0.154
2481.000 0.154
2481.100 0.145
2481.200 0.148
2481.300 0.142
2481.400 0.140
2481.500 0.146
2481.600 0.166
2481.700 0.207
2481.800 0.169
2481.900 0.142
2482.000 0.145
2482.100 0.144
2482.200 0.150
2482.300 0.135
2482.400 0.131
2482.500 0.132
2482.600 0.130
2482.700 0.128
2482.800 0.128
2482.900 0.122
2483.000 0.123
2483.100 0.120
2483.200 0.128
2483.300 0.154
2483.400 0.140
2483.500 0.120
2483.600 0.119
2483.700 0.130
2483.800 0.129
2483.900 0.117
2484.000 0.113
2484.100 0.109
2484.200 0.107
2484.300 0.110
2484.400 0.105
2484.500 0.110
2484.600 0.104
2484.700 0.107
2484.800 0.114
2484.900 0.111
2485.000 0.096
2485.100 0.100
2485.200 0.100
2485.300 0.097
2485.400 0.093
2485.500 0.094
2485.600 0.091
2485.700 0.096
2485.800 0.091
2485.900 0.090
2486.000 0.088
2486.100 0.090
2486.200 0.094
2486.300 0.088
2486.400 0.084
2486.500 0.087
2486.600 0.082
2486.700 0.083
2486.800 0.082
2486.900 0.082
2487.000 0.082
2487.100 0.080
2487.200 0.077
2487.300 0.076
2487.400 0.077
2487.500 0.075
2487.600 0.076
2487.700 0.081
2487.800 0.076
2487.900 0.085
2488.000 0.078
2488.100 0.072
2488.200 0.074
2488.300 0.070
2488.400 0.071
2488.500 0.068
2488.600 0.069
2488.700 0.070
2488.800 0.066
2488.900 0.064
2489.000 0.066
2489.100 0.062
2489.200 0.064
2489.300 0.062
2489.400 0.061
2489.500 0.061
2489.600 0.057
2489.700 0.060
2489.800 0.058
2489.900 0.058
2490.000 0.059
2490.100 0.055
2490.200 0.057
2490.300 0.058
2490.400 0.055
2490.500 0.050
2490.600 0.050
2490.700 0.049
2490.800 0.048
2490.900 0.049
2491.000 0.047
2491.100 0.058
2491.200 0.049
2491.300 0.044
2491.400 0.043
2491.500 0.043
2491.600 0.043
2491.700 0.042
2491.800 0.051
2491.900 0.055
2492.000 0.043
2492.100 0.039
2492.200 0.039
2492.300 0.036
2492.400 0.043
2492.500 0.047
2492.600 0.039
2492.700 0.040
2492.800 0.037
2492.900 0.037
2493.000 0.034
2493.100 0.033
2493.200 0.036
2493.300 0.044
2493.400 0.042
2493.500 0.033
2493.600 0.035
2493.700 0.032
2493.800 0.031
2493.900 0.029
2494.000 0.029
2494.100 0.030
2494.200 0.028
2494.300 0.029
2494.400 0.026
2494.500 0.026
2494.600 0.026
2494.700 0.023
2494.800 0.025
2494.900 0.026
2495.000 0.026
2495.100 0.023
2495.200 0.023
2495.300 0.038
2495.400 0.030
2495.500 0.028
2495.600 0.019
2495.700 0.034
2495.800 0.032
2495.900 0.028
2496.000 0.022
2496.100 0.019
2496.200 0.020
2496.300 0.020
2496.400 0.020
2496.500 0.038
2496.600 0.021
2496.700 0.017
2496.800 0.020
2496.900 0.019
2497.000 0.017
2497.100 0.021
2497.200 0.021
2497.300 0.021
2497.400 0.021
2497.500 0.025
2497.600 0.021
2497.700 0.021
2497.800 0.018
2497.900 0.023
2498.000 0.018
2498.100 0.021
2498.200 0.021
2498.300 0.022
2498.400 0.021
2498.500 0.022
2498.600 0.024
2498.700 0.022
2498.800 0.023
2498.900 0.022
2499.000 0.043
2499.100 0.025
2499.200 0.023
2499.300 0.026
2499.400 0.023
2499.500 0.029
2499.600 0.027
2499.700 0.027
2499.800 0.025
2499.900 0.039
2500.000 0.034
