2200.100 0.002
2200.200 0.888
2200.300 1.053
2200.400 0.830
2200.500 0.782
2200.600 0.786
2200.700 0.761
2200.800 0.758
2200.900 0.750
2201.000 0.757
2201.100 0.748
2201.200 0.744
2201.300 0.779
2201.400 0.756
2201.500 0.754
2201.600 0.746
2201.700 0.761
2201.800 0.765
2201.900 0.748
2202.000 0.739
2202.100 0.732
2202.200 0.724
2202.300 0.722
2202.400 0.717
2202.500 0.722
2202.600 0.709
2202.700 0.714
2202.800 0.711
2202.900 0.709
2203.000 0.703
2203.100 0.702
2203.200 0.702
2203.300 0.701
2203.400 0.692
2203.500 0.685
2203.600 0.686
2203.700 0.675
2203.800 0.669
2203.900 0.658
2204.000 0.652
2204.100 0.644
2204.200 0.630
2204.300 0.625
2204.400 0.608
2204.500 0.600
2204.600 0.594
2204.700 0.584
2204.800 0.581
2204.900 0.564
2205.000 0.550
2205.100 0.544
2205.200 0.528
2205.300 0.515
2205.400 0.501
2205.500 0.479
2205.600 0.464
2205.700 0.458
2205.800 0.434
2205.900 0.414
2206.000 0.396
2206.100 0.387
2206.200 0.371
2206.300 0.364
2206.400 0.353
2206.500 0.350
2206.600 0.347
2206.700 0.351
2206.800 0.351
2206.900 0.352
2207.000 0.353
2207.100 0.355
2207.200 0.354
2207.300 0.357
2207.400 0.356
2207.500 0.358
2207.600 0.358
2207.700 0.361
2207.800 0.362
2207.900 0.363
2208.000 0.365
2208.100 0.360
2208.200 0.365
2208.300 0.362
2208.400 0.365
2208.500 0.364
2208.600 0.367
2208.700 0.369
2208.800 0.370
2208.900 0.369
2209.000 0.370
2209.100 0.369
2209.200 0.370
2209.300 0.369
2209.400 0.371
2209.500 0.373
2209.600 0.371
2209.700 0.371
2209.800 0.371
2209.900 0.376
2210.000 0.375
2210.100 0.376
2210.200 0.376
2210.300 0.375
2210.400 0.376
2210.500 0.380
2210.600 0.379
2210.700 0.379
2210.800 0.381
2210.900 0.393
2211.000 0.382
2211.100 0.379
2211.200 0.379
2211.300 0.389
2211.400 0.453
2211.500 0.452
2211.600 0.432
2211.700 0.426
2211.800 0.416
2211.900 0.412
2212.000 0.409
2212.100 0.402
2212.200 0.401
2212.300 0.403
2212.400 0.410
2212.500 0.404
2212.600 0.403
2212.700 0.405
2212.800 0.405
2212.900 0.397
2213.000 0.401
2213.100 0.399
2213.200 0.403
2213.300 0.406
2213.400 0.409
2213.500 0.408
2213.600 0.409
2213.700 0.412
2213.800 0.412
2213.900 0.409
2214.000 0.413
2214.100 0.411
2214.200 0.416
2214.300 0.412
2214.400 0.413
2214.500 0.414
2214.600 0.416
2214.700 0.415
2214.800 0.412
2214.900 0.415
2215.000 0.417
2215.100 0.419
2215.200 0.419
2215.300 0.418
2215.400 0.419
2215.500 0.422
2215.600 0.420
2215.700 0.424
2215.800 0.421
2215.900 0.425
2216.000 0.430
2216.100 0.428
2216.200 0.429
2216.300 0.431
2216.400 0.429
2216.500 0.431
2216.600 0.427
2216.700 0.429
2216.800 0.432
2216.900 0.436
2217.000 0.431
2217.100 0.434
2217.200 0.433
2217.300 0.437
2217.400 0.441
2217.500 0.438
2217.600 0.437
2217.700 0.433
2217.800 0.433
2217.900 0.434
2218.000 0.438
2218.100 0.435
2218.200 0.439
2218.300 0.438
2218.400 0.443
2218.500 0.442
2218.600 0.443
2218.700 0.441
2218.800 0.444
2218.900 0.447
2219.000 0.447
2219.100 0.450
2219.200 0.451
2219.300 0.451
2219.400 0.453
2219.500 0.458
2219.600 0.454
2219.700 0.455
2219.800 0.453
2219.900 0.458
2220.000 0.458
2220.100 0.456
2220.200 0.456
2220.300 0.463
2220.400 0.460
2220.500 0.464
2220.600 0.465
2220.700 0.464
2220.800 0.465
2220.900 0.466
2221.000 0.467
2221.100 0.469
2221.200 0.472
2221.300 0.471
2221.400 0.473
2221.500 0.471
2221.600 0.476
2221.700 0.481
2221.800 0.511
2221.900 0.552
2222.000 0.518
2222.100 0.492
2222.200 0.493
2222.300 0.493
2222.400 0.493
2222.500 0.487
2222.600 0.484
2222.700 0.484
2222.800 0.487
2222.900 0.486
2223.000 0.484
2223.100 0.492
2223.200 0.490
2223.300 0.490
2223.400 0.485
2223.500 0.493
2223.600 0.493
2223.700 0.499
2223.800 0.492
2223.900 0.492
2224.000 0.493
2224.100 0.498
2224.200 0.496
2224.300 0.499
2224.400 0.500
2224.500 0.501
2224.600 0.502
2224.700 0.503
2224.800 0.505
2224.900 0.505
2225.000 0.506
2225.100 0.509
2225.200 0.507
2225.300 0.513
2225.400 0.515
2225.500 0.513
2225.600 0.519
2225.700 0.515
2225.800 0.519
2225.900 0.519
2226.000 0.523
2226.100 0.523
2226.200 0.522
2226.300 0.521
2226.400 0.524
2226.500 0.526
2226.600 0.527
2226.700 0.529
2226.800 0.532
2226.900 0.529
2227.000 0.536
2227.100 0.531
2227.200 0.532
2227.300 0.534
2227.400 0.539
2227.500 0.540
2227.600 0.541
2227.700 0.539
2227.800 0.538
2227.900 0.536
2228.000 0.539
2228.100 0.542
2228.200 0.544
2228.300 0.549
2228.400 0.546
2228.500 0.553
2228.600 0.548
2228.700 0.553
2228.800 0.551
2228.900 0.554
2229.000 0.553
2229.100 0.558
2229.200 0.555
2229.300 0.552
2229.400 0.560
2229.500 0.566
2229.600 0.565
2229.700 0.564
2229.800 0.565
2229.900 0.565
2230.000 0.568
2230.100 0.572
2230.200 0.576
2230.300 0.574
2230.400 0.575
2230.500 0.579
2230.600 0.584
2230.700 0.585
2230.800 0.580
2230.900 0.584
2231.000 0.587
2231.100 0.589
2231.200 0.592
2231.300 0.593
2231.400 0.598
2231.500 0.598
2231.600 0.603
2231.700 0.601
2231.800 0.607
2231.900 0.605
2232.000 0.604
2232.100 0.609
2232.200 0.604
2232.300 0.611
2232.400 0.613
2232.500 0.613
2232.600 0.614
2232.700 0.613
2232.800 0.616
2232.900 0.618
2233.000 0.620
2233.100 0.621
2233.200 0.619
2233.300 0.626
2233.400 0.621
2233.500 0.631
2233.600 0.628
2233.700 0.630
2233.800 0.625
2233.900 0.624
2234.000 0.638
2234.100 0.639
2234.200 0.641
2234.300 0.637
2234.400 0.642
2234.500 0.639
2234.600 0.643
2234.700 0.642
2234.800 0.645
2234.900 0.647
2235.000 0.652
2235.100 0.657
2235.200 0.637
2235.300 0.677
2235.400 0.675
2235.500 0.664
2235.600 0.668
2235.700 0.664
2235.800 0.669
2235.900 0.667
2236.000 0.670
2236.100 0.674
2236.200 0.676
2236.300 0.679
2236.400 0.675
2236.500 0.679
2236.600 0.684
2236.700 0.681
2236.800 0.688
2236.900 0.691
2237.000 0.686
2237.100 0.688
2237.200 0.684
2237.300 0.701
2237.400 0.714
2237.500 0.695
2237.600 0.704
2237.700 0.709
2237.800 0.704
2237.900 0.705
2238.000 0.708
2238.100 0.710
2238.200 0.716
2238.300 0.721
2238.400 0.729
2238.500 0.727
2238.600 0.734
2238.700 0.724
2238.800 0.733
2238.900 0.730
2239.000 0.731
2239.100 0.738
2239.200 0.735
2239.300 0.735
2239.400 0.746
2239.500 0.731
2239.600 0.739
2239.700 0.737
2239.800 0.757
2239.900 0.747
2240.000 0.748
2240.100 0.752
2240.200 0.758
2240.300 0.760
2240.400 0.770
2240.500 0.765
2240.600 0.766
2240.700 0.773
2240.800 0.774
2240.900 0.773
2241.000 0.773
2241.100 0.781
2241.200 0.780
2241.300 0.783
2241.400 0.788
2241.500 0.792
2241.600 0.789
2241.700 0.793
2241.800 0.789
2241.900 0.800
2242.000 0.794
2242.100 0.806
2242.200 0.807
2242.300 0.815
2242.400 0.819
2242.500 0.822
2242.600 0.822
2242.700 0.822
2242.800 0.819
2242.900 0.819
2243.000 0.827
2243.100 0.835
2243.200 0.831
2243.300 0.841
2243.400 0.839
2243.500 0.839
2243.600 0.845
2243.700 0.841
2243.800 0.845
2243.900 0.848
2244.000 0.853
2244.100 0.852
2244.200 0.860
2244.300 0.855
2244.400 0.870
2244.500 0.863
2244.600 0.871
2244.700 0.870
2244.800 0.876
2244.900 0.876
2245.000 0.886
2245.100 0.884
2245.200 0.889
2245.300 0.890
2245.400 0.889
2245.500 0.896
2245.600 0.898
2245.700 0.901
2245.800 0.908
2245.900 0.911
2246.000 0.912
2246.100 0.914
2246.200 0.915
2246.300 0.925
2246.400 0.922
2246.500 0.932
2246.600 0.929
2246.700 0.940
2246.800 0.942
2246.900 0.952
2247.000 0.944
2247.100 0.950
2247.200 0.948
2247.300 0.961
2247.400 0.958
2247.500 0.967
2247.600 0.968
2247.700 0.967
2247.800 0.972
2247.900 0.972
2248.000 0.982
2248.100 0.983
2248.200 0.990
2248.300 0.988
2248.400 0.994
2248.500 0.999
2248.600 1.005
2248.700 1.003
2248.800 1.011
2248.900 1.009
2249.000 1.018
2249.100 1.016
2249.200 1.028
2249.300 1.025
2249.400 1.035
2249.500 1.035
2249.600 1.036
2249.700 1.043
2249.800 1.047
2249.900 1.055
2250.000 1.061
2250.100 1.069
2250.200 1.070
2250.300 1.075
2250.400 1.076
2250.500 1.086
2250.600 1.086
2250.700 1.093
2250.800 1.089
2250.900 1.096
2251.000 1.098
2251.100 1.104
2251.200 1.113
2251.300 1.112
2251.400 1.121
2251.500 1.132
2251.600 1.135
2251.700 1.139
2251.800 1.140
2251.900 1.146
2252.000 1.154
2252.100 1.156
2252.200 1.163
2252.300 1.164
2252.400 1.170
2252.500 1.174
2252.600 1.181
2252.700 1.192
2252.800 1.201
2252.900 1.202
2253.000 1.206
2253.100 1.207
2253.200 1.221
2253.300 1.220
2253.400 1.235
2253.500 1.231
2253.600 1.240
2253.700 1.242
2253.800 1.244
2253.900 1.257
2254.000 1.265
2254.100 1.266
2254.200 1.273
2254.300 1.277
2254.400 1.280
2254.500 1.287
2254.600 1.291
2254.700 1.303
2254.800 1.302
2254.900 1.310
2255.000 1.315
2255.100 1.326
2255.200 1.326
2255.300 1.343
2255.400 1.347
2255.500 1.353
2255.600 1.352
2255.700 1.359
2255.800 1.362
2255.900 1.373
2256.000 1.375
2256.100 1.380
2256.200 1.386
2256.300 1.388
2256.400 1.399
2256.500 1.418
2256.600 1.417
2256.700 1.427
2256.800 1.430
2256.900 1.432
2257.000 1.453
2257.100 1.455
2257.200 1.463
2257.300 1.471
2257.400 1.480
2257.500 1.488
2257.600 1.491
2257.700 1.500
2257.800 1.506
2257.900 1.515
2258.000 1.526
2258.100 1.528
2258.200 1.537
2258.300 1.541
2258.400 1.554
2258.500 1.564
2258.600 1.569
2258.700 1.585
2258.800 1.590
2258.900 1.598
2259.000 1.602
2259.100 1.612
2259.200 1.623
2259.300 1.642
2259.400 1.646
2259.500 1.682
2259.600 1.672
2259.700 1.694
2259.800 1.695
2259.900 1.707
2260.000 1.698
2260.100 1.703
2260.200 1.705
2260.300 1.713
2260.400 1.728
2260.500 1.742
2260.600 1.745
2260.700 1.758
2260.800 1.765
2260.900 1.776
2261.000 1.788
2261.100 1.796
2261.200 1.809
2261.300 1.818
2261.400 1.831
2261.500 1.837
2261.600 1.852
2261.700 1.861
2261.800 1.870
2261.900 1.887
2262.000 1.913
2262.100 1.916
2262.200 1.939
2262.300 1.938
2262.400 1.952
2262.500 1.955
2262.600 1.976
2262.700 1.984
2262.800 1.993
2262.900 2.003
2263.000 2.008
2263.100 2.026
2263.200 2.052
2263.300 2.055
2263.400 2.074
2263.500 2.082
2263.600 2.096
2263.700 2.109
2263.800 2.117
2263.900 2.142
2264.000 2.148
2264.100 2.168
2264.200 2.185
2264.300 2.198
2264.400 2.205
2264.500 2.229
2264.600 2.240
2264.700 2.257
2264.800 2.265
2264.900 2.287
2265.000 2.300
2265.100 2.323
2265.200 2.346
2265.300 2.358
2265.400 2.374
2265.500 2.384
2265.600 2.407
2265.700 2.415
2265.800 2.444
2265.900 2.457
2266.000 2.467
2266.100 2.488
2266.200 2.508
2266.300 2.531
2266.400 2.547
2266.500 2.561
2266.600 2.583
2266.700 2.608
2266.800 2.623
2266.900 2.638
2267.000 2.657
2267.100 2.678
2267.200 2.706
2267.300 2.718
2267.400 2.733
2267.500 2.757
2267.600 2.793
2267.700 2.816
2267.800 2.844
2267.900 2.864
2268.000 2.880
2268.100 2.905
2268.200 2.943
2268.300 2.961
2268.400 2.982
2268.500 2.996
2268.600 3.035
2268.700 3.059
2268.800 3.075
2268.900 3.105
2269.000 3.125
2269.100 3.162
2269.200 3.193
2269.300 3.221
2269.400 3.253
2269.500 3.281
2269.600 3.310
2269.700 3.338
2269.800 3.358
2269.900 3.401
2270.000 3.419
2270.100 3.463
2270.200 3.497
2270.300 3.528
2270.400 3.552
2270.500 3.583
2270.600 3.625
2270.700 3.679
2270.800 3.696
2270.900 3.733
2271.000 3.765
2271.100 3.829
2271.200 3.887
2271.300 3.904
2271.400 3.942
2271.500 3.977
2271.600 4.008
2271.700 4.058
2271.800 4.083
2271.900 4.134
2272.000 4.184
2272.100 4.234
2272.200 4.288
2272.300 4.310
2272.400 4.336
2272.500 4.392
2272.600 4.463
2272.700 4.514
2272.800 4.550
2272.900 4.576
2273.000 4.637
2273.100 4.709
2273.200 4.761
2273.300 4.823
2273.400 4.853
2273.500 4.917
2273.600 4.986
2273.700 5.034
2273.800 5.107
2273.900 5.195
2274.000 5.227
2274.100 5.296
2274.200 5.337
2274.300 5.407
2274.400 5.450
2274.500 5.555
2274.600 5.636
2274.700 5.678
2274.800 5.766
2274.900 5.856
2275.000 5.899
2275.100 5.989
2275.200 6.036
2275.300 6.133
2275.400 6.236
2275.500 6.278
2275.600 6.379
2275.700 6.437
2275.800 6.540
2275.900 6.657
2276.000 6.712
2276.100 6.821
2276.200 6.880
2276.300 6.978
2276.400 7.106
2276.500 7.145
2276.600 7.258
2276.700 7.335
2276.800 7.475
2276.900 7.700
2277.000 7.759
2277.100 7.850
2277.200 7.908
2277.300 8.029
2277.400 8.068
2277.500 8.046
2277.600 8.123
2277.700 8.218
2277.800 8.289
2277.900 8.344
2278.000 8.433
2278.100 8.548
2278.200 8.600
2278.300 8.732
2278.400 8.834
2278.500 8.861
2278.600 8.918
2278.700 8.945
2278.800 9.006
2278.900 9.046
2279.000 9.061
2279.100 9.105
2279.200 9.118
2279.300 9.133
2279.400 9.153
2279.500 9.165
2279.600 9.180
2279.700 9.176
2279.800 9.164
2279.900 9.152
2280.000 9.150
2280.100 9.122
2280.200 9.134
2280.300 9.119
2280.400 9.064
2280.500 9.084
2280.600 9.057
2280.700 9.060
2280.800 9.025
2280.900 9.000
2281.000 9.013
2281.100 8.991
2281.200 9.004
2281.300 9.021
2281.400 9.043
2281.500 9.061
2281.600 9.127
2281.700 9.149
2281.800 9.212
2281.900 9.269
2282.000 9.302
2282.100 9.390
2282.200 9.436
2282.300 9.533
2282.400 9.576
2282.500 9.690
2282.600 9.786
2282.700 9.852
2282.800 9.942
2282.900 10.057
2283.000 10.099
2283.100 10.190
2283.200 10.226
2283.300 10.323
2283.400 10.385
2283.500 10.421
2283.600 10.460
2283.700 10.507
2283.800 10.539
2283.900 10.547
2284.000 10.533
2284.100 10.498
2284.200 10.462
2284.300 10.411
2284.400 10.367
2284.500 10.268
2284.600 10.177
2284.700 10.101
2284.800 9.949
2284.900 9.867
2285.000 9.705
2285.100 9.517
2285.200 9.431
2285.300 9.223
2285.400 9.111
2285.500 8.882
2285.600 8.636
2285.700 8.523
2285.800 8.293
2285.900 8.158
2286.000 7.902
2286.100 7.768
2286.200 7.509
2286.300 7.240
2286.400 7.122
2286.500 6.849
2286.600 6.586
2286.700 6.458
2286.800 6.179
2286.900 6.048
2287.000 5.775
2287.100 5.512
2287.200 5.400
2287.300 5.264
2287.400 5.027
2287.500 4.778
2287.600 4.542
2287.700 4.433
2287.800 4.216
2287.900 4.113
2288.000 3.914
2288.100 3.734
2288.200 3.646
2288.300 3.465
2288.400 3.384
2288.500 3.217
2288.600 3.073
2288.700 3.013
2288.800 2.875
2288.900 2.815
2289.000 2.710
2289.100 2.607
2289.200 2.566
2289.300 2.484
2289.400 2.441
2289.500 2.366
2289.600 2.305
2289.700 2.276
2289.800 2.229
2289.900 2.200
2290.000 2.160
2290.100 2.147
2290.200 2.113
2290.300 2.086
2290.400 2.074
2290.500 2.058
2290.600 2.051
2290.700 2.035
2290.800 2.022
2290.900 2.019
2291.000 2.007
2291.100 2.013
2291.200 2.011
2291.300 2.024
2291.400 2.040
2291.500 2.002
2291.600 2.009
2291.700 2.005
2291.800 2.013
2291.900 2.009
2292.000 2.004
2292.100 2.004
2292.200 2.004
2292.300 2.009
2292.400 2.016
2292.500 2.016
2292.600 2.022
2292.700 2.018
2292.800 2.024
2292.900 2.025
2293.000 2.036
2293.100 2.027
2293.200 2.034
2293.300 2.022
2293.400 2.033
2293.500 2.029
2293.600 2.035
2293.700 2.035
2293.800 2.046
2293.900 2.040
2294.000 2.035
2294.100 2.038
2294.200 2.033
2294.300 2.034
2294.400 2.029
2294.500 2.050
2294.600 2.032
2294.700 2.033
2294.800 2.031
2294.900 2.043
2295.000 2.033
2295.100 2.042
2295.200 2.034
2295.300 2.035
2295.400 2.023
2295.500 2.025
2295.600 2.019
2295.700 2.028
2295.800 2.013
2295.900 2.017
2296.000 2.007
2296.100 2.011
2296.200 2.010
2296.300 2.014
2296.400 2.004
2296.500 2.000
2296.600 2.000
2296.700 1.990
2296.800 1.988
2296.900 1.991
2297.000 1.991
2297.100 1.986
2297.200 1.982
2297.300 1.974
2297.400 1.976
2297.500 1.969
2297.600 1.968
2297.700 1.958
2297.800 1.951
2297.900 1.952
2298.000 1.950
2298.100 1.960
2298.200 1.967
2298.300 1.919
2298.400 1.965
2298.500 1.937
2298.600 1.935
2298.700 1.925
2298.800 1.935
2298.900 1.915
2299.000 1.908
2299.100 1.919
2299.200 1.910
2299.300 1.919
2299.400 1.912
2299.500 1.893
2299.600 1.887
2299.700 1.888
2299.800 1.877
2299.900 1.884
2300.000 1.874
2300.100 1.875
2300.200 1.862
2300.300 1.852
2300.400 1.849
2300.500 1.855
2300.600 1.848
2300.700 1.854
2300.800 1.852
2300.900 1.841
2301.000 1.837
2301.100 1.831
2301.200 1.824
2301.300 1.814
2301.400 1.830
2301.500 1.812
2301.600 1.822
2301.700 1.805
2301.800 1.803
2301.900 1.796
2302.000 1.800
2302.100 1.790
2302.200 1.795
2302.300 1.790
2302.400 1.780
2302.500 1.774
2302.600 1.768
2302.700 1.766
2302.800 1.761
2302.900 1.765
2303.000 1.750
2303.100 1.749
2303.200 1.746
2303.300 1.756
2303.400 1.739
2303.500 1.739
2303.600 1.737
2303.700 1.727
2303.800 1.724
2303.900 1.718
2304.000 1.705
2304.100 1.711
2304.200 1.700
2304.300 1.706
2304.400 1.698
2304.500 1.694
2304.600 1.704
2304.700 1.686
2304.800 1.688
2304.900 1.689
2305.000 1.683
2305.100 1.684
2305.200 1.669
2305.300 1.664
2305.400 1.663
2305.500 1.668
2305.600 1.661
2305.700 1.649
2305.800 1.651
2305.900 1.639
2306.000 1.645
2306.100 1.641
2306.200 1.638
2306.300 1.636
2306.400 1.632
2306.500 1.608
2306.600 1.624
2306.700 1.607
2306.800 1.639
2306.900 1.615
2307.000 1.615
2307.100 1.604
2307.200 1.601
2307.300 1.602
2307.400 1.597
2307.500 1.586
2307.600 1.586
2307.700 1.586
2307.800 1.582
2307.900 1.579
2308.000 1.577
2308.100 1.557
2308.200 1.572
2308.300 1.569
2308.400 1.553
2308.500 1.569
2308.600 1.556
2308.700 1.548
2308.800 1.541
2308.900 1.543
2309.000 1.539
2309.100 1.549
2309.200 1.539
2309.300 1.512
2309.400 1.644
2309.500 1.571
2309.600 1.550
2309.700 1.532
2309.800 1.511
2309.900 1.510
2310.000 1.536
2310.100 1.516
2310.200 1.483
2310.300 1.516
2310.400 1.552
2310.500 1.500
2310.600 1.506
2310.700 1.497
2310.800 1.495
2310.900 1.485
2311.000 1.490
2311.100 1.483
2311.200 1.480
2311.300 1.477
2311.400 1.513
2311.500 1.540
2311.600 1.519
2311.700 1.502
2311.800 1.488
2311.900 1.487
2312.000 1.472
2312.100 1.468
2312.200 1.465
2312.300 1.450
2312.400 1.443
2312.500 1.442
2312.600 1.450
2312.700 1.435
2312.800 1.440
2312.900 1.437
2313.000 1.428
2313.100 1.420
2313.200 1.412
2313.300 1.415
2313.400 1.398
2313.500 1.414
2313.600 1.414
2313.700 1.418
2313.800 1.407
2313.900 1.405
2314.000 1.403
2314.100 1.398
2314.200 1.391
2314.300 1.393
2314.400 1.388
2314.500 1.386
2314.600 1.392
2314.700 1.390
2314.800 1.392
2314.900 1.384
2315.000 1.394
2315.100 1.373
2315.200 1.379
2315.300 1.370
2315.400 1.377
2315.500 1.374
2315.600 1.375
2315.700 1.364
2315.800 1.363
2315.900 1.360
2316.000 1.362
2316.100 1.367
2316.200 1.357
2316.300 1.328
2316.400 1.359
2316.500 1.353
2316.600 1.334
2316.700 1.415
2316.800 1.378
2316.900 1.366
2317.000 1.357
2317.100 1.338
2317.200 1.337
2317.300 1.333
2317.400 1.324
2317.500 1.328
2317.600 1.331
2317.700 1.323
2317.800 1.342
2317.900 1.325
2318.000 1.323
2318.100 1.319
2318.200 1.311
2318.300 1.317
2318.400 1.314
2318.500 1.309
2318.600 1.312
2318.700 1.307
2318.800 1.309
2318.900 1.308
2319.000 1.313
2319.100 1.302
2319.200 1.303
2319.300 1.301
2319.400 1.290
2319.500 1.289
2319.600 1.297
2319.700 1.286
2319.800 1.288
2319.900 1.292
2320.000 1.290
2320.100 1.292
2320.200 1.293
2320.300 1.277
2320.400 1.278
2320.500 1.281
2320.600 1.280
2320.700 1.279
2320.800 1.281
2320.900 1.281
2321.000 1.261
2321.100 1.278
2321.200 1.261
2321.300 1.270
2321.400 1.262
2321.500 1.261
2321.600 1.262
2321.700 1.257
2321.800 1.261
2321.900 1.254
2322.000 1.253
2322.100 1.257
2322.200 1.247
2322.300 1.254
2322.400 1.247
2322.500 1.246
2322.600 1.248
2322.700 1.248
2322.800 1.248
2322.900 1.260
2323.000 1.241
2323.100 1.241
2323.200 1.237
2323.300 1.238
2323.400 1.237
2323.500 1.232
2323.600 1.234
2323.700 1.229
2323.800 1.226
2323.900 1.227
2324.000 1.223
2324.100 1.213
2324.200 1.220
2324.300 1.218
2324.400 1.219
2324.500 1.215
2324.600 1.229
2324.700 1.208
2324.800 1.218
2324.900 1.214
2325.000 1.213
2325.100 1.223
2325.200 1.220
2325.300 1.227
2325.400 1.209
2325.500 1.206
2325.600 1.201
2325.700 1.200
2325.800 1.195
2325.900 1.198
2326.000 1.194
2326.100 1.196
2326.200 1.188
2326.300 1.197
2326.400 1.193
2326.500 1.191
2326.600 1.185
2326.700 1.189
2326.800 1.189
2326.900 1.194
2327.000 1.189
2327.100 1.190
2327.200 1.192
2327.300 1.186
2327.400 1.174
2327.500 1.170
2327.600 1.170
2327.700 1.173
2327.800 1.163
2327.900 1.166
2328.000 1.167
2328.100 1.165
2328.200 1.175
2328.300 1.164
2328.400 1.168
2328.500 1.164
2328.600 1.165
2328.700 1.157
2328.800 1.163
2328.900 1.155
2329.000 1.155
2329.100 1.155
2329.200 1.155
2329.300 1.149
2329.400 1.161
2329.500 1.157
2329.600 1.150
2329.700 1.155
2329.800 1.143
2329.900 1.143
2330.000 1.140
2330.100 1.144
2330.200 1.141
2330.300 1.149
2330.400 1.137
2330.500 1.152
2330.600 1.136
2330.700 1.140
2330.800 1.138
2330.900 1.137
2331.000 1.134
2331.100 1.137
2331.200 1.128
2331.300 1.144
2331.400 1.135
2331.500 1.160
2331.600 1.196
2331.700 1.183
2331.800 1.127
2331.900 1.131
2332.000 1.125
2332.100 1.120
2332.200 1.114
2332.300 1.127
2332.400 1.104
2332.500 1.129
2332.600 1.116
2332.700 1.114
2332.800 1.116
2332.900 1.113
2333.000 1.118
2333.100 1.113
2333.200 1.110
2333.300 1.110
2333.400 1.110
2333.500 1.111
2333.600 1.121
2333.700 1.112
2333.800 1.113
2333.900 1.123
2334.000 1.103
2334.100 1.101
2334.200 1.095
2334.300 1.111
2334.400 1.100
2334.500 1.113
2334.600 1.101
2334.700 1.087
2334.800 1.097
2334.900 1.101
2335.000 1.092
2335.100 1.098
2335.200 1.118
2335.300 1.097
2335.400 1.091
2335.500 1.101
2335.600 1.091
2335.700 1.094
2335.800 1.090
2335.900 1.094
2336.000 1.092
2336.100 1.091
2336.200 1.093
2336.300 1.088
2336.400 1.080
2336.500 1.078
2336.600 1.080
2336.700 1.079
2336.800 1.077
2336.900 1.082
2337.000 1.081
2337.100 1.074
2337.200 1.078
2337.300 1.075
2337.400 1.072
2337.500 1.068
2337.600 1.062
2337.700 1.074
2337.800 1.081
2337.900 1.074
2338.000 1.079
2338.100 1.067
2338.200 1.116
2338.300 1.063
2338.400 1.077
2338.500 1.073
2338.600 1.075
2338.700 1.069
2338.800 1.075
2338.900 1.058
2339.000 1.075
2339.100 1.068
2339.200 1.069
2339.300 1.067
2339.400 1.061
2339.500 1.059
2339.600 1.061
2339.700 1.058
2339.800 1.054
2339.900 1.078
2340.000 1.064
2340.100 1.056
2340.200 1.072
2340.300 1.047
2340.400 1.056
2340.500 1.075
2340.600 1.062
2340.700 1.064
2340.800 1.051
2340.900 1.060
2341.000 1.054
2341.100 1.056
2341.200 1.050
2341.300 1.054
2341.400 1.053
2341.500 1.046
2341.600 1.051
2341.700 1.045
2341.800 1.047
2341.900 1.071
2342.000 1.073
2342.100 1.042
2342.200 1.087
2342.300 1.056
2342.400 1.053
2342.500 1.040
2342.600 1.044
2342.700 1.049
2342.800 1.047
2342.900 1.042
2343.000 1.049
2343.100 1.043
2343.200 1.043
2343.300 1.059
2343.400 1.061
2343.500 1.048
2343.600 1.032
2343.700 1.054
2343.800 1.074
2343.900 1.049
2344.000 1.045
2344.100 1.036
2344.200 1.028
2344.300 1.035
2344.400 1.028
2344.500 1.028
2344.600 1.019
2344.700 1.042
2344.800 1.042
2344.900 1.053
2345.000 1.047
2345.100 1.032
2345.200 1.029
2345.300 1.029
2345.400 1.024
2345.500 1.030
2345.600 1.024
2345.700 1.011
2345.800 1.013
2345.900 1.028
2346.000 1.031
2346.100 1.036
2346.200 1.028
2346.300 1.027
2346.400 1.027
2346.500 1.020
2346.600 1.016
2346.700 1.016
2346.800 1.016
2346.900 1.014
2347.000 1.020
2347.100 1.019
2347.200 1.018
2347.300 1.013
2347.400 1.017
2347.500 1.011
2347.600 1.011
2347.700 1.009
2347.800 1.021
2347.900 1.017
2348.000 1.027
2348.100 1.020
2348.200 1.014
2348.300 1.015
2348.400 1.008
2348.500 1.015
2348.600 1.010
2348.700 1.011
2348.800 1.005
2348.900 1.016
2349.000 1.005
2349.100 1.016
2349.200 1.009
2349.300 1.011
2349.400 1.007
2349.500 1.010
2349.600 1.009
2349.700 1.007
2349.800 1.001
2349.900 1.004
2350.000 1.002
2350.100 1.001
2350.200 1.001
2350.300 1.005
2350.400 1.002
2350.500 0.999
2350.600 1.008
2350.700 1.003
2350.800 1.009
2350.900 1.004
2351.000 1.002
2351.100 0.999
2351.200 1.004
2351.300 0.993
2351.400 1.012
2351.500 1.009
2351.600 1.023
2351.700 1.004
2351.800 1.002
2351.900 0.999
2352.000 1.004
2352.100 0.997
2352.200 0.997
2352.300 1.000
2352.400 0.995
2352.500 0.997
2352.600 0.999
2352.700 1.000
2352.800 0.992
2352.900 1.000
2353.000 0.995
2353.100 1.003
2353.200 0.997
2353.300 1.002
2353.400 1.002
2353.500 0.990
2353.600 0.987
2353.700 1.012
2353.800 0.991
2353.900 0.990
2354.000 0.994
2354.100 1.003
2354.200 0.990
2354.300 0.984
2354.400 0.980
2354.500 0.999
2354.600 1.021
2354.700 0.984
2354.800 0.997
2354.900 0.998
2355.000 0.986
2355.100 0.997
2355.200 0.999
2355.300 0.988
2355.400 0.994
2355.500 0.987
2355.600 0.990
2355.700 0.985
2355.800 0.999
2355.900 0.988
2356.000 0.995
2356.100 0.988
2356.200 1.013
2356.300 0.986
2356.400 0.998
2356.500 0.989
2356.600 0.989
2356.700 0.984
2356.800 0.991
2356.900 0.989
2357.000 0.994
2357.100 0.992
2357.200 0.988
2357.300 0.986
2357.400 0.983
2357.500 0.987
2357.600 0.982
2357.700 0.990
2357.800 0.981
2357.900 0.987
2358.000 0.979
2358.100 0.985
2358.200 0.980
2358.300 0.979
2358.400 0.974
2358.500 0.976
2358.600 0.989
2358.700 0.994
2358.800 0.984
2358.900 0.988
2359.000 0.984
2359.100 0.982
2359.200 0.983
2359.300 0.992
2359.400 0.984
2359.500 0.979
2359.600 0.984
2359.700 0.979
2359.800 0.977
2359.900 0.983
2360.000 0.983
2360.100 0.981
2360.200 0.987
2360.300 0.977
2360.400 0.999
2360.500 0.989
2360.600 0.988
2360.700 0.980
2360.800 0.982
2360.900 0.949
2361.000 1.006
2361.100 0.959
2361.200 1.010
2361.300 0.979
2361.400 0.997
2361.500 0.981
2361.600 0.983
2361.700 0.989
2361.800 0.981
2361.900 0.987
2362.000 0.984
2362.100 0.982
2362.200 0.979
2362.300 0.980
2362.400 0.976
2362.500 0.979
2362.600 0.980
2362.700 0.979
2362.800 0.983
2362.900 0.980
2363.000 0.977
2363.100 0.978
2363.200 0.977
2363.300 0.977
2363.400 0.984
2363.500 0.976
2363.600 0.980
2363.700 0.976
2363.800 0.982
2363.900 0.975
2364.000 0.982
2364.100 0.983
2364.200 0.982
2364.300 0.978
2364.400 0.977
2364.500 0.980
2364.600 0.976
2364.700 0.977
2364.800 0.974
2364.900 0.981
2365.000 0.994
2365.100 0.980
2365.200 0.975
2365.300 0.975
2365.400 0.981
2365.500 0.981
2365.600 0.977
2365.700 0.974
2365.800 0.973
2365.900 0.979
2366.000 0.976
2366.100 0.981
2366.200 0.980
2366.300 0.977
2366.400 0.974
2366.500 0.989
2366.600 0.987
2366.700 0.981
2366.800 0.978
2366.900 0.984
2367.000 0.979
2367.100 0.981
2367.200 0.977
2367.300 0.979
2367.400 0.975
2367.500 0.980
2367.600 0.981
2367.700 0.984
2367.800 0.978
2367.900 0.978
2368.000 0.985
2368.100 0.978
2368.200 0.979
2368.300 0.989
2368.400 0.982
2368.500 0.979
2368.600 0.982
2368.700 0.974
2368.800 0.977
2368.900 0.977
2369.000 0.977
2369.100 0.978
2369.200 0.985
2369.300 0.972
2369.400 0.995
2369.500 0.999
2369.600 0.962
2369.700 0.980
2369.800 0.979
2369.900 0.976
2370.000 0.978
2370.100 0.980
2370.200 0.977
2370.300 0.982
2370.400 0.975
2370.500 0.984
2370.600 0.979
2370.700 0.979
2370.800 0.982
2370.900 0.977
2371.000 0.977
2371.100 0.983
2371.200 0.979
2371.300 0.980
2371.400 0.976
2371.500 0.983
2371.600 0.980
2371.700 0.978
2371.800 0.975
2371.900 0.984
2372.000 0.980
2372.100 0.979
2372.200 0.976
2372.300 0.980
2372.400 0.977
2372.500 0.978
2372.600 0.988
2372.700 0.991
2372.800 0.988
2372.900 0.981
2373.000 0.985
2373.100 0.981
2373.200 0.984
2373.300 0.981
2373.400 0.984
2373.500 0.981
2373.600 0.987
2373.700 0.980
2373.800 0.987
2373.900 0.983
2374.000 0.991
2374.100 0.983
2374.200 0.987
2374.300 0.990
2374.400 0.995
2374.500 0.990
2374.600 0.989
2374.700 0.984
2374.800 0.985
2374.900 0.990
2375.000 0.986
2375.100 0.984
2375.200 0.984
2375.300 0.986
2375.400 0.986
2375.500 0.993
2375.600 0.986
2375.700 0.992
2375.800 0.987
2375.900 0.991
2376.000 0.991
2376.100 0.987
2376.200 0.988
2376.300 0.994
2376.400 0.988
2376.500 0.989
2376.600 0.991
2376.700 0.995
2376.800 0.994
2376.900 0.993
2377.000 0.994
2377.100 0.989
2377.200 0.998
2377.300 0.991
2377.400 0.994
2377.500 0.994
2377.600 0.996
2377.700 0.996
2377.800 1.003
2377.900 0.993
2378.000 0.996
2378.100 0.991
2378.200 0.993
2378.300 0.994
2378.400 1.000
2378.500 0.993
2378.600 0.998
2378.700 0.994
2378.800 0.994
2378.900 1.002
2379.000 0.996
2379.100 0.998
2379.200 0.998
2379.300 0.997
2379.400 0.999
2379.500 1.000
2379.600 0.995
2379.700 1.002
2379.800 0.998
2379.900 1.005
2380.000 1.003
2380.100 1.006
2380.200 1.003
2380.300 1.008
2380.400 1.004
2380.500 1.005
2380.600 1.004
2380.700 1.006
2380.800 1.005
2380.900 1.002
2381.000 1.002
2381.100 1.010
2381.200 1.007
2381.300 1.015
2381.400 1.007
2381.500 1.005
2381.600 1.008
2381.700 1.006
2381.800 1.008
2381.900 1.016
2382.000 1.009
2382.100 1.015
2382.200 1.011
2382.300 1.009
2382.400 1.014
2382.500 1.013
2382.600 1.016
2382.700 1.013
2382.800 1.013
2382.900 1.015
2383.000 1.020
2383.100 1.013
2383.200 1.019
2383.300 1.014
2383.400 1.020
2383.500 1.018
2383.600 1.018
2383.700 1.021
2383.800 1.024
2383.900 1.020
2384.000 1.022
2384.100 1.019
2384.200 1.025
2384.300 1.022
2384.400 1.030
2384.500 1.024
2384.600 1.027
2384.700 1.023
2384.800 1.031
2384.900 1.025
2385.000 1.029
2385.100 1.026
2385.200 1.025
2385.300 1.022
2385.400 1.028
2385.500 1.028
2385.600 1.027
2385.700 1.032
2385.800 1.029
2385.900 1.032
2386.000 1.030
2386.100 1.034
2386.200 1.034
2386.300 1.034
2386.400 1.031
2386.500 1.037
2386.600 1.033
2386.700 1.036
2386.800 1.034
2386.900 1.032
2387.000 1.034
2387.100 1.037
2387.200 1.036
2387.300 1.032
2387.400 1.033
2387.500 1.038
2387.600 1.038
2387.700 1.038
2387.800 1.041
2387.900 1.036
2388.000 1.042
2388.100 1.040
2388.200 1.044
2388.300 1.040
2388.400 1.044
2388.500 1.039
2388.600 1.041
2388.700 1.045
2388.800 1.051
2388.900 1.048
2389.000 1.053
2389.100 1.050
2389.200 1.049
2389.300 1.050
2389.400 1.053
2389.500 1.053
2389.600 1.055
2389.700 1.054
2389.800 1.050
2389.900 1.051
2390.000 1.052
2390.100 1.057
2390.200 1.055
2390.300 1.062
2390.400 1.063
2390.500 1.066
2390.600 1.061
2390.700 1.061
2390.800 1.059
2390.900 1.066
2391.000 1.063
2391.100 1.064
2391.200 1.062
2391.300 1.057
2391.400 1.065
2391.500 1.064
2391.600 1.066
2391.700 1.067
2391.800 1.067
2391.900 1.069
2392.000 1.070
2392.100 1.070
2392.200 1.082
2392.300 1.074
2392.400 1.077
2392.500 1.077
2392.600 1.076
2392.700 1.081
2392.800 1.087
2392.900 1.083
2393.000 1.081
2393.100 1.084
2393.200 1.085
2393.300 1.083
2393.400 1.080
2393.500 1.084
2393.600 1.087
2393.700 1.091
2393.800 1.087
2393.900 1.093
2394.000 1.087
2394.100 1.088
2394.200 1.088
2394.300 1.094
2394.400 1.092
2394.500 1.096
2394.600 1.095
2394.700 1.097
2394.800 1.101
2394.900 1.101
2395.000 1.101
2395.100 1.103
2395.200 1.102
2395.300 1.101
2395.400 1.106
2395.500 1.104
2395.600 1.111
2395.700 1.111
2395.800 1.118
2395.900 1.115
2396.000 1.115
2396.100 1.111
2396.200 1.116
2396.300 1.115
2396.400 1.121
2396.500 1.118
2396.600 1.122
2396.700 1.120
2396.800 1.129
2396.900 1.125
2397.000 1.130
2397.100 1.125
2397.200 1.124
2397.300 1.130
2397.400 1.127
2397.500 1.130
2397.600 1.128
2397.700 1.133
2397.800 1.134
2397.900 1.135
2398.000 1.132
2398.100 1.135
2398.200 1.138
2398.300 1.141
2398.400 1.142
2398.500 1.149
2398.600 1.147
2398.700 1.150
2398.800 1.145
2398.900 1.152
2399.000 1.150
2399.100 1.156
2399.200 1.152
2399.300 1.152
2399.400 1.153
2399.500 1.149
2399.600 1.156
2399.700 1.153
2399.800 1.153
2399.900 1.153
2400.000 1.156
2400.100 1.159
2400.200 1.166
2400.300 1.164
2400.400 1.168
2400.500 1.166
2400.600 1.170
2400.700 1.165
2400.800 1.169
2400.900 1.172
2401.000 1.183
2401.100 1.179
2401.200 1.183
2401.300 1.184
2401.400 1.184
2401.500 1.186
2401.600 1.187
2401.700 1.190
2401.800 1.185
2401.900 1.188
2402.000 1.187
2402.100 1.193
2402.200 1.192
2402.300 1.195
2402.400 1.195
2402.500 1.200
2402.600 1.197
2402.700 1.206
2402.800 1.200
2402.900 1.204
2403.000 1.204
2403.100 1.212
2403.200 1.210
2403.300 1.218
2403.400 1.214
2403.500 1.221
2403.600 1.218
2403.700 1.219
2403.800 1.224
2403.900 1.218
2404.000 1.226
2404.100 1.227
2404.200 1.234
2404.300 1.232
2404.400 1.240
2404.500 1.233
2404.600 1.239
2404.700 1.234
2404.800 1.243
2404.900 1.241
2405.000 1.248
2405.100 1.246
2405.200 1.253
2405.300 1.248
2405.400 1.253
2405.500 1.251
2405.600 1.251
2405.700 1.255
2405.800 1.266
2405.900 1.263
2406.000 1.267
2406.100 1.267
2406.200 1.264
2406.300 1.269
2406.400 1.263
2406.500 1.272
2406.600 1.272
2406.700 1.273
2406.800 1.280
2406.900 1.287
2407.000 1.285
2407.100 1.291
2407.200 1.284
2407.300 1.292
2407.400 1.292
2407.500 1.297
2407.600 1.297
2407.700 1.301
2407.800 1.298
2407.900 1.307
2408.000 1.304
2408.100 1.306
2408.200 1.313
2408.300 1.317
2408.400 1.318
2408.500 1.315
2408.600 1.321
2408.700 1.323
2408.800 1.324
2408.900 1.324
2409.000 1.331
2409.100 1.331
2409.200 1.336
2409.300 1.335
2409.400 1.347
2409.500 1.338
2409.600 1.342
2409.700 1.345
2409.800 1.348
2409.900 1.348
2410.000 1.358
2410.100 1.358
2410.200 1.357
2410.300 1.359
2410.400 1.363
2410.500 1.369
2410.600 1.369
2410.700 1.373
2410.800 1.376
2410.900 1.383
2411.000 1.381
2411.100 1.390
2411.200 1.388
2411.300 1.403
2411.400 1.399
2411.500 1.399
2411.600 1.403
2411.700 1.408
2411.800 1.407
2411.900 1.417
2412.000 1.417
2412.100 1.420
2412.200 1.425
2412.300 1.428
2412.400 1.423
2412.500 1.437
2412.600 1.439
2412.700 1.441
2412.800 1.447
2412.900 1.449
2413.000 1.449
2413.100 1.451
2413.200 1.455
2413.300 1.457
2413.400 1.464
2413.500 1.466
2413.600 1.475
2413.700 1.471
2413.800 1.473
2413.900 1.479
2414.000 1.490
2414.100 1.488
2414.200 1.490
2414.300 1.495
2414.400 1.498
2414.500 1.506
2414.600 1.510
2414.700 1.524
2414.800 1.528
2414.900 1.529
2415.000 1.532
2415.100 1.531
2415.200 1.530
2415.300 1.539
2415.400 1.539
2415.500 1.553
2415.600 1.554
2415.700 1.564
2415.800 1.566
2415.900 1.571
2416.000 1.570
2416.100 1.580
2416.200 1.579
2416.300 1.589
2416.400 1.593
2416.500 1.603
2416.600 1.602
2416.700 1.607
2416.800 1.609
2416.900 1.613
2417.000 1.614
2417.100 1.626
2417.200 1.630
2417.300 1.631
2417.400 1.636
2417.500 1.641
2417.600 1.641
2417.700 1.648
2417.800 1.654
2417.900 1.659
2418.000 1.673
2418.100 1.673
2418.200 1.686
2418.300 1.688
2418.400 1.700
2418.500 1.698
2418.600 1.693
2418.700 1.691
2418.800 1.695
2418.900 1.703
2419.000 1.718
2419.100 1.718
2419.200 1.734
2419.300 1.749
2419.400 1.748
2419.500 1.758
2419.600 1.756
2419.700 1.769
2419.800 1.753
2419.900 1.769
2420.000 1.773
2420.100 1.788
2420.200 1.794
2420.300 1.799
2420.400 1.803
2420.500 1.815
2420.600 1.820
2420.700 1.830
2420.800 1.825
2420.900 1.844
2421.000 1.842
2421.100 1.857
2421.200 1.861
2421.300 1.865
2421.400 1.882
2421.500 1.890
2421.600 1.891
2421.700 1.910
2421.800 1.911
2421.900 1.918
2422.000 1.928
2422.100 1.931
2422.200 1.939
2422.300 1.944
2422.400 1.955
2422.500 1.960
2422.600 1.980
2422.700 1.989
2422.800 1.996
2422.900 2.005
2423.000 2.011
2423.100 2.016
2423.200 2.021
2423.300 2.030
2423.400 2.042
2423.500 2.053
2423.600 2.060
2423.700 2.070
2423.800 2.079
2423.900 2.088
2424.000 2.105
2424.100 2.111
2424.200 2.116
2424.300 2.136
2424.400 2.151
2424.500 2.159
2424.600 2.165
2424.700 2.179
2424.800 2.188
2424.900 2.202
2425.000 2.216
2425.100 2.226
2425.200 2.237
2425.300 2.247
2425.400 2.259
2425.500 2.277
2425.600 2.284
2425.700 2.302
2425.800 2.309
2425.900 2.338
2426.000 2.344
2426.100 2.361
2426.200 2.372
2426.300 2.383
2426.400 2.399
2426.500 2.416
2426.600 2.425
2426.700 2.450
2426.800 2.459
2426.900 2.472
2427.000 2.481
2427.100 2.502
2427.200 2.528
2427.300 2.534
2427.400 2.553
2427.500 2.558
2427.600 2.586
2427.700 2.614
2427.800 2.630
2427.900 2.643
2428.000 2.656
2428.100 2.675
2428.200 2.687
2428.300 2.706
2428.400 2.719
2428.500 2.749
2428.600 2.771
2428.700 2.793
2428.800 2.802
2428.900 2.836
2429.000 2.845
2429.100 2.877
2429.200 2.900
2429.300 2.916
2429.400 2.943
2429.500 2.959
2429.600 2.986
2429.700 3.014
2429.800 3.028
2429.900 3.069
2430.000 3.077
2430.100 3.108
2430.200 3.142
2430.300 3.164
2430.400 3.191
2430.500 3.215
2430.600 3.240
2430.700 3.283
2430.800 3.296
2430.900 3.330
2431.000 3.343
2431.100 3.386
2431.200 3.420
2431.300 3.440
2431.400 3.468
2431.500 3.484
2431.600 3.525
2431.700 3.572
2431.800 3.591
2431.900 3.608
2432.000 3.649
2432.100 3.690
2432.200 3.743
2432.300 3.764
2432.400 3.808
2432.500 3.830
2432.600 3.885
2432.700 3.925
2432.800 3.951
2432.900 3.995
2433.000 4.023
2433.100 4.079
2433.200 4.127
2433.300 4.154
2433.400 4.216
2433.500 4.239
2433.600 4.286
2433.700 4.320
2433.800 4.373
2433.900 4.432
2434.000 4.454
2434.100 4.513
2434.200 4.539
2434.300 4.606
2434.400 4.655
2434.500 4.689
2434.600 4.748
2434.700 4.780
2434.800 4.839
2434.900 4.904
2435.000 4.931
2435.100 4.990
2435.200 5.024
2435.300 5.091
2435.400 5.116
2435.500 5.172
2435.600 5.232
2435.700 5.264
2435.800 5.323
2435.900 5.384
2436.000 5.413
2436.100 5.463
2436.200 5.496
2436.300 5.548
2436.400 5.605
2436.500 5.627
2436.600 5.678
2436.700 5.697
2436.800 5.742
2436.900 5.777
2437.000 5.797
2437.100 5.824
2437.200 5.843
2437.300 5.870
2437.400 5.915
2437.500 5.924
2437.600 5.938
2437.700 5.926
2437.800 5.938
2437.900 5.932
2438.000 5.923
2438.100 5.899
2438.200 5.891
2438.300 5.882
2438.400 5.870
2438.500 5.852
2438.600 5.824
2438.700 5.807
2438.800 5.765
2438.900 5.727
2439.000 5.707
2439.100 5.660
2439.200 5.606
2439.300 5.584
2439.400 5.546
2439.500 5.486
2439.600 5.408
2439.700 5.392
2439.800 5.301
2439.900 5.239
2440.000 5.194
2440.100 5.151
2440.200 5.074
2440.300 5.002
2440.400 4.963
2440.500 4.891
2440.600 4.814
2440.700 4.771
2440.800 4.687
2440.900 4.611
2441.000 4.570
2441.100 4.510
2441.200 4.463
2441.300 4.384
2441.400 4.337
2441.500 4.264
2441.600 4.204
2441.700 4.165
2441.800 4.091
2441.900 4.012
2442.000 3.986
2442.100 3.943
2442.200 3.871
2442.300 3.793
2442.400 3.739
2442.500 3.696
2442.600 3.657
2442.700 3.596
2442.800 3.532
2442.900 3.466
2443.000 3.439
2443.100 3.382
2443.200 3.348
2443.300 3.292
2443.400 3.233
2443.500 3.203
2443.600 3.142
2443.700 3.130
2443.800 3.073
2443.900 3.057
2444.000 2.993
2444.100 2.948
2444.200 2.924
2444.300 2.884
2444.400 2.829
2444.500 2.799
2444.600 2.757
2444.700 2.740
2444.800 2.695
2444.900 2.656
2445.000 2.632
2445.100 2.591
2445.200 2.568
2445.300 2.532
2445.400 2.509
2445.500 2.472
2445.600 2.430
2445.700 2.409
2445.800 2.377
2445.900 2.362
2446.000 2.326
2446.100 2.295
2446.200 2.272
2446.300 2.238
2446.400 2.223
2446.500 2.183
2446.600 2.151
2446.700 2.135
2446.800 2.103
2446.900 2.091
2447.000 2.073
2447.100 2.034
2447.200 2.034
2447.300 2.000
2447.400 1.982
2447.500 1.960
2447.600 1.935
2447.700 1.917
2447.800 1.899
2447.900 1.883
2448.000 1.854
2448.100 1.826
2448.200 1.813
2448.300 1.794
2448.400 1.779
2448.500 1.756
2448.600 1.739
2448.700 1.728
2448.800 1.704
2448.900 1.694
2449.000 1.669
2449.100 1.646
2449.200 1.630
2449.300 1.616
2449.400 1.605
2449.500 1.592
2449.600 1.572
2449.700 1.566
2449.800 1.539
2449.900 1.532
2450.000 1.509
2450.100 1.489
2450.200 1.479
2450.300 1.465
2450.400 1.455
2450.500 1.434
2450.600 1.424
2450.700 1.418
2450.800 1.401
2450.900 1.399
2451.000 1.382
2451.100 1.373
2451.200 1.358
2451.300 1.340
2451.400 1.331
2451.500 1.307
2451.600 1.295
2451.700 1.285
2451.800 1.280
2451.900 1.272
2452.000 1.255
2452.100 1.240
2452.200 1.239
2452.300 1.217
2452.400 1.214
2452.500 1.199
2452.600 1.188
2452.700 1.176
2452.800 1.171
2452.900 1.164
2453.000 1.146
2453.100 1.135
2453.200 1.128
2453.300 1.117
2453.400 1.108
2453.500 1.097
2453.600 1.088
2453.700 1.082
2453.800 1.069
2453.900 1.063
2454.000 1.052
2454.100 1.046
2454.200 1.038
2454.300 1.028
2454.400 1.019
2454.500 1.012
2454.600 1.004
2454.700 0.998
2454.800 0.997
2454.900 0.980
2455.000 0.970
2455.100 0.967
2455.200 0.957
2455.300 0.947
2455.400 0.939
2455.500 0.907
2455.600 0.903
2455.700 0.899
2455.800 0.889
2455.900 0.884
2456.000 0.902
2456.100 0.884
2456.200 0.876
2456.300 0.873
2456.400 0.863
2456.500 0.856
2456.600 0.851
2456.700 0.842
2456.800 0.839
2456.900 0.833
2457.000 0.828
2457.100 0.820
2457.200 0.811
2457.300 0.812
2457.400 0.802
2457.500 0.794
2457.600 0.789
2457.700 0.782
2457.800 0.772
2457.900 0.770
2458.000 0.762
2458.100 0.764
2458.200 0.753
2458.300 0.744
2458.400 0.741
2458.500 0.741
2458.600 0.739
2458.700 0.730
2458.800 0.719
2458.900 0.717
2459.000 0.710
2459.100 0.707
2459.200 0.698
2459.300 0.690
2459.400 0.690
2459.500 0.683
2459.600 0.682
2459.700 0.672
2459.800 0.668
2459.900 0.662
2460.000 0.657
2460.100 0.660
2460.200 0.655
2460.300 0.642
2460.400 0.641
2460.500 0.633
2460.600 0.634
2460.700 0.628
2460.800 0.624
2460.900 0.621
2461.000 0.610
2461.100 0.611
2461.200 0.603
2461.300 0.600
2461.400 0.596
2461.500 0.594
2461.600 0.590
2461.700 0.589
2461.800 0.584
2461.900 0.581
2462.000 0.573
2462.100 0.571
2462.200 0.562
2462.300 0.562
2462.400 0.556
2462.500 0.557
2462.600 0.550
2462.700 0.547
2462.800 0.540
2462.900 0.539
2463.000 0.539
2463.100 0.531
2463.200 0.531
2463.300 0.528
2463.400 0.521
2463.500 0.518
2463.600 0.516
2463.700 0.509
2463.800 0.510
2463.900 0.506
2464.000 0.500
2464.100 0.495
2464.200 0.493
2464.300 0.486
2464.400 0.491
2464.500 0.482
2464.600 0.490
2464.700 0.477
2464.800 0.476
2464.900 0.469
2465.000 0.468
2465.100 0.466
2465.200 0.462
2465.300 0.455
2465.400 0.451
2465.500 0.446
2465.600 0.448
2465.700 0.445
2465.800 0.443
2465.900 0.439
2466.000 0.433
2466.100 0.434
2466.200 0.426
2466.300 0.424
2466.400 0.424
2466.500 0.420
2466.600 0.420
2466.700 0.415
2466.800 0.409
2466.900 0.411
2467.000 0.403
2467.100 0.405
2467.200 0.397
2467.300 0.396
2467.400 0.399
2467.500 0.392
2467.600 0.391
2467.700 0.389
2467.800 0.387
2467.900 0.381
2468.000 0.378
2468.100 0.373
2468.200 0.376
2468.300 0.370
2468.400 0.368
2468.500 0.364
2468.600 0.364
2468.700 0.358
2468.800 0.354
2468.900 0.351
2469.000 0.350
2469.100 0.348
2469.200 0.347
2469.300 0.348
2469.400 0.344
2469.500 0.338
2469.600 0.337
2469.700 0.333
2469.800 0.332
2469.900 0.333
2470.000 0.328
2470.100 0.322
2470.200 0.324
2470.300 0.323
2470.400 0.318
2470.500 0.319
2470.600 0.317
2470.700 0.316
2470.800 0.311
2470.900 0.312
2471.000 0.304
2471.100 0.306
2471.200 0.300
2471.300 0.305
2471.400 0.298
2471.500 0.300
2471.600 0.293
2471.700 0.295
2471.800 0.292
2471.900 0.291
2472.000 0.287
2472.100 0.281
2472.200 0.280
2472.300 0.281
2472.400 0.277
2472.500 0.274
2472.600 0.275
2472.700 0.272
2472.800 0.273
2472.900 0.270
2473.000 0.273
2473.100 0.264
2473.200 0.262
2473.300 0.260
2473.400 0.263
2473.500 0.256
2473.600 0.257
2473.700 0.249
2473.800 0.249
2473.900 0.246
2474.000 0.244
2474.100 0.245
2474.200 0.246
2474.300 0.242
2474.400 0.242
2474.500 0.243
2474.600 0.239
2474.700 0.237
2474.800 0.233
2474.900 0.235
2475.000 0.233
2475.100 0.233
2475.200 0.228
2475.300 0.228
2475.400 0.223
2475.500 0.224
2475.600 0.220
2475.700 0.222
2475.800 0.220
2475.900 0.217
2476.000 0.213
2476.100 0.215
2476.200 0.207
2476.300 0.207
2476.400 0.210
2476.500 0.210
2476.600 0.206
2476.700 0.205
2476.800 0.205
2476.900 0.202
2477.000 0.201
2477.100 0.199
2477.200 0.197
2477.300 0.195
2477.400 0.194
2477.500 0.193
2477.600 0.195
2477.700 0.190
2477.800 0.191
2477.900 0.186
2478.000 0.187
2478.100 0.183
2478.200 0.183
2478.300 0.182
2478.400 0.179
2478.500 0.178
2478.600 0.176
2478.700 0.175
2478.800 0.175
2478.900 0.174
2479.000 0.173
2479.100 0.173
2479.200 0.166
2479.300 0.169
2479.400 0.166
2479.500 0.164
2479.600 0.163
2479.700 0.165
2479.800 0.161
2479.900 0.160
2480.000 0.158
2480.100 0.161
2480.200 0.155
2480.300 0.155
2480.400 0.154
2480.500 0.154
2480.600 0.150
2480.700 0.153
2480.800 0.151
2480.900 0.148
2481.000 0.151
2481.100 0.146
2481.200 0.145
2481.300 0.141
2481.400 0.141
2481.500 0.140
2481.600 0.142
2481.700 0.139
2481.800 0.139
2481.900 0.135
2482.000 0.134
2482.100 0.133
2482.200 0.133
2482.300 0.132
2482.400 0.134
2482.500 0.132
2482.600 0.128
2482.700 0.125
2482.800 0.127
2482.900 0.125
2483.000 0.126
2483.100 0.122
2483.200 0.122
2483.300 0.120
2483.400 0.119
2483.500 0.119
2483.600 0.118
2483.700 0.116
2483.800 0.117
2483.900 0.114
2484.000 0.113
2484.100 0.112
2484.200 0.110
2484.300 0.110
2484.400 0.107
2484.500 0.104
2484.600 0.105
2484.700 0.102
2484.800 0.103
2484.900 0.101
2485.000 0.104
2485.100 0.099
2485.200 0.100
2485.300 0.097
2485.400 0.098
2485.500 0.097
2485.600 0.098
2485.700 0.091
2485.800 0.093
2485.900 0.093
2486.000 0.090
2486.100 0.090
2486.200 0.090
2486.300 0.091
2486.400 0.086
2486.500 0.087
2486.600 0.084
2486.700 0.084
2486.800 0.086
2486.900 0.083
2487.000 0.083
2487.100 0.082
2487.200 0.076
2487.300 0.080
2487.400 0.078
2487.500 0.079
2487.600 0.075
2487.700 0.075
2487.800 0.076
2487.900 0.074
2488.000 0.073
2488.100 0.072
2488.200 0.071
2488.300 0.071
2488.400 0.070
2488.500 0.068
2488.600 0.069
2488.700 0.067
2488.800 0.068
2488.900 0.065
2489.000 0.066
2489.100 0.065
2489.200 0.064
2489.300 0.063
2489.400 0.062
2489.500 0.061
2489.600 0.060
2489.700 0.058
2489.800 0.060
2489.900 0.058
2490.000 0.060
2490.100 0.055
2490.200 0.055
2490.300 0.052
2490.400 0.054
2490.500 0.054
2490.600 0.055
2490.700 0.052
2490.800 0.052
2490.900 0.051
2491.000 0.050
2491.100 0.048
2491.200 0.048
2491.300 0.048
2491.400 0.048
2491.500 0.048
2491.600 0.045
2491.700 0.045
2491.800 0.041
2491.900 0.041
2492.000 0.042
2492.100 0.041
2492.200 0.039
2492.300 0.039
2492.400 0.041
2492.500 0.042
2492.600 0.037
2492.700 0.040
2492.800 0.038
2492.900 0.035
2493.000 0.036
2493.100 0.036
2493.200 0.035
2493.300 0.035
2493.400 0.032
2493.500 0.034
2493.600 0.033
2493.700 0.030
2493.800 0.030
2493.900 0.030
2494.000 0.030
2494.100 0.029
2494.200 0.029
2494.300 0.029
2494.400 0.027
2494.500 0.026
2494.600 0.027
2494.700 0.025
2494.800 0.026
2494.900 0.026
2495.000 0.027
2495.100 0.025
2495.200 0.026
2495.300 0.024
2495.400 0.025
2495.500 0.023
2495.600 0.024
2495.700 0.023
2495.800 0.024
2495.900 0.022
2496.000 0.022
2496.100 0.020
2496.200 0.018
2496.300 0.020
2496.400 0.020
2496.500 0.016
2496.600 0.020
2496.700 0.018
2496.800 0.018
2496.900 0.017
2497.000 0.018
2497.100 0.019
2497.200 0.018
2497.300 0.018
2497.400 0.019
2497.500 0.021
2497.600 0.017
2497.700 0.019
2497.800 0.019
2497.900 0.017
2498.000 0.017
2498.100 0.015
2498.200 0.015
2498.300 0.018
2498.400 0.019
2498.500 0.020
2498.600 0.017
2498.700 0.020
2498.800 0.019
2498.900 0.020
2499.000 0.019
2499.100 0.020
2499.200 0.021
2499.300 0.021
2499.400 0.021
2499.500 0.021
2499.600 0.022
2499.700 0.024
2499.800 0.024
2499.900 0.022
2500.000 0.022
