2200.100 0.004
2200.200 0.758
2200.300 0.781
2200.400 0.828
2200.500 0.773
2200.600 0.754
2200.700 0.732
2200.800 0.723
2200.900 0.719
2201.000 0.713
2201.100 0.709
2201.200 0.692
2201.300 0.698
2201.400 0.697
2201.500 0.693
2201.600 0.692
2201.700 0.694
2201.800 0.711
2201.900 0.711
2202.000 0.703
2202.100 0.699
2202.200 0.697
2202.300 0.693
2202.400 0.692
2202.500 0.690
2202.600 0.693
2202.700 0.690
2202.800 0.688
2202.900 0.692
2203.000 0.686
2203.100 0.680
2203.200 0.684
2203.300 0.675
2203.400 0.669
2203.500 0.667
2203.600 0.663
2203.700 0.653
2203.800 0.641
2203.900 0.638
2204.000 0.629
2204.100 0.614
2204.200 0.607
2204.300 0.586
2204.400 0.582
2204.500 0.556
2204.600 0.549
2204.700 0.524
2204.800 0.510
2204.900 0.498
2205.000 0.483
2205.100 0.472
2205.200 0.445
2205.300 0.422
2205.400 0.410
2205.500 0.393
2205.600 0.386
2205.700 0.373
2205.800 0.361
2205.900 0.349
2206.000 0.340
2206.100 0.345
2206.200 0.339
2206.300 0.339
2206.400 0.342
2206.500 0.341
2206.600 0.344
2206.700 0.344
2206.800 0.346
2206.900 0.343
2207.000 0.345
2207.100 0.344
2207.200 0.343
2207.300 0.346
2207.400 0.343
2207.500 0.343
2207.600 0.347
2207.700 0.346
2207.800 0.345
2207.900 0.346
2208.000 0.346
2208.100 0.346
2208.200 0.350
2208.300 0.348
2208.400 0.353
2208.500 0.352
2208.600 0.349
2208.700 0.349
2208.800 0.354
2208.900 0.352
2209.000 0.358
2209.100 0.356
2209.200 0.359
2209.300 0.356
2209.400 0.354
2209.500 0.356
2209.600 0.353
2209.700 0.353
2209.800 0.355
2209.900 0.354
2210.000 0.356
2210.100 0.361
2210.200 0.358
2210.300 0.358
2210.400 0.357
2210.500 0.363
2210.600 0.361
2210.700 0.361
2210.800 0.362
2210.900 0.361
2211.000 0.360
2211.100 0.365
2211.200 0.361
2211.300 0.369
2211.400 0.367
2211.500 0.368
2211.600 0.365
2211.700 0.367
2211.800 0.368
2211.900 0.366
2212.000 0.366
2212.100 0.367
2212.200 0.371
2212.300 0.369
2212.400 0.370
2212.500 0.370
2212.600 0.376
2212.700 0.374
2212.800 0.376
2212.900 0.374
2213.000 0.372
2213.100 0.375
2213.200 0.375
2213.300 0.374
2213.400 0.383
2213.500 0.383
2213.600 0.380
2213.700 0.379
2213.800 0.376
2213.900 0.380
2214.000 0.381
2214.100 0.377
2214.200 0.381
2214.300 0.392
2214.400 0.387
2214.500 0.388
2214.600 0.386
2214.700 0.391
2214.800 0.388
2214.900 0.387
2215.000 0.386
2215.100 0.396
2215.200 0.392
2215.300 0.393
2215.400 0.389
2215.500 0.392
2215.600 0.388
2215.700 0.392
2215.800 0.392
2215.900 0.395
2216.000 0.393
2216.100 0.391
2216.200 0.392
2216.300 0.394
2216.400 0.396
2216.500 0.394
2216.600 0.399
2216.700 0.399
2216.800 0.401
2216.900 0.400
2217.000 0.400
2217.100 0.403
2217.200 0.399
2217.300 0.402
2217.400 0.401
2217.500 0.403
2217.600 0.406
2217.700 0.404
2217.800 0.407
2217.900 0.406
2218.000 0.408
2218.100 0.408
2218.200 0.408
2218.300 0.409
2218.400 0.408
2218.500 0.407
2218.600 0.411
2218.700 0.412
2218.800 0.410
2218.900 0.414
2219.000 0.413
2219.100 0.416
2219.200 0.416
2219.300 0.417
2219.400 0.417
2219.500 0.417
2219.600 0.419
2219.700 0.422
2219.800 0.420
2219.900 0.425
2220.000 0.426
2220.100 0.422
2220.200 0.424
2220.300 0.422
2220.400 0.424
2220.500 0.427
2220.600 0.427
2220.700 0.426
2220.800 0.428
2220.900 0.429
2221.000 0.431
2221.100 0.430
2221.200 0.428
2221.300 0.430
2221.400 0.435
2221.500 0.433
2221.600 0.434
2221.700 0.434
2221.800 0.434
2221.900 0.435
2222.000 0.441
2222.100 0.438
2222.200 0.438
2222.300 0.442
2222.400 0.444
2222.500 0.442
2222.600 0.443
2222.700 0.444
2222.800 0.445
2222.900 0.446
2223.000 0.447
2223.100 0.447
2223.200 0.447
2223.300 0.448
2223.400 0.449
2223.500 0.448
2223.600 0.451
2223.700 0.454
2223.800 0.452
2223.900 0.452
2224.000 0.456
2224.100 0.454
2224.200 0.457
2224.300 0.457
2224.400 0.458
2224.500 0.457
2224.600 0.461
2224.700 0.460
2224.800 0.463
2224.900 0.462
2225.000 0.466
2225.100 0.468
2225.200 0.464
2225.300 0.466
2225.400 0.470
2225.500 0.469
2225.600 0.470
2225.700 0.470
2225.800 0.477
2225.900 0.476
2226.000 0.477
2226.100 0.475
2226.200 0.478
2226.300 0.478
2226.400 0.485
2226.500 0.485
2226.600 0.490
2226.700 0.485
2226.800 0.484
2226.900 0.486
2227.000 0.485
2227.100 0.488
2227.200 0.489
2227.300 0.490
2227.400 0.487
2227.500 0.492
2227.600 0.491
2227.700 0.497
2227.800 0.496
2227.900 0.499
2228.000 0.495
2228.100 0.501
2228.200 0.498
2228.300 0.498
2228.400 0.503
2228.500 0.503
2228.600 0.505
2228.700 0.507
2228.800 0.510
2228.900 0.515
2229.000 0.511
2229.100 0.515
2229.200 0.512
2229.300 0.511
2229.400 0.514
2229.500 0.515
2229.600 0.524
2229.700 0.524
2229.800 0.523
2229.900 0.524
2230.000 0.525
2230.100 0.522
2230.200 0.526
2230.300 0.527
2230.400 0.527
2230.500 0.668
2230.600 0.635
2230.700 0.612
2230.800 0.586
2230.900 0.591
2231.000 0.574
2231.100 0.572
2231.200 0.563
2231.300 0.557
2231.400 0.552
2231.500 0.547
2231.600 0.546
2231.700 0.543
2231.800 0.542
2231.900 0.545
2232.000 0.545
2232.100 0.545
2232.200 0.546
2232.300 0.550
2232.400 0.549
2232.500 0.552
2232.600 0.549
2232.700 0.555
2232.800 0.555
2232.900 0.560
2233.000 0.561
2233.100 0.557
2233.200 0.556
2233.300 0.563
2233.400 0.563
2233.500 0.562
2233.600 0.566
2233.700 0.564
2233.800 0.571
2233.900 0.572
2234.000 0.571
2234.100 0.572
2234.200 0.571
2234.300 0.577
2234.400 0.578
2234.500 0.578
2234.600 0.581
2234.700 0.580
2234.800 0.585
2234.900 0.583
2235.000 0.588
2235.100 0.586
2235.200 0.592
2235.300 0.592
2235.400 0.591
2235.500 0.592
2235.600 0.593
2235.700 0.595
2235.800 0.602
2235.900 0.602
2236.000 0.604
2236.100 0.603
2236.200 0.608
2236.300 0.603
2236.400 0.610
2236.500 0.608
2236.600 0.611
2236.700 0.613
2236.800 0.613
2236.900 0.614
2237.000 0.616
2237.100 0.618
2237.200 0.620
2237.300 0.622
2237.400 0.623
2237.500 0.629
2237.600 0.631
2237.700 0.631
2237.800 0.632
2237.900 0.634
2238.000 0.634
2238.100 0.637
2238.200 0.638
2238.300 0.644
2238.400 0.642
2238.500 0.639
2238.600 0.647
2238.700 0.648
2238.800 0.648
2238.900 0.652
2239.000 0.656
2239.100 0.660
2239.200 0.662
2239.300 0.662
2239.400 0.665
2239.500 0.660
2239.600 0.667
2239.700 0.672
2239.800 0.670
2239.900 0.674
2240.000 0.673
2240.100 0.674
2240.200 0.680
2240.300 0.681
2240.400 0.679
2240.500 0.681
2240.600 0.690
2240.700 0.688
2240.800 0.687
2240.900 0.693
2241.000 0.695
2241.100 0.696
2241.200 0.700
2241.300 0.699
2241.400 0.703
2241.500 0.707
2241.600 0.704
2241.700 0.708
2241.800 0.715
2241.900 0.713
2242.000 0.713
2242.100 0.719
2242.200 0.718
2242.300 0.721
2242.400 0.722
2242.500 0.725
2242.600 0.727
2242.700 0.733
2242.800 0.734
2242.900 0.734
2243.000 0.733
2243.100 0.743
2243.200 0.741
2243.300 0.743
2243.400 0.747
2243.500 0.748
2243.600 0.751
2243.700 0.753
2243.800 0.758
2243.900 0.757
2244.000 0.764
2244.100 0.762
2244.200 0.766
2244.300 0.767
2244.400 0.768
2244.500 0.769
2244.600 0.774
2244.700 0.781
2244.800 0.782
2244.900 0.781
2245.000 0.787
2245.100 0.787
2245.200 0.788
2245.300 0.792
2245.400 0.792
2245.500 0.796
2245.600 0.801
2245.700 0.804
2245.800 0.808
2245.900 0.811
2246.000 0.811
2246.100 0.816
2246.200 0.816
2246.300 0.822
2246.400 0.822
2246.500 0.823
2246.600 0.823
2246.700 0.835
2246.800 0.839
2246.900 0.839
2247.000 0.841
2247.100 0.849
2247.200 0.846
2247.300 0.850
2247.400 0.847
2247.500 0.851
2247.600 0.858
2247.700 0.855
2247.800 0.866
2247.900 0.863
2248.000 0.868
2248.100 0.868
2248.200 0.875
2248.300 0.877
2248.400 0.877
2248.500 0.879
2248.600 0.885
2248.700 0.886
2248.800 0.896
2248.900 0.892
2249.000 0.901
2249.100 0.901
2249.200 0.904
2249.300 0.909
2249.400 0.911
2249.500 0.911
2249.600 0.911
2249.700 0.923
2249.800 0.925
2249.900 0.931
2250.000 0.931
2250.100 0.935
2250.200 0.935
2250.300 0.946
2250.400 0.947
2250.500 0.961
2250.600 0.957
2250.700 0.960
2250.800 0.959
2250.900 0.962
2251.000 0.966
2251.100 0.975
2251.200 0.977
2251.300 0.978
2251.400 0.977
2251.500 0.980
2251.600 0.995
2251.700 0.999
2251.800 0.999
2251.900 1.001
2252.000 1.005
2252.100 1.008
2252.200 1.017
2252.300 1.016
2252.400 1.020
2252.500 1.027
2252.600 1.023
2252.700 1.031
2252.800 1.036
2252.900 1.033
2253.000 1.038
2253.100 1.050
2253.200 1.054
2253.300 1.063
2253.400 1.063
2253.500 1.069
2253.600 1.070
2253.700 1.080
2253.800 1.084
2253.900 1.084
2254.000 1.087
2254.100 1.103
2254.200 1.102
2254.300 1.103
2254.400 1.108
2254.500 1.113
2254.600 1.112
2254.700 1.124
2254.800 1.119
2254.900 1.136
2255.000 1.170
2255.100 1.170
2255.200 1.153
2255.300 1.154
2255.400 1.160
2255.500 1.164
2255.600 1.166
2255.700 1.172
2255.800 1.189
2255.900 1.195
2256.000 1.192
2256.100 1.191
2256.200 1.197
2256.300 1.209
2256.400 1.212
2256.500 1.218
2256.600 1.222
2256.700 1.225
2256.800 1.233
2256.900 1.235
2257.000 1.254
2257.100 1.258
2257.200 1.262
2257.300 1.265
2257.400 1.266
2257.500 1.272
2257.600 1.275
2257.700 1.291
2257.800 1.297
2257.900 1.299
2258.000 1.300
2258.100 1.308
2258.200 1.316
2258.300 1.322
2258.400 1.326
2258.500 1.335
2258.600 1.338
2258.700 1.346
2258.800 1.354
2258.900 1.358
2259.000 1.369
2259.100 1.371
2259.200 1.381
2259.300 1.388
2259.400 1.391
2259.500 1.403
2259.600 1.407
2259.700 1.415
2259.800 1.419
2259.900 1.427
2260.000 1.439
2260.100 1.443
2260.200 1.450
2260.300 1.459
2260.400 1.470
2260.500 1.477
2260.600 1.489
2260.700 1.497
2260.800 1.502
2260.900 1.503
2261.000 1.518
2261.100 1.519
2261.200 1.529
2261.300 1.536
2261.400 1.545
2261.500 1.553
2261.600 1.562
2261.700 1.578
2261.800 1.587
2261.900 1.596
2262.000 1.599
2262.100 1.612
2262.200 1.618
2262.300 1.631
2262.400 1.636
2262.500 1.656
2262.600 1.660
2262.700 1.670
2262.800 1.675
2262.900 1.679
2263.000 1.688
2263.100 1.699
2263.200 1.711
2263.300 1.720
2263.400 1.725
2263.500 1.748
2263.600 1.748
2263.700 1.760
2263.800 1.771
2263.900 1.782
2264.000 1.797
2264.100 1.795
2264.200 1.821
2264.300 1.845
2264.400 1.847
2264.500 1.859
2264.600 1.865
2264.700 1.874
2264.800 1.903
2264.900 1.901
2265.000 1.915
2265.100 1.922
2265.200 1.963
2265.300 1.968
2265.400 1.970
2265.500 1.982
2265.600 1.987
2265.700 1.999
2265.800 2.020
2265.900 2.028
2266.000 2.043
2266.100 2.048
2266.200 2.069
2266.300 2.079
2266.400 2.088
2266.500 2.117
2266.600 2.124
2266.700 2.143
2266.800 2.148
2266.900 2.169
2267.000 2.190
2267.100 2.195
2267.200 2.223
2267.300 2.226
2267.400 2.239
2267.500 2.278
2267.600 2.284
2267.700 2.306
2267.800 2.311
2267.900 2.332
2268.000 2.356
2268.100 2.378
2268.200 2.395
2268.300 2.401
2268.400 2.419
2268.500 2.447
2268.600 2.457
2268.700 2.479
2268.800 2.490
2268.900 2.516
2269.000 2.543
2269.100 2.554
2269.200 2.588
2269.300 2.595
2269.400 2.619
2269.500 2.644
2269.600 2.661
2269.700 2.688
2269.800 2.705
2269.900 2.732
2270.000 2.770
2270.100 2.782
2270.200 2.867
2270.300 2.880
2270.400 2.901
2270.500 2.925
2270.600 2.945
2270.700 2.925
2270.800 2.931
2270.900 2.992
2271.000 3.025
2271.100 3.037
2271.200 3.071
2271.300 3.083
2271.400 3.122
2271.500 3.154
2271.600 3.173
2271.700 3.222
2271.800 3.234
2271.900 3.274
2272.000 3.315
2272.100 3.343
2272.200 3.379
2272.300 3.403
2272.400 3.435
2272.500 3.492
2272.600 3.508
2272.700 3.545
2272.800 3.563
2272.900 3.614
2273.000 3.632
2273.100 3.678
2273.200 3.725
2273.300 3.749
2273.400 3.796
2273.500 3.853
2273.600 3.881
2273.700 3.922
2273.800 3.953
2273.900 4.001
2274.000 4.056
2274.100 4.082
2274.200 4.149
2274.300 4.181
2274.400 4.247
2274.500 4.303
2274.600 4.335
2274.700 4.365
2274.800 4.418
2274.900 4.478
2275.000 4.555
2275.100 4.589
2275.200 4.649
2275.300 4.683
2275.400 4.744
2275.500 4.822
2275.600 4.848
2275.700 4.924
2275.800 4.951
2275.900 5.018
2276.000 5.078
2276.100 5.115
2276.200 5.178
2276.300 5.218
2276.400 5.302
2276.500 5.387
2276.600 5.416
2276.700 5.484
2276.800 5.513
2276.900 5.574
2277.000 5.604
2277.100 5.670
2277.200 5.722
2277.300 5.765
2277.400 5.816
2277.500 5.877
2277.600 5.904
2277.700 5.955
2277.800 5.986
2277.900 6.029
2278.000 6.063
2278.100 6.098
2278.200 6.129
2278.300 6.147
2278.400 6.171
2278.500 6.181
2278.600 6.204
2278.700 6.210
2278.800 6.203
2278.900 6.186
2279.000 6.188
2279.100 6.167
2279.200 6.138
2279.300 6.115
2279.400 6.056
2279.500 6.028
2279.600 5.962
2279.700 5.886
2279.800 5.854
2279.900 5.760
2280.000 5.704
2280.100 5.579
2280.200 5.454
2280.300 5.388
2280.400 5.247
2280.500 5.173
2280.600 5.007
2280.700 4.927
2280.800 4.757
2280.900 4.585
2281.000 4.487
2281.100 4.296
2281.200 4.109
2281.300 4.006
2281.400 3.813
2281.500 3.710
2281.600 3.500
2281.700 3.304
2281.800 3.208
2281.900 3.007
2282.000 2.913
2282.100 2.728
2282.200 2.559
2282.300 2.479
2282.400 2.347
2282.500 2.279
2282.600 2.175
2282.700 2.124
2282.800 2.077
2282.900 2.046
2283.000 2.051
2283.100 2.073
2283.200 2.137
2283.300 2.181
2283.400 2.292
2283.500 2.348
2283.600 2.463
2283.700 2.592
2283.800 2.666
2283.900 2.798
2284.000 2.870
2284.100 3.010
2284.200 3.145
2284.300 3.208
2284.400 3.337
2284.500 3.409
2284.600 3.530
2284.700 3.651
2284.800 3.710
2284.900 3.832
2285.000 3.890
2285.100 4.000
2285.200 4.103
2285.300 4.163
2285.400 4.217
2285.500 4.321
2285.600 4.416
2285.700 4.530
2285.800 4.579
2285.900 4.662
2286.000 4.704
2286.100 4.798
2286.200 4.864
2286.300 4.896
2286.400 4.957
2286.500 4.978
2286.600 5.035
2286.700 5.069
2286.800 5.083
2286.900 5.116
2287.000 5.132
2287.100 5.148
2287.200 5.162
2287.300 5.160
2287.400 5.160
2287.500 5.156
2287.600 5.142
2287.700 5.134
2287.800 5.123
2287.900 5.100
2288.000 5.087
2288.100 5.064
2288.200 5.045
2288.300 5.025
2288.400 4.998
2288.500 4.979
2288.600 4.944
2288.700 4.908
2288.800 4.895
2288.900 4.854
2289.000 4.833
2289.100 4.793
2289.200 4.762
2289.300 4.757
2289.400 4.706
2289.500 4.686
2289.600 4.644
2289.700 4.599
2289.800 4.578
2289.900 4.512
2290.000 4.471
2290.100 4.420
2290.200 4.403
2290.300 4.370
2290.400 4.371
2290.500 4.372
2290.600 4.352
2290.700 4.317
2290.800 4.278
2290.900 4.234
2291.000 4.218
2291.100 4.173
2291.200 4.157
2291.300 4.112
2291.400 4.078
2291.500 4.056
2291.600 4.027
2291.700 4.009
2291.800 3.977
2291.900 3.936
2292.000 3.921
2292.100 3.894
2292.200 3.868
2292.300 3.837
2292.400 3.797
2292.500 3.770
2292.600 3.751
2292.700 3.736
2292.800 3.693
2292.900 3.664
2293.000 3.645
2293.100 3.612
2293.200 3.593
2293.300 3.565
2293.400 3.529
2293.500 3.522
2293.600 3.487
2293.700 3.482
2293.800 3.442
2293.900 3.414
2294.000 3.400
2294.100 3.374
2294.200 3.354
2294.300 3.332
2294.400 3.305
2294.500 3.297
2294.600 3.268
2294.700 3.251
2294.800 3.227
2294.900 3.209
2295.000 3.198
2295.100 3.169
2295.200 3.154
2295.300 3.128
2295.400 3.103
2295.500 3.093
2295.600 3.068
2295.700 3.051
2295.800 3.027
2295.900 3.000
2296.000 3.002
2296.100 2.990
2296.200 2.966
2296.300 2.941
2296.400 2.916
2296.500 2.905
2296.600 2.899
2296.700 2.882
2296.800 2.860
2296.900 2.840
2297.000 2.830
2297.100 2.806
2297.200 2.797
2297.300 2.774
2297.400 2.763
2297.500 2.753
2297.600 2.731
2297.700 2.731
2297.800 2.706
2297.900 2.690
2298.000 2.682
2298.100 2.663
2298.200 2.649
2298.300 2.647
2298.400 2.627
2298.500 2.627
2298.600 2.599
2298.700 2.590
2298.800 2.572
2298.900 2.558
2299.000 2.550
2299.100 2.535
2299.200 2.527
2299.300 2.522
2299.400 2.504
2299.500 2.495
2299.600 2.484
2299.700 2.473
2299.800 2.460
2299.900 2.446
2300.000 2.446
2300.100 2.436
2300.200 2.431
2300.300 2.411
2300.400 2.394
2300.500 2.389
2300.600 2.369
2300.700 2.364
2300.800 2.355
2300.900 2.342
2301.000 2.332
2301.100 2.317
2301.200 2.311
2301.300 2.302
2301.400 2.296
2301.500 2.288
2301.600 2.268
2301.700 2.273
2301.800 2.263
2301.900 2.255
2302.000 2.244
2302.100 2.231
2302.200 2.220
2302.300 2.215
2302.400 2.202
2302.500 2.194
2302.600 2.183
2302.700 2.176
2302.800 2.163
2302.900 2.157
2303.000 2.150
2303.100 2.140
2303.200 2.127
2303.300 2.130
2303.400 2.119
2303.500 2.105
2303.600 2.102
2303.700 2.095
2303.800 2.084
2303.900 2.081
2304.000 2.077
2304.100 2.062
2304.200 2.057
2304.300 2.047
2304.400 2.041
2304.500 2.036
2304.600 2.030
2304.700 2.018
2304.800 2.012
2304.900 2.008
2305.000 2.001
2305.100 1.997
2305.200 1.990
2305.300 1.982
2305.400 1.974
2305.500 1.963
2305.600 1.958
2305.700 1.960
2305.800 1.940
2305.900 1.945
2306.000 1.932
2306.100 1.927
2306.200 1.920
2306.300 1.917
2306.400 1.912
2306.500 1.909
2306.600 1.893
2306.700 1.891
2306.800 1.885
2306.900 1.879
2307.000 1.871
2307.100 1.860
2307.200 1.859
2307.300 1.851
2307.400 1.857
2307.500 1.847
2307.600 1.843
2307.700 1.834
2307.800 1.829
2307.900 1.822
2308.000 1.822
2308.100 1.817
2308.200 1.810
2308.300 1.799
2308.400 1.791
2308.500 1.790
2308.600 1.785
2308.700 1.783
2308.800 1.780
2308.900 1.770
2309.000 1.760
2309.100 1.763
2309.200 1.761
2309.300 1.753
2309.400 1.750
2309.500 1.742
2309.600 1.736
2309.700 1.730
2309.800 1.714
2309.900 1.722
2310.000 1.710
2310.100 1.711
2310.200 1.703
2310.300 1.701
2310.400 1.700
2310.500 1.698
2310.600 1.687
2310.700 1.682
2310.800 1.678
2310.900 1.677
2311.000 1.675
2311.100 1.670
2311.200 1.666
2311.300 1.660
2311.400 1.664
2311.500 1.653
2311.600 1.658
2311.700 1.649
2311.800 1.649
2311.900 1.640
2312.000 1.641
2312.100 1.634
2312.200 1.629
2312.300 1.621
2312.400 1.615
2312.500 1.617
2312.600 1.613
2312.700 1.612
2312.800 1.606
2312.900 1.602
2313.000 1.598
2313.100 1.597
2313.200 1.593
2313.300 1.595
2313.400 1.587
2313.500 1.579
2313.600 1.581
2313.700 1.578
2313.800 1.575
2313.900 1.570
2314.000 1.564
2314.100 1.558
2314.200 1.557
2314.300 1.551
2314.400 1.547
2314.500 1.549
2314.600 1.546
2314.700 1.541
2314.800 1.535
2314.900 1.533
2315.000 1.534
2315.100 1.528
2315.200 1.524
2315.300 1.523
2315.400 1.520
2315.500 1.509
2315.600 1.512
2315.700 1.503
2315.800 1.501
2315.900 1.501
2316.000 1.503
2316.100 1.499
2316.200 1.495
2316.300 1.487
2316.400 1.487
2316.500 1.483
2316.600 1.483
2316.700 1.482
2316.800 1.474
2316.900 1.477
2317.000 1.469
2317.100 1.481
2317.200 1.471
2317.300 1.465
2317.400 1.464
2317.500 1.458
2317.600 1.454
2317.700 1.455
2317.800 1.450
2317.900 1.455
2318.000 1.445
2318.100 1.447
2318.200 1.445
2318.300 1.434
2318.400 1.435
2318.500 1.429
2318.600 1.428
2318.700 1.427
2318.800 1.420
2318.900 1.420
2319.000 1.419
2319.100 1.418
2319.200 1.420
2319.300 1.413
2319.400 1.409
2319.500 1.410
2319.600 1.402
2319.700 1.405
2319.800 1.404
2319.900 1.389
2320.000 1.390
2320.100 1.390
2320.200 1.395
2320.300 1.393
2320.400 1.388
2320.500 1.384
2320.600 1.381
2320.700 1.380
2320.800 1.383
2320.900 1.377
2321.000 1.367
2321.100 1.367
2321.200 1.379
2321.300 1.376
2321.400 1.374
2321.500 1.363
2321.600 1.363
2321.700 1.363
2321.800 1.362
2321.900 1.355
2322.000 1.349
2322.100 1.354
2322.200 1.353
2322.300 1.354
2322.400 1.347
2322.500 1.352
2322.600 1.343
2322.700 1.339
2322.800 1.338
2322.900 1.331
2323.000 1.330
2323.100 1.331
2323.200 1.324
2323.300 1.327
2323.400 1.320
2323.500 1.324
2323.600 1.318
2323.700 1.320
2323.800 1.315
2323.900 1.316
2324.000 1.310
2324.100 1.306
2324.200 1.304
2324.300 1.303
2324.400 1.309
2324.500 1.304
2324.600 1.299
2324.700 1.298
2324.800 1.301
2324.900 1.292
2325.000 1.297
2325.100 1.290
2325.200 1.293
2325.300 1.288
2325.400 1.286
2325.500 1.281
2325.600 1.285
2325.700 1.277
2325.800 1.285
2325.900 1.273
2326.000 1.281
2326.100 1.273
2326.200 1.274
2326.300 1.275
2326.400 1.272
2326.500 1.264
2326.600 1.262
2326.700 1.262
2326.800 1.263
2326.900 1.259
2327.000 1.259
2327.100 1.254
2327.200 1.250
2327.300 1.255
2327.400 1.246
2327.500 1.246
2327.600 1.244
2327.700 1.245
2327.800 1.241
2327.900 1.246
2328.000 1.243
2328.100 1.242
2328.200 1.235
2328.300 1.229
2328.400 1.237
2328.500 1.238
2328.600 1.236
2328.700 1.232
2328.800 1.230
2328.900 1.226
2329.000 1.223
2329.100 1.219
2329.200 1.222
2329.300 1.221
2329.400 1.221
2329.500 1.216
2329.600 1.214
2329.700 1.211
2329.800 1.209
2329.900 1.209
2330.000 1.210
2330.100 1.213
2330.200 1.208
2330.300 1.204
2330.400 1.200
2330.500 1.200
2330.600 1.199
2330.700 1.201
2330.800 1.195
2330.900 1.201
2331.000 1.197
2331.100 1.194
2331.200 1.190
2331.300 1.192
2331.400 1.189
2331.500 1.193
2331.600 1.188
2331.700 1.185
2331.800 1.187
2331.900 1.193
2332.000 1.191
2332.100 1.182
2332.200 1.178
2332.300 1.184
2332.400 1.176
2332.500 1.174
2332.600 1.172
2332.700 1.173
2332.800 1.171
2332.900 1.169
2333.000 1.168
2333.100 1.162
2333.200 1.161
2333.300 1.161
2333.400 1.163
2333.500 1.164
2333.600 1.157
2333.700 1.155
2333.800 1.160
2333.900 1.154
2334.000 1.155
2334.100 1.153
2334.200 1.161
2334.300 1.156
2334.400 1.158
2334.500 1.149
2334.600 1.147
2334.700 1.149
2334.800 1.146
2334.900 1.149
2335.000 1.146
2335.100 1.142
2335.200 1.145
2335.300 1.147
2335.400 1.147
2335.500 1.149
2335.600 1.137
2335.700 1.139
2335.800 1.138
2335.900 1.134
2336.000 1.137
2336.100 1.134
2336.200 1.131
2336.300 1.139
2336.400 1.132
2336.500 1.136
2336.600 1.130
2336.700 1.128
2336.800 1.125
2336.900 1.130
2337.000 1.124
2337.100 1.126
2337.200 1.126
2337.300 1.124
2337.400 1.121
2337.500 1.122
2337.600 1.123
2337.700 1.120
2337.800 1.123
2337.900 1.117
2338.000 1.123
2338.100 1.115
2338.200 1.118
2338.300 1.114
2338.400 1.118
2338.500 1.114
2338.600 1.115
2338.700 1.108
2338.800 1.113
2338.900 1.107
2339.000 1.107
2339.100 1.106
2339.200 1.108
2339.300 1.107
2339.400 1.107
2339.500 1.113
2339.600 1.105
2339.700 1.107
2339.800 1.098
2339.900 1.098
2340.000 1.094
2340.100 1.099
2340.200 1.100
2340.300 1.100
2340.400 1.097
2340.500 1.098
2340.600 1.097
2340.700 1.095
2340.800 1.091
2340.900 1.091
2341.000 1.094
2341.100 1.090
2341.200 1.088
2341.300 1.089
2341.400 1.090
2341.500 1.089
2341.600 1.089
2341.700 1.088
2341.800 1.088
2341.900 1.084
2342.000 1.082
2342.100 1.082
2342.200 1.081
2342.300 1.081
2342.400 1.082
2342.500 1.085
2342.600 1.082
2342.700 1.081
2342.800 1.086
2342.900 1.080
2343.000 1.084
2343.100 1.078
2343.200 1.080
2343.300 1.074
2343.400 1.073
2343.500 1.072
2343.600 1.079
2343.700 1.077
2343.800 1.071
2343.900 1.071
2344.000 1.069
2344.100 1.071
2344.200 1.069
2344.300 1.068
2344.400 1.065
2344.500 1.067
2344.600 1.063
2344.700 1.066
2344.800 1.066
2344.900 1.059
2345.000 1.060
2345.100 1.063
2345.200 1.059
2345.300 1.067
2345.400 1.058
2345.500 1.064
2345.600 1.059
2345.700 1.061
2345.800 1.058
2345.900 1.064
2346.000 1.058
2346.100 1.060
2346.200 1.058
2346.300 1.052
2346.400 1.056
2346.500 1.054
2346.600 1.057
2346.700 1.055
2346.800 1.053
2346.900 1.051
2347.000 1.049
2347.100 1.048
2347.200 1.056
2347.300 1.050
2347.400 1.047
2347.500 1.046
2347.600 1.048
2347.700 1.047
2347.800 1.049
2347.900 1.048
2348.000 1.048
2348.100 1.042
2348.200 1.044
2348.300 1.043
2348.400 1.045
2348.500 1.039
2348.600 1.047
2348.700 1.045
2348.800 1.039
2348.900 1.043
2349.000 1.041
2349.100 1.037
2349.200 1.036
2349.300 1.041
2349.400 1.038
2349.500 1.039
2349.600 1.035
2349.700 1.033
2349.800 1.037
2349.900 1.037
2350.000 1.033
2350.100 1.045
2350.200 1.036
2350.300 1.039
2350.400 1.035
2350.500 1.035
2350.600 1.030
2350.700 1.032
2350.800 1.033
2350.900 1.042
2351.000 1.037
2351.100 1.033
2351.200 1.031
2351.300 1.033
2351.400 1.029
2351.500 1.025
2351.600 1.029
2351.700 1.028
2351.800 1.027
2351.900 1.024
2352.000 1.023
2352.100 1.024
2352.200 1.023
2352.300 1.022
2352.400 1.027
2352.500 1.024
2352.600 1.023
2352.700 1.019
2352.800 1.019
2352.900 1.022
2353.000 1.023
2353.100 1.022
2353.200 1.020
2353.300 1.020
2353.400 1.020
2353.500 1.021
2353.600 1.020
2353.700 1.023
2353.800 1.016
2353.900 1.016
2354.000 1.015
2354.100 1.018
2354.200 1.018
2354.300 1.019
2354.400 1.019
2354.500 1.019
2354.600 1.018
2354.700 1.018
2354.800 1.016
2354.900 1.018
2355.000 1.015
2355.100 1.012
2355.200 1.010
2355.300 1.011
2355.400 1.014
2355.500 1.011
2355.600 1.015
2355.700 1.015
2355.800 1.009
2355.900 1.006
2356.000 1.014
2356.100 1.011
2356.200 1.017
2356.300 1.014
2356.400 1.014
2356.500 1.009
2356.600 1.017
2356.700 1.012
2356.800 1.015
2356.900 1.015
2357.000 1.011
2357.100 1.008
2357.200 1.010
2357.300 1.011
2357.400 1.009
2357.500 1.009
2357.600 1.008
2357.700 1.009
2357.800 1.003
2357.900 1.008
2358.000 1.005
2358.100 1.006
2358.200 1.008
2358.300 1.009
2358.400 1.004
2358.500 1.007
2358.600 1.003
2358.700 1.005
2358.800 1.002
2358.900 1.001
2359.000 1.004
2359.100 1.001
2359.200 1.005
2359.300 1.007
2359.400 1.008
2359.500 1.003
2359.600 1.003
2359.700 1.004
2359.800 1.003
2359.900 1.004
2360.000 1.001
2360.100 0.999
2360.200 1.002
2360.300 1.000
2360.400 1.001
2360.500 0.997
2360.600 1.005
2360.700 1.001
2360.800 1.001
2360.900 0.999
2361.000 0.997
2361.100 0.998
2361.200 0.999
2361.300 1.000
2361.400 0.998
2361.500 1.000
2361.600 1.000
2361.700 1.000
2361.800 0.997
2361.900 1.002
2362.000 1.000
2362.100 1.001
2362.200 0.995
2362.300 1.000
2362.400 0.997
2362.500 0.999
2362.600 0.997
2362.700 0.995
2362.800 0.997
2362.900 0.994
2363.000 0.995
2363.100 0.998
2363.200 0.996
2363.300 1.003
2363.400 1.000
2363.500 0.994
2363.600 0.993
2363.700 0.994
2363.800 0.995
2363.900 0.991
2364.000 0.995
2364.100 0.993
2364.200 0.998
2364.300 0.996
2364.400 0.993
2364.500 0.991
2364.600 0.995
2364.700 0.994
2364.800 0.997
2364.900 0.995
2365.000 0.992
2365.100 0.991
2365.200 0.992
2365.300 0.992
2365.400 0.991
2365.500 0.994
2365.600 0.997
2365.700 0.995
2365.800 0.992
2365.900 0.995
2366.000 0.995
2366.100 0.993
2366.200 0.991
2366.300 0.993
2366.400 0.990
2366.500 0.991
2366.600 0.997
2366.700 0.994
2366.800 0.990
2366.900 0.995
2367.000 0.993
2367.100 0.992
2367.200 0.995
2367.300 0.999
2367.400 0.993
2367.500 1.000
2367.600 1.001
2367.700 0.992
2367.800 0.990
2367.900 0.988
2368.000 0.996
2368.100 0.995
2368.200 0.997
2368.300 0.997
2368.400 0.997
2368.500 0.996
2368.600 0.998
2368.700 0.997
2368.800 0.994
2368.900 0.997
2369.000 0.995
2369.100 0.994
2369.200 0.996
2369.300 0.992
2369.400 0.995
2369.500 0.994
2369.600 0.992
2369.700 0.993
2369.800 0.993
2369.900 0.988
2370.000 0.988
2370.100 0.994
2370.200 0.996
2370.300 0.996
2370.400 0.999
2370.500 0.995
2370.600 0.997
2370.700 0.997
2370.800 0.994
2370.900 0.996
2371.000 0.994
2371.100 0.990
2371.200 0.994
2371.300 0.990
2371.400 0.991
2371.500 0.996
2371.600 0.999
2371.700 0.999
2371.800 1.003
2371.900 1.000
2372.000 1.000
2372.100 0.998
2372.200 0.997
2372.300 0.996
2372.400 0.998
2372.500 0.996
2372.600 1.000
2372.700 0.994
2372.800 0.997
2372.900 1.001
2373.000 0.999
2373.100 0.998
2373.200 1.001
2373.300 0.998
2373.400 1.002
2373.500 1.003
2373.600 1.003
2373.700 1.002
2373.800 1.004
2373.900 1.005
2374.000 0.999
2374.100 0.999
2374.200 1.002
2374.300 1.002
2374.400 0.998
2374.500 1.000
2374.600 1.001
2374.700 1.002
2374.800 1.001
2374.900 1.002
2375.000 1.006
2375.100 1.006
2375.200 1.002
2375.300 1.009
2375.400 1.004
2375.500 1.004
2375.600 1.003
2375.700 1.010
2375.800 1.010
2375.900 1.007
2376.000 1.006
2376.100 1.007
2376.200 1.006
2376.300 1.007
2376.400 1.008
2376.500 1.006
2376.600 1.007
2376.700 1.006
2376.800 1.010
2376.900 1.006
2377.000 1.007
2377.100 1.005
2377.200 1.010
2377.300 1.008
2377.400 1.014
2377.500 1.011
2377.600 1.014
2377.700 1.008
2377.800 1.006
2377.900 1.007
2378.000 1.009
2378.100 1.010
2378.200 1.015
2378.300 1.012
2378.400 1.012
2378.500 1.012
2378.600 1.010
2378.700 1.016
2378.800 1.014
2378.900 1.017
2379.000 1.012
2379.100 1.014
2379.200 1.013
2379.300 1.018
2379.400 1.013
2379.500 1.007
2379.600 1.008
2379.700 1.014
2379.800 1.013
2379.900 1.018
2380.000 1.018
2380.100 1.023
2380.200 1.019
2380.300 1.020
2380.400 1.021
2380.500 1.017
2380.600 1.016
2380.700 1.017
2380.800 1.016
2380.900 1.019
2381.000 1.018
2381.100 1.020
2381.200 1.018
2381.300 1.016
2381.400 1.023
2381.500 1.022
2381.600 1.025
2381.700 1.023
2381.800 1.026
2381.900 1.024
2382.000 1.027
2382.100 1.026
2382.200 1.020
2382.300 1.026
2382.400 1.020
2382.500 1.023
2382.600 1.021
2382.700 1.023
2382.800 1.021
2382.900 1.033
2383.000 1.029
2383.100 1.034
2383.200 1.030
2383.300 1.032
2383.400 1.029
2383.500 1.031
2383.600 1.029
2383.700 1.033
2383.800 1.030
2383.900 1.036
2384.000 1.033
2384.100 1.036
2384.200 1.037
2384.300 1.036
2384.400 1.033
2384.500 1.033
2384.600 1.033
2384.700 1.030
2384.800 1.034
2384.900 1.033
2385.000 1.037
2385.100 1.036
2385.200 1.039
2385.300 1.035
2385.400 1.043
2385.500 1.040
2385.600 1.042
2385.700 1.042
2385.800 1.041
2385.900 1.038
2386.000 1.039
2386.100 1.040
2386.200 1.050
2386.300 1.049
2386.400 1.045
2386.500 1.041
2386.600 1.040
2386.700 1.044
2386.800 1.046
2386.900 1.048
2387.000 1.046
2387.100 1.049
2387.200 1.051
2387.300 1.052
2387.400 1.048
2387.500 1.053
2387.600 1.050
2387.700 1.056
2387.800 1.054
2387.900 1.057
2388.000 1.052
2388.100 1.057
2388.200 1.057
2388.300 1.061
2388.400 1.057
2388.500 1.057
2388.600 1.056
2388.700 1.056
2388.800 1.060
2388.900 1.062
2389.000 1.059
2389.100 1.057
2389.200 1.059
2389.300 1.059
2389.400 1.062
2389.500 1.060
2389.600 1.063
2389.700 1.064
2389.800 1.072
2389.900 1.069
2390.000 1.071
2390.100 1.072
2390.200 1.067
2390.300 1.069
2390.400 1.071
2390.500 1.071
2390.600 1.072
2390.700 1.070
2390.800 1.077
2390.900 1.074
2391.000 1.077
2391.100 1.077
2391.200 1.077
2391.300 1.076
2391.400 1.083
2391.500 1.081
2391.600 1.082
2391.700 1.083
2391.800 1.079
2391.900 1.084
2392.000 1.084
2392.100 1.082
2392.200 1.085
2392.300 1.085
2392.400 1.086
2392.500 1.093
2392.600 1.093
2392.700 1.090
2392.800 1.085
2392.900 1.091
2393.000 1.092
2393.100 1.092
2393.200 1.089
2393.300 1.102
2393.400 1.097
2393.500 1.101
2393.600 1.097
2393.700 1.098
2393.800 1.101
2393.900 1.106
2394.000 1.103
2394.100 1.108
2394.200 1.109
2394.300 1.109
2394.400 1.110
2394.500 1.105
2394.600 1.103
2394.700 1.111
2394.800 1.112
2394.900 1.111
2395.000 1.112
2395.100 1.108
2395.200 1.110
2395.300 1.115
2395.400 1.124
2395.500 1.122
2395.600 1.122
2395.700 1.124
2395.800 1.124
2395.900 1.119
2396.000 1.123
2396.100 1.120
2396.200 1.127
2396.300 1.126
2396.400 1.134
2396.500 1.132
2396.600 1.131
2396.700 1.129
2396.800 1.128
2396.900 1.131
2397.000 1.132
2397.100 1.133
2397.200 1.137
2397.300 1.137
2397.400 1.137
2397.500 1.141
2397.600 1.142
2397.700 1.146
2397.800 1.143
2397.900 1.145
2398.000 1.146
2398.100 1.149
2398.200 1.144
2398.300 1.153
2398.400 1.149
2398.500 1.151
2398.600 1.153
2398.700 1.153
2398.800 1.158
2398.900 1.164
2399.000 1.164
2399.100 1.164
2399.200 1.162
2399.300 1.159
2399.400 1.160
2399.500 1.165
2399.600 1.174
2399.700 1.170
2399.800 1.171
2399.900 1.166
2400.000 1.171
2400.100 1.170
2400.200 1.172
2400.300 1.174
2400.400 1.181
2400.500 1.181
2400.600 1.184
2400.700 1.180
2400.800 1.185
2400.900 1.188
2401.000 1.190
2401.100 1.187
2401.200 1.182
2401.300 1.191
2401.400 1.195
2401.500 1.195
2401.600 1.192
2401.700 1.199
2401.800 1.196
2401.900 1.202
2402.000 1.204
2402.100 1.201
2402.200 1.206
2402.300 1.203
2402.400 1.208
2402.500 1.209
2402.600 1.209
2402.700 1.212
2402.800 1.215
2402.900 1.217
2403.000 1.224
2403.100 1.224
2403.200 1.224
2403.300 1.225
2403.400 1.226
2403.500 1.226
2403.600 1.231
2403.700 1.233
2403.800 1.234
2403.900 1.236
2404.000 1.245
2404.100 1.241
2404.200 1.242
2404.300 1.244
2404.400 1.251
2404.500 1.248
2404.600 1.254
2404.700 1.251
2404.800 1.255
2404.900 1.252
2405.000 1.257
2405.100 1.262
2405.200 1.262
2405.300 1.257
2405.400 1.267
2405.500 1.266
2405.600 1.268
2405.700 1.273
2405.800 1.272
2405.900 1.275
2406.000 1.276
2406.100 1.276
2406.200 1.281
2406.300 1.289
2406.400 1.286
2406.500 1.289
2406.600 1.288
2406.700 1.288
2406.800 1.296
2406.900 1.301
2407.000 1.301
2407.100 1.304
2407.200 1.304
2407.300 1.308
2407.400 1.308
2407.500 1.306
2407.600 1.311
2407.700 1.311
2407.800 1.321
2407.900 1.324
2408.000 1.325
2408.100 1.326
2408.200 1.327
2408.300 1.326
2408.400 1.334
2408.500 1.335
2408.600 1.335
2408.700 1.333
2408.800 1.340
2408.900 1.335
2409.000 1.346
2409.100 1.345
2409.200 1.351
2409.300 1.357
2409.400 1.357
2409.500 1.363
2409.600 1.364
2409.700 1.362
2409.800 1.377
2409.900 1.380
2410.000 1.382
2410.100 1.388
2410.200 1.390
2410.300 1.388
2410.400 1.387
2410.500 1.393
2410.600 1.392
2410.700 1.391
2410.800 1.397
2410.900 1.397
2411.000 1.403
2411.100 1.403
2411.200 1.403
2411.300 1.418
2411.400 1.418
2411.500 1.424
2411.600 1.427
2411.700 1.428
2411.800 1.430
2411.900 1.429
2412.000 1.441
2412.100 1.437
2412.200 1.443
2412.300 1.444
2412.400 1.443
2412.500 1.444
2412.600 1.458
2412.700 1.459
2412.800 1.469
2412.900 1.468
2413.000 1.474
2413.100 1.473
2413.200 1.477
2413.300 1.480
2413.400 1.478
2413.500 1.480
2413.600 1.493
2413.700 1.494
2413.800 1.499
2413.900 1.502
2414.000 1.505
2414.100 1.512
2414.200 1.516
2414.300 1.519
2414.400 1.521
2414.500 1.526
2414.600 1.531
2414.700 1.545
2414.800 1.543
2414.900 1.548
2415.000 1.543
2415.100 1.553
2415.200 1.552
2415.300 1.561
2415.400 1.567
2415.500 1.569
2415.600 1.576
2415.700 1.574
2415.800 1.575
2415.900 1.576
2416.000 1.582
2416.100 1.595
2416.200 1.606
2416.300 1.604
2416.400 1.607
2416.500 1.608
2416.600 1.620
2416.700 1.620
2416.800 1.627
2416.900 1.630
2417.000 1.640
2417.100 1.642
2417.200 1.643
2417.300 1.649
2417.400 1.649
2417.500 1.659
2417.600 1.663
2417.700 1.670
2417.800 1.668
2417.900 1.677
2418.000 1.685
2418.100 1.690
2418.200 1.692
2418.300 1.705
2418.400 1.713
2418.500 1.715
2418.600 1.718
2418.700 1.729
2418.800 1.735
2418.900 1.743
2419.000 1.743
2419.100 1.749
2419.200 1.752
2419.300 1.761
2419.400 1.763
2419.500 1.772
2419.600 1.776
2419.700 1.788
2419.800 1.789
2419.900 1.795
2420.000 1.809
2420.100 1.821
2420.200 1.821
2420.300 1.833
2420.400 1.837
2420.500 1.843
2420.600 1.846
2420.700 1.851
2420.800 1.857
2420.900 1.863
2421.000 1.870
2421.100 1.875
2421.200 1.898
2421.300 1.900
2421.400 1.907
2421.500 1.913
2421.600 1.916
2421.700 1.927
2421.800 1.940
2421.900 1.945
2422.000 1.956
2422.100 1.959
2422.200 1.971
2422.300 1.972
2422.400 1.982
2422.500 1.989
2422.600 1.998
2422.700 2.015
2422.800 2.030
2422.900 2.031
2423.000 2.041
2423.100 2.049
2423.200 2.060
2423.300 2.074
2423.400 2.080
2423.500 2.091
2423.600 2.095
2423.700 2.110
2423.800 2.119
2423.900 2.137
2424.000 2.143
2424.100 2.150
2424.200 2.162
2424.300 2.173
2424.400 2.174
2424.500 2.195
2424.600 2.202
2424.700 2.210
2424.800 2.234
2424.900 2.241
2425.000 2.256
2425.100 2.260
2425.200 2.271
2425.300 2.293
2425.400 2.302
2425.500 2.314
2425.600 2.326
2425.700 2.338
2425.800 2.354
2425.900 2.356
2426.000 2.380
2426.100 2.387
2426.200 2.415
2426.300 2.421
2426.400 2.435
2426.500 2.461
2426.600 2.467
2426.700 2.477
2426.800 2.496
2426.900 2.506
2427.000 2.526
2427.100 2.542
2427.200 2.562
2427.300 2.580
2427.400 2.584
2427.500 2.607
2427.600 2.618
2427.700 2.649
2427.800 2.668
2427.900 2.680
2428.000 2.703
2428.100 2.712
2428.200 2.736
2428.300 2.744
2428.400 2.765
2428.500 2.790
2428.600 2.807
2428.700 2.826
2428.800 2.854
2428.900 2.868
2429.000 2.897
2429.100 2.909
2429.200 2.944
2429.300 2.964
2429.400 2.980
2429.500 3.009
2429.600 3.031
2429.700 3.060
2429.800 3.079
2429.900 3.095
2430.000 3.125
2430.100 3.161
2430.200 3.234
2430.300 3.273
2430.400 3.291
2430.500 3.320
2430.600 3.331
2430.700 3.302
2430.800 3.354
2430.900 3.373
2431.000 3.408
2431.100 3.429
2431.200 3.464
2431.300 3.515
2431.400 3.533
2431.500 3.571
2431.600 3.590
2431.700 3.623
2431.800 3.661
2431.900 3.685
2432.000 3.739
2432.100 3.760
2432.200 3.808
2432.300 3.849
2432.400 3.872
2432.500 3.920
2432.600 3.950
2432.700 3.972
2432.800 4.014
2432.900 4.074
2433.000 4.120
2433.100 4.145
2433.200 4.201
2433.300 4.228
2433.400 4.286
2433.500 4.339
2433.600 4.366
2433.700 4.421
2433.800 4.450
2433.900 4.517
2434.000 4.572
2434.100 4.608
2434.200 4.660
2434.300 4.696
2434.400 4.741
2434.500 4.816
2434.600 4.839
2434.700 4.899
2434.800 4.926
2434.900 4.991
2435.000 5.054
2435.100 5.084
2435.200 5.132
2435.300 5.163
2435.400 5.228
2435.500 5.299
2435.600 5.329
2435.700 5.381
2435.800 5.417
2435.900 5.467
2436.000 5.533
2436.100 5.554
2436.200 5.582
2436.300 5.638
2436.400 5.691
2436.500 5.736
2436.600 5.762
2436.700 5.783
2436.800 5.820
2436.900 5.860
2437.000 5.889
2437.100 5.902
2437.200 5.912
2437.300 5.937
2437.400 5.964
2437.500 5.978
2437.600 5.985
2437.700 5.997
2437.800 5.995
2437.900 5.986
2438.000 5.978
2438.100 5.974
2438.200 5.943
2438.300 5.942
2438.400 5.907
2438.500 5.891
2438.600 5.857
2438.700 5.806
2438.800 5.788
2438.900 5.737
2439.000 5.708
2439.100 5.668
2439.200 5.613
2439.300 5.586
2439.400 5.511
2439.500 5.475
2439.600 5.412
2439.700 5.338
2439.800 5.299
2439.900 5.224
2440.000 5.188
2440.100 5.102
2440.200 5.042
2440.300 4.999
2440.400 4.920
2440.500 4.880
2440.600 4.803
2440.700 4.721
2440.800 4.690
2440.900 4.613
2441.000 4.567
2441.100 4.495
2441.200 4.422
2441.300 4.376
2441.400 4.296
2441.500 4.260
2441.600 4.181
2441.700 4.107
2441.800 4.062
2441.900 3.999
2442.000 3.959
2442.100 3.897
2442.200 3.825
2442.300 3.790
2442.400 3.730
2442.500 3.704
2442.600 3.628
2442.700 3.559
2442.800 3.520
2442.900 3.461
2443.000 3.396
2443.100 3.367
2443.200 3.307
2443.300 3.281
2443.400 3.229
2443.500 3.199
2443.600 3.144
2443.700 3.089
2443.800 3.063
2443.900 3.010
2444.000 2.958
2444.100 2.932
2444.200 2.887
2444.300 2.858
2444.400 2.837
2444.500 2.794
2444.600 2.754
2444.700 2.711
2444.800 2.686
2444.900 2.645
2445.000 2.624
2445.100 2.585
2445.200 2.543
2445.300 2.515
2445.400 2.486
2445.500 2.457
2445.600 2.420
2445.700 2.380
2445.800 2.366
2445.900 2.325
2446.000 2.310
2446.100 2.272
2446.200 2.246
2446.300 2.226
2446.400 2.193
2446.500 2.174
2446.600 2.146
2446.700 2.116
2446.800 2.102
2446.900 2.067
2447.000 2.055
2447.100 2.031
2447.200 2.006
2447.300 1.996
2447.400 1.964
2447.500 1.947
2447.600 1.930
2447.700 1.907
2447.800 1.887
2447.900 1.867
2448.000 1.853
2448.100 1.825
2448.200 1.805
2448.300 1.791
2448.400 1.766
2448.500 1.751
2448.600 1.735
2448.700 1.709
2448.800 1.696
2448.900 1.677
2449.000 1.668
2449.100 1.640
2449.200 1.623
2449.300 1.618
2449.400 1.602
2449.500 1.586
2449.600 1.570
2449.700 1.548
2449.800 1.542
2449.900 1.512
2450.000 1.513
2450.100 1.493
2450.200 1.476
2450.300 1.464
2450.400 1.410
2450.500 1.409
2450.600 1.386
2450.700 1.387
2450.800 1.365
2450.900 1.373
2451.000 1.386
2451.100 1.357
2451.200 1.340
2451.300 1.330
2451.400 1.313
2451.500 1.310
2451.600 1.293
2451.700 1.289
2451.800 1.276
2451.900 1.267
2452.000 1.249
2452.100 1.244
2452.200 1.233
2452.300 1.211
2452.400 1.212
2452.500 1.197
2452.600 1.180
2452.700 1.175
2452.800 1.160
2452.900 1.144
2453.000 1.133
2453.100 1.126
2453.200 1.126
2453.300 1.108
2453.400 1.106
2453.500 1.096
2453.600 1.080
2453.700 1.072
2453.800 1.063
2453.900 1.052
2454.000 1.053
2454.100 1.040
2454.200 1.037
2454.300 1.021
2454.400 1.015
2454.500 1.006
2454.600 0.994
2454.700 0.987
2454.800 0.979
2454.900 0.976
2455.000 0.970
2455.100 0.957
2455.200 0.947
2455.300 0.943
2455.400 0.936
2455.500 0.929
2455.600 0.917
2455.700 0.912
2455.800 0.908
2455.900 0.896
2456.000 0.888
2456.100 0.881
2456.200 0.875
2456.300 0.873
2456.400 0.857
2456.500 0.856
2456.600 0.845
2456.700 0.847
2456.800 0.837
2456.900 0.830
2457.000 0.826
2457.100 0.821
2457.200 0.815
2457.300 0.803
2457.400 0.797
2457.500 0.794
2457.600 0.786
2457.700 0.783
2457.800 0.776
2457.900 0.769
2458.000 0.766
2458.100 0.756
2458.200 0.753
2458.300 0.743
2458.400 0.736
2458.500 0.732
2458.600 0.731
2458.700 0.727
2458.800 0.719
2458.900 0.714
2459.000 0.710
2459.100 0.703
2459.200 0.698
2459.300 0.695
2459.400 0.690
2459.500 0.685
2459.600 0.678
2459.700 0.679
2459.800 0.665
2459.900 0.663
2460.000 0.661
2460.100 0.655
2460.200 0.653
2460.300 0.643
2460.400 0.638
2460.500 0.639
2460.600 0.630
2460.700 0.628
2460.800 0.621
2460.900 0.615
2461.000 0.609
2461.100 0.605
2461.200 0.604
2461.300 0.599
2461.400 0.594
2461.500 0.596
2461.600 0.584
2461.700 0.584
2461.800 0.583
2461.900 0.576
2462.000 0.571
2462.100 0.566
2462.200 0.561
2462.300 0.559
2462.400 0.558
2462.500 0.551
2462.600 0.545
2462.700 0.542
2462.800 0.539
2462.900 0.536
2463.000 0.534
2463.100 0.524
2463.200 0.525
2463.300 0.518
2463.400 0.517
2463.500 0.512
2463.600 0.510
2463.700 0.509
2463.800 0.500
2463.900 0.501
2464.000 0.494
2464.100 0.491
2464.200 0.488
2464.300 0.485
2464.400 0.483
2464.500 0.481
2464.600 0.474
2464.700 0.480
2464.800 0.470
2464.900 0.468
2465.000 0.464
2465.100 0.464
2465.200 0.458
2465.300 0.459
2465.400 0.453
2465.500 0.447
2465.600 0.443
2465.700 0.443
2465.800 0.438
2465.900 0.436
2466.000 0.433
2466.100 0.429
2466.200 0.427
2466.300 0.421
2466.400 0.423
2466.500 0.416
2466.600 0.415
2466.700 0.412
2466.800 0.412
2466.900 0.409
2467.000 0.404
2467.100 0.402
2467.200 0.395
2467.300 0.397
2467.400 0.394
2467.500 0.391
2467.600 0.386
2467.700 0.384
2467.800 0.382
2467.900 0.384
2468.000 0.381
2468.100 0.375
2468.200 0.372
2468.300 0.368
2468.400 0.369
2468.500 0.369
2468.600 0.363
2468.700 0.363
2468.800 0.359
2468.900 0.354
2469.000 0.353
2469.100 0.350
2469.200 0.347
2469.300 0.347
2469.400 0.343
2469.500 0.340
2469.600 0.337
2469.700 0.336
2469.800 0.337
2469.900 0.331
2470.000 0.331
2470.100 0.325
2470.200 0.327
2470.300 0.323
2470.400 0.323
2470.500 0.393
2470.600 0.362
2470.700 0.363
2470.800 0.371
2470.900 0.358
2471.000 0.335
2471.100 0.327
2471.200 0.319
2471.300 0.312
2471.400 0.305
2471.500 0.300
2471.600 0.293
2471.700 0.293
2471.800 0.288
2471.900 0.287
2472.000 0.283
2472.100 0.282
2472.200 0.280
2472.300 0.275
2472.400 0.277
2472.500 0.274
2472.600 0.270
2472.700 0.267
2472.800 0.268
2472.900 0.266
2473.000 0.265
2473.100 0.263
2473.200 0.265
2473.300 0.259
2473.400 0.258
2473.500 0.255
2473.600 0.252
2473.700 0.250
2473.800 0.248
2473.900 0.248
2474.000 0.247
2474.100 0.245
2474.200 0.243
2474.300 0.242
2474.400 0.239
2474.500 0.234
2474.600 0.237
2474.700 0.233
2474.800 0.232
2474.900 0.229
2475.000 0.231
2475.100 0.229
2475.200 0.228
2475.300 0.226
2475.400 0.223
2475.500 0.225
2475.600 0.218
2475.700 0.217
2475.800 0.217
2475.900 0.218
2476.000 0.209
2476.100 0.213
2476.200 0.211
2476.300 0.210
2476.400 0.210
2476.500 0.204
2476.600 0.206
2476.700 0.200
2476.800 0.199
2476.900 0.197
2477.000 0.193
2477.100 0.194
2477.200 0.197
2477.300 0.195
2477.400 0.198
2477.500 0.194
2477.600 0.194
2477.700 0.191
2477.800 0.182
2477.900 0.183
2478.000 0.180
2478.100 0.181
2478.200 0.178
2478.300 0.179
2478.400 0.178
2478.500 0.178
2478.600 0.179
2478.700 0.172
2478.800 0.171
2478.900 0.169
2479.000 0.170
2479.100 0.169
2479.200 0.168
2479.300 0.164
2479.400 0.169
2479.500 0.162
2479.600 0.163
2479.700 0.161
2479.800 0.162
2479.900 0.158
2480.000 0.158
2480.100 0.154
2480.200 0.153
2480.300 0.153
2480.400 0.150
2480.500 0.150
2480.600 0.146
2480.700 0.147
2480.800 0.145
2480.900 0.146
2481.000 0.145
2481.100 0.145
2481.200 0.142
2481.300 0.137
2481.400 0.140
2481.500 0.135
2481.600 0.138
2481.700 0.137
2481.800 0.136
2481.900 0.134
2482.000 0.129
2482.100 0.130
2482.200 0.130
2482.300 0.131
2482.400 0.129
2482.500 0.123
2482.600 0.125
2482.700 0.122
2482.800 0.124
2482.900 0.123
2483.000 0.121
2483.100 0.121
2483.200 0.117
2483.300 0.116
2483.400 0.120
2483.500 0.113
2483.600 0.116
2483.700 0.114
2483.800 0.113
2483.900 0.111
2484.000 0.112
2484.100 0.108
2484.200 0.109
2484.300 0.106
2484.400 0.105
2484.500 0.104
2484.600 0.105
2484.700 0.101
2484.800 0.101
2484.900 0.100
2485.000 0.099
2485.100 0.102
2485.200 0.097
2485.300 0.096
2485.400 0.095
2485.500 0.093
2485.600 0.095
2485.700 0.096
2485.800 0.095
2485.900 0.091
2486.000 0.091
2486.100 0.090
2486.200 0.088
2486.300 0.088
2486.400 0.088
2486.500 0.092
2486.600 0.086
2486.700 0.084
2486.800 0.084
2486.900 0.080
2487.000 0.078
2487.100 0.076
2487.200 0.079
2487.300 0.078
2487.400 0.084
2487.500 0.076
2487.600 0.080
2487.700 0.077
2487.800 0.079
2487.900 0.080
2488.000 0.074
2488.100 0.075
2488.200 0.073
2488.300 0.074
2488.400 0.073
2488.500 0.067
2488.600 0.067
2488.700 0.068
2488.800 0.067
2488.900 0.067
2489.000 0.066
2489.100 0.064
2489.200 0.061
2489.300 0.064
2489.400 0.060
2489.500 0.060
2489.600 0.059
2489.700 0.059
2489.800 0.059
2489.900 0.056
2490.000 0.056
2490.100 0.060
2490.200 0.052
2490.300 0.054
2490.400 0.055
2490.500 0.053
2490.600 0.053
2490.700 0.052
2490.800 0.051
2490.900 0.052
2491.000 0.048
2491.100 0.047
2491.200 0.046
2491.300 0.047
2491.400 0.046
2491.500 0.046
2491.600 0.046
2491.700 0.046
2491.800 0.044
2491.900 0.044
2492.000 0.046
2492.100 0.043
2492.200 0.039
2492.300 0.041
2492.400 0.042
2492.500 0.040
2492.600 0.040
2492.700 0.039
2492.800 0.038
2492.900 0.035
2493.000 0.037
2493.100 0.034
2493.200 0.037
2493.300 0.034
2493.400 0.033
2493.500 0.033
2493.600 0.034
2493.700 0.033
2493.800 0.033
2493.900 0.032
2494.000 0.029
2494.100 0.033
2494.200 0.030
2494.300 0.032
2494.400 0.029
2494.500 0.028
2494.600 0.027
2494.700 0.029
2494.800 0.026
2494.900 0.028
2495.000 0.026
2495.100 0.024
2495.200 0.024
2495.300 0.025
2495.400 0.025
2495.500 0.024
2495.600 0.025
2495.700 0.025
2495.800 0.028
2495.900 0.025
2496.000 0.022
2496.100 0.025
2496.200 0.023
2496.300 0.023
2496.400 0.024
2496.500 0.023
2496.600 0.022
2496.700 0.023
2496.800 0.021
2496.900 0.023
2497.000 0.023
2497.100 0.021
2497.200 0.024
2497.300 0.023
2497.400 0.024
2497.500 0.021
2497.600 0.022
2497.700 0.021
2497.800 0.021
2497.900 0.024
2498.000 0.019
2498.100 0.022
2498.200 0.023
2498.300 0.023
2498.400 0.022
2498.500 0.024
2498.600 0.022
2498.700 0.025
2498.800 0.023
2498.900 0.025
2499.000 0.026
2499.100 0.025
2499.200 0.025
2499.300 0.024
2499.400 0.025
2499.500 0.024
2499.600 0.026
2499.700 0.027
2499.800 0.026
2499.900 0.027
2500.000 0.027
