2200.100 0.005
2200.200 0.941
2200.300 0.955
2200.400 0.881
2200.500 0.884
2200.600 0.856
2200.700 0.856
2200.800 0.847
2200.900 0.849
2201.000 0.832
2201.100 0.826
2201.200 0.819
2201.300 0.814
2201.400 0.804
2201.500 0.801
2201.600 0.792
2201.700 0.776
2201.800 0.774
2201.900 0.770
2202.000 0.755
2202.100 0.752
2202.200 0.756
2202.300 0.745
2202.400 0.759
2202.500 0.743
2202.600 0.752
2202.700 0.742
2202.800 0.742
2202.900 0.743
2203.000 0.749
2203.100 0.742
2203.200 0.734
2203.300 0.732
2203.400 0.740
2203.500 0.730
2203.600 0.720
2203.700 0.711
2203.800 0.704
2203.900 0.693
2204.000 0.682
2204.100 0.671
2204.200 0.662
2204.300 0.657
2204.400 0.644
2204.500 0.622
2204.600 0.616
2204.700 0.606
2204.800 0.584
2204.900 0.572
2205.000 0.563
2205.100 0.548
2205.200 0.530
2205.300 0.512
2205.400 0.484
2205.500 0.469
2205.600 0.455
2205.700 0.436
2205.800 0.422
2205.900 0.409
2206.000 0.399
2206.100 0.382
2206.200 0.370
2206.300 0.369
2206.400 0.367
2206.500 0.369
2206.600 0.368
2206.700 0.370
2206.800 0.369
2206.900 0.372
2207.000 0.367
2207.100 0.371
2207.200 0.371
2207.300 0.368
2207.400 0.372
2207.500 0.372
2207.600 0.372
2207.700 0.372
2207.800 0.376
2207.900 0.375
2208.000 0.379
2208.100 0.377
2208.200 0.380
2208.300 0.375
2208.400 0.380
2208.500 0.374
2208.600 0.376
2208.700 0.376
2208.800 0.375
2208.900 0.383
2209.000 0.381
2209.100 0.384
2209.200 0.386
2209.300 0.385
2209.400 0.382
2209.500 0.383
2209.600 0.382
2209.700 0.385
2209.800 0.382
2209.900 0.386
2210.000 0.381
2210.100 0.388
2210.200 0.384
2210.300 0.391
2210.400 0.387
2210.500 0.390
2210.600 0.390
2210.700 0.394
2210.800 0.393
2210.900 0.392
2211.000 0.390
2211.100 0.394
2211.200 0.396
2211.300 0.392
2211.400 0.395
2211.500 0.396
2211.600 0.398
2211.700 0.395
2211.800 0.398
2211.900 0.395
2212.000 0.399
2212.100 0.394
2212.200 0.399
2212.300 0.398
2212.400 0.403
2212.500 0.398
2212.600 0.404
2212.700 0.401
2212.800 0.401
2212.900 0.400
2213.000 0.400
2213.100 0.406
2213.200 0.407
2213.300 0.406
2213.400 0.410
2213.500 0.408
2213.600 0.410
2213.700 0.407
2213.800 0.410
2213.900 0.408
2214.000 0.409
2214.100 0.408
2214.200 0.411
2214.300 0.410
2214.400 0.412
2214.500 0.417
2214.600 0.416
2214.700 0.414
2214.800 0.413
2214.900 0.418
2215.000 0.417
2215.100 0.422
2215.200 0.418
2215.300 0.421
2215.400 0.417
2215.500 0.421
2215.600 0.422
2215.700 0.418
2215.800 0.422
2215.900 0.429
2216.000 0.422
2216.100 0.425
2216.200 0.424
2216.300 0.423
2216.400 0.431
2216.500 0.424
2216.600 0.427
2216.700 0.435
2216.800 0.433
2216.900 0.430
2217.000 0.435
2217.100 0.431
2217.200 0.431
2217.300 0.431
2217.400 0.436
2217.500 0.434
2217.600 0.441
2217.700 0.438
2217.800 0.442
2217.900 0.436
2218.000 0.443
2218.100 0.440
2218.200 0.443
2218.300 0.441
2218.400 0.444
2218.500 0.444
2218.600 0.443
2218.700 0.443
2218.800 0.443
2218.900 0.444
2219.000 0.445
2219.100 0.447
2219.200 0.452
2219.300 0.449
2219.400 0.449
2219.500 0.453
2219.600 0.450
2219.700 0.456
2219.800 0.453
2219.900 0.455
2220.000 0.457
2220.100 0.460
2220.200 0.455
2220.300 0.462
2220.400 0.459
2220.500 0.459
2220.600 0.459
2220.700 0.462
2220.800 0.460
2220.900 0.465
2221.000 0.464
2221.100 0.464
2221.200 0.466
2221.300 0.467
2221.400 0.470
2221.500 0.465
2221.600 0.471
2221.700 0.476
2221.800 0.473
2221.900 0.471
2222.000 0.474
2222.100 0.470
2222.200 0.479
2222.300 0.473
2222.400 0.475
2222.500 0.474
2222.600 0.477
2222.700 0.481
2222.800 0.480
2222.900 0.477
2223.000 0.482
2223.100 0.483
2223.200 0.486
2223.300 0.483
2223.400 0.493
2223.500 0.490
2223.600 0.492
2223.700 0.491
2223.800 0.494
2223.900 0.490
2224.000 0.489
2224.100 0.494
2224.200 0.492
2224.300 0.499
2224.400 0.495
2224.500 0.504
2224.600 0.499
2224.700 0.500
2224.800 0.501
2224.900 0.502
2225.000 0.502
2225.100 0.507
2225.200 0.504
2225.300 0.508
2225.400 0.504
2225.500 0.510
2225.600 0.506
2225.700 0.506
2225.800 0.512
2225.900 0.514
2226.000 0.515
2226.100 0.519
2226.200 0.514
2226.300 0.515
2226.400 0.518
2226.500 0.513
2226.600 0.516
2226.700 0.519
2226.800 0.527
2226.900 0.524
2227.000 0.531
2227.100 0.527
2227.200 0.534
2227.300 0.529
2227.400 0.533
2227.500 0.535
2227.600 0.539
2227.700 0.534
2227.800 0.541
2227.900 0.535
2228.000 0.540
2228.100 0.536
2228.200 0.536
2228.300 0.538
2228.400 0.543
2228.500 0.542
2228.600 0.541
2228.700 0.550
2228.800 0.547
2228.900 0.548
2229.000 0.549
2229.100 0.554
2229.200 0.620
2229.300 0.608
2229.400 0.595
2229.500 0.587
2229.600 0.578
2229.700 0.573
2229.800 0.566
2229.900 0.564
2230.000 0.560
2230.100 0.561
2230.200 0.567
2230.300 0.563
2230.400 0.566
2230.500 0.570
2230.600 0.568
2230.700 0.570
2230.800 0.574
2230.900 0.569
2231.000 0.575
2231.100 0.574
2231.200 0.595
2231.300 0.580
2231.400 0.585
2231.500 0.583
2231.600 0.584
2231.700 0.590
2231.800 0.590
2231.900 0.583
2232.000 0.587
2232.100 0.588
2232.200 0.585
2232.300 0.593
2232.400 0.597
2232.500 0.596
2232.600 0.596
2232.700 0.600
2232.800 0.598
2232.900 0.602
2233.000 0.602
2233.100 0.607
2233.200 0.602
2233.300 0.611
2233.400 0.611
2233.500 0.614
2233.600 0.612
2233.700 0.612
2233.800 0.616
2233.900 0.616
2234.000 0.621
2234.100 0.624
2234.200 0.624
2234.300 0.627
2234.400 0.628
2234.500 0.626
2234.600 0.628
2234.700 0.630
2234.800 0.631
2234.900 0.631
2235.000 0.632
2235.100 0.633
2235.200 0.634
2235.300 0.638
2235.400 0.645
2235.500 0.643
2235.600 0.652
2235.700 0.647
2235.800 0.657
2235.900 0.655
2236.000 0.654
2236.100 0.660
2236.200 0.657
2236.300 0.659
2236.400 0.656
2236.500 0.665
2236.600 0.667
2236.700 0.668
2236.800 0.670
2236.900 0.672
2237.000 0.670
2237.100 0.676
2237.200 0.677
2237.300 0.684
2237.400 0.682
2237.500 0.683
2237.600 0.679
2237.700 0.683
2237.800 0.685
2237.900 0.684
2238.000 0.689
2238.100 0.698
2238.200 0.701
2238.300 0.698
2238.400 0.702
2238.500 0.702
2238.600 0.702
2238.700 0.701
2238.800 0.713
2238.900 0.712
2239.000 0.716
2239.100 0.714
2239.200 0.725
2239.300 0.721
2239.400 0.729
2239.500 0.726
2239.600 0.727
2239.700 0.729
2239.800 0.734
2239.900 0.731
2240.000 0.737
2240.100 0.735
2240.200 0.744
2240.300 0.736
2240.400 0.748
2240.500 0.747
2240.600 0.756
2240.700 0.756
2240.800 0.764
2240.900 0.761
2241.000 0.758
2241.100 0.751
2241.200 0.758
2241.300 0.759
2241.400 0.763
2241.500 0.766
2241.600 0.775
2241.700 0.776
2241.800 0.775
2241.900 0.780
2242.000 0.781
2242.100 0.778
2242.200 0.780
2242.300 0.786
2242.400 0.787
2242.500 0.796
2242.600 0.796
2242.700 0.802
2242.800 0.800
2242.900 0.802
2243.000 0.800
2243.100 0.806
2243.200 0.810
2243.300 0.815
2243.400 0.816
2243.500 0.819
2243.600 0.822
2243.700 0.821
2243.800 0.827
2243.900 0.828
2244.000 0.832
2244.100 0.831
2244.200 0.838
2244.300 0.838
2244.400 0.841
2244.500 0.842
2244.600 0.849
2244.700 0.849
2244.800 0.851
2244.900 0.852
2245.000 0.857
2245.100 0.860
2245.200 0.864
2245.300 0.863
2245.400 0.867
2245.500 0.865
2245.600 0.879
2245.700 0.880
2245.800 0.885
2245.900 0.888
2246.000 0.890
2246.100 0.892
2246.200 0.895
2246.300 0.902
2246.400 0.898
2246.500 0.902
2246.600 0.901
2246.700 0.907
2246.800 0.916
2246.900 0.919
2247.000 0.920
2247.100 0.924
2247.200 0.924
2247.300 0.930
2247.400 0.932
2247.500 0.942
2247.600 0.940
2247.700 0.949
2247.800 0.948
2247.900 0.949
2248.000 0.953
2248.100 0.953
2248.200 0.956
2248.300 0.967
2248.400 0.965
2248.500 0.977
2248.600 0.977
2248.700 0.975
2248.800 0.980
2248.900 0.981
2249.000 0.984
2249.100 0.990
2249.200 0.989
2249.300 1.002
2249.400 1.010
2249.500 1.003
2249.600 1.014
2249.700 1.009
2249.800 1.025
2249.900 1.026
2250.000 1.037
2250.100 1.034
2250.200 1.041
2250.300 1.039
2250.400 1.046
2250.500 1.047
2250.600 1.043
2250.700 1.054
2250.800 1.063
2250.900 1.059
2251.000 1.070
2251.100 1.070
2251.200 1.073
2251.300 1.081
2251.400 1.081
2251.500 1.085
2251.600 1.088
2251.700 1.097
2251.800 1.101
2251.900 1.105
2252.000 1.110
2252.100 1.114
2252.200 1.117
2252.300 1.129
2252.400 1.129
2252.500 1.131
2252.600 1.136
2252.700 1.148
2252.800 1.147
2252.900 1.150
2253.000 1.155
2253.100 1.157
2253.200 1.165
2253.300 1.172
2253.400 1.176
2253.500 1.179
2253.600 1.189
2253.700 1.199
2253.800 1.199
2253.900 1.204
2254.000 1.208
2254.100 1.208
2254.200 1.220
2254.300 1.228
2254.400 1.230
2254.500 1.235
2254.600 1.236
2254.700 1.245
2254.800 1.256
2254.900 1.255
2255.000 1.263
2255.100 1.268
2255.200 1.274
2255.300 1.276
2255.400 1.289
2255.500 1.291
2255.600 1.299
2255.700 1.304
2255.800 1.316
2255.900 1.320
2256.000 1.325
2256.100 1.327
2256.200 1.330
2256.300 1.339
2256.400 1.343
2256.500 1.353
2256.600 1.356
2256.700 1.364
2256.800 1.373
2256.900 1.385
2257.000 1.397
2257.100 1.412
2257.200 1.409
2257.300 1.417
2257.400 1.422
2257.500 1.412
2257.600 1.415
2257.700 1.433
2257.800 1.439
2257.900 1.451
2258.000 1.453
2258.100 1.456
2258.200 1.465
2258.300 1.472
2258.400 1.479
2258.500 1.497
2258.600 1.502
2258.700 1.507
2258.800 1.509
2258.900 1.518
2259.000 1.527
2259.100 1.533
2259.200 1.551
2259.300 1.553
2259.400 1.562
2259.500 1.568
2259.600 1.581
2259.700 1.585
2259.800 1.592
2259.900 1.602
2260.000 1.619
2260.100 1.620
2260.200 1.634
2260.300 1.637
2260.400 1.652
2260.500 1.661
2260.600 1.665
2260.700 1.682
2260.800 1.687
2260.900 1.700
2261.000 1.703
2261.100 1.709
2261.200 1.716
2261.300 1.730
2261.400 1.741
2261.500 1.754
2261.600 1.759
2261.700 1.776
2261.800 1.778
2261.900 1.793
2262.000 1.797
2262.100 1.811
2262.200 1.816
2262.300 1.829
2262.400 1.844
2262.500 1.849
2262.600 1.862
2262.700 1.877
2262.800 1.883
2262.900 1.902
2263.000 1.908
2263.100 1.911
2263.200 1.931
2263.300 1.935
2263.400 1.955
2263.500 1.973
2263.600 1.980
2263.700 1.988
2263.800 2.002
2263.900 2.017
2264.000 2.041
2264.100 2.042
2264.200 2.057
2264.300 2.066
2264.400 2.084
2264.500 2.100
2264.600 2.117
2264.700 2.129
2264.800 2.140
2264.900 2.161
2265.000 2.173
2265.100 2.178
2265.200 2.198
2265.300 2.209
2265.400 2.227
2265.500 2.242
2265.600 2.255
2265.700 2.274
2265.800 2.282
2265.900 2.308
2266.000 2.333
2266.100 2.338
2266.200 2.359
2266.300 2.371
2266.400 2.384
2266.500 2.412
2266.600 2.426
2266.700 2.443
2266.800 2.453
2266.900 2.487
2267.000 2.500
2267.100 2.527
2267.200 2.540
2267.300 2.550
2267.400 2.569
2267.500 2.604
2267.600 2.611
2267.700 2.639
2267.800 2.648
2267.900 2.674
2268.000 2.698
2268.100 2.711
2268.200 2.740
2268.300 2.746
2268.400 2.768
2268.500 2.802
2268.600 2.814
2268.700 2.841
2268.800 2.856
2268.900 2.892
2269.000 2.921
2269.100 2.931
2269.200 2.948
2269.300 2.977
2269.400 3.013
2269.500 3.038
2269.600 3.055
2269.700 3.092
2269.800 3.114
2269.900 3.140
2270.000 3.156
2270.100 3.197
2270.200 3.244
2270.300 3.256
2270.400 3.292
2270.500 3.308
2270.600 3.343
2270.700 3.367
2270.800 3.394
2270.900 3.439
2271.000 3.453
2271.100 3.500
2271.200 3.532
2271.300 3.559
2271.400 3.597
2271.500 3.630
2271.600 3.673
2271.700 3.706
2271.800 3.729
2271.900 3.775
2272.000 3.797
2272.100 3.848
2272.200 3.895
2272.300 3.919
2272.400 3.968
2272.500 3.991
2272.600 4.041
2272.700 4.112
2272.800 4.125
2272.900 4.187
2273.000 4.212
2273.100 4.262
2273.200 4.319
2273.300 4.346
2273.400 4.406
2273.500 4.437
2273.600 4.509
2273.700 4.651
2273.800 4.712
2273.900 4.769
2274.000 4.806
2274.100 4.866
2274.200 4.898
2274.300 4.844
2274.400 4.924
2274.500 4.957
2274.600 5.055
2274.700 5.116
2274.800 5.156
2274.900 5.234
2275.000 5.265
2275.100 5.346
2275.200 5.383
2275.300 5.466
2275.400 5.555
2275.500 5.599
2275.600 5.684
2275.700 5.732
2275.800 5.819
2275.900 5.899
2276.000 5.938
2276.100 6.028
2276.200 6.120
2276.300 6.166
2276.400 6.209
2276.500 6.317
2276.600 6.397
2276.700 6.501
2276.800 6.540
2276.900 6.581
2277.000 6.681
2277.100 6.782
2277.200 6.859
2277.300 6.910
2277.400 6.992
2277.500 7.035
2277.600 7.117
2277.700 7.195
2277.800 7.240
2277.900 7.318
2278.000 7.353
2278.100 7.437
2278.200 7.471
2278.300 7.536
2278.400 7.618
2278.500 7.643
2278.600 7.716
2278.700 7.765
2278.800 7.805
2278.900 7.834
2279.000 7.861
2279.100 7.885
2279.200 7.915
2279.300 7.925
2279.400 7.944
2279.500 7.947
2279.600 7.957
2279.700 7.954
2279.800 7.950
2279.900 7.948
2280.000 7.940
2280.100 7.925
2280.200 7.916
2280.300 7.909
2280.400 7.871
2280.500 7.880
2280.600 7.844
2280.700 7.824
2280.800 7.812
2280.900 7.799
2281.000 7.798
2281.100 7.812
2281.200 7.821
2281.300 7.829
2281.400 7.856
2281.500 7.875
2281.600 7.929
2281.700 7.954
2281.800 8.026
2281.900 8.101
2282.000 8.140
2282.100 8.186
2282.200 8.298
2282.300 8.403
2282.400 8.527
2282.500 8.584
2282.600 8.728
2282.700 8.800
2282.800 8.942
2282.900 9.079
2283.000 9.154
2283.100 9.313
2283.200 9.398
2283.300 9.550
2283.400 9.626
2283.500 9.783
2283.600 9.956
2283.700 10.021
2283.800 10.161
2283.900 10.296
2284.000 10.370
2284.100 10.489
2284.200 10.550
2284.300 10.664
2284.400 10.759
2284.500 10.799
2284.600 10.865
2284.700 10.907
2284.800 10.943
2284.900 10.976
2285.000 10.966
2285.100 10.948
2285.200 10.918
2285.300 10.888
2285.400 10.798
2285.500 10.755
2285.600 10.625
2285.700 10.557
2285.800 10.413
2285.900 10.222
2286.000 10.118
2286.100 9.901
2286.200 9.783
2286.300 9.530
2286.400 9.259
2286.500 9.124
2286.600 8.818
2286.700 8.666
2286.800 8.351
2286.900 8.185
2287.000 7.857
2287.100 7.513
2287.200 7.354
2287.300 6.998
2287.400 6.803
2287.500 6.466
2287.600 6.131
2287.700 5.969
2287.800 5.654
2287.900 5.498
2288.000 5.203
2288.100 4.918
2288.200 4.780
2288.300 4.506
2288.400 4.375
2288.500 4.134
2288.600 3.898
2288.700 3.791
2288.800 3.594
2288.900 3.496
2289.000 3.307
2289.100 3.136
2289.200 3.054
2289.300 2.915
2289.400 2.850
2289.500 2.725
2289.600 2.612
2289.700 2.566
2289.800 2.473
2289.900 2.439
2290.000 2.362
2290.100 2.294
2290.200 2.260
2290.300 2.220
2290.400 2.194
2290.500 2.149
2290.600 2.111
2290.700 2.070
2290.800 1.995
2290.900 2.041
2291.000 2.066
2291.100 2.028
2291.200 2.035
2291.300 2.102
2291.400 2.046
2291.500 2.001
2291.600 2.031
2291.700 2.020
2291.800 2.018
2291.900 2.015
2292.000 2.025
2292.100 2.025
2292.200 2.024
2292.300 2.035
2292.400 2.035
2292.500 2.034
2292.600 2.037
2292.700 2.040
2292.800 2.042
2292.900 2.045
2293.000 2.040
2293.100 2.055
2293.200 2.054
2293.300 2.053
2293.400 2.054
2293.500 2.063
2293.600 2.057
2293.700 2.065
2293.800 2.063
2293.900 2.063
2294.000 2.070
2294.100 2.068
2294.200 2.070
2294.300 2.076
2294.400 2.074
2294.500 2.075
2294.600 2.075
2294.700 2.070
2294.800 2.068
2294.900 2.062
2295.000 2.069
2295.100 2.063
2295.200 2.066
2295.300 2.057
2295.400 2.073
2295.500 2.061
2295.600 2.056
2295.700 2.055
2295.800 2.056
2295.900 2.052
2296.000 2.050
2296.100 2.048
2296.200 2.049
2296.300 2.044
2296.400 2.040
2296.500 2.038
2296.600 2.038
2296.700 2.038
2296.800 2.033
2296.900 2.030
2297.000 2.021
2297.100 2.018
2297.200 2.016
2297.300 2.012
2297.400 2.014
2297.500 2.004
2297.600 2.004
2297.700 2.005
2297.800 1.999
2297.900 2.000
2298.000 1.992
2298.100 1.994
2298.200 1.990
2298.300 1.990
2298.400 1.987
2298.500 1.978
2298.600 1.973
2298.700 1.966
2298.800 1.966
2298.900 1.960
2299.000 1.956
2299.100 1.949
2299.200 1.948
2299.300 1.938
2299.400 1.934
2299.500 1.930
2299.600 1.933
2299.700 1.921
2299.800 1.918
2299.900 1.914
2300.000 1.911
2300.100 1.905
2300.200 1.910
2300.300 1.905
2300.400 1.902
2300.500 1.891
2300.600 1.887
2300.700 1.889
2300.800 1.885
2300.900 1.880
2301.000 1.871
2301.100 1.865
2301.200 1.859
2301.300 1.854
2301.400 1.852
2301.500 1.844
2301.600 1.847
2301.700 1.860
2301.800 1.843
2301.900 1.839
2302.000 1.829
2302.100 1.830
2302.200 1.823
2302.300 1.820
2302.400 1.815
2302.500 1.808
2302.600 1.804
2302.700 1.806
2302.800 1.798
2302.900 1.796
2303.000 1.792
2303.100 1.785
2303.200 1.780
2303.300 1.774
2303.400 1.776
2303.500 1.769
2303.600 1.767
2303.700 1.757
2303.800 1.754
2303.900 1.747
2304.000 1.748
2304.100 1.743
2304.200 1.737
2304.300 1.727
2304.400 1.727
2304.500 1.727
2304.600 1.723
2304.700 1.718
2304.800 1.714
2304.900 1.708
2305.000 1.697
2305.100 1.697
2305.200 1.694
2305.300 1.687
2305.400 1.686
2305.500 1.686
2305.600 1.678
2305.700 1.681
2305.800 1.670
2305.900 1.678
2306.000 1.670
2306.100 1.663
2306.200 1.664
2306.300 1.659
2306.400 1.653
2306.500 1.647
2306.600 1.644
2306.700 1.645
2306.800 1.633
2306.900 1.642
2307.000 1.633
2307.100 1.626
2307.200 1.622
2307.300 1.623
2307.400 1.619
2307.500 1.621
2307.600 1.614
2307.700 1.610
2307.800 1.607
2307.900 1.588
2308.000 1.594
2308.100 1.591
2308.200 1.584
2308.300 1.579
2308.400 1.584
2308.500 1.577
2308.600 1.583
2308.700 1.575
2308.800 1.571
2308.900 1.568
2309.000 1.562
2309.100 1.559
2309.200 1.558
2309.300 1.551
2309.400 1.549
2309.500 1.546
2309.600 1.543
2309.700 1.545
2309.800 1.543
2309.900 1.539
2310.000 1.530
2310.100 1.533
2310.200 1.524
2310.300 1.518
2310.400 1.518
2310.500 1.519
2310.600 1.513
2310.700 1.510
2310.800 1.510
2310.900 1.503
2311.000 1.497
2311.100 1.499
2311.200 1.498
2311.300 1.496
2311.400 1.496
2311.500 1.490
2311.600 1.492
2311.700 1.483
2311.800 1.488
2311.900 1.477
2312.000 1.476
2312.100 1.470
2312.200 1.474
2312.300 1.472
2312.400 1.477
2312.500 1.464
2312.600 1.462
2312.700 1.457
2312.800 1.454
2312.900 1.454
2313.000 1.452
2313.100 1.447
2313.200 1.442
2313.300 1.442
2313.400 1.438
2313.500 1.440
2313.600 1.434
2313.700 1.434
2313.800 1.432
2313.900 1.430
2314.000 1.427
2314.100 1.427
2314.200 1.420
2314.300 1.423
2314.400 1.414
2314.500 1.410
2314.600 1.408
2314.700 1.408
2314.800 1.404
2314.900 1.404
2315.000 1.400
2315.100 1.396
2315.200 1.399
2315.300 1.397
2315.400 1.394
2315.500 1.391
2315.600 1.392
2315.700 1.385
2315.800 1.387
2315.900 1.383
2316.000 1.376
2316.100 1.377
2316.200 1.375
2316.300 1.373
2316.400 1.371
2316.500 1.363
2316.600 1.373
2316.700 1.364
2316.800 1.368
2316.900 1.360
2317.000 1.356
2317.100 1.355
2317.200 1.350
2317.300 1.353
2317.400 1.354
2317.500 1.347
2317.600 1.345
2317.700 1.344
2317.800 1.342
2317.900 1.339
2318.000 1.342
2318.100 1.335
2318.200 1.331
2318.300 1.331
2318.400 1.331
2318.500 1.331
2318.600 1.328
2318.700 1.327
2318.800 1.322
2318.900 1.316
2319.000 1.315
2319.100 1.320
2319.200 1.313
2319.300 1.321
2319.400 1.314
2319.500 1.312
2319.600 1.307
2319.700 1.313
2319.800 1.308
2319.900 1.308
2320.000 1.309
2320.100 1.300
2320.200 1.302
2320.300 1.299
2320.400 1.295
2320.500 1.295
2320.600 1.288
2320.700 1.288
2320.800 1.289
2320.900 1.289
2321.000 1.285
2321.100 1.280
2321.200 1.285
2321.300 1.284
2321.400 1.284
2321.500 1.264
2321.600 1.265
2321.700 1.263
2321.800 1.268
2321.900 1.265
2322.000 1.268
2322.100 1.265
2322.200 1.263
2322.300 1.258
2322.400 1.259
2322.500 1.257
2322.600 1.255
2322.700 1.254
2322.800 1.252
2322.900 1.251
2323.000 1.246
2323.100 1.241
2323.200 1.242
2323.300 1.248
2323.400 1.242
2323.500 1.245
2323.600 1.238
2323.700 1.239
2323.800 1.236
2323.900 1.238
2324.000 1.235
2324.100 1.238
2324.200 1.230
2324.300 1.228
2324.400 1.225
2324.500 1.222
2324.600 1.224
2324.700 1.221
2324.800 1.219
2324.900 1.217
2325.000 1.220
2325.100 1.213
2325.200 1.209
2325.300 1.209
2325.400 1.208
2325.500 1.210
2325.600 1.209
2325.700 1.204
2325.800 1.207
2325.900 1.203
2326.000 1.204
2326.100 1.200
2326.200 1.206
2326.300 1.202
2326.400 1.201
2326.500 1.195
2326.600 1.189
2326.700 1.193
2326.800 1.190
2326.900 1.188
2327.000 1.186
2327.100 1.188
2327.200 1.186
2327.300 1.187
2327.400 1.181
2327.500 1.191
2327.600 1.184
2327.700 1.187
2327.800 1.182
2327.900 1.186
2328.000 1.178
2328.100 1.179
2328.200 1.170
2328.300 1.172
2328.400 1.169
2328.500 1.168
2328.600 1.167
2328.700 1.169
2328.800 1.168
2328.900 1.162
2329.000 1.166
2329.100 1.164
2329.200 1.162
2329.300 1.157
2329.400 1.161
2329.500 1.154
2329.600 1.160
2329.700 1.155
2329.800 1.154
2329.900 1.152
2330.000 1.157
2330.100 1.153
2330.200 1.153
2330.300 1.148
2330.400 1.150
2330.500 1.144
2330.600 1.146
2330.700 1.139
2330.800 1.136
2330.900 1.146
2331.000 1.146
2331.100 1.144
2331.200 1.136
2331.300 1.138
2331.400 1.135
2331.500 1.134
2331.600 1.131
2331.700 1.129
2331.800 1.130
2331.900 1.130
2332.000 1.126
2332.100 1.129
2332.200 1.127
2332.300 1.134
2332.400 1.125
2332.500 1.123
2332.600 1.117
2332.700 1.122
2332.800 1.118
2332.900 1.119
2333.000 1.120
2333.100 1.114
2333.200 1.121
2333.300 1.119
2333.400 1.115
2333.500 1.111
2333.600 1.117
2333.700 1.109
2333.800 1.115
2333.900 1.108
2334.000 1.114
2334.100 1.111
2334.200 1.115
2334.300 1.110
2334.400 1.105
2334.500 1.110
2334.600 1.101
2334.700 1.096
2334.800 1.096
2334.900 1.105
2335.000 1.101
2335.100 1.101
2335.200 1.094
2335.300 1.102
2335.400 1.096
2335.500 1.090
2335.600 1.089
2335.700 1.093
2335.800 1.100
2335.900 1.098
2336.000 1.090
2336.100 1.090
2336.200 1.094
2336.300 1.094
2336.400 1.084
2336.500 1.089
2336.600 1.081
2336.700 1.086
2336.800 1.086
2336.900 1.083
2337.000 1.082
2337.100 1.082
2337.200 1.088
2337.300 1.085
2337.400 1.083
2337.500 1.078
2337.600 1.081
2337.700 1.077
2337.800 1.073
2337.900 1.076
2338.000 1.078
2338.100 1.076
2338.200 1.080
2338.300 1.082
2338.400 1.079
2338.500 1.074
2338.600 1.075
2338.700 1.077
2338.800 1.073
2338.900 1.071
2339.000 1.064
2339.100 1.068
2339.200 1.062
2339.300 1.068
2339.400 1.064
2339.500 1.069
2339.600 1.065
2339.700 1.069
2339.800 1.063
2339.900 1.066
2340.000 1.063
2340.100 1.066
2340.200 1.062
2340.300 1.058
2340.400 1.059
2340.500 1.055
2340.600 1.056
2340.700 1.058
2340.800 1.059
2340.900 1.058
2341.000 1.055
2341.100 1.060
2341.200 1.092
2341.300 1.075
2341.400 1.067
2341.500 1.060
2341.600 1.055
2341.700 1.053
2341.800 1.053
2341.900 1.056
2342.000 1.058
2342.100 1.046
2342.200 1.051
2342.300 1.043
2342.400 1.051
2342.500 1.053
2342.600 1.048
2342.700 1.042
2342.800 1.042
2342.900 1.041
2343.000 1.040
2343.100 1.042
2343.200 1.039
2343.300 1.041
2343.400 1.036
2343.500 1.040
2343.600 1.037
2343.700 1.042
2343.800 1.037
2343.900 1.046
2344.000 1.042
2344.100 1.041
2344.200 1.040
2344.300 1.038
2344.400 1.035
2344.500 1.033
2344.600 1.036
2344.700 1.040
2344.800 1.035
2344.900 1.034
2345.000 1.031
2345.100 1.029
2345.200 1.033
2345.300 1.032
2345.400 1.032
2345.500 1.031
2345.600 1.034
2345.700 1.033
2345.800 1.031
2345.900 1.028
2346.000 1.028
2346.100 1.023
2346.200 1.022
2346.300 1.026
2346.400 1.033
2346.500 1.027
2346.600 1.024
2346.700 1.018
2346.800 1.023
2346.900 1.023
2347.000 1.022
2347.100 1.023
2347.200 1.025
2347.300 1.022
2347.400 1.021
2347.500 1.024
2347.600 1.017
2347.700 1.019
2347.800 1.017
2347.900 1.018
2348.000 1.018
2348.100 1.016
2348.200 1.009
2348.300 1.015
2348.400 1.013
2348.500 1.013
2348.600 1.015
2348.700 1.014
2348.800 1.014
2348.900 1.013
2349.000 1.015
2349.100 1.012
2349.200 1.010
2349.300 1.009
2349.400 1.008
2349.500 1.008
2349.600 1.018
2349.700 1.012
2349.800 1.008
2349.900 1.005
2350.000 1.005
2350.100 1.005
2350.200 1.011
2350.300 1.008
2350.400 1.006
2350.500 1.007
2350.600 1.012
2350.700 1.006
2350.800 1.004
2350.900 1.007
2351.000 1.005
2351.100 1.005
2351.200 1.010
2351.300 1.005
2351.400 1.003
2351.500 1.004
2351.600 1.000
2351.700 0.999
2351.800 0.999
2351.900 0.998
2352.000 0.996
2352.100 0.999
2352.200 0.999
2352.300 1.019
2352.400 1.012
2352.500 1.007
2352.600 1.002
2352.700 1.003
2352.800 1.001
2352.900 1.002
2353.000 0.995
2353.100 0.997
2353.200 0.994
2353.300 0.992
2353.400 0.999
2353.500 0.994
2353.600 0.993
2353.700 0.992
2353.800 0.991
2353.900 0.990
2354.000 1.000
2354.100 0.995
2354.200 1.000
2354.300 0.994
2354.400 0.997
2354.500 0.995
2354.600 0.992
2354.700 0.994
2354.800 0.994
2354.900 0.992
2355.000 0.991
2355.100 0.993
2355.200 0.989
2355.300 0.990
2355.400 0.992
2355.500 0.992
2355.600 0.990
2355.700 0.992
2355.800 0.990
2355.900 0.992
2356.000 0.990
2356.100 0.985
2356.200 0.989
2356.300 0.994
2356.400 0.984
2356.500 0.991
2356.600 0.987
2356.700 0.990
2356.800 0.986
2356.900 0.984
2357.000 0.982
2357.100 0.987
2357.200 0.982
2357.300 0.987
2357.400 0.981
2357.500 0.985
2357.600 0.984
2357.700 0.983
2357.800 0.981
2357.900 0.984
2358.000 0.989
2358.100 0.985
2358.200 0.987
2358.300 0.981
2358.400 0.982
2358.500 0.981
2358.600 0.986
2358.700 0.983
2358.800 0.987
2358.900 0.983
2359.000 0.988
2359.100 0.982
2359.200 0.984
2359.300 0.982
2359.400 0.982
2359.500 0.986
2359.600 0.988
2359.700 0.986
2359.800 0.980
2359.900 0.980
2360.000 0.980
2360.100 0.985
2360.200 0.983
2360.300 0.981
2360.400 0.976
2360.500 0.981
2360.600 0.978
2360.700 0.978
2360.800 0.973
2360.900 0.981
2361.000 0.979
2361.100 0.981
2361.200 0.981
2361.300 0.983
2361.400 0.972
2361.500 0.975
2361.600 0.980
2361.700 0.983
2361.800 0.989
2361.900 0.997
2362.000 0.993
2362.100 0.987
2362.200 0.978
2362.300 0.977
2362.400 0.976
2362.500 0.976
2362.600 0.978
2362.700 1.004
2362.800 1.013
2362.900 0.995
2363.000 0.990
2363.100 0.977
2363.200 0.984
2363.300 0.974
2363.400 0.979
2363.500 0.975
2363.600 0.976
2363.700 0.979
2363.800 0.977
2363.900 0.971
2364.000 0.970
2364.100 0.969
2364.200 0.975
2364.300 0.971
2364.400 0.977
2364.500 0.974
2364.600 0.971
2364.700 0.978
2364.800 0.973
2364.900 0.980
2365.000 0.973
2365.100 0.970
2365.200 0.970
2365.300 0.976
2365.400 0.979
2365.500 1.011
2365.600 0.998
2365.700 0.986
2365.800 0.981
2365.900 0.975
2366.000 0.975
2366.100 0.980
2366.200 0.976
2366.300 0.971
2366.400 0.980
2366.500 0.978
2366.600 0.981
2366.700 0.978
2366.800 0.978
2366.900 0.979
2367.000 0.976
2367.100 0.976
2367.200 0.985
2367.300 0.994
2367.400 0.986
2367.500 0.981
2367.600 0.981
2367.700 0.980
2367.800 0.979
2367.900 0.978
2368.000 0.974
2368.100 0.977
2368.200 0.977
2368.300 0.975
2368.400 0.975
2368.500 0.982
2368.600 0.986
2368.700 0.986
2368.800 0.979
2368.900 0.977
2369.000 0.976
2369.100 0.974
2369.200 0.978
2369.300 0.979
2369.400 0.981
2369.500 0.981
2369.600 0.977
2369.700 0.984
2369.800 0.978
2369.900 0.979
2370.000 0.979
2370.100 0.980
2370.200 0.975
2370.300 0.975
2370.400 0.977
2370.500 0.975
2370.600 0.976
2370.700 0.974
2370.800 0.976
2370.900 0.975
2371.000 0.976
2371.100 0.974
2371.200 0.975
2371.300 0.976
2371.400 0.981
2371.500 0.978
2371.600 0.986
2371.700 0.985
2371.800 0.987
2371.900 0.980
2372.000 0.986
2372.100 0.986
2372.200 0.984
2372.300 0.983
2372.400 0.982
2372.500 0.982
2372.600 0.982
2372.700 0.981
2372.800 0.979
2372.900 0.981
2373.000 0.978
2373.100 0.981
2373.200 0.978
2373.300 0.983
2373.400 0.982
2373.500 0.978
2373.600 0.976
2373.700 0.985
2373.800 0.987
2373.900 0.995
2374.000 0.986
2374.100 0.986
2374.200 0.986
2374.300 0.982
2374.400 0.981
2374.500 0.987
2374.600 0.979
2374.700 0.979
2374.800 0.985
2374.900 0.987
2375.000 0.987
2375.100 0.987
2375.200 0.985
2375.300 0.980
2375.400 0.982
2375.500 0.983
2375.600 0.989
2375.700 0.988
2375.800 0.989
2375.900 0.987
2376.000 0.991
2376.100 0.990
2376.200 0.990
2376.300 0.987
2376.400 0.988
2376.500 0.988
2376.600 0.988
2376.700 0.991
2376.800 0.989
2376.900 0.986
2377.000 0.985
2377.100 0.995
2377.200 0.988
2377.300 0.991
2377.400 0.990
2377.500 0.991
2377.600 0.988
2377.700 0.991
2377.800 0.987
2377.900 0.990
2378.000 0.991
2378.100 0.990
2378.200 0.991
2378.300 0.991
2378.400 0.990
2378.500 0.992
2378.600 0.995
2378.700 0.996
2378.800 0.996
2378.900 0.992
2379.000 0.998
2379.100 0.998
2379.200 0.999
2379.300 0.994
2379.400 0.998
2379.500 0.997
2379.600 0.997
2379.700 0.997
2379.800 1.004
2379.900 0.998
2380.000 0.997
2380.100 0.998
2380.200 1.000
2380.300 0.999
2380.400 1.001
2380.500 1.007
2380.600 1.001
2380.700 1.003
2380.800 0.999
2380.900 1.004
2381.000 1.001
2381.100 1.005
2381.200 1.002
2381.300 1.000
2381.400 1.000
2381.500 1.008
2381.600 1.006
2381.700 1.014
2381.800 1.011
2381.900 1.007
2382.000 1.010
2382.100 1.007
2382.200 1.005
2382.300 1.004
2382.400 1.005
2382.500 1.008
2382.600 1.011
2382.700 1.010
2382.800 1.015
2382.900 1.013
2383.000 1.018
2383.100 1.012
2383.200 1.012
2383.300 1.012
2383.400 1.011
2383.500 1.011
2383.600 1.020
2383.700 1.013
2383.800 1.016
2383.900 1.017
2384.000 1.021
2384.100 1.018
2384.200 1.025
2384.300 1.020
2384.400 1.017
2384.500 1.023
2384.600 1.019
2384.700 1.020
2384.800 1.020
2384.900 1.021
2385.000 1.020
2385.100 1.031
2385.200 1.027
2385.300 1.035
2385.400 1.027
2385.500 1.030
2385.600 1.025
2385.700 1.030
2385.800 1.027
2385.900 1.037
2386.000 1.031
2386.100 1.032
2386.200 1.032
2386.300 1.031
2386.400 1.027
2386.500 1.033
2386.600 1.032
2386.700 1.036
2386.800 1.035
2386.900 1.033
2387.000 1.035
2387.100 1.038
2387.200 1.038
2387.300 1.032
2387.400 1.036
2387.500 1.035
2387.600 1.045
2387.700 1.040
2387.800 1.043
2387.900 1.040
2388.000 1.047
2388.100 1.045
2388.200 1.045
2388.300 1.042
2388.400 1.050
2388.500 1.044
2388.600 1.052
2388.700 1.053
2388.800 1.055
2388.900 1.051
2389.000 1.049
2389.100 1.050
2389.200 1.053
2389.300 1.050
2389.400 1.057
2389.500 1.055
2389.600 1.053
2389.700 1.054
2389.800 1.056
2389.900 1.050
2390.000 1.058
2390.100 1.062
2390.200 1.060
2390.300 1.061
2390.400 1.056
2390.500 1.059
2390.600 1.059
2390.700 1.064
2390.800 1.062
2390.900 1.061
2391.000 1.059
2391.100 1.061
2391.200 1.058
2391.300 1.058
2391.400 1.069
2391.500 1.066
2391.600 1.074
2391.700 1.072
2391.800 1.069
2391.900 1.072
2392.000 1.067
2392.100 1.065
2392.200 1.072
2392.300 1.072
2392.400 1.074
2392.500 1.071
2392.600 1.080
2392.700 1.077
2392.800 1.079
2392.900 1.077
2393.000 1.079
2393.100 1.076
2393.200 1.082
2393.300 1.084
2393.400 1.085
2393.500 1.084
2393.600 1.082
2393.700 1.087
2393.800 1.084
2393.900 1.085
2394.000 1.087
2394.100 1.091
2394.200 1.088
2394.300 1.095
2394.400 1.091
2394.500 1.098
2394.600 1.095
2394.700 1.098
2394.800 1.097
2394.900 1.098
2395.000 1.092
2395.100 1.098
2395.200 1.096
2395.300 1.103
2395.400 1.101
2395.500 1.102
2395.600 1.105
2395.700 1.104
2395.800 1.108
2395.900 1.108
2396.000 1.109
2396.100 1.106
2396.200 1.108
2396.300 1.110
2396.400 1.113
2396.500 1.114
2396.600 1.120
2396.700 1.118
2396.800 1.126
2396.900 1.118
2397.000 1.121
2397.100 1.119
2397.200 1.120
2397.300 1.121
2397.400 1.122
2397.500 1.121
2397.600 1.127
2397.700 1.133
2397.800 1.132
2397.900 1.137
2398.000 1.134
2398.100 1.133
2398.200 1.133
2398.300 1.137
2398.400 1.131
2398.500 1.139
2398.600 1.138
2398.700 1.146
2398.800 1.145
2398.900 1.144
2399.000 1.141
2399.100 1.156
2399.200 1.148
2399.300 1.152
2399.400 1.150
2399.500 1.153
2399.600 1.156
2399.700 1.159
2399.800 1.158
2399.900 1.155
2400.000 1.154
2400.100 1.156
2400.200 1.155
2400.300 1.154
2400.400 1.168
2400.500 1.166
2400.600 1.168
2400.700 1.167
2400.800 1.171
2400.900 1.173
2401.000 1.174
2401.100 1.173
2401.200 1.239
2401.300 1.232
2401.400 1.229
2401.500 1.220
2401.600 1.225
2401.700 1.211
2401.800 1.213
2401.900 1.199
2402.000 1.195
2402.100 1.188
2402.200 1.192
2402.300 1.187
2402.400 1.190
2402.500 1.192
2402.600 1.190
2402.700 1.194
2402.800 1.195
2402.900 1.196
2403.000 1.197
2403.100 1.202
2403.200 1.202
2403.300 1.203
2403.400 1.204
2403.500 1.213
2403.600 1.206
2403.700 1.214
2403.800 1.212
2403.900 1.213
2404.000 1.213
2404.100 1.226
2404.200 1.225
2404.300 1.226
2404.400 1.227
2404.500 1.227
2404.600 1.231
2404.700 1.233
2404.800 1.229
2404.900 1.234
2405.000 1.238
2405.100 1.236
2405.200 1.237
2405.300 1.239
2405.400 1.244
2405.500 1.244
2405.600 1.249
2405.700 1.250
2405.800 1.251
2405.900 1.252
2406.000 1.252
2406.100 1.262
2406.200 1.263
2406.300 1.263
2406.400 1.265
2406.500 1.270
2406.600 1.273
2406.700 1.279
2406.800 1.274
2406.900 1.276
2407.000 1.276
2407.100 1.281
2407.200 1.281
2407.300 1.292
2407.400 1.289
2407.500 1.292
2407.600 1.290
2407.700 1.291
2407.800 1.296
2407.900 1.332
2408.000 1.339
2408.100 1.326
2408.200 1.326
2408.300 1.322
2408.400 1.315
2408.500 1.315
2408.600 1.317
2408.700 1.317
2408.800 1.328
2408.900 1.324
2409.000 1.331
2409.100 1.327
2409.200 1.332
2409.300 1.328
2409.400 1.336
2409.500 1.335
2409.600 1.345
2409.700 1.351
2409.800 1.355
2409.900 1.355
2410.000 1.357
2410.100 1.354
2410.200 1.352
2410.300 1.363
2410.400 1.366
2410.500 1.364
2410.600 1.367
2410.700 1.375
2410.800 1.373
2410.900 1.384
2411.000 1.383
2411.100 1.386
2411.200 1.391
2411.300 1.396
2411.400 1.398
2411.500 1.397
2411.600 1.392
2411.700 1.402
2411.800 1.405
2411.900 1.406
2412.000 1.407
2412.100 1.420
2412.200 1.415
2412.300 1.421
2412.400 1.431
2412.500 1.427
2412.600 1.432
2412.700 1.432
2412.800 1.435
2412.900 1.444
2413.000 1.446
2413.100 1.452
2413.200 1.458
2413.300 1.459
2413.400 1.467
2413.500 1.468
2413.600 1.459
2413.700 1.468
2413.800 1.476
2413.900 1.474
2414.000 1.481
2414.100 1.483
2414.200 1.484
2414.300 1.489
2414.400 1.499
2414.500 1.501
2414.600 1.497
2414.700 1.504
2414.800 1.509
2414.900 1.512
2415.000 1.516
2415.100 1.522
2415.200 1.524
2415.300 1.528
2415.400 1.528
2415.500 1.536
2415.600 1.539
2415.700 1.550
2415.800 1.552
2415.900 1.556
2416.000 1.557
2416.100 1.572
2416.200 1.573
2416.300 1.579
2416.400 1.576
2416.500 1.583
2416.600 1.585
2416.700 1.587
2416.800 1.601
2416.900 1.607
2417.000 1.609
2417.100 1.618
2417.200 1.617
2417.300 1.620
2417.400 1.625
2417.500 1.629
2417.600 1.637
2417.700 1.633
2417.800 1.649
2417.900 1.651
2418.000 1.662
2418.100 1.661
2418.200 1.672
2418.300 1.679
2418.400 1.678
2418.500 1.686
2418.600 1.697
2418.700 1.698
2418.800 1.700
2418.900 1.705
2419.000 1.712
2419.100 1.718
2419.200 1.720
2419.300 1.732
2419.400 1.734
2419.500 1.741
2419.600 1.744
2419.700 1.759
2419.800 1.765
2419.900 1.771
2420.000 1.775
2420.100 1.784
2420.200 1.795
2420.300 1.801
2420.400 1.807
2420.500 1.812
2420.600 1.819
2420.700 1.820
2420.800 1.822
2420.900 1.843
2421.000 1.850
2421.100 1.857
2421.200 1.858
2421.300 1.875
2421.400 1.877
2421.500 1.883
2421.600 1.888
2421.700 1.892
2421.800 1.904
2421.900 1.908
2422.000 1.921
2422.100 1.929
2422.200 1.947
2422.300 1.950
2422.400 1.958
2422.500 1.964
2422.600 1.980
2422.700 1.979
2422.800 1.997
2422.900 2.000
2423.000 2.012
2423.100 2.018
2423.200 2.020
2423.300 2.034
2423.400 2.040
2423.500 2.050
2423.600 2.073
2423.700 2.076
2423.800 2.085
2423.900 2.097
2424.000 2.105
2424.100 2.122
2424.200 2.131
2424.300 2.145
2424.400 2.152
2424.500 2.168
2424.600 2.177
2424.700 2.183
2424.800 2.184
2424.900 2.211
2425.000 2.212
2425.100 2.228
2425.200 2.231
2425.300 2.252
2425.400 2.258
2425.500 2.273
2425.600 2.295
2425.700 2.305
2425.800 2.312
2425.900 2.322
2426.000 2.336
2426.100 2.364
2426.200 2.372
2426.300 2.389
2426.400 2.395
2426.500 2.409
2426.600 2.425
2426.700 2.438
2426.800 2.453
2426.900 2.463
2427.000 2.488
2427.100 2.493
2427.200 2.511
2427.300 2.519
2427.400 2.542
2427.500 2.552
2427.600 2.587
2427.700 2.599
2427.800 2.627
2427.900 2.629
2428.000 2.652
2428.100 2.671
2428.200 2.677
2428.300 2.702
2428.400 2.711
2428.500 2.744
2428.600 2.771
2428.700 2.778
2428.800 2.805
2428.900 2.816
2429.000 2.836
2429.100 2.866
2429.200 2.877
2429.300 2.906
2429.400 2.920
2429.500 2.949
2429.600 2.961
2429.700 2.999
2429.800 3.022
2429.900 3.047
2430.000 3.075
2430.100 3.086
2430.200 3.123
2430.300 3.150
2430.400 3.166
2430.500 3.196
2430.600 3.211
2430.700 3.240
2430.800 3.291
2430.900 3.313
2431.000 3.408
2431.100 3.414
2431.200 3.451
2431.300 3.490
2431.400 3.510
2431.500 3.471
2431.600 3.496
2431.700 3.543
2431.800 3.588
2431.900 3.606
2432.000 3.651
2432.100 3.664
2432.200 3.711
2432.300 3.754
2432.400 3.773
2432.500 3.824
2432.600 3.843
2432.700 3.889
2432.800 3.942
2432.900 3.970
2433.000 4.016
2433.100 4.049
2433.200 4.089
2433.300 4.139
2433.400 4.165
2433.500 4.222
2433.600 4.253
2433.700 4.308
2433.800 4.355
2433.900 4.387
2434.000 4.443
2434.100 4.469
2434.200 4.531
2434.300 4.593
2434.400 4.614
2434.500 4.686
2434.600 4.711
2434.700 4.771
2434.800 4.828
2434.900 4.865
2435.000 4.924
2435.100 4.951
2435.200 5.011
2435.300 5.071
2435.400 5.106
2435.500 5.161
2435.600 5.195
2435.700 5.248
2435.800 5.316
2435.900 5.340
2436.000 5.401
2436.100 5.429
2436.200 5.485
2436.300 5.513
2436.400 5.564
2436.500 5.617
2436.600 5.641
2436.700 5.691
2436.800 5.718
2436.900 5.761
2437.000 5.793
2437.100 5.823
2437.200 5.856
2437.300 5.881
2437.400 5.901
2437.500 5.942
2437.600 5.951
2437.700 5.973
2437.800 5.981
2437.900 5.983
2438.000 5.981
2438.100 5.963
2438.200 5.967
2438.300 5.958
2438.400 5.935
2438.500 5.916
2438.600 5.900
2438.700 5.868
2438.800 5.866
2438.900 5.817
2439.000 5.790
2439.100 5.745
2439.200 5.706
2439.300 5.673
2439.400 5.629
2439.500 5.561
2439.600 5.545
2439.700 5.472
2439.800 5.444
2439.900 5.366
2440.000 5.304
2440.100 5.264
2440.200 5.201
2440.300 5.154
2440.400 5.076
2440.500 4.985
2440.600 4.936
2440.700 4.861
2440.800 4.819
2440.900 4.753
2441.000 4.709
2441.100 4.639
2441.200 4.547
2441.300 4.513
2441.400 4.429
2441.500 4.391
2441.600 4.302
2441.700 4.236
2441.800 4.201
2441.900 4.123
2442.000 4.048
2442.100 4.012
2442.200 3.975
2442.300 3.912
2442.400 3.841
2442.500 3.765
2442.600 3.732
2442.700 3.669
2442.800 3.632
2442.900 3.582
2443.000 3.515
2443.100 3.474
2443.200 3.417
2443.300 3.382
2443.400 3.326
2443.500 3.264
2443.600 3.239
2443.700 3.180
2443.800 3.162
2443.900 3.106
2444.000 3.064
2444.100 3.037
2444.200 2.977
2444.300 2.949
2444.400 2.903
2444.500 2.882
2444.600 2.831
2444.700 2.786
2444.800 2.757
2444.900 2.713
2445.000 2.689
2445.100 2.658
2445.200 2.617
2445.300 2.590
2445.400 2.554
2445.500 2.505
2445.600 2.487
2445.700 2.456
2445.800 2.436
2445.900 2.406
2446.000 2.361
2446.100 2.336
2446.200 2.298
2446.300 2.279
2446.400 2.248
2446.500 2.214
2446.600 2.197
2446.700 2.168
2446.800 2.151
2446.900 2.127
2447.000 2.098
2447.100 2.082
2447.200 2.045
2447.300 2.027
2447.400 2.001
2447.500 1.978
2447.600 1.965
2447.700 1.929
2447.800 1.924
2447.900 1.898
2448.000 1.892
2448.100 1.859
2448.200 1.832
2448.300 1.822
2448.400 1.800
2448.500 1.782
2448.600 1.772
2448.700 1.705
2448.800 1.678
2448.900 1.665
2449.000 1.649
2449.100 1.635
2449.200 1.631
2449.300 1.658
2449.400 1.618
2449.500 1.607
2449.600 1.585
2449.700 1.577
2449.800 1.559
2449.900 1.545
2450.000 1.540
2450.100 1.528
2450.200 1.496
2450.300 1.491
2450.400 1.468
2450.500 1.461
2450.600 1.439
2450.700 1.418
2450.800 1.415
2450.900 1.397
2451.000 1.392
2451.100 1.374
2451.200 1.357
2451.300 1.347
2451.400 1.334
2451.500 1.331
2451.600 1.317
2451.700 1.298
2451.800 1.291
2451.900 1.275
2452.000 1.271
2452.100 1.253
2452.200 1.240
2452.300 1.237
2452.400 1.224
2452.500 1.219
2452.600 1.205
2452.700 1.188
2452.800 1.181
2452.900 1.168
2453.000 1.159
2453.100 1.146
2453.200 1.139
2453.300 1.129
2453.400 1.121
2453.500 1.113
2453.600 1.097
2453.700 1.085
2453.800 1.074
2453.900 1.067
2454.000 1.060
2454.100 1.050
2454.200 1.034
2454.300 1.037
2454.400 1.022
2454.500 1.017
2454.600 1.003
2454.700 0.995
2454.800 0.990
2454.900 0.981
2455.000 0.978
2455.100 0.981
2455.200 0.964
2455.300 0.959
2455.400 0.943
2455.500 0.935
2455.600 0.932
2455.700 0.922
2455.800 0.914
2455.900 0.907
2456.000 0.900
2456.100 0.891
2456.200 0.881
2456.300 0.876
2456.400 0.872
2456.500 0.866
2456.600 0.863
2456.700 0.849
2456.800 0.848
2456.900 0.838
2457.000 0.838
2457.100 0.821
2457.200 0.814
2457.300 0.808
2457.400 0.805
2457.500 0.801
2457.600 0.795
2457.700 0.784
2457.800 0.786
2457.900 0.777
2458.000 0.774
2458.100 0.764
2458.200 0.757
2458.300 0.751
2458.400 0.747
2458.500 0.743
2458.600 0.736
2458.700 0.732
2458.800 0.722
2458.900 0.715
2459.000 0.714
2459.100 0.715
2459.200 0.701
2459.300 0.700
2459.400 0.694
2459.500 0.699
2459.600 0.683
2459.700 0.679
2459.800 0.673
2459.900 0.667
2460.000 0.662
2460.100 0.658
2460.200 0.654
2460.300 0.653
2460.400 0.640
2460.500 0.646
2460.600 0.636
2460.700 0.637
2460.800 0.629
2460.900 0.622
2461.000 0.618
2461.100 0.619
2461.200 0.613
2461.300 0.612
2461.400 0.601
2461.500 0.599
2461.600 0.596
2461.700 0.589
2461.800 0.584
2461.900 0.581
2462.000 0.581
2462.100 0.570
2462.200 0.573
2462.300 0.567
2462.400 0.560
2462.500 0.555
2462.600 0.553
2462.700 0.551
2462.800 0.550
2462.900 0.536
2463.000 0.538
2463.100 0.537
2463.200 0.529
2463.300 0.528
2463.400 0.524
2463.500 0.518
2463.600 0.515
2463.700 0.513
2463.800 0.507
2463.900 0.504
2464.000 0.501
2464.100 0.497
2464.200 0.492
2464.300 0.496
2464.400 0.487
2464.500 0.488
2464.600 0.480
2464.700 0.480
2464.800 0.473
2464.900 0.475
2465.000 0.472
2465.100 0.465
2465.200 0.464
2465.300 0.465
2465.400 0.459
2465.500 0.452
2465.600 0.452
2465.700 0.446
2465.800 0.443
2465.900 0.444
2466.000 0.439
2466.100 0.432
2466.200 0.432
2466.300 0.427
2466.400 0.429
2466.500 0.421
2466.600 0.421
2466.700 0.412
2466.800 0.413
2466.900 0.404
2467.000 0.409
2467.100 0.400
2467.200 0.401
2467.300 0.399
2467.400 0.402
2467.500 0.395
2467.600 0.395
2467.700 0.392
2467.800 0.391
2467.900 0.384
2468.000 0.385
2468.100 0.379
2468.200 0.377
2468.300 0.378
2468.400 0.373
2468.500 0.370
2468.600 0.366
2468.700 0.365
2468.800 0.363
2468.900 0.358
2469.000 0.358
2469.100 0.356
2469.200 0.356
2469.300 0.350
2469.400 0.347
2469.500 0.349
2469.600 0.345
2469.700 0.343
2469.800 0.345
2469.900 0.337
2470.000 0.336
2470.100 0.330
2470.200 0.328
2470.300 0.325
2470.400 0.328
2470.500 0.322
2470.600 0.320
2470.700 0.318
2470.800 0.317
2470.900 0.317
2471.000 0.312
2471.100 0.309
2471.200 0.311
2471.300 0.304
2471.400 0.303
2471.500 0.300
2471.600 0.305
2471.700 0.299
2471.800 0.299
2471.900 0.297
2472.000 0.297
2472.100 0.289
2472.200 0.288
2472.300 0.285
2472.400 0.284
2472.500 0.285
2472.600 0.283
2472.700 0.281
2472.800 0.277
2472.900 0.277
2473.000 0.273
2473.100 0.270
2473.200 0.266
2473.300 0.269
2473.400 0.266
2473.500 0.267
2473.600 0.260
2473.700 0.261
2473.800 0.258
2473.900 0.256
2474.000 0.255
2474.100 0.255
2474.200 0.253
2474.300 0.252
2474.400 0.248
2474.500 0.246
2474.600 0.242
2474.700 0.239
2474.800 0.239
2474.900 0.237
2475.000 0.237
2475.100 0.233
2475.200 0.236
2475.300 0.230
2475.400 0.233
2475.500 0.226
2475.600 0.228
2475.700 0.225
2475.800 0.226
2475.900 0.223
2476.000 0.219
2476.100 0.218
2476.200 0.220
2476.300 0.214
2476.400 0.215
2476.500 0.214
2476.600 0.211
2476.700 0.207
2476.800 0.209
2476.900 0.211
2477.000 0.202
2477.100 0.203
2477.200 0.204
2477.300 0.203
2477.400 0.201
2477.500 0.197
2477.600 0.195
2477.700 0.197
2477.800 0.192
2477.900 0.193
2478.000 0.190
2478.100 0.191
2478.200 0.187
2478.300 0.188
2478.400 0.183
2478.500 0.182
2478.600 0.180
2478.700 0.182
2478.800 0.180
2478.900 0.178
2479.000 0.175
2479.100 0.177
2479.200 0.172
2479.300 0.175
2479.400 0.171
2479.500 0.166
2479.600 0.172
2479.700 0.168
2479.800 0.167
2479.900 0.165
2480.000 0.161
2480.100 0.166
2480.200 0.162
2480.300 0.158
2480.400 0.160
2480.500 0.157
2480.600 0.154
2480.700 0.155
2480.800 0.155
2480.900 0.152
2481.000 0.153
2481.100 0.152
2481.200 0.148
2481.300 0.146
2481.400 0.145
2481.500 0.145
2481.600 0.143
2481.700 0.143
2481.800 0.144
2481.900 0.143
2482.000 0.139
2482.100 0.136
2482.200 0.136
2482.300 0.137
2482.400 0.133
2482.500 0.135
2482.600 0.132
2482.700 0.133
2482.800 0.133
2482.900 0.129
2483.000 0.126
2483.100 0.128
2483.200 0.125
2483.300 0.125
2483.400 0.123
2483.500 0.125
2483.600 0.122
2483.700 0.123
2483.800 0.117
2483.900 0.116
2484.000 0.116
2484.100 0.113
2484.200 0.115
2484.300 0.114
2484.400 0.113
2484.500 0.110
2484.600 0.111
2484.700 0.108
2484.800 0.105
2484.900 0.106
2485.000 0.106
2485.100 0.103
2485.200 0.105
2485.300 0.106
2485.400 0.102
2485.500 0.101
2485.600 0.100
2485.700 0.099
2485.800 0.103
2485.900 0.098
2486.000 0.096
2486.100 0.094
2486.200 0.093
2486.300 0.092
2486.400 0.092
2486.500 0.091
2486.600 0.092
2486.700 0.089
2486.800 0.089
2486.900 0.090
2487.000 0.085
2487.100 0.086
2487.200 0.083
2487.300 0.085
2487.400 0.083
2487.500 0.084
2487.600 0.082
2487.700 0.079
2487.800 0.079
2487.900 0.077
2488.000 0.077
2488.100 0.077
2488.200 0.076
2488.300 0.075
2488.400 0.073
2488.500 0.071
2488.600 0.070
2488.700 0.073
2488.800 0.070
2488.900 0.068
2489.000 0.070
2489.100 0.067
2489.200 0.067
2489.300 0.066
2489.400 0.064
2489.500 0.063
2489.600 0.064
2489.700 0.060
2489.800 0.060
2489.900 0.060
2490.000 0.059
2490.100 0.057
2490.200 0.059
2490.300 0.057
2490.400 0.058
2490.500 0.053
2490.600 0.055
2490.700 0.055
2490.800 0.053
2490.900 0.056
2491.000 0.050
2491.100 0.052
2491.200 0.049
2491.300 0.049
2491.400 0.047
2491.500 0.047
2491.600 0.045
2491.700 0.048
2491.800 0.044
2491.900 0.046
2492.000 0.043
2492.100 0.044
2492.200 0.043
2492.300 0.041
2492.400 0.041
2492.500 0.042
2492.600 0.041
2492.700 0.038
2492.800 0.038
2492.900 0.037
2493.000 0.036
2493.100 0.038
2493.200 0.037
2493.300 0.037
2493.400 0.035
2493.500 0.032
2493.600 0.036
2493.700 0.034
2493.800 0.034
2493.900 0.033
2494.000 0.030
2494.100 0.030
2494.200 0.029
2494.300 0.028
2494.400 0.029
2494.500 0.027
2494.600 0.028
2494.700 0.028
2494.800 0.028
2494.900 0.026
2495.000 0.025
2495.100 0.027
2495.200 0.025
2495.300 0.025
2495.400 0.024
2495.500 0.023
2495.600 0.024
2495.700 0.023
2495.800 0.022
2495.900 0.024
2496.000 0.022
2496.100 0.024
2496.200 0.022
2496.300 0.023
2496.400 0.020
2496.500 0.020
2496.600 0.019
2496.700 0.019
2496.800 0.020
2496.900 0.018
2497.000 0.018
2497.100 0.017
2497.200 0.018
2497.300 0.017
2497.400 0.020
2497.500 0.016
2497.600 0.017
2497.700 0.019
2497.800 0.017
2497.900 0.018
2498.000 0.016
2498.100 0.017
2498.200 0.019
2498.300 0.017
2498.400 0.021
2498.500 0.017
2498.600 0.017
2498.700 0.018
2498.800 0.018
2498.900 0.017
2499.000 0.017
2499.100 0.018
2499.200 0.019
2499.300 0.018
2499.400 0.019
2499.500 0.021
2499.600 0.018
2499.700 0.019
2499.800 0.019
2499.900 0.019
2500.000 0.020
