2200.100 0.002
2200.200 0.002
2200.300 0.744
2200.400 0.748
2200.500 0.738
2200.600 0.733
2200.700 0.723
2200.800 0.727
2200.900 0.713
2201.000 0.715
2201.100 0.704
2201.200 0.708
2201.300 0.712
2201.400 0.703
2201.500 0.707
2201.600 0.705
2201.700 0.697
2201.800 0.701
2201.900 0.695
2202.000 0.698
2202.100 0.697
2202.200 0.692
2202.300 0.695
2202.400 0.693
2202.500 0.696
2202.600 0.695
2202.700 0.694
2202.800 0.690
2202.900 0.687
2203.000 0.684
2203.100 0.684
2203.200 0.684
2203.300 0.682
2203.400 0.675
2203.500 0.678
2203.600 0.674
2203.700 0.666
2203.800 0.659
2203.900 0.648
2204.000 0.643
2204.100 0.630
2204.200 0.615
2204.300 0.607
2204.400 0.591
2204.500 0.582
2204.600 0.571
2204.700 0.548
2204.800 0.539
2204.900 0.521
2205.000 0.516
2205.100 0.495
2205.200 0.474
2205.300 0.460
2205.400 0.441
2205.500 0.430
2205.600 0.412
2205.700 0.391
2205.800 0.384
2205.900 0.364
2206.000 0.358
2206.100 0.347
2206.200 0.346
2206.300 0.340
2206.400 0.344
2206.500 0.341
2206.600 0.345
2206.700 0.346
2206.800 0.348
2206.900 0.345
2207.000 0.347
2207.100 0.346
2207.200 0.349
2207.300 0.347
2207.400 0.348
2207.500 0.350
2207.600 0.352
2207.700 0.351
2207.800 0.350
2207.900 0.353
2208.000 0.351
2208.100 0.355
2208.200 0.353
2208.300 0.352
2208.400 0.355
2208.500 0.355
2208.600 0.354
2208.700 0.356
2208.800 0.359
2208.900 0.359
2209.000 0.358
2209.100 0.361
2209.200 0.361
2209.300 0.363
2209.400 0.363
2209.500 0.360
2209.600 0.360
2209.700 0.362
2209.800 0.365
2209.900 0.366
2210.000 0.364
2210.100 0.366
2210.200 0.369
2210.300 0.367
2210.400 0.367
2210.500 0.365
2210.600 0.369
2210.700 0.366
2210.800 0.369
2210.900 0.371
2211.000 0.371
2211.100 0.370
2211.200 0.373
2211.300 0.372
2211.400 0.375
2211.500 0.375
2211.600 0.377
2211.700 0.374
2211.800 0.378
2211.900 0.379
2212.000 0.379
2212.100 0.379
2212.200 0.382
2212.300 0.381
2212.400 0.384
2212.500 0.386
2212.600 0.389
2212.700 0.393
2212.800 0.391
2212.900 0.389
2213.000 0.385
2213.100 0.392
2213.200 0.391
2213.300 0.392
2213.400 0.391
2213.500 0.392
2213.600 0.394
2213.700 0.397
2213.800 0.394
2213.900 0.401
2214.000 0.397
2214.100 0.398
2214.200 0.399
2214.300 0.399
2214.400 0.397
2214.500 0.402
2214.600 0.401
2214.700 0.397
2214.800 0.402
2214.900 0.401
2215.000 0.405
2215.100 0.406
2215.200 0.401
2215.300 0.401
2215.400 0.406
2215.500 0.408
2215.600 0.402
2215.700 0.405
2215.800 0.407
2215.900 0.406
2216.000 0.409
2216.100 0.408
2216.200 0.411
2216.300 0.411
2216.400 0.412
2216.500 0.411
2216.600 0.414
2216.700 0.414
2216.800 0.418
2216.900 0.415
2217.000 0.418
2217.100 0.417
2217.200 0.416
2217.300 0.419
2217.400 0.420
2217.500 0.419
2217.600 0.424
2217.700 0.422
2217.800 0.422
2217.900 0.421
2218.000 0.421
2218.100 0.424
2218.200 0.422
2218.300 0.428
2218.400 0.425
2218.500 0.427
2218.600 0.429
2218.700 0.427
2218.800 0.428
2218.900 0.429
2219.000 0.427
2219.100 0.432
2219.200 0.431
2219.300 0.434
2219.400 0.432
2219.500 0.436
2219.600 0.434
2219.700 0.433
2219.800 0.434
2219.900 0.434
2220.000 0.440
2220.100 0.439
2220.200 0.440
2220.300 0.440
2220.400 0.444
2220.500 0.441
2220.600 0.447
2220.700 0.445
2220.800 0.449
2220.900 0.444
2221.000 0.451
2221.100 0.450
2221.200 0.452
2221.300 0.448
2221.400 0.450
2221.500 0.450
2221.600 0.454
2221.700 0.451
2221.800 0.457
2221.900 0.459
2222.000 0.456
2222.100 0.455
2222.200 0.455
2222.300 0.458
2222.400 0.459
2222.500 0.460
2222.600 0.462
2222.700 0.464
2222.800 0.463
2222.900 0.468
2223.000 0.464
2223.100 0.467
2223.200 0.466
2223.300 0.471
2223.400 0.468
2223.500 0.472
2223.600 0.468
2223.700 0.469
2223.800 0.474
2223.900 0.475
2224.000 0.475
2224.100 0.478
2224.200 0.477
2224.300 0.478
2224.400 0.479
2224.500 0.479
2224.600 0.485
2224.700 0.483
2224.800 0.484
2224.900 0.483
2225.000 0.487
2225.100 0.484
2225.200 0.491
2225.300 0.490
2225.400 0.489
2225.500 0.489
2225.600 0.488
2225.700 0.491
2225.800 0.490
2225.900 0.496
2226.000 0.494
2226.100 0.497
2226.200 0.498
2226.300 0.498
2226.400 0.498
2226.500 0.503
2226.600 0.499
2226.700 0.500
2226.800 0.502
2226.900 0.503
2227.000 0.505
2227.100 0.509
2227.200 0.509
2227.300 0.511
2227.400 0.510
2227.500 0.511
2227.600 0.513
2227.700 0.516
2227.800 0.519
2227.900 0.517
2228.000 0.517
2228.100 0.523
2228.200 0.521
2228.300 0.526
2228.400 0.524
2228.500 0.524
2228.600 0.530
2228.700 0.524
2228.800 0.530
2228.900 0.526
2229.000 0.531
2229.100 0.531
2229.200 0.532
2229.300 0.532
2229.400 0.539
2229.500 0.533
2229.600 0.536
2229.700 0.535
2229.800 0.543
2229.900 0.541
2230.000 0.542
2230.100 0.542
2230.200 0.549
2230.300 0.554
2230.400 0.548
2230.500 0.551
2230.600 0.548
2230.700 0.549
2230.800 0.554
2230.900 0.554
2231.000 0.556
2231.100 0.559
2231.200 0.554
2231.300 0.563
2231.400 0.560
2231.500 0.565
2231.600 0.561
2231.700 0.568
2231.800 0.563
2231.900 0.568
2232.000 0.571
2232.100 0.574
2232.200 0.571
2232.300 0.573
2232.400 0.572
2232.500 0.577
2232.600 0.576
2232.700 0.583
2232.800 0.582
2232.900 0.578
2233.000 0.584
2233.100 0.586
2233.200 0.586
2233.300 0.588
2233.400 0.589
2233.500 0.589
2233.600 0.591
2233.700 0.592
2233.800 0.599
2233.900 0.597
2234.000 0.604
2234.100 0.600
2234.200 0.605
2234.300 0.602
2234.400 0.605
2234.500 0.605
2234.600 0.605
2234.700 0.608
2234.800 0.616
2234.900 0.614
2235.000 0.614
2235.100 0.614
2235.200 0.615
2235.300 0.620
2235.400 0.619
2235.500 0.623
2235.600 0.619
2235.700 0.626
2235.800 0.626
2235.900 0.630
2236.000 0.630
2236.100 0.631
2236.200 0.634
2236.300 0.633
2236.400 0.633
2236.500 0.641
2236.600 0.637
2236.700 0.639
2236.800 0.643
2236.900 0.643
2237.000 0.649
2237.100 0.650
2237.200 0.656
2237.300 0.653
2237.400 0.660
2237.500 0.657
2237.600 0.660
2237.700 0.660
2237.800 0.665
2237.900 0.665
2238.000 0.669
2238.100 0.670
2238.200 0.673
2238.300 0.669
2238.400 0.675
2238.500 0.676
2238.600 0.678
2238.700 0.675
2238.800 0.678
2238.900 0.684
2239.000 0.687
2239.100 0.686
2239.200 0.685
2239.300 0.694
2239.400 0.695
2239.500 0.701
2239.600 0.701
2239.700 0.701
2239.800 0.701
2239.900 0.706
2240.000 0.701
2240.100 0.709
2240.200 0.710
2240.300 0.713
2240.400 0.712
2240.500 0.715
2240.600 0.717
2240.700 0.722
2240.800 0.721
2240.900 0.721
2241.000 0.723
2241.100 0.725
2241.200 0.732
2241.300 0.735
2241.400 0.737
2241.500 0.742
2241.600 0.738
2241.700 0.740
2241.800 0.747
2241.900 0.747
2242.000 0.756
2242.100 0.752
2242.200 0.759
2242.300 0.758
2242.400 0.763
2242.500 0.761
2242.600 0.768
2242.700 0.765
2242.800 0.770
2242.900 0.772
2243.000 0.774
2243.100 0.769
2243.200 0.773
2243.300 0.776
2243.400 0.785
2243.500 0.785
2243.600 0.787
2243.700 0.796
2243.800 0.795
2243.900 0.795
2244.000 0.801
2244.100 0.803
2244.200 0.801
2244.300 0.804
2244.400 0.805
2244.500 0.811
2244.600 0.811
2244.700 0.811
2244.800 0.812
2244.900 0.825
2245.000 0.824
2245.100 0.830
2245.200 0.826
2245.300 0.829
2245.400 0.832
2245.500 0.841
2245.600 0.838
2245.700 0.842
2245.800 0.844
2245.900 0.848
2246.000 0.848
2246.100 0.850
2246.200 0.858
2246.300 0.858
2246.400 0.865
2246.500 0.865
2246.600 0.870
2246.700 0.870
2246.800 0.882
2246.900 0.878
2247.000 0.880
2247.100 0.882
2247.200 0.886
2247.300 0.885
2247.400 0.894
2247.500 0.894
2247.600 0.901
2247.700 0.900
2247.800 0.904
2247.900 0.906
2248.000 0.913
2248.100 0.915
2248.200 0.925
2248.300 0.924
2248.400 0.922
2248.500 0.925
2248.600 0.927
2248.700 0.930
2248.800 0.932
2248.900 0.940
2249.000 0.940
2249.100 0.947
2249.200 0.952
2249.300 0.959
2249.400 0.961
2249.500 0.966
2249.600 0.962
2249.700 0.970
2249.800 0.974
2249.900 0.983
2250.000 0.981
2250.100 0.987
2250.200 0.989
2250.300 0.990
2250.400 0.995
2250.500 1.000
2250.600 1.005
2250.700 1.006
2250.800 1.098
2250.900 1.082
2251.000 1.068
2251.100 1.074
2251.200 1.078
2251.300 1.071
2251.400 1.059
2251.500 1.049
2251.600 1.048
2251.700 1.050
2251.800 1.049
2251.900 1.050
2252.000 1.050
2252.100 1.057
2252.200 1.064
2252.300 1.066
2252.400 1.066
2252.500 1.073
2252.600 1.078
2252.700 1.092
2252.800 1.094
2252.900 1.097
2253.000 1.099
2253.100 1.114
2253.200 1.106
2253.300 1.119
2253.400 1.119
2253.500 1.126
2253.600 1.127
2253.700 1.134
2253.800 1.135
2253.900 1.138
2254.000 1.149
2254.100 1.156
2254.200 1.154
2254.300 1.166
2254.400 1.166
2254.500 1.171
2254.600 1.175
2254.700 1.180
2254.800 1.179
2254.900 1.183
2255.000 1.193
2255.100 1.210
2255.200 1.209
2255.300 1.211
2255.400 1.219
2255.500 1.220
2255.600 1.230
2255.700 1.237
2255.800 1.241
2255.900 1.245
2256.000 1.250
2256.100 1.259
2256.200 1.260
2256.300 1.265
2256.400 1.276
2256.500 1.280
2256.600 1.291
2256.700 1.292
2256.800 1.299
2256.900 1.306
2257.000 1.310
2257.100 1.315
2257.200 1.326
2257.300 1.327
2257.400 1.340
2257.500 1.342
2257.600 1.350
2257.700 1.359
2257.800 1.359
2257.900 1.366
2258.000 1.374
2258.100 1.386
2258.200 1.392
2258.300 1.393
2258.400 1.396
2258.500 1.412
2258.600 1.416
2258.700 1.422
2258.800 1.430
2258.900 1.441
2259.000 1.443
2259.100 1.458
2259.200 1.460
2259.300 1.472
2259.400 1.478
2259.500 1.481
2259.600 1.490
2259.700 1.493
2259.800 1.504
2259.900 1.513
2260.000 1.515
2260.100 1.529
2260.200 1.536
2260.300 1.542
2260.400 1.552
2260.500 1.556
2260.600 1.572
2260.700 1.573
2260.800 1.589
2260.900 1.600
2261.000 1.605
2261.100 1.612
2261.200 1.619
2261.300 1.632
2261.400 1.651
2261.500 1.658
2261.600 1.669
2261.700 1.672
2261.800 1.689
2261.900 1.692
2262.000 1.697
2262.100 1.704
2262.200 1.708
2262.300 1.726
2262.400 1.743
2262.500 1.746
2262.600 1.753
2262.700 1.763
2262.800 1.774
2262.900 1.794
2263.000 1.797
2263.100 1.810
2263.200 1.818
2263.300 1.837
2263.400 1.845
2263.500 1.854
2263.600 1.867
2263.700 1.882
2263.800 1.888
2263.900 1.893
2264.000 1.907
2264.100 1.927
2264.200 1.937
2264.300 1.945
2264.400 1.959
2264.500 1.975
2264.600 1.986
2264.700 1.994
2264.800 2.016
2264.900 2.037
2265.000 2.036
2265.100 2.055
2265.200 2.065
2265.300 2.079
2265.400 2.102
2265.500 2.113
2265.600 2.128
2265.700 2.134
2265.800 2.153
2265.900 2.170
2266.000 2.183
2266.100 2.200
2266.200 2.216
2266.300 2.228
2266.400 2.239
2266.500 2.253
2266.600 2.278
2266.700 2.284
2266.800 2.311
2266.900 2.318
2267.000 2.337
2267.100 2.359
2267.200 2.369
2267.300 2.398
2267.400 2.421
2267.500 2.431
2267.600 2.448
2267.700 2.460
2267.800 2.482
2267.900 2.512
2268.000 2.522
2268.100 2.538
2268.200 2.563
2268.300 2.584
2268.400 2.604
2268.500 2.627
2268.600 2.646
2268.700 2.671
2268.800 2.687
2268.900 2.719
2269.000 2.727
2269.100 2.759
2269.200 2.771
2269.300 2.801
2269.400 2.821
2269.500 2.843
2269.600 2.885
2269.700 2.896
2269.800 2.921
2269.900 2.950
2270.000 2.969
2270.100 2.994
2270.200 3.012
2270.300 3.046
2270.400 3.071
2270.500 3.088
2270.600 3.135
2270.700 3.149
2270.800 3.188
2270.900 3.219
2271.000 3.240
2271.100 3.282
2271.200 3.300
2271.300 3.348
2271.400 3.369
2271.500 3.408
2271.600 3.451
2271.700 3.474
2271.800 3.564
2271.900 3.621
2272.000 3.651
2272.100 3.698
2272.200 3.725
2272.300 3.740
2272.400 3.713
2272.500 3.771
2272.600 3.798
2272.700 3.848
2272.800 3.901
2272.900 3.921
2273.000 3.975
2273.100 4.030
2273.200 4.056
2273.300 4.115
2273.400 4.153
2273.500 4.205
2273.600 4.264
2273.700 4.282
2273.800 4.358
2273.900 4.384
2274.000 4.447
2274.100 4.516
2274.200 4.547
2274.300 4.608
2274.400 4.644
2274.500 4.713
2274.600 4.783
2274.700 4.819
2274.800 4.897
2274.900 4.942
2275.000 5.003
2275.100 5.078
2275.200 5.115
2275.300 5.201
2275.400 5.234
2275.500 5.326
2275.600 5.354
2275.700 5.436
2275.800 5.511
2275.900 5.553
2276.000 5.634
2276.100 5.714
2276.200 5.748
2276.300 5.845
2276.400 5.882
2276.500 5.964
2276.600 6.003
2276.700 6.074
2276.800 6.157
2276.900 6.186
2277.000 6.264
2277.100 6.335
2277.200 6.388
2277.300 6.454
2277.400 6.489
2277.500 6.541
2277.600 6.600
2277.700 6.626
2277.800 6.689
2277.900 6.711
2278.000 6.753
2278.100 6.784
2278.200 6.801
2278.300 6.819
2278.400 6.843
2278.500 6.854
2278.600 6.845
2278.700 6.836
2278.800 6.814
2278.900 6.809
2279.000 6.767
2279.100 6.732
2279.200 6.700
2279.300 6.655
2279.400 6.616
2279.500 6.544
2279.600 6.453
2279.700 6.411
2279.800 6.301
2279.900 6.265
2280.000 6.147
2280.100 6.030
2280.200 5.969
2280.300 5.864
2280.400 5.813
2280.500 5.705
2280.600 5.587
2280.700 5.541
2280.800 5.435
2280.900 5.384
2281.000 5.289
2281.100 5.220
2281.200 5.180
2281.300 5.136
2281.400 5.101
2281.500 5.047
2281.600 5.004
2281.700 4.991
2281.800 4.975
2281.900 4.974
2282.000 4.974
2282.100 4.987
2282.200 4.996
2282.300 5.016
2282.400 5.035
2282.500 5.064
2282.600 5.100
2282.700 5.119
2282.800 5.164
2282.900 5.185
2283.000 5.224
2283.100 5.247
2283.200 5.286
2283.300 5.333
2283.400 5.348
2283.500 5.376
2283.600 5.389
2283.700 5.419
2283.800 5.446
2283.900 5.440
2284.000 5.435
2284.100 5.428
2284.200 5.420
2284.300 5.391
2284.400 5.373
2284.500 5.334
2284.600 5.303
2284.700 5.251
2284.800 5.184
2284.900 5.162
2285.000 5.080
2285.100 5.038
2285.200 4.948
2285.300 4.860
2285.400 4.809
2285.500 4.740
2285.600 4.685
2285.700 4.601
2285.800 4.503
2285.900 4.459
2286.000 4.375
2286.100 4.336
2286.200 4.261
2286.300 4.220
2286.400 4.162
2286.500 4.083
2286.600 4.057
2286.700 3.988
2286.800 3.944
2286.900 3.918
2287.000 3.880
2287.100 3.865
2287.200 3.828
2287.300 3.800
2287.400 3.786
2287.500 3.773
2287.600 3.770
2287.700 3.763
2287.800 3.759
2287.900 3.751
2288.000 3.741
2288.100 3.742
2288.200 3.731
2288.300 3.732
2288.400 3.721
2288.500 3.724
2288.600 3.717
2288.700 3.712
2288.800 3.710
2288.900 3.714
2289.000 3.709
2289.100 3.709
2289.200 3.691
2289.300 3.693
2289.400 3.690
2289.500 3.688
2289.600 3.679
2289.700 3.669
2289.800 3.654
2289.900 3.654
2290.000 3.639
2290.100 3.631
2290.200 3.626
2290.300 3.610
2290.400 3.605
2290.500 3.591
2290.600 3.583
2290.700 3.567
2290.800 3.558
2290.900 3.549
2291.000 3.503
2291.100 3.485
2291.200 3.472
2291.300 3.447
2291.400 3.435
2291.500 3.426
2291.600 3.445
2291.700 3.415
2291.800 3.410
2291.900 3.389
2292.000 3.371
2292.100 3.360
2292.200 3.345
2292.300 3.319
2292.400 3.313
2292.500 3.284
2292.600 3.272
2292.700 3.255
2292.800 3.238
2292.900 3.227
2293.000 3.211
2293.100 3.199
2293.200 3.177
2293.300 3.157
2293.400 3.148
2293.500 3.126
2293.600 3.110
2293.700 3.101
2293.800 3.072
2293.900 3.074
2294.000 3.050
2294.100 3.042
2294.200 3.016
2294.300 2.998
2294.400 2.987
2294.500 2.974
2294.600 2.963
2294.700 2.944
2294.800 2.922
2294.900 2.909
2295.000 2.904
2295.100 2.888
2295.200 2.881
2295.300 2.861
2295.400 2.845
2295.500 2.831
2295.600 2.816
2295.700 2.795
2295.800 2.788
2295.900 2.771
2296.000 2.758
2296.100 2.748
2296.200 2.735
2296.300 2.722
2296.400 2.712
2296.500 2.695
2296.600 2.682
2296.700 2.673
2296.800 2.661
2296.900 2.653
2297.000 2.633
2297.100 2.626
2297.200 2.606
2297.300 2.609
2297.400 2.590
2297.500 2.575
2297.600 2.568
2297.700 2.563
2297.800 2.553
2297.900 2.538
2298.000 2.515
2298.100 2.511
2298.200 2.493
2298.300 2.493
2298.400 2.473
2298.500 2.465
2298.600 2.455
2298.700 2.449
2298.800 2.436
2298.900 2.426
2299.000 2.420
2299.100 2.404
2299.200 2.399
2299.300 2.389
2299.400 2.374
2299.500 2.362
2299.600 2.361
2299.700 2.352
2299.800 2.352
2299.900 2.335
2300.000 2.320
2300.100 2.310
2300.200 2.297
2300.300 2.293
2300.400 2.285
2300.500 2.271
2300.600 2.270
2300.700 2.253
2300.800 2.252
2300.900 2.235
2301.000 2.235
2301.100 2.225
2301.200 2.220
2301.300 2.207
2301.400 2.199
2301.500 2.192
2301.600 2.182
2301.700 2.179
2301.800 2.171
2301.900 2.158
2302.000 2.150
2302.100 2.152
2302.200 2.138
2302.300 2.137
2302.400 2.122
2302.500 2.120
2302.600 2.108
2302.700 2.104
2302.800 2.093
2302.900 2.093
2303.000 2.084
2303.100 2.075
2303.200 2.060
2303.300 2.054
2303.400 2.047
2303.500 2.043
2303.600 2.038
2303.700 2.043
2303.800 2.028
2303.900 2.017
2304.000 2.014
2304.100 2.006
2304.200 1.994
2304.300 1.988
2304.400 1.984
2304.500 1.975
2304.600 1.965
2304.700 1.956
2304.800 1.960
2304.900 1.951
2305.000 1.947
2305.100 1.935
2305.200 1.939
2305.300 1.934
2305.400 1.927
2305.500 1.918
2305.600 1.908
2305.700 1.902
2305.800 1.895
2305.900 1.895
2306.000 1.898
2306.100 1.882
2306.200 1.878
2306.300 1.869
2306.400 1.861
2306.500 1.870
2306.600 1.856
2306.700 1.848
2306.800 1.841
2306.900 1.838
2307.000 1.830
2307.100 1.826
2307.200 1.815
2307.300 1.826
2307.400 1.817
2307.500 1.807
2307.600 1.806
2307.700 1.797
2307.800 1.789
2307.900 1.788
2308.000 1.781
2308.100 1.775
2308.200 1.768
2308.300 1.767
2308.400 1.765
2308.500 1.757
2308.600 1.749
2308.700 1.744
2308.800 1.741
2308.900 1.726
2309.000 1.731
2309.100 1.718
2309.200 1.719
2309.300 1.716
2309.400 1.711
2309.500 1.713
2309.600 1.705
2309.700 1.700
2309.800 1.699
2309.900 1.694
2310.000 1.690
2310.100 1.685
2310.200 1.680
2310.300 1.680
2310.400 1.665
2310.500 1.675
2310.600 1.666
2310.700 1.660
2310.800 1.659
2310.900 1.665
2311.000 1.657
2311.100 1.654
2311.200 1.645
2311.300 1.641
2311.400 1.638
2311.500 1.634
2311.600 1.631
2311.700 1.623
2311.800 1.618
2311.900 1.615
2312.000 1.617
2312.100 1.613
2312.200 1.610
2312.300 1.606
2312.400 1.608
2312.500 1.603
2312.600 1.594
2312.700 1.586
2312.800 1.585
2312.900 1.578
2313.000 1.576
2313.100 1.573
2313.200 1.577
2313.300 1.568
2313.400 1.569
2313.500 1.569
2313.600 1.563
2313.700 1.560
2313.800 1.552
2313.900 1.558
2314.000 1.545
2314.100 1.551
2314.200 1.540
2314.300 1.537
2314.400 1.533
2314.500 1.535
2314.600 1.527
2314.700 1.525
2314.800 1.518
2314.900 1.515
2315.000 1.513
2315.100 1.512
2315.200 1.513
2315.300 1.504
2315.400 1.501
2315.500 1.503
2315.600 1.493
2315.700 1.498
2315.800 1.490
2315.900 1.486
2316.000 1.484
2316.100 1.488
2316.200 1.478
2316.300 1.488
2316.400 1.479
2316.500 1.472
2316.600 1.476
2316.700 1.469
2316.800 1.464
2316.900 1.462
2317.000 1.456
2317.100 1.451
2317.200 1.454
2317.300 1.448
2317.400 1.447
2317.500 1.442
2317.600 1.439
2317.700 1.434
2317.800 1.440
2317.900 1.433
2318.000 1.434
2318.100 1.426
2318.200 1.426
2318.300 1.425
2318.400 1.421
2318.500 1.417
2318.600 1.418
2318.700 1.418
2318.800 1.410
2318.900 1.405
2319.000 1.404
2319.100 1.402
2319.200 1.399
2319.300 1.404
2319.400 1.402
2319.500 1.397
2319.600 1.393
2319.700 1.398
2319.800 1.390
2319.900 1.397
2320.000 1.389
2320.100 1.386
2320.200 1.385
2320.300 1.387
2320.400 1.380
2320.500 1.379
2320.600 1.377
2320.700 1.376
2320.800 1.369
2320.900 1.366
2321.000 1.359
2321.100 1.358
2321.200 1.353
2321.300 1.353
2321.400 1.353
2321.500 1.348
2321.600 1.345
2321.700 1.344
2321.800 1.341
2321.900 1.341
2322.000 1.341
2322.100 1.335
2322.200 1.343
2322.300 1.333
2322.400 1.334
2322.500 1.332
2322.600 1.333
2322.700 1.326
2322.800 1.326
2322.900 1.322
2323.000 1.318
2323.100 1.315
2323.200 1.314
2323.300 1.313
2323.400 1.313
2323.500 1.316
2323.600 1.308
2323.700 1.310
2323.800 1.301
2323.900 1.310
2324.000 1.306
2324.100 1.308
2324.200 1.301
2324.300 1.303
2324.400 1.294
2324.500 1.303
2324.600 1.297
2324.700 1.297
2324.800 1.287
2324.900 1.284
2325.000 1.284
2325.100 1.282
2325.200 1.281
2325.300 1.279
2325.400 1.278
2325.500 1.272
2325.600 1.274
2325.700 1.272
2325.800 1.274
2325.900 1.270
2326.000 1.268
2326.100 1.266
2326.200 1.262
2326.300 1.257
2326.400 1.261
2326.500 1.261
2326.600 1.263
2326.700 1.259
2326.800 1.260
2326.900 1.255
2327.000 1.250
2327.100 1.254
2327.200 1.248
2327.300 1.246
2327.400 1.244
2327.500 1.244
2327.600 1.240
2327.700 1.244
2327.800 1.237
2327.900 1.243
2328.000 1.235
2328.100 1.232
2328.200 1.233
2328.300 1.236
2328.400 1.234
2328.500 1.233
2328.600 1.226
2328.700 1.228
2328.800 1.215
2328.900 1.217
2329.000 1.218
2329.100 1.225
2329.200 1.219
2329.300 1.222
2329.400 1.218
2329.500 1.216
2329.600 1.210
2329.700 1.211
2329.800 1.206
2329.900 1.203
2330.000 1.207
2330.100 1.202
2330.200 1.207
2330.300 1.202
2330.400 1.199
2330.500 1.197
2330.600 1.201
2330.700 1.199
2330.800 1.192
2330.900 1.192
2331.000 1.191
2331.100 1.186
2331.200 1.186
2331.300 1.186
2331.400 1.183
2331.500 1.189
2331.600 1.178
2331.700 1.179
2331.800 1.181
2331.900 1.182
2332.000 1.173
2332.100 1.175
2332.200 1.178
2332.300 1.178
2332.400 1.176
2332.500 1.170
2332.600 1.165
2332.700 1.171
2332.800 1.169
2332.900 1.168
2333.000 1.170
2333.100 1.175
2333.200 1.171
2333.300 1.167
2333.400 1.164
2333.500 1.160
2333.600 1.158
2333.700 1.155
2333.800 1.162
2333.900 1.157
2334.000 1.159
2334.100 1.154
2334.200 1.161
2334.300 1.157
2334.400 1.160
2334.500 1.149
2334.600 1.145
2334.700 1.142
2334.800 1.149
2334.900 1.151
2335.000 1.151
2335.100 1.141
2335.200 1.139
2335.300 1.138
2335.400 1.142
2335.500 1.140
2335.600 1.139
2335.700 1.138
2335.800 1.140
2335.900 1.139
2336.000 1.139
2336.100 1.131
2336.200 1.133
2336.300 1.134
2336.400 1.127
2336.500 1.130
2336.600 1.126
2336.700 1.126
2336.800 1.124
2336.900 1.124
2337.000 1.120
2337.100 1.120
2337.200 1.114
2337.300 1.118
2337.400 1.116
2337.500 1.121
2337.600 1.115
2337.700 1.114
2337.800 1.109
2337.900 1.113
2338.000 1.110
2338.100 1.108
2338.200 1.106
2338.300 1.113
2338.400 1.112
2338.500 1.106
2338.600 1.109
2338.700 1.104
2338.800 1.109
2338.900 1.108
2339.000 1.106
2339.100 1.103
2339.200 1.100
2339.300 1.097
2339.400 1.105
2339.500 1.103
2339.600 1.101
2339.700 1.098
2339.800 1.094
2339.900 1.090
2340.000 1.096
2340.100 1.096
2340.200 1.102
2340.300 1.096
2340.400 1.098
2340.500 1.095
2340.600 1.092
2340.700 1.091
2340.800 1.097
2340.900 1.094
2341.000 1.095
2341.100 1.094
2341.200 1.091
2341.300 1.094
2341.400 1.093
2341.500 1.090
2341.600 1.090
2341.700 1.093
2341.800 1.089
2341.900 1.087
2342.000 1.086
2342.100 1.091
2342.200 1.085
2342.300 1.086
2342.400 1.083
2342.500 1.083
2342.600 1.081
2342.700 1.084
2342.800 1.076
2342.900 1.077
2343.000 1.078
2343.100 1.074
2343.200 1.075
2343.300 1.073
2343.400 1.072
2343.500 1.072
2343.600 1.067
2343.700 1.070
2343.800 1.070
2343.900 1.070
2344.000 1.067
2344.100 1.065
2344.200 1.066
2344.300 1.063
2344.400 1.070
2344.500 1.067
2344.600 1.070
2344.700 1.066
2344.800 1.069
2344.900 1.067
2345.000 1.063
2345.100 1.065
2345.200 1.069
2345.300 1.062
2345.400 1.060
2345.500 1.060
2345.600 1.058
2345.700 1.059
2345.800 1.061
2345.900 1.057
2346.000 1.057
2346.100 1.056
2346.200 1.070
2346.300 1.067
2346.400 1.058
2346.500 1.058
2346.600 1.055
2346.700 1.060
2346.800 1.049
2346.900 1.056
2347.000 1.052
2347.100 1.054
2347.200 1.054
2347.300 1.056
2347.400 1.052
2347.500 1.054
2347.600 1.051
2347.700 1.049
2347.800 1.050
2347.900 1.046
2348.000 1.050
2348.100 1.047
2348.200 1.042
2348.300 1.048
2348.400 1.045
2348.500 1.043
2348.600 1.047
2348.700 1.040
2348.800 1.047
2348.900 1.043
2349.000 1.048
2349.100 1.037
2349.200 1.037
2349.300 1.036
2349.400 1.047
2349.500 1.042
2349.600 1.039
2349.700 1.038
2349.800 1.037
2349.900 1.034
2350.000 1.047
2350.100 1.040
2350.200 1.036
2350.300 1.035
2350.400 1.034
2350.500 1.032
2350.600 1.034
2350.700 1.029
2350.800 1.030
2350.900 1.031
2351.000 1.026
2351.100 1.035
2351.200 1.032
2351.300 1.036
2351.400 1.032
2351.500 1.030
2351.600 1.029
2351.700 1.030
2351.800 1.027
2351.900 1.031
2352.000 1.025
2352.100 1.026
2352.200 1.025
2352.300 1.025
2352.400 1.024
2352.500 1.025
2352.600 1.023
2352.700 1.024
2352.800 1.030
2352.900 1.024
2353.000 1.027
2353.100 1.024
2353.200 1.021
2353.300 1.023
2353.400 1.026
2353.500 1.021
2353.600 1.028
2353.700 1.117
2353.800 1.105
2353.900 1.089
2354.000 1.070
2354.100 1.051
2354.200 1.033
2354.300 1.029
2354.400 1.023
2354.500 1.015
2354.600 1.021
2354.700 1.021
2354.800 1.019
2354.900 1.020
2355.000 1.019
2355.100 1.012
2355.200 1.014
2355.300 1.015
2355.400 1.015
2355.500 1.014
2355.600 1.014
2355.700 1.020
2355.800 1.013
2355.900 1.014
2356.000 1.013
2356.100 1.028
2356.200 1.011
2356.300 1.125
2356.400 1.114
2356.500 1.095
2356.600 1.072
2356.700 1.047
2356.800 1.039
2356.900 1.029
2357.000 1.015
2357.100 1.011
2357.200 1.006
2357.300 1.008
2357.400 1.002
2357.500 1.001
2357.600 1.002
2357.700 0.998
2357.800 1.002
2357.900 0.998
2358.000 0.994
2358.100 0.996
2358.200 0.998
2358.300 0.998
2358.400 0.995
2358.500 0.998
2358.600 0.996
2358.700 0.994
2358.800 0.998
2358.900 0.993
2359.000 0.993
2359.100 0.989
2359.200 0.996
2359.300 0.994
2359.400 0.997
2359.500 0.997
2359.600 0.993
2359.700 0.993
2359.800 0.993
2359.900 0.992
2360.000 0.993
2360.100 0.995
2360.200 0.995
2360.300 0.997
2360.400 0.994
2360.500 0.990
2360.600 0.991
2360.700 0.993
2360.800 0.994
2360.900 0.996
2361.000 0.990
2361.100 0.996
2361.200 0.990
2361.300 0.993
2361.400 0.994
2361.500 0.994
2361.600 0.992
2361.700 1.001
2361.800 0.998
2361.900 1.000
2362.000 0.996
2362.100 0.992
2362.200 0.994
2362.300 0.991
2362.400 0.992
2362.500 0.993
2362.600 0.991
2362.700 0.993
2362.800 0.992
2362.900 0.992
2363.000 0.994
2363.100 1.003
2363.200 0.995
2363.300 0.994
2363.400 0.991
2363.500 0.994
2363.600 0.995
2363.700 0.993
2363.800 1.000
2363.900 0.992
2364.000 0.998
2364.100 0.995
2364.200 0.994
2364.300 0.992
2364.400 1.000
2364.500 0.998
2364.600 0.997
2364.700 0.992
2364.800 0.993
2364.900 0.994
2365.000 0.992
2365.100 0.989
2365.200 0.994
2365.300 0.990
2365.400 0.991
2365.500 0.992
2365.600 0.992
2365.700 0.989
2365.800 0.990
2365.900 0.990
2366.000 0.991
2366.100 0.996
2366.200 0.992
2366.300 0.993
2366.400 0.990
2366.500 0.995
2366.600 0.990
2366.700 0.993
2366.800 0.993
2366.900 0.993
2367.000 0.989
2367.100 0.996
2367.200 0.991
2367.300 0.990
2367.400 0.990
2367.500 0.990
2367.600 0.991
2367.700 0.991
2367.800 0.991
2367.900 0.990
2368.000 0.994
2368.100 0.991
2368.200 0.997
2368.300 1.014
2368.400 1.000
2368.500 0.999
2368.600 0.996
2368.700 0.995
2368.800 0.998
2368.900 0.995
2369.000 0.997
2369.100 0.994
2369.200 0.990
2369.300 0.992
2369.400 0.992
2369.500 0.991
2369.600 0.995
2369.700 0.995
2369.800 0.994
2369.900 0.992
2370.000 0.993
2370.100 0.992
2370.200 0.995
2370.300 0.995
2370.400 0.993
2370.500 0.995
2370.600 0.991
2370.700 0.993
2370.800 0.992
2370.900 0.992
2371.000 0.994
2371.100 0.994
2371.200 0.996
2371.300 1.012
2371.400 1.025
2371.500 1.025
2371.600 1.013
2371.700 1.003
2371.800 1.002
2371.900 1.004
2372.000 1.001
2372.100 1.001
2372.200 1.027
2372.300 1.042
2372.400 1.026
2372.500 1.018
2372.600 1.012
2372.700 1.014
2372.800 1.006
2372.900 0.997
2373.000 1.005
2373.100 1.002
2373.200 1.003
2373.300 1.012
2373.400 1.018
2373.500 1.016
2373.600 1.003
2373.700 1.004
2373.800 1.004
2373.900 1.003
2374.000 1.004
2374.100 1.004
2374.200 1.004
2374.300 1.001
2374.400 0.997
2374.500 1.001
2374.600 1.000
2374.700 1.004
2374.800 1.003
2374.900 1.005
2375.000 1.004
2375.100 1.007
2375.200 1.006
2375.300 1.007
2375.400 1.005
2375.500 1.005
2375.600 1.003
2375.700 1.008
2375.800 1.010
2375.900 1.014
2376.000 1.013
2376.100 1.011
2376.200 1.023
2376.300 1.025
2376.400 1.021
2376.500 1.012
2376.600 1.021
2376.700 1.015
2376.800 1.016
2376.900 1.013
2377.000 1.015
2377.100 1.008
2377.200 1.008
2377.300 1.011
2377.400 1.019
2377.500 1.015
2377.600 1.013
2377.700 1.015
2377.800 1.015
2377.900 1.011
2378.000 1.013
2378.100 1.011
2378.200 1.012
2378.300 1.013
2378.400 1.010
2378.500 1.012
2378.600 1.013
2378.700 1.013
2378.800 1.019
2378.900 1.017
2379.000 1.016
2379.100 1.014
2379.200 1.020
2379.300 1.016
2379.400 1.022
2379.500 1.015
2379.600 1.020
2379.700 1.022
2379.800 1.022
2379.900 1.021
2380.000 1.025
2380.100 1.022
2380.200 1.028
2380.300 1.025
2380.400 1.025
2380.500 1.022
2380.600 1.021
2380.700 1.021
2380.800 1.030
2380.900 1.024
2381.000 1.023
2381.100 1.024
2381.200 1.020
2381.300 1.022
2381.400 1.028
2381.500 1.024
2381.600 1.022
2381.700 1.038
2381.800 1.027
2381.900 1.032
2382.000 1.030
2382.100 1.031
2382.200 1.028
2382.300 1.035
2382.400 1.039
2382.500 1.105
2382.600 1.069
2382.700 1.034
2382.800 1.069
2382.900 1.060
2383.000 1.084
2383.100 2.921
2383.200 2.083
2383.300 1.580
2383.400 1.478
2383.500 1.320
2383.600 1.202
2383.700 1.166
2383.800 1.100
2383.900 1.070
2384.000 1.041
2384.100 1.623
2384.200 1.364
2384.300 1.299
2384.400 1.227
2384.500 1.148
2384.600 1.080
2384.700 1.074
2384.800 1.062
2384.900 1.047
2385.000 1.045
2385.100 1.039
2385.200 1.043
2385.300 1.036
2385.400 1.043
2385.500 1.037
2385.600 1.041
2385.700 1.057
2385.800 1.110
2385.900 1.096
2386.000 1.080
2386.100 1.068
2386.200 1.062
2386.300 1.053
2386.400 1.051
2386.500 1.043
2386.600 1.043
2386.700 1.047
2386.800 1.040
2386.900 1.045
2387.000 1.044
2387.100 1.046
2387.200 1.047
2387.300 1.055
2387.400 1.050
2387.500 1.048
2387.600 1.050
2387.700 1.047
2387.800 1.048
2387.900 1.048
2388.000 1.047
2388.100 1.051
2388.200 1.053
2388.300 1.053
2388.400 1.052
2388.500 1.054
2388.600 1.055
2388.700 1.056
2388.800 1.059
2388.900 1.058
2389.000 1.057
2389.100 1.056
2389.200 1.064
2389.300 1.067
2389.400 1.072
2389.500 1.064
2389.600 1.066
2389.700 1.067
2389.800 1.065
2389.900 1.067
2390.000 1.069
2390.100 1.067
2390.200 1.068
2390.300 1.066
2390.400 1.078
2390.500 1.075
2390.600 1.072
2390.700 1.076
2390.800 1.071
2390.900 1.075
2391.000 1.083
2391.100 1.094
2391.200 1.088
2391.300 1.082
2391.400 1.080
2391.500 1.082
2391.600 1.079
2391.700 1.081
2391.800 1.078
2391.900 1.079
2392.000 1.084
2392.100 1.082
2392.200 1.083
2392.300 1.085
2392.400 1.087
2392.500 1.088
2392.600 1.084
2392.700 1.084
2392.800 1.088
2392.900 1.093
2393.000 1.094
2393.100 1.091
2393.200 1.097
2393.300 1.101
2393.400 1.098
2393.500 1.111
2393.600 1.118
2393.700 1.109
2393.800 1.106
2393.900 1.107
2394.000 1.125
2394.100 1.111
2394.200 1.117
2394.300 1.128
2394.400 1.120
2394.500 1.109
2394.600 1.114
2394.700 1.112
2394.800 1.114
2394.900 1.113
2395.000 1.112
2395.100 1.114
2395.200 1.113
2395.300 1.115
2395.400 1.113
2395.500 1.119
2395.600 1.111
2395.700 1.117
2395.800 1.113
2395.900 1.119
2396.000 1.117
2396.100 1.118
2396.200 1.122
2396.300 1.125
2396.400 1.126
2396.500 1.132
2396.600 1.126
2396.700 1.134
2396.800 1.130
2396.900 1.126
2397.000 1.131
2397.100 1.132
2397.200 1.138
2397.300 1.136
2397.400 1.139
2397.500 1.135
2397.600 1.144
2397.700 1.140
2397.800 1.146
2397.900 1.145
2398.000 1.143
2398.100 1.143
2398.200 1.151
2398.300 1.150
2398.400 1.151
2398.500 1.165
2398.600 1.243
2398.700 1.234
2398.800 1.208
2398.900 1.215
2399.000 1.198
2399.100 1.191
2399.200 1.179
2399.300 1.173
2399.400 1.185
2399.500 1.182
2399.600 1.167
2399.700 1.212
2399.800 1.194
2399.900 1.179
2400.000 1.178
2400.100 1.181
2400.200 1.176
2400.300 1.175
2400.400 1.179
2400.500 1.182
2400.600 1.179
2400.700 1.202
2400.800 1.275
2400.900 1.266
2401.000 1.244
2401.100 1.234
2401.200 1.215
2401.300 1.205
2401.400 1.207
2401.500 1.215
2401.600 1.229
2401.700 1.213
2401.800 1.200
2401.900 1.207
2402.000 1.211
2402.100 1.208
2402.200 1.211
2402.300 1.209
2402.400 1.215
2402.500 1.211
2402.600 1.219
2402.700 1.220
2402.800 1.218
2402.900 1.217
2403.000 1.216
2403.100 1.218
2403.200 1.226
2403.300 1.223
2403.400 1.228
2403.500 1.235
2403.600 1.234
2403.700 1.228
2403.800 1.232
2403.900 1.239
2404.000 1.242
2404.100 1.241
2404.200 1.243
2404.300 1.241
2404.400 1.242
2404.500 1.251
2404.600 1.255
2404.700 1.257
2404.800 1.258
2404.900 1.261
2405.000 1.260
2405.100 1.262
2405.200 1.263
2405.300 1.264
2405.400 1.264
2405.500 1.271
2405.600 1.270
2405.700 1.271
2405.800 1.280
2405.900 1.299
2406.000 1.294
2406.100 1.293
2406.200 1.293
2406.300 1.289
2406.400 1.298
2406.500 1.298
2406.600 1.294
2406.700 1.293
2406.800 1.298
2406.900 1.296
2407.000 1.299
2407.100 1.301
2407.200 1.321
2407.300 1.320
2407.400 1.324
2407.500 1.318
2407.600 1.322
2407.700 1.348
2407.800 1.348
2407.900 1.334
2408.000 1.335
2408.100 1.337
2408.200 1.336
2408.300 1.336
2408.400 1.343
2408.500 1.345
2408.600 1.341
2408.700 1.346
2408.800 1.343
2408.900 1.353
2409.000 1.354
2409.100 1.360
2409.200 1.367
2409.300 1.369
2409.400 1.368
2409.500 1.385
2409.600 1.389
2409.700 1.379
2409.800 1.373
2409.900 1.384
2410.000 1.400
2410.100 1.394
2410.200 1.388
2410.300 1.386
2410.400 1.393
2410.500 1.394
2410.600 1.391
2410.700 1.403
2410.800 1.411
2410.900 1.431
2411.000 1.419
2411.100 1.416
2411.200 1.416
2411.300 1.412
2411.400 1.417
2411.500 1.420
2411.600 1.429
2411.700 1.428
2411.800 1.436
2411.900 1.436
2412.000 1.437
2412.100 1.438
2412.200 1.445
2412.300 1.445
2412.400 1.455
2412.500 1.455
2412.600 1.461
2412.700 1.457
2412.800 1.460
2412.900 1.462
2413.000 1.474
2413.100 1.471
2413.200 1.477
2413.300 1.483
2413.400 1.486
2413.500 1.490
2413.600 1.485
2413.700 1.498
2413.800 1.501
2413.900 1.505
2414.000 1.508
2414.100 1.513
2414.200 1.508
2414.300 1.519
2414.400 1.520
2414.500 1.529
2414.600 1.526
2414.700 1.532
2414.800 1.536
2414.900 1.547
2415.000 1.546
2415.100 1.552
2415.200 1.554
2415.300 1.557
2415.400 1.567
2415.500 1.566
2415.600 1.573
2415.700 1.576
2415.800 1.574
2415.900 1.606
2416.000 1.616
2416.100 1.606
2416.200 1.609
2416.300 1.635
2416.400 1.640
2416.500 1.629
2416.600 1.628
2416.700 1.626
2416.800 1.633
2416.900 1.633
2417.000 1.644
2417.100 1.646
2417.200 1.657
2417.300 1.656
2417.400 1.656
2417.500 1.657
2417.600 1.674
2417.700 1.670
2417.800 1.674
2417.900 1.677
2418.000 1.684
2418.100 1.693
2418.200 1.706
2418.300 1.709
2418.400 1.716
2418.500 1.719
2418.600 1.725
2418.700 1.731
2418.800 1.734
2418.900 1.747
2419.000 1.748
2419.100 1.760
2419.200 1.763
2419.300 1.787
2419.400 1.788
2419.500 1.788
2419.600 1.796
2419.700 1.817
2419.800 1.830
2419.900 1.820
2420.000 1.818
2420.100 1.823
2420.200 1.826
2420.300 1.835
2420.400 1.852
2420.500 1.853
2420.600 1.857
2420.700 1.863
2420.800 1.870
2420.900 1.879
2421.000 1.885
2421.100 1.892
2421.200 1.902
2421.300 1.904
2421.400 1.920
2421.500 1.929
2421.600 1.940
2421.700 1.946
2421.800 1.957
2421.900 1.955
2422.000 1.967
2422.100 1.971
2422.200 1.986
2422.300 1.988
2422.400 2.006
2422.500 2.009
2422.600 2.014
2422.700 2.020
2422.800 2.029
2422.900 2.042
2423.000 2.045
2423.100 2.070
2423.200 2.068
2423.300 2.089
2423.400 2.094
2423.500 2.099
2423.600 2.108
2423.700 2.133
2423.800 2.137
2423.900 2.141
2424.000 2.158
2424.100 2.173
2424.200 2.184
2424.300 2.187
2424.400 2.205
2424.500 2.209
2424.600 2.221
2424.700 2.231
2424.800 2.242
2424.900 2.254
2425.000 2.271
2425.100 2.282
2425.200 2.294
2425.300 2.299
2425.400 2.327
2425.500 2.330
2425.600 2.351
2425.700 2.366
2425.800 2.379
2425.900 2.384
2426.000 2.399
2426.100 2.417
2426.200 2.429
2426.300 2.446
2426.400 2.462
2426.500 2.475
2426.600 2.483
2426.700 2.506
2426.800 2.520
2426.900 2.527
2427.000 2.557
2427.100 2.562
2427.200 2.583
2427.300 2.606
2427.400 2.613
2427.500 2.634
2427.600 2.654
2427.700 2.666
2427.800 2.738
2427.900 2.756
2428.000 2.769
2428.100 2.785
2428.200 2.803
2428.300 2.776
2428.400 2.814
2428.500 2.821
2428.600 2.845
2428.700 2.856
2428.800 2.888
2428.900 2.910
2429.000 2.931
2429.100 2.951
2429.200 2.973
2429.300 3.000
2429.400 3.029
2429.500 3.043
2429.600 3.078
2429.700 3.089
2429.800 3.123
2429.900 3.150
2430.000 3.165
2430.100 3.204
2430.200 3.219
2430.300 3.259
2430.400 3.275
2430.500 3.305
2430.600 3.319
2430.700 3.352
2430.800 3.387
2430.900 3.431
2431.000 3.451
2431.100 3.474
2431.200 3.509
2431.300 3.556
2431.400 3.589
2431.500 3.616
2431.600 3.652
2431.700 3.677
2431.800 3.719
2431.900 3.741
2432.000 3.792
2432.100 3.836
2432.200 3.854
2432.300 3.900
2432.400 3.936
2432.500 3.974
2432.600 4.021
2432.700 4.044
2432.800 4.102
2432.900 4.121
2433.000 4.171
2433.100 4.197
2433.200 4.268
2433.300 4.310
2433.400 4.345
2433.500 4.393
2433.600 4.455
2433.700 4.480
2433.800 4.536
2433.900 4.559
2434.000 4.628
2434.100 4.692
2434.200 4.717
2434.300 4.785
2434.400 4.837
2434.500 4.863
2434.600 4.930
2434.700 4.965
2434.800 5.016
2434.900 5.091
2435.000 5.117
2435.100 5.181
2435.200 5.208
2435.300 5.264
2435.400 5.326
2435.500 5.354
2435.600 5.415
2435.700 5.464
2435.800 5.510
2435.900 5.568
2436.000 5.595
2436.100 5.666
2436.200 5.684
2436.300 5.725
2436.400 5.751
2436.500 5.797
2436.600 5.821
2436.700 5.859
2436.800 5.909
2436.900 5.947
2437.000 5.962
2437.100 5.989
2437.200 6.003
2437.300 6.016
2437.400 6.041
2437.500 6.043
2437.600 6.059
2437.700 6.057
2437.800 6.040
2437.900 6.035
2438.000 6.031
2438.100 6.003
2438.200 6.002
2438.300 5.972
2438.400 5.961
2438.500 5.911
2438.600 5.885
2438.700 5.853
2438.800 5.802
2438.900 5.783
2439.000 5.735
2439.100 5.706
2439.200 5.640
2439.300 5.576
2439.400 5.539
2439.500 5.467
2439.600 5.407
2439.700 5.376
2439.800 5.288
2439.900 5.259
2440.000 5.179
2440.100 5.096
2440.200 5.056
2440.300 4.987
2440.400 4.949
2440.500 4.869
2440.600 4.789
2440.700 4.750
2440.800 4.661
2440.900 4.618
2441.000 4.532
2441.100 4.463
2441.200 4.420
2441.300 4.349
2441.400 4.311
2441.500 4.238
2441.600 4.153
2441.700 4.115
2441.800 4.042
2441.900 3.995
2442.000 3.936
2442.100 3.863
2442.200 3.824
2442.300 3.750
2442.400 3.718
2442.500 3.649
2442.600 3.599
2442.700 3.560
2442.800 3.498
2442.900 3.463
2443.000 3.410
2443.100 3.338
2443.200 3.315
2443.300 3.282
2443.400 3.228
2443.500 3.172
2443.600 3.126
2443.700 3.087
2443.800 3.060
2443.900 3.026
2444.000 2.974
2444.100 2.943
2444.200 2.886
2444.300 2.848
2444.400 2.831
2444.500 2.783
2444.600 2.753
2444.700 2.703
2444.800 2.681
2444.900 2.646
2445.000 2.605
2445.100 2.585
2445.200 2.540
2445.300 2.497
2445.400 2.480
2445.500 2.448
2445.600 2.421
2445.700 2.390
2445.800 2.372
2445.900 2.325
2446.000 2.297
2446.100 2.282
2446.200 2.241
2446.300 2.209
2446.400 2.197
2446.500 2.164
2446.600 2.147
2446.700 2.115
2446.800 2.087
2446.900 2.070
2447.000 2.039
2447.100 2.025
2447.200 2.003
2447.300 1.980
2447.400 1.965
2447.500 1.874
2447.600 1.888
2447.700 1.855
2447.800 1.826
2447.900 1.816
2448.000 1.845
2448.100 1.826
2448.200 1.806
2448.300 1.773
2448.400 1.764
2448.500 1.741
2448.600 1.726
2448.700 1.710
2448.800 1.693
2448.900 1.676
2449.000 1.652
2449.100 1.647
2449.200 1.624
2449.300 1.603
2449.400 1.591
2449.500 1.569
2449.600 1.565
2449.700 1.551
2449.800 1.525
2449.900 1.517
2450.000 1.502
2450.100 1.491
2450.200 1.469
2450.300 1.444
2450.400 1.439
2450.500 1.434
2450.600 1.422
2450.700 1.401
2450.800 1.388
2450.900 1.373
2451.000 1.366
2451.100 1.354
2451.200 1.345
2451.300 1.336
2451.400 1.324
2451.500 1.314
2451.600 1.299
2451.700 1.284
2451.800 1.263
2451.900 1.254
2452.000 1.246
2452.100 1.236
2452.200 1.230
2452.300 1.220
2452.400 1.207
2452.500 1.187
2452.600 1.181
2452.700 1.173
2452.800 1.159
2452.900 1.147
2453.000 1.143
2453.100 1.127
2453.200 1.122
2453.300 1.106
2453.400 1.100
2453.500 1.091
2453.600 1.082
2453.700 1.071
2453.800 1.060
2453.900 1.049
2454.000 1.038
2454.100 1.044
2454.200 1.032
2454.300 1.025
2454.400 1.009
2454.500 1.006
2454.600 0.994
2454.700 0.987
2454.800 0.974
2454.900 0.970
2455.000 0.958
2455.100 0.954
2455.200 0.945
2455.300 0.935
2455.400 0.929
2455.500 0.926
2455.600 0.918
2455.700 0.909
2455.800 0.905
2455.900 0.895
2456.000 0.891
2456.100 0.880
2456.200 0.869
2456.300 0.865
2456.400 0.858
2456.500 0.845
2456.600 0.851
2456.700 0.840
2456.800 0.839
2456.900 0.828
2457.000 0.819
2457.100 0.813
2457.200 0.809
2457.300 0.802
2457.400 0.800
2457.500 0.793
2457.600 0.789
2457.700 0.777
2457.800 0.772
2457.900 0.766
2458.000 0.759
2458.100 0.755
2458.200 0.754
2458.300 0.746
2458.400 0.738
2458.500 0.731
2458.600 0.722
2458.700 0.722
2458.800 0.719
2458.900 0.713
2459.000 0.705
2459.100 0.702
2459.200 0.694
2459.300 0.691
2459.400 0.680
2459.500 0.682
2459.600 0.674
2459.700 0.675
2459.800 0.666
2459.900 0.661
2460.000 0.649
2460.100 0.652
2460.200 0.645
2460.300 0.641
2460.400 0.638
2460.500 0.634
2460.600 0.626
2460.700 0.623
2460.800 0.621
2460.900 0.610
2461.000 0.612
2461.100 0.605
2461.200 0.596
2461.300 0.594
2461.400 0.594
2461.500 0.586
2461.600 0.588
2461.700 0.576
2461.800 0.581
2461.900 0.575
2462.000 0.568
2462.100 0.567
2462.200 0.565
2462.300 0.563
2462.400 0.555
2462.500 0.552
2462.600 0.545
2462.700 0.537
2462.800 0.533
2462.900 0.535
2463.000 0.529
2463.100 0.529
2463.200 0.517
2463.300 0.520
2463.400 0.512
2463.500 0.508
2463.600 0.504
2463.700 0.501
2463.800 0.499
2463.900 0.501
2464.000 0.492
2464.100 0.495
2464.200 0.486
2464.300 0.478
2464.400 0.477
2464.500 0.476
2464.600 0.474
2464.700 0.472
2464.800 0.467
2464.900 0.463
2465.000 0.458
2465.100 0.456
2465.200 0.453
2465.300 0.449
2465.400 0.452
2465.500 0.445
2465.600 0.444
2465.700 0.441
2465.800 0.440
2465.900 0.430
2466.000 0.427
2466.100 0.427
2466.200 0.425
2466.300 0.423
2466.400 0.421
2466.500 0.414
2466.600 0.414
2466.700 0.412
2466.800 0.407
2466.900 0.404
2467.000 0.406
2467.100 0.402
2467.200 0.392
2467.300 0.392
2467.400 0.384
2467.500 0.384
2467.600 0.378
2467.700 0.378
2467.800 0.374
2467.900 0.378
2468.000 0.377
2468.100 0.373
2468.200 0.370
2468.300 0.373
2468.400 0.367
2468.500 0.362
2468.600 0.361
2468.700 0.359
2468.800 0.355
2468.900 0.349
2469.000 0.347
2469.100 0.345
2469.200 0.347
2469.300 0.344
2469.400 0.343
2469.500 0.337
2469.600 0.339
2469.700 0.331
2469.800 0.334
2469.900 0.327
2470.000 0.329
2470.100 0.327
2470.200 0.325
2470.300 0.322
2470.400 0.323
2470.500 0.321
2470.600 0.314
2470.700 0.308
2470.800 0.305
2470.900 0.306
2471.000 0.303
2471.100 0.303
2471.200 0.299
2471.300 0.298
2471.400 0.293
2471.500 0.296
2471.600 0.293
2471.700 0.291
2471.800 0.288
2471.900 0.288
2472.000 0.285
2472.100 0.283
2472.200 0.280
2472.300 0.279
2472.400 0.278
2472.500 0.275
2472.600 0.275
2472.700 0.270
2472.800 0.272
2472.900 0.265
2473.000 0.267
2473.100 0.263
2473.200 0.263
2473.300 0.259
2473.400 0.258
2473.500 0.255
2473.600 0.257
2473.700 0.254
2473.800 0.252
2473.900 0.250
2474.000 0.248
2474.100 0.247
2474.200 0.245
2474.300 0.243
2474.400 0.241
2474.500 0.243
2474.600 0.236
2474.700 0.234
2474.800 0.230
2474.900 0.227
2475.000 0.229
2475.100 0.228
2475.200 0.225
2475.300 0.226
2475.400 0.223
2475.500 0.225
2475.600 0.218
2475.700 0.217
2475.800 0.216
2475.900 0.215
2476.000 0.212
2476.100 0.213
2476.200 0.208
2476.300 0.206
2476.400 0.207
2476.500 0.205
2476.600 0.203
2476.700 0.203
2476.800 0.198
2476.900 0.200
2477.000 0.198
2477.100 0.195
2477.200 0.193
2477.300 0.188
2477.400 0.190
2477.500 0.187
2477.600 0.188
2477.700 0.187
2477.800 0.187
2477.900 0.181
2478.000 0.181
2478.100 0.177
2478.200 0.180
2478.300 0.179
2478.400 0.179
2478.500 0.176
2478.600 0.174
2478.700 0.173
2478.800 0.172
2478.900 0.167
2479.000 0.168
2479.100 0.168
2479.200 0.170
2479.300 0.169
2479.400 0.165
2479.500 0.162
2479.600 0.159
2479.700 0.163
2479.800 0.160
2479.900 0.161
2480.000 0.154
2480.100 0.158
2480.200 0.155
2480.300 0.155
2480.400 0.151
2480.500 0.154
2480.600 0.147
2480.700 0.148
2480.800 0.146
2480.900 0.147
2481.000 0.143
2481.100 0.146
2481.200 0.143
2481.300 0.142
2481.400 0.141
2481.500 0.138
2481.600 0.137
2481.700 0.134
2481.800 0.136
2481.900 0.133
2482.000 0.132
2482.100 0.129
2482.200 0.131
2482.300 0.129
2482.400 0.128
2482.500 0.128
2482.600 0.124
2482.700 0.122
2482.800 0.123
2482.900 0.120
2483.000 0.121
2483.100 0.119
2483.200 0.122
2483.300 0.119
2483.400 0.119
2483.500 0.116
2483.600 0.116
2483.700 0.112
2483.800 0.115
2483.900 0.109
2484.000 0.112
2484.100 0.109
2484.200 0.108
2484.300 0.105
2484.400 0.107
2484.500 0.105
2484.600 0.105
2484.700 0.105
2484.800 0.100
2484.900 0.104
2485.000 0.099
2485.100 0.101
2485.200 0.098
2485.300 0.098
2485.400 0.094
2485.500 0.096
2485.600 0.097
2485.700 0.094
2485.800 0.090
2485.900 0.091
2486.000 0.090
2486.100 0.091
2486.200 0.089
2486.300 0.090
2486.400 0.084
2486.500 0.085
2486.600 0.085
2486.700 0.084
2486.800 0.083
2486.900 0.081
2487.000 0.079
2487.100 0.079
2487.200 0.080
2487.300 0.076
2487.400 0.072
2487.500 0.074
2487.600 0.074
2487.700 0.073
2487.800 0.073
2487.900 0.072
2488.000 0.073
2488.100 0.071
2488.200 0.069
2488.300 0.066
2488.400 0.067
2488.500 0.066
2488.600 0.066
2488.700 0.065
2488.800 0.064
2488.900 0.064
2489.000 0.066
2489.100 0.061
2489.200 0.061
2489.300 0.058
2489.400 0.059
2489.500 0.057
2489.600 0.058
2489.700 0.056
2489.800 0.057
2489.900 0.055
2490.000 0.052
2490.100 0.051
2490.200 0.054
2490.300 0.051
2490.400 0.051
2490.500 0.051
2490.600 0.048
2490.700 0.052
2490.800 0.097
2490.900 0.064
2491.000 0.058
2491.100 0.063
2491.200 0.069
2491.300 0.055
2491.400 0.055
2491.500 0.048
2491.600 0.042
2491.700 0.043
2491.800 0.040
2491.900 0.041
2492.000 0.040
2492.100 0.040
2492.200 0.039
2492.300 0.036
2492.400 0.038
2492.500 0.036
2492.600 0.033
2492.700 0.033
2492.800 0.033
2492.900 0.032
2493.000 0.028
2493.100 0.030
2493.200 0.030
2493.300 0.030
2493.400 0.029
2493.500 0.031
2493.600 0.027
2493.700 0.027
2493.800 0.026
2493.900 0.024
2494.000 0.026
2494.100 0.023
2494.200 0.024
2494.300 0.025
2494.400 0.022
2494.500 0.025
2494.600 0.026
2494.700 0.021
2494.800 0.023
2494.900 0.022
2495.000 0.022
2495.100 0.021
2495.200 0.020
2495.300 0.021
2495.400 0.018
2495.500 0.018
2495.600 0.019
2495.700 0.017
2495.800 0.017
2495.900 0.016
2496.000 0.021
2496.100 0.019
2496.200 0.017
2496.300 0.015
2496.400 0.016
2496.500 0.018
2496.600 0.016
2496.700 0.015
2496.800 0.015
2496.900 0.013
2497.000 0.016
2497.100 0.014
2497.200 0.017
2497.300 0.016
2497.400 0.015
2497.500 0.014
2497.600 0.015
2497.700 0.013
2497.800 0.013
2497.900 0.015
2498.000 0.015
2498.100 0.014
2498.200 0.014
2498.300 0.017
2498.400 0.017
2498.500 0.014
2498.600 0.016
2498.700 0.015
2498.800 0.019
2498.900 0.017
2499.000 0.018
2499.100 0.018
2499.200 0.020
2499.300 0.021
2499.400 0.017
2499.500 0.021
2499.600 0.022
2499.700 0.022
2499.800 0.021
2499.900 0.021
2500.000 0.022
