2200.100 0.004
2200.200 0.004
2200.300 0.913
2200.400 0.878
2200.500 0.848
2200.600 0.832
2200.700 0.843
2200.800 0.830
2200.900 0.830
2201.000 0.827
2201.100 0.833
2201.200 0.827
2201.300 0.827
2201.400 0.822
2201.500 0.825
2201.600 0.805
2201.700 0.804
2201.800 0.796
2201.900 0.791
2202.000 0.784
2202.100 0.776
2202.200 0.774
2202.300 0.769
2202.400 0.759
2202.500 0.755
2202.600 0.750
2202.700 0.746
2202.800 0.735
2202.900 0.747
2203.000 0.741
2203.100 0.727
2203.200 0.732
2203.300 0.724
2203.400 0.726
2203.500 0.718
2203.600 0.713
2203.700 0.712
2203.800 0.700
2203.900 0.697
2204.000 0.689
2204.100 0.670
2204.200 0.664
2204.300 0.648
2204.400 0.641
2204.500 0.623
2204.600 0.612
2204.700 0.596
2204.800 0.578
2204.900 0.571
2205.000 0.556
2205.100 0.528
2205.200 0.518
2205.300 0.503
2205.400 0.489
2205.500 0.469
2205.600 0.450
2205.700 0.444
2205.800 0.417
2205.900 0.407
2206.000 0.387
2206.100 0.373
2206.200 0.367
2206.300 0.370
2206.400 0.367
2206.500 0.367
2206.600 0.363
2206.700 0.366
2206.800 0.367
2206.900 0.365
2207.000 0.369
2207.100 0.371
2207.200 0.367
2207.300 0.368
2207.400 0.373
2207.500 0.370
2207.600 0.372
2207.700 0.370
2207.800 0.374
2207.900 0.370
2208.000 0.376
2208.100 0.376
2208.200 0.375
2208.300 0.375
2208.400 0.377
2208.500 0.374
2208.600 0.380
2208.700 0.379
2208.800 0.378
2208.900 0.379
2209.000 0.379
2209.100 0.379
2209.200 0.377
2209.300 0.379
2209.400 0.381
2209.500 0.384
2209.600 0.389
2209.700 0.387
2209.800 0.385
2209.900 0.393
2210.000 0.386
2210.100 0.388
2210.200 0.387
2210.300 0.389
2210.400 0.388
2210.500 0.393
2210.600 0.389
2210.700 0.395
2210.800 0.388
2210.900 0.396
2211.000 0.389
2211.100 0.397
2211.200 0.393
2211.300 0.397
2211.400 0.394
2211.500 0.396
2211.600 0.395
2211.700 0.393
2211.800 0.391
2211.900 0.395
2212.000 0.400
2212.100 0.400
2212.200 0.399
2212.300 0.396
2212.400 0.396
2212.500 0.397
2212.600 0.402
2212.700 0.399
2212.800 0.405
2212.900 0.400
2213.000 0.403
2213.100 0.400
2213.200 0.405
2213.300 0.408
2213.400 0.403
2213.500 0.403
2213.600 0.408
2213.700 0.408
2213.800 0.411
2213.900 0.409
2214.000 0.411
2214.100 0.415
2214.200 0.412
2214.300 0.408
2214.400 0.411
2214.500 0.416
2214.600 0.413
2214.700 0.416
2214.800 0.416
2214.900 0.417
2215.000 0.415
2215.100 0.419
2215.200 0.417
2215.300 0.425
2215.400 0.424
2215.500 0.428
2215.600 0.425
2215.700 0.431
2215.800 0.429
2215.900 0.428
2216.000 0.425
2216.100 0.424
2216.200 0.429
2216.300 0.432
2216.400 0.430
2216.500 0.428
2216.600 0.431
2216.700 0.429
2216.800 0.432
2216.900 0.430
2217.000 0.433
2217.100 0.430
2217.200 0.433
2217.300 0.433
2217.400 0.434
2217.500 0.434
2217.600 0.434
2217.700 0.457
2217.800 0.456
2217.900 0.453
2218.000 0.446
2218.100 0.448
2218.200 0.442
2218.300 0.438
2218.400 0.440
2218.500 0.445
2218.600 0.442
2218.700 0.444
2218.800 0.444
2218.900 0.448
2219.000 0.447
2219.100 0.448
2219.200 0.449
2219.300 0.452
2219.400 0.449
2219.500 0.451
2219.600 0.452
2219.700 0.451
2219.800 0.453
2219.900 0.452
2220.000 0.455
2220.100 0.456
2220.200 0.457
2220.300 0.457
2220.400 0.459
2220.500 0.458
2220.600 0.463
2220.700 0.461
2220.800 0.468
2220.900 0.490
2221.000 0.486
2221.100 0.483
2221.200 0.479
2221.300 0.488
2221.400 0.486
2221.500 0.474
2221.600 0.476
2221.700 0.475
2221.800 0.474
2221.900 0.471
2222.000 0.481
2222.100 0.477
2222.200 0.477
2222.300 0.478
2222.400 0.507
2222.500 0.501
2222.600 0.494
2222.700 0.493
2222.800 0.493
2222.900 0.486
2223.000 0.481
2223.100 0.485
2223.200 0.488
2223.300 0.490
2223.400 0.486
2223.500 0.508
2223.600 0.510
2223.700 0.509
2223.800 0.504
2223.900 0.498
2224.000 0.499
2224.100 0.500
2224.200 0.500
2224.300 0.497
2224.400 0.499
2224.500 0.498
2224.600 0.496
2224.700 0.495
2224.800 0.506
2224.900 0.524
2225.000 0.516
2225.100 0.512
2225.200 0.512
2225.300 0.509
2225.400 0.509
2225.500 0.509
2225.600 0.513
2225.700 0.507
2225.800 0.516
2225.900 0.513
2226.000 0.513
2226.100 0.516
2226.200 0.524
2226.300 0.522
2226.400 0.523
2226.500 0.521
2226.600 0.520
2226.700 0.520
2226.800 0.532
2226.900 0.531
2227.000 0.525
2227.100 0.536
2227.200 0.536
2227.300 0.535
2227.400 0.558
2227.500 0.550
2227.600 0.545
2227.700 0.542
2227.800 0.539
2227.900 0.542
2228.000 0.539
2228.100 0.536
2228.200 0.541
2228.300 0.544
2228.400 0.573
2228.500 0.593
2228.600 0.598
2228.700 0.577
2228.800 0.578
2228.900 0.564
2229.000 0.559
2229.100 0.610
2229.200 0.618
2229.300 0.610
2229.400 0.592
2229.500 0.583
2229.600 0.574
2229.700 0.576
2229.800 0.567
2229.900 0.562
2230.000 0.563
2230.100 0.559
2230.200 0.566
2230.300 0.565
2230.400 0.570
2230.500 0.565
2230.600 0.573
2230.700 0.568
2230.800 0.568
2230.900 0.567
2231.000 0.575
2231.100 0.569
2231.200 0.571
2231.300 0.572
2231.400 0.571
2231.500 0.597
2231.600 0.597
2231.700 0.595
2231.800 0.593
2231.900 0.607
2232.000 0.606
2232.100 0.604
2232.200 0.596
2232.300 0.594
2232.400 0.593
2232.500 0.600
2232.600 0.593
2232.700 0.605
2232.800 0.603
2232.900 0.604
2233.000 0.603
2233.100 0.603
2233.200 0.604
2233.300 0.605
2233.400 0.606
2233.500 0.606
2233.600 0.608
2233.700 0.611
2233.800 0.611
2233.900 0.613
2234.000 0.618
2234.100 0.614
2234.200 0.616
2234.300 0.618
2234.400 0.618
2234.500 0.619
2234.600 0.624
2234.700 0.625
2234.800 0.628
2234.900 0.629
2235.000 0.631
2235.100 0.632
2235.200 0.634
2235.300 0.631
2235.400 0.640
2235.500 0.639
2235.600 0.645
2235.700 0.644
2235.800 0.645
2235.900 0.648
2236.000 0.647
2236.100 0.650
2236.200 0.651
2236.300 0.655
2236.400 0.654
2236.500 0.663
2236.600 0.660
2236.700 0.663
2236.800 0.664
2236.900 0.662
2237.000 0.663
2237.100 0.668
2237.200 0.668
2237.300 0.671
2237.400 0.674
2237.500 0.680
2237.600 0.678
2237.700 0.683
2237.800 0.681
2237.900 0.688
2238.000 0.685
2238.100 0.687
2238.200 0.693
2238.300 0.693
2238.400 0.699
2238.500 0.699
2238.600 0.702
2238.700 0.700
2238.800 0.701
2238.900 0.703
2239.000 0.712
2239.100 0.708
2239.200 0.714
2239.300 0.711
2239.400 0.714
2239.500 0.714
2239.600 0.719
2239.700 0.722
2239.800 0.722
2239.900 0.727
2240.000 0.728
2240.100 0.730
2240.200 0.738
2240.300 0.740
2240.400 0.740
2240.500 0.741
2240.600 0.741
2240.700 0.747
2240.800 0.744
2240.900 0.753
2241.000 0.751
2241.100 0.752
2241.200 0.760
2241.300 0.762
2241.400 0.759
2241.500 0.770
2241.600 0.767
2241.700 0.769
2241.800 0.770
2241.900 0.776
2242.000 0.774
2242.100 0.779
2242.200 0.778
2242.300 0.779
2242.400 0.785
2242.500 0.784
2242.600 0.789
2242.700 0.794
2242.800 0.798
2242.900 0.795
2243.000 0.797
2243.100 0.799
2243.200 0.807
2243.300 0.807
2243.400 0.809
2243.500 0.810
2243.600 0.815
2243.700 0.815
2243.800 0.821
2243.900 0.821
2244.000 0.822
2244.100 0.828
2244.200 0.838
2244.300 0.836
2244.400 0.835
2244.500 0.837
2244.600 0.839
2244.700 0.844
2244.800 0.846
2244.900 0.851
2245.000 0.853
2245.100 0.860
2245.200 0.864
2245.300 0.869
2245.400 0.868
2245.500 0.874
2245.600 0.872
2245.700 0.878
2245.800 0.879
2245.900 0.887
2246.000 0.888
2246.100 0.895
2246.200 0.896
2246.300 0.902
2246.400 0.892
2246.500 0.895
2246.600 0.906
2246.700 0.904
2246.800 0.910
2246.900 0.914
2247.000 0.919
2247.100 0.920
2247.200 0.928
2247.300 0.929
2247.400 0.936
2247.500 0.936
2247.600 0.939
2247.700 0.938
2247.800 0.949
2247.900 0.948
2248.000 0.955
2248.100 0.953
2248.200 0.953
2248.300 0.963
2248.400 0.970
2248.500 0.970
2248.600 0.978
2248.700 0.975
2248.800 0.979
2248.900 0.983
2249.000 0.983
2249.100 0.986
2249.200 0.987
2249.300 1.002
2249.400 1.004
2249.500 1.014
2249.600 1.008
2249.700 1.016
2249.800 1.014
2249.900 1.024
2250.000 1.023
2250.100 1.035
2250.200 1.033
2250.300 1.043
2250.400 1.044
2250.500 1.049
2250.600 1.048
2250.700 1.052
2250.800 1.052
2250.900 1.059
2251.000 1.066
2251.100 1.069
2251.200 1.072
2251.300 1.074
2251.400 1.078
2251.500 1.078
2251.600 1.093
2251.700 1.093
2251.800 1.101
2251.900 1.102
2252.000 1.111
2252.100 1.111
2252.200 1.114
2252.300 1.119
2252.400 1.131
2252.500 1.133
2252.600 1.139
2252.700 1.144
2252.800 1.139
2252.900 1.147
2253.000 1.152
2253.100 1.160
2253.200 1.162
2253.300 1.168
2253.400 1.172
2253.500 1.180
2253.600 1.183
2253.700 1.190
2253.800 1.195
2253.900 1.199
2254.000 1.202
2254.100 1.215
2254.200 1.215
2254.300 1.224
2254.400 1.226
2254.500 1.231
2254.600 1.236
2254.700 1.243
2254.800 1.251
2254.900 1.261
2255.000 1.259
2255.100 1.271
2255.200 1.271
2255.300 1.273
2255.400 1.284
2255.500 1.285
2255.600 1.300
2255.700 1.297
2255.800 1.306
2255.900 1.321
2256.000 1.319
2256.100 1.325
2256.200 1.331
2256.300 1.330
2256.400 1.347
2256.500 1.345
2256.600 1.354
2256.700 1.357
2256.800 1.373
2256.900 1.374
2257.000 1.384
2257.100 1.387
2257.200 1.389
2257.300 1.404
2257.400 1.405
2257.500 1.411
2257.600 1.427
2257.700 1.429
2257.800 1.432
2257.900 1.440
2258.000 1.445
2258.100 1.460
2258.200 1.462
2258.300 1.472
2258.400 1.476
2258.500 1.487
2258.600 1.495
2258.700 1.500
2258.800 1.506
2258.900 1.509
2259.000 1.516
2259.100 1.530
2259.200 1.534
2259.300 1.550
2259.400 1.550
2259.500 1.569
2259.600 1.573
2259.700 1.573
2259.800 1.582
2259.900 1.590
2260.000 1.608
2260.100 1.621
2260.200 1.622
2260.300 1.629
2260.400 1.641
2260.500 1.643
2260.600 1.660
2260.700 1.664
2260.800 1.677
2260.900 1.682
2261.000 1.700
2261.100 1.704
2261.200 1.714
2261.300 1.719
2261.400 1.732
2261.500 1.740
2261.600 1.756
2261.700 1.760
2261.800 1.793
2261.900 1.796
2262.000 1.818
2262.100 1.820
2262.200 1.823
2262.300 1.817
2262.400 1.827
2262.500 1.852
2262.600 1.860
2262.700 1.867
2262.800 1.881
2262.900 1.891
2263.000 1.905
2263.100 1.921
2263.200 1.926
2263.300 1.943
2263.400 1.949
2263.500 1.966
2263.600 1.980
2263.700 1.987
2263.800 2.001
2263.900 2.016
2264.000 2.027
2264.100 2.047
2264.200 2.067
2264.300 2.071
2264.400 2.083
2264.500 2.101
2264.600 2.113
2264.700 2.122
2264.800 2.135
2264.900 2.145
2265.000 2.166
2265.100 2.186
2265.200 2.192
2265.300 2.242
2265.400 2.312
2265.500 2.304
2265.600 2.298
2265.700 2.303
2265.800 2.316
2265.900 2.325
2266.000 2.329
2266.100 2.350
2266.200 2.355
2266.300 2.368
2266.400 2.388
2266.500 2.410
2266.600 2.427
2266.700 2.442
2266.800 2.461
2266.900 2.473
2267.000 2.491
2267.100 2.512
2267.200 2.527
2267.300 2.547
2267.400 2.559
2267.500 2.590
2267.600 2.616
2267.700 2.626
2267.800 2.659
2267.900 2.673
2268.000 2.686
2268.100 2.717
2268.200 2.732
2268.300 2.754
2268.400 2.768
2268.500 2.798
2268.600 2.821
2268.700 2.834
2268.800 2.865
2268.900 2.884
2269.000 2.919
2269.100 2.933
2269.200 2.958
2269.300 2.988
2269.400 3.005
2269.500 3.035
2269.600 3.048
2269.700 3.092
2269.800 3.117
2269.900 3.137
2270.000 3.174
2270.100 3.190
2270.200 3.226
2270.300 3.263
2270.400 3.279
2270.500 3.312
2270.600 3.335
2270.700 3.368
2270.800 3.404
2270.900 3.423
2271.000 3.476
2271.100 3.497
2271.200 3.536
2271.300 3.575
2271.400 3.609
2271.500 3.645
2271.600 3.675
2271.700 3.709
2271.800 3.753
2271.900 3.777
2272.000 3.825
2272.100 3.848
2272.200 3.912
2272.300 3.956
2272.400 3.986
2272.500 4.033
2272.600 4.058
2272.700 4.110
2272.800 4.168
2272.900 4.190
2273.000 4.258
2273.100 4.279
2273.200 4.329
2273.300 4.395
2273.400 4.424
2273.500 4.486
2273.600 4.514
2273.700 4.578
2273.800 4.636
2273.900 4.669
2274.000 4.739
2274.100 4.784
2274.200 4.847
2274.300 4.914
2274.400 4.946
2274.500 5.023
2274.600 5.051
2274.700 5.136
2274.800 5.215
2274.900 5.254
2275.000 5.333
2275.100 5.372
2275.200 5.450
2275.300 5.538
2275.400 5.570
2275.500 5.648
2275.600 5.704
2275.700 5.780
2275.800 5.867
2275.900 5.908
2276.000 5.996
2276.100 6.034
2276.200 6.131
2276.300 6.217
2276.400 6.262
2276.500 6.343
2276.600 6.387
2276.700 6.460
2276.800 6.549
2276.900 6.587
2277.000 6.666
2277.100 6.715
2277.200 6.790
2277.300 6.878
2277.400 6.908
2277.500 6.989
2277.600 7.017
2277.700 7.087
2277.800 7.149
2277.900 7.196
2278.000 7.326
2278.100 7.343
2278.200 7.366
2278.300 7.421
2278.400 7.429
2278.500 7.383
2278.600 7.388
2278.700 7.464
2278.800 7.467
2278.900 7.470
2279.000 7.486
2279.100 7.476
2279.200 7.469
2279.300 7.472
2279.400 7.457
2279.500 7.437
2279.600 7.428
2279.700 7.397
2279.800 7.388
2279.900 7.371
2280.000 7.340
2280.100 7.323
2280.200 7.301
2280.300 7.288
2280.400 7.296
2280.500 7.292
2280.600 7.300
2280.700 7.302
2280.800 7.309
2280.900 7.339
2281.000 7.385
2281.100 7.408
2281.200 7.480
2281.300 7.509
2281.400 7.581
2281.500 7.682
2281.600 7.730
2281.700 7.843
2281.800 7.906
2281.900 8.029
2282.000 8.163
2282.100 8.261
2282.200 8.407
2282.300 8.489
2282.400 8.636
2282.500 8.810
2282.600 8.893
2282.700 9.076
2282.800 9.159
2282.900 9.343
2283.000 9.520
2283.100 9.600
2283.200 9.784
2283.300 9.870
2283.400 10.051
2283.500 10.219
2283.600 10.299
2283.700 10.448
2283.800 10.531
2283.900 10.665
2284.000 10.795
2284.100 10.856
2284.200 10.984
2284.300 11.027
2284.400 11.104
2284.500 11.154
2284.600 11.199
2284.700 11.228
2284.800 11.253
2284.900 11.249
2285.000 11.204
2285.100 11.165
2285.200 11.082
2285.300 11.035
2285.400 10.925
2285.500 10.774
2285.600 10.680
2285.700 10.484
2285.800 10.375
2285.900 10.148
2286.000 9.905
2286.100 9.774
2286.200 9.471
2286.300 9.331
2286.400 9.001
2286.500 8.682
2286.600 8.506
2286.700 8.152
2286.800 7.971
2286.900 7.610
2287.000 7.421
2287.100 7.059
2287.200 6.718
2287.300 6.534
2287.400 6.197
2287.500 6.020
2287.600 5.684
2287.700 5.365
2287.800 5.213
2287.900 4.905
2288.000 4.764
2288.100 4.478
2288.200 4.228
2288.300 4.095
2288.400 3.863
2288.500 3.755
2288.600 3.554
2288.700 3.359
2288.800 3.264
2288.900 3.098
2289.000 3.017
2289.100 2.878
2289.200 2.749
2289.300 2.687
2289.400 2.586
2289.500 2.537
2289.600 2.449
2289.700 2.382
2289.800 2.348
2289.900 2.286
2290.000 2.260
2290.100 2.220
2290.200 2.184
2290.300 2.170
2290.400 2.143
2290.500 2.140
2290.600 2.118
2290.700 2.112
2290.800 2.100
2290.900 2.093
2291.000 2.089
2291.100 2.093
2291.200 2.087
2291.300 2.098
2291.400 2.099
2291.500 2.103
2291.600 2.103
2291.700 2.108
2291.800 2.108
2291.900 2.121
2292.000 2.122
2292.100 2.121
2292.200 2.122
2292.300 2.125
2292.400 2.138
2292.500 2.138
2292.600 2.145
2292.700 2.150
2292.800 2.150
2292.900 2.147
2293.000 2.154
2293.100 2.154
2293.200 2.158
2293.300 2.163
2293.400 2.164
2293.500 2.168
2293.600 2.163
2293.700 2.162
2293.800 2.175
2293.900 2.167
2294.000 2.173
2294.100 2.167
2294.200 2.150
2294.300 2.164
2294.400 2.176
2294.500 2.163
2294.600 2.169
2294.700 2.167
2294.800 2.191
2294.900 2.154
2295.000 2.168
2295.100 2.157
2295.200 2.157
2295.300 2.160
2295.400 2.151
2295.500 2.150
2295.600 2.152
2295.700 2.149
2295.800 2.143
2295.900 2.145
2296.000 2.143
2296.100 2.137
2296.200 2.129
2296.300 2.129
2296.400 2.130
2296.500 2.123
2296.600 2.116
2296.700 2.115
2296.800 2.112
2296.900 2.115
2297.000 2.108
2297.100 2.099
2297.200 2.093
2297.300 2.094
2297.400 2.088
2297.500 2.083
2297.600 2.081
2297.700 2.070
2297.800 2.066
2297.900 2.059
2298.000 2.061
2298.100 2.051
2298.200 2.048
2298.300 2.043
2298.400 2.043
2298.500 2.039
2298.600 2.037
2298.700 2.031
2298.800 2.030
2298.900 2.014
2299.000 2.007
2299.100 1.997
2299.200 1.993
2299.300 2.000
2299.400 1.996
2299.500 1.986
2299.600 1.984
2299.700 1.985
2299.800 1.976
2299.900 1.966
2300.000 1.959
2300.100 1.958
2300.200 1.956
2300.300 1.951
2300.400 1.938
2300.500 1.944
2300.600 1.931
2300.700 1.935
2300.800 1.930
2300.900 1.924
2301.000 1.916
2301.100 1.920
2301.200 1.911
2301.300 1.898
2301.400 1.891
2301.500 1.892
2301.600 1.888
2301.700 1.884
2301.800 1.887
2301.900 1.888
2302.000 1.874
2302.100 1.867
2302.200 1.863
2302.300 1.852
2302.400 1.851
2302.500 1.845
2302.600 1.841
2302.700 1.832
2302.800 1.833
2302.900 1.827
2303.000 1.836
2303.100 1.828
2303.200 1.815
2303.300 1.818
2303.400 1.809
2303.500 1.802
2303.600 1.800
2303.700 1.792
2303.800 1.787
2303.900 1.778
2304.000 1.784
2304.100 1.775
2304.200 1.772
2304.300 1.768
2304.400 1.759
2304.500 1.757
2304.600 1.758
2304.700 1.750
2304.800 1.744
2304.900 1.736
2305.000 1.730
2305.100 1.736
2305.200 1.732
2305.300 1.726
2305.400 1.720
2305.500 1.718
2305.600 1.708
2305.700 1.719
2305.800 1.707
2305.900 1.700
2306.000 1.694
2306.100 1.698
2306.200 1.696
2306.300 1.689
2306.400 1.678
2306.500 1.681
2306.600 1.673
2306.700 1.669
2306.800 1.665
2306.900 1.669
2307.000 1.663
2307.100 1.657
2307.200 1.655
2307.300 1.644
2307.400 1.641
2307.500 1.638
2307.600 1.635
2307.700 1.630
2307.800 1.626
2307.900 1.620
2308.000 1.621
2308.100 1.615
2308.200 1.623
2308.300 1.613
2308.400 1.607
2308.500 1.601
2308.600 1.608
2308.700 1.602
2308.800 1.600
2308.900 1.589
2309.000 1.587
2309.100 1.584
2309.200 1.582
2309.300 1.579
2309.400 1.581
2309.500 1.577
2309.600 1.569
2309.700 1.565
2309.800 1.554
2309.900 1.551
2310.000 1.551
2310.100 1.549
2310.200 1.540
2310.300 1.538
2310.400 1.535
2310.500 1.545
2310.600 1.535
2310.700 1.534
2310.800 1.524
2310.900 1.519
2311.000 1.517
2311.100 1.515
2311.200 1.513
2311.300 1.506
2311.400 1.515
2311.500 1.505
2311.600 1.507
2311.700 1.504
2311.800 1.499
2311.900 1.499
2312.000 1.497
2312.100 1.489
2312.200 1.488
2312.300 1.483
2312.400 1.485
2312.500 1.483
2312.600 1.480
2312.700 1.475
2312.800 1.475
2312.900 1.466
2313.000 1.471
2313.100 1.460
2313.200 1.462
2313.300 1.458
2313.400 1.456
2313.500 1.456
2313.600 1.456
2313.700 1.447
2313.800 1.446
2313.900 1.443
2314.000 1.441
2314.100 1.435
2314.200 1.433
2314.300 1.429
2314.400 1.428
2314.500 1.429
2314.600 1.427
2314.700 1.422
2314.800 1.417
2314.900 1.423
2315.000 1.416
2315.100 1.412
2315.200 1.412
2315.300 1.408
2315.400 1.401
2315.500 1.408
2315.600 1.403
2315.700 1.406
2315.800 1.400
2315.900 1.405
2316.000 1.400
2316.100 1.388
2316.200 1.388
2316.300 1.387
2316.400 1.385
2316.500 1.389
2316.600 1.380
2316.700 1.384
2316.800 1.376
2316.900 1.376
2317.000 1.371
2317.100 1.369
2317.200 1.365
2317.300 1.370
2317.400 1.367
2317.500 1.359
2317.600 1.360
2317.700 1.357
2317.800 1.355
2317.900 1.352
2318.000 1.354
2318.100 1.348
2318.200 1.349
2318.300 1.343
2318.400 1.347
2318.500 1.340
2318.600 1.331
2318.700 1.332
2318.800 1.335
2318.900 1.332
2319.000 1.331
2319.100 1.327
2319.200 1.326
2319.300 1.321
2319.400 1.317
2319.500 1.315
2319.600 1.318
2319.700 1.314
2319.800 1.310
2319.900 1.317
2320.000 1.311
2320.100 1.312
2320.200 1.310
2320.300 1.310
2320.400 1.306
2320.500 1.310
2320.600 1.301
2320.700 1.306
2320.800 1.297
2320.900 1.300
2321.000 1.292
2321.100 1.294
2321.200 1.295
2321.300 1.293
2321.400 1.294
2321.500 1.286
2321.600 1.275
2321.700 1.276
2321.800 1.279
2321.900 1.274
2322.000 1.277
2322.100 1.273
2322.200 1.276
2322.300 1.268
2322.400 1.274
2322.500 1.265
2322.600 1.262
2322.700 1.261
2322.800 1.258
2322.900 1.256
2323.000 1.257
2323.100 1.261
2323.200 1.258
2323.300 1.257
2323.400 1.253
2323.500 1.248
2323.600 1.248
2323.700 1.246
2323.800 1.243
2323.900 1.244
2324.000 1.240
2324.100 1.243
2324.200 1.243
2324.300 1.239
2324.400 1.236
2324.500 1.237
2324.600 1.229
2324.700 1.232
2324.800 1.228
2324.900 1.225
2325.000 1.231
2325.100 1.227
2325.200 1.223
2325.300 1.221
2325.400 1.221
2325.500 1.216
2325.600 1.222
2325.700 1.215
2325.800 1.218
2325.900 1.210
2326.000 1.216
2326.100 1.213
2326.200 1.206
2326.300 1.207
2326.400 1.213
2326.500 1.207
2326.600 1.209
2326.700 1.206
2326.800 1.201
2326.900 1.199
2327.000 1.198
2327.100 1.192
2327.200 1.195
2327.300 1.194
2327.400 1.195
2327.500 1.188
2327.600 1.188
2327.700 1.185
2327.800 1.187
2327.900 1.186
2328.000 1.179
2328.100 1.181
2328.200 1.175
2328.300 1.179
2328.400 1.179
2328.500 1.176
2328.600 1.175
2328.700 1.172
2328.800 1.176
2328.900 1.177
2329.000 1.179
2329.100 1.181
2329.200 1.172
2329.300 1.169
2329.400 1.168
2329.500 1.165
2329.600 1.164
2329.700 1.165
2329.800 1.156
2329.900 1.160
2330.000 1.155
2330.100 1.157
2330.200 1.157
2330.300 1.153
2330.400 1.151
2330.500 1.148
2330.600 1.152
2330.700 1.148
2330.800 1.146
2330.900 1.144
2331.000 1.148
2331.100 1.147
2331.200 1.152
2331.300 1.145
2331.400 1.144
2331.500 1.144
2331.600 1.139
2331.700 1.133
2331.800 1.142
2331.900 1.138
2332.000 1.137
2332.100 1.133
2332.200 1.132
2332.300 1.132
2332.400 1.131
2332.500 1.135
2332.600 1.132
2332.700 1.131
2332.800 1.127
2332.900 1.128
2333.000 1.126
2333.100 1.129
2333.200 1.123
2333.300 1.124
2333.400 1.121
2333.500 1.121
2333.600 1.119
2333.700 1.125
2333.800 1.116
2333.900 1.117
2334.000 1.116
2334.100 1.114
2334.200 1.115
2334.300 1.115
2334.400 1.116
2334.500 1.111
2334.600 1.112
2334.700 1.108
2334.800 1.107
2334.900 1.101
2335.000 1.111
2335.100 1.109
2335.200 1.105
2335.300 1.104
2335.400 1.109
2335.500 1.102
2335.600 1.102
2335.700 1.099
2335.800 1.096
2335.900 1.101
2336.000 1.108
2336.100 1.105
2336.200 1.099
2336.300 1.099
2336.400 1.090
2336.500 1.097
2336.600 1.094
2336.700 1.105
2336.800 1.101
2336.900 1.095
2337.000 1.093
2337.100 1.092
2337.200 1.087
2337.300 1.089
2337.400 1.089
2337.500 1.099
2337.600 1.092
2337.700 1.087
2337.800 1.085
2337.900 1.088
2338.000 1.084
2338.100 1.085
2338.200 1.081
2338.300 1.082
2338.400 1.085
2338.500 1.086
2338.600 1.084
2338.700 1.077
2338.800 1.078
2338.900 1.076
2339.000 1.072
2339.100 1.070
2339.200 1.072
2339.300 1.069
2339.400 1.073
2339.500 1.077
2339.600 1.076
2339.700 1.067
2339.800 1.076
2339.900 1.067
2340.000 1.068
2340.100 1.067
2340.200 1.070
2340.300 1.068
2340.400 1.073
2340.500 1.088
2340.600 1.082
2340.700 1.068
2340.800 1.065
2340.900 1.072
2341.000 1.073
2341.100 1.071
2341.200 1.076
2341.300 1.071
2341.400 1.062
2341.500 1.060
2341.600 1.065
2341.700 1.060
2341.800 1.061
2341.900 1.059
2342.000 1.063
2342.100 1.069
2342.200 1.061
2342.300 1.059
2342.400 1.052
2342.500 1.056
2342.600 1.060
2342.700 1.055
2342.800 1.055
2342.900 1.054
2343.000 1.052
2343.100 1.048
2343.200 1.049
2343.300 1.045
2343.400 1.049
2343.500 1.046
2343.600 1.049
2343.700 1.057
2343.800 1.056
2343.900 1.049
2344.000 1.041
2344.100 1.041
2344.200 1.043
2344.300 1.043
2344.400 1.048
2344.500 1.037
2344.600 1.051
2344.700 1.047
2344.800 1.043
2344.900 1.041
2345.000 1.044
2345.100 1.040
2345.200 1.049
2345.300 1.055
2345.400 1.048
2345.500 1.039
2345.600 1.041
2345.700 1.031
2345.800 1.033
2345.900 1.034
2346.000 1.032
2346.100 1.031
2346.200 1.030
2346.300 1.040
2346.400 1.037
2346.500 1.038
2346.600 1.041
2346.700 1.035
2346.800 1.032
2346.900 1.032
2347.000 1.028
2347.100 1.026
2347.200 1.025
2347.300 1.024
2347.400 1.022
2347.500 1.021
2347.600 1.024
2347.700 1.026
2347.800 1.024
2347.900 1.027
2348.000 1.024
2348.100 1.020
2348.200 1.021
2348.300 1.020
2348.400 1.026
2348.500 1.020
2348.600 1.022
2348.700 1.024
2348.800 1.020
2348.900 1.018
2349.000 1.023
2349.100 1.016
2349.200 1.018
2349.300 1.015
2349.400 1.024
2349.500 1.020
2349.600 1.017
2349.700 1.017
2349.800 1.016
2349.900 1.019
2350.000 1.016
2350.100 1.013
2350.200 1.018
2350.300 1.016
2350.400 1.011
2350.500 1.013
2350.600 1.011
2350.700 1.012
2350.800 1.011
2350.900 1.009
2351.000 1.010
2351.100 1.009
2351.200 1.005
2351.300 1.013
2351.400 1.012
2351.500 1.013
2351.600 1.019
2351.700 1.044
2351.800 1.046
2351.900 1.076
2352.000 1.057
2352.100 1.034
2352.200 1.024
2352.300 1.016
2352.400 1.005
2352.500 1.008
2352.600 1.005
2352.700 1.002
2352.800 1.006
2352.900 1.009
2353.000 1.012
2353.100 1.010
2353.200 1.017
2353.300 1.007
2353.400 1.004
2353.500 1.001
2353.600 1.006
2353.700 1.012
2353.800 1.011
2353.900 1.007
2354.000 1.006
2354.100 1.002
2354.200 0.999
2354.300 0.996
2354.400 0.998
2354.500 0.995
2354.600 0.995
2354.700 0.997
2354.800 0.994
2354.900 1.008
2355.000 1.003
2355.100 0.999
2355.200 0.997
2355.300 0.996
2355.400 0.988
2355.500 0.994
2355.600 0.993
2355.700 0.996
2355.800 0.995
2355.900 0.993
2356.000 0.995
2356.100 0.999
2356.200 0.997
2356.300 0.994
2356.400 0.999
2356.500 1.007
2356.600 1.009
2356.700 1.005
2356.800 0.998
2356.900 1.020
2357.000 1.018
2357.100 1.007
2357.200 1.003
2357.300 1.020
2357.400 1.025
2357.500 1.017
2357.600 1.006
2357.700 1.000
2357.800 0.999
2357.900 0.992
2358.000 0.997
2358.100 1.006
2358.200 1.007
2358.300 0.998
2358.400 0.994
2358.500 0.994
2358.600 0.992
2358.700 0.990
2358.800 0.988
2358.900 0.986
2359.000 0.985
2359.100 0.989
2359.200 0.985
2359.300 0.993
2359.400 0.989
2359.500 0.993
2359.600 0.987
2359.700 0.987
2359.800 0.985
2359.900 1.012
2360.000 1.023
2360.100 1.008
2360.200 1.003
2360.300 0.995
2360.400 0.993
2360.500 0.989
2360.600 0.988
2360.700 0.991
2360.800 0.989
2360.900 0.992
2361.000 1.003
2361.100 0.992
2361.200 0.993
2361.300 0.987
2361.400 0.985
2361.500 0.984
2361.600 0.983
2361.700 0.984
2361.800 0.991
2361.900 0.989
2362.000 0.993
2362.100 0.987
2362.200 0.986
2362.300 0.987
2362.400 0.986
2362.500 0.990
2362.600 0.984
2362.700 0.990
2362.800 0.983
2362.900 0.986
2363.000 0.985
2363.100 0.983
2363.200 0.986
2363.300 0.986
2363.400 0.984
2363.500 0.988
2363.600 0.983
2363.700 0.987
2363.800 0.986
2363.900 0.991
2364.000 0.986
2364.100 0.991
2364.200 0.985
2364.300 0.990
2364.400 0.985
2364.500 0.985
2364.600 0.981
2364.700 0.980
2364.800 0.984
2364.900 0.982
2365.000 0.989
2365.100 0.983
2365.200 0.993
2365.300 0.985
2365.400 0.991
2365.500 0.984
2365.600 0.988
2365.700 0.986
2365.800 0.990
2365.900 0.985
2366.000 0.991
2366.100 0.988
2366.200 0.987
2366.300 0.987
2366.400 0.983
2366.500 0.987
2366.600 0.985
2366.700 0.987
2366.800 0.980
2366.900 0.986
2367.000 0.986
2367.100 0.984
2367.200 0.983
2367.300 0.988
2367.400 0.984
2367.500 0.985
2367.600 0.981
2367.700 0.983
2367.800 0.980
2367.900 0.985
2368.000 0.981
2368.100 0.983
2368.200 0.978
2368.300 0.985
2368.400 0.983
2368.500 0.986
2368.600 0.981
2368.700 0.979
2368.800 0.979
2368.900 0.981
2369.000 0.988
2369.100 0.985
2369.200 0.988
2369.300 0.985
2369.400 0.989
2369.500 0.982
2369.600 0.983
2369.700 0.981
2369.800 0.983
2369.900 0.981
2370.000 0.985
2370.100 0.982
2370.200 0.986
2370.300 0.982
2370.400 0.985
2370.500 0.984
2370.600 0.989
2370.700 0.987
2370.800 0.987
2370.900 0.985
2371.000 0.986
2371.100 0.987
2371.200 0.984
2371.300 0.988
2371.400 0.987
2371.500 0.986
2371.600 0.989
2371.700 0.988
2371.800 0.988
2371.900 0.989
2372.000 0.988
2372.100 0.984
2372.200 0.987
2372.300 0.983
2372.400 0.982
2372.500 0.990
2372.600 0.989
2372.700 0.993
2372.800 0.992
2372.900 0.990
2373.000 0.985
2373.100 0.991
2373.200 0.984
2373.300 0.989
2373.400 0.989
2373.500 0.989
2373.600 0.990
2373.700 0.989
2373.800 0.989
2373.900 0.985
2374.000 0.984
2374.100 0.992
2374.200 0.988
2374.300 0.987
2374.400 0.991
2374.500 0.989
2374.600 0.993
2374.700 0.992
2374.800 0.992
2374.900 0.991
2375.000 0.989
2375.100 0.992
2375.200 0.995
2375.300 0.992
2375.400 0.995
2375.500 0.991
2375.600 0.996
2375.700 0.997
2375.800 0.996
2375.900 0.995
2376.000 0.995
2376.100 0.993
2376.200 0.998
2376.300 0.995
2376.400 0.996
2376.500 0.993
2376.600 0.995
2376.700 0.998
2376.800 0.998
2376.900 1.000
2377.000 0.997
2377.100 1.000
2377.200 0.997
2377.300 0.995
2377.400 0.993
2377.500 1.008
2377.600 1.009
2377.700 1.002
2377.800 0.998
2377.900 1.005
2378.000 1.006
2378.100 1.003
2378.200 1.003
2378.300 1.002
2378.400 1.004
2378.500 1.004
2378.600 1.001
2378.700 1.001
2378.800 1.004
2378.900 1.002
2379.000 1.015
2379.100 1.013
2379.200 1.011
2379.300 1.003
2379.400 1.003
2379.500 1.001
2379.600 1.009
2379.700 1.005
2379.800 1.007
2379.900 1.006
2380.000 1.005
2380.100 1.002
2380.200 1.011
2380.300 1.009
2380.400 1.013
2380.500 1.010
2380.600 1.009
2380.700 1.008
2380.800 1.010
2380.900 1.008
2381.000 1.009
2381.100 1.015
2381.200 1.011
2381.300 1.014
2381.400 1.014
2381.500 1.011
2381.600 1.011
2381.700 1.015
2381.800 1.011
2381.900 1.013
2382.000 1.011
2382.100 1.014
2382.200 1.014
2382.300 1.017
2382.400 1.017
2382.500 1.014
2382.600 1.019
2382.700 1.016
2382.800 1.018
2382.900 1.017
2383.000 1.023
2383.100 1.022
2383.200 1.024
2383.300 1.021
2383.400 1.024
2383.500 1.015
2383.600 1.025
2383.700 1.018
2383.800 1.027
2383.900 1.025
2384.000 1.028
2384.100 1.025
2384.200 1.027
2384.300 1.028
2384.400 1.023
2384.500 1.024
2384.600 1.027
2384.700 1.028
2384.800 1.026
2384.900 1.026
2385.000 1.028
2385.100 1.029
2385.200 1.025
2385.300 1.030
2385.400 1.029
2385.500 1.030
2385.600 1.028
2385.700 1.032
2385.800 1.034
2385.900 1.035
2386.000 1.033
2386.100 1.032
2386.200 1.037
2386.300 1.040
2386.400 1.041
2386.500 1.047
2386.600 1.044
2386.700 1.043
2386.800 1.040
2386.900 1.041
2387.000 1.039
2387.100 1.037
2387.200 1.043
2387.300 1.048
2387.400 1.044
2387.500 1.046
2387.600 1.048
2387.700 1.041
2387.800 1.055
2387.900 1.048
2388.000 1.057
2388.100 1.051
2388.200 1.057
2388.300 1.051
2388.400 1.060
2388.500 1.055
2388.600 1.056
2388.700 1.052
2388.800 1.051
2388.900 1.054
2389.000 1.051
2389.100 1.053
2389.200 1.058
2389.300 1.053
2389.400 1.055
2389.500 1.058
2389.600 1.058
2389.700 1.060
2389.800 1.061
2389.900 1.065
2390.000 1.067
2390.100 1.069
2390.200 1.063
2390.300 1.071
2390.400 1.068
2390.500 1.068
2390.600 1.069
2390.700 1.071
2390.800 1.069
2390.900 1.075
2391.000 1.070
2391.100 1.074
2391.200 1.074
2391.300 1.073
2391.400 1.075
2391.500 1.082
2391.600 1.078
2391.700 1.077
2391.800 1.077
2391.900 1.074
2392.000 1.079
2392.100 1.078
2392.200 1.085
2392.300 1.079
2392.400 1.082
2392.500 1.081
2392.600 1.085
2392.700 1.085
2392.800 1.085
2392.900 1.084
2393.000 1.093
2393.100 1.087
2393.200 1.087
2393.300 1.093
2393.400 1.088
2393.500 1.093
2393.600 1.091
2393.700 1.092
2393.800 1.091
2393.900 1.105
2394.000 1.098
2394.100 1.107
2394.200 1.099
2394.300 1.104
2394.400 1.102
2394.500 1.099
2394.600 1.099
2394.700 1.111
2394.800 1.108
2394.900 1.107
2395.000 1.109
2395.100 1.107
2395.200 1.110
2395.300 1.109
2395.400 1.108
2395.500 1.113
2395.600 1.111
2395.700 1.109
2395.800 1.114
2395.900 1.116
2396.000 1.122
2396.100 1.120
2396.200 1.120
2396.300 1.120
2396.400 1.123
2396.500 1.124
2396.600 1.125
2396.700 1.119
2396.800 1.122
2396.900 1.127
2397.000 1.133
2397.100 1.131
2397.200 1.136
2397.300 1.130
2397.400 1.133
2397.500 1.137
2397.600 1.135
2397.700 1.138
2397.800 1.140
2397.900 1.145
2398.000 1.144
2398.100 1.145
2398.200 1.142
2398.300 1.148
2398.400 1.146
2398.500 1.150
2398.600 1.152
2398.700 1.149
2398.800 1.151
2398.900 1.152
2399.000 1.158
2399.100 1.157
2399.200 1.159
2399.300 1.159
2399.400 1.164
2399.500 1.167
2399.600 1.173
2399.700 1.166
2399.800 1.170
2399.900 1.166
2400.000 1.167
2400.100 1.164
2400.200 1.169
2400.300 1.166
2400.400 1.176
2400.500 1.173
2400.600 1.177
2400.700 1.176
2400.800 1.178
2400.900 1.185
2401.000 1.183
2401.100 1.180
2401.200 1.193
2401.300 1.188
2401.400 1.189
2401.500 1.192
2401.600 1.190
2401.700 1.195
2401.800 1.192
2401.900 1.199
2402.000 1.198
2402.100 1.203
2402.200 1.201
2402.300 1.206
2402.400 1.199
2402.500 1.210
2402.600 1.203
2402.700 1.208
2402.800 1.206
2402.900 1.223
2403.000 1.219
2403.100 1.218
2403.200 1.217
2403.300 1.216
2403.400 1.221
2403.500 1.222
2403.600 1.224
2403.700 1.228
2403.800 1.228
2403.900 1.232
2404.000 1.233
2404.100 1.233
2404.200 1.237
2404.300 1.239
2404.400 1.243
2404.500 1.245
2404.600 1.242
2404.700 1.243
2404.800 1.254
2404.900 1.249
2405.000 1.257
2405.100 1.255
2405.200 1.257
2405.300 1.260
2405.400 1.261
2405.500 1.258
2405.600 1.268
2405.700 1.266
2405.800 1.269
2405.900 1.271
2406.000 1.269
2406.100 1.273
2406.200 1.285
2406.300 1.282
2406.400 1.290
2406.500 1.282
2406.600 1.285
2406.700 1.287
2406.800 1.290
2406.900 1.296
2407.000 1.295
2407.100 1.297
2407.200 1.294
2407.300 1.299
2407.400 1.296
2407.500 1.306
2407.600 1.305
2407.700 1.307
2407.800 1.310
2407.900 1.313
2408.000 1.318
2408.100 1.322
2408.200 1.320
2408.300 1.325
2408.400 1.325
2408.500 1.323
2408.600 1.333
2408.700 1.339
2408.800 1.334
2408.900 1.339
2409.000 1.339
2409.100 1.341
2409.200 1.348
2409.300 1.348
2409.400 1.348
2409.500 1.350
2409.600 1.356
2409.700 1.354
2409.800 1.360
2409.900 1.363
2410.000 1.370
2410.100 1.369
2410.200 1.376
2410.300 1.376
2410.400 1.383
2410.500 1.381
2410.600 1.383
2410.700 1.387
2410.800 1.387
2410.900 1.395
2411.000 1.395
2411.100 1.403
2411.200 1.410
2411.300 1.409
2411.400 1.405
2411.500 1.414
2411.600 1.415
2411.700 1.425
2411.800 1.420
2411.900 1.423
2412.000 1.423
2412.100 1.431
2412.200 1.435
2412.300 1.436
2412.400 1.437
2412.500 1.442
2412.600 1.449
2412.700 1.451
2412.800 1.451
2412.900 1.464
2413.000 1.458
2413.100 1.467
2413.200 1.470
2413.300 1.477
2413.400 1.478
2413.500 1.485
2413.600 1.488
2413.700 1.476
2413.800 1.488
2413.900 1.488
2414.000 1.493
2414.100 1.500
2414.200 1.509
2414.300 1.506
2414.400 1.512
2414.500 1.513
2414.600 1.522
2414.700 1.523
2414.800 1.531
2414.900 1.533
2415.000 1.534
2415.100 1.540
2415.200 1.540
2415.300 1.551
2415.400 1.552
2415.500 1.552
2415.600 1.559
2415.700 1.572
2415.800 1.570
2415.900 1.575
2416.000 1.573
2416.100 1.580
2416.200 1.584
2416.300 1.598
2416.400 1.602
2416.500 1.609
2416.600 1.604
2416.700 1.617
2416.800 1.617
2416.900 1.616
2417.000 1.619
2417.100 1.636
2417.200 1.633
2417.300 1.648
2417.400 1.645
2417.500 1.654
2417.600 1.652
2417.700 1.657
2417.800 1.657
2417.900 1.663
2418.000 1.671
2418.100 1.686
2418.200 1.683
2418.300 1.695
2418.400 1.695
2418.500 1.700
2418.600 1.711
2418.700 1.711
2418.800 1.717
2418.900 1.720
2419.000 1.739
2419.100 1.745
2419.200 1.756
2419.300 1.751
2419.400 1.758
2419.500 1.766
2419.600 1.771
2419.700 1.773
2419.800 1.788
2419.900 1.784
2420.000 1.788
2420.100 1.796
2420.200 1.811
2420.300 1.810
2420.400 1.818
2420.500 1.830
2420.600 1.844
2420.700 1.849
2420.800 1.858
2420.900 1.856
2421.000 1.860
2421.100 1.871
2421.200 1.876
2421.300 1.887
2421.400 1.891
2421.500 1.904
2421.600 1.915
2421.700 1.921
2421.800 1.928
2421.900 1.935
2422.000 1.942
2422.100 1.954
2422.200 1.962
2422.300 1.965
2422.400 1.972
2422.500 1.990
2422.600 1.991
2422.700 2.010
2422.800 2.016
2422.900 2.026
2423.000 2.034
2423.100 2.049
2423.200 2.050
2423.300 2.062
2423.400 2.063
2423.500 2.076
2423.600 2.090
2423.700 2.099
2423.800 2.113
2423.900 2.115
2424.000 2.126
2424.100 2.142
2424.200 2.156
2424.300 2.164
2424.400 2.176
2424.500 2.185
2424.600 2.199
2424.700 2.201
2424.800 2.218
2424.900 2.225
2425.000 2.243
2425.100 2.251
2425.200 2.267
2425.300 2.280
2425.400 2.289
2425.500 2.300
2425.600 2.322
2425.700 2.325
2425.800 2.356
2425.900 2.356
2426.000 2.368
2426.100 2.391
2426.200 2.401
2426.300 2.413
2426.400 2.417
2426.500 2.441
2426.600 2.456
2426.700 2.480
2426.800 2.487
2426.900 2.505
2427.000 2.518
2427.100 2.536
2427.200 2.546
2427.300 2.571
2427.400 2.577
2427.500 2.606
2427.600 2.624
2427.700 2.640
2427.800 2.652
2427.900 2.661
2428.000 2.693
2428.100 2.713
2428.200 2.722
2428.300 2.746
2428.400 2.753
2428.500 2.781
2428.600 2.806
2428.700 2.818
2428.800 2.851
2428.900 2.865
2429.000 2.890
2429.100 2.913
2429.200 2.937
2429.300 2.956
2429.400 2.969
2429.500 2.992
2429.600 3.023
2429.700 3.054
2429.800 3.081
2429.900 3.098
2430.000 3.126
2430.100 3.139
2430.200 3.170
2430.300 3.199
2430.400 3.226
2430.500 3.252
2430.600 3.314
2430.700 3.374
2430.800 3.412
2430.900 3.428
2431.000 3.475
2431.100 3.469
2431.200 3.449
2431.300 3.499
2431.400 3.514
2431.500 3.549
2431.600 3.569
2431.700 3.615
2431.800 3.658
2431.900 3.679
2432.000 3.716
2432.100 3.748
2432.200 3.783
2432.300 3.836
2432.400 3.853
2432.500 3.909
2432.600 3.932
2432.700 3.988
2432.800 4.032
2432.900 4.061
2433.000 4.109
2433.100 4.135
2433.200 4.184
2433.300 4.237
2433.400 4.259
2433.500 4.319
2433.600 4.346
2433.700 4.397
2433.800 4.452
2433.900 4.478
2434.000 4.548
2434.100 4.572
2434.200 4.633
2434.300 4.685
2434.400 4.721
2434.500 4.779
2434.600 4.820
2434.700 4.877
2434.800 4.928
2434.900 4.960
2435.000 5.025
2435.100 5.054
2435.200 5.122
2435.300 5.178
2435.400 5.224
2435.500 5.285
2435.600 5.308
2435.700 5.368
2435.800 5.420
2435.900 5.442
2436.000 5.499
2436.100 5.535
2436.200 5.589
2436.300 5.647
2436.400 5.668
2436.500 5.724
2436.600 5.742
2436.700 5.785
2436.800 5.808
2436.900 5.821
2437.000 5.860
2437.100 5.881
2437.200 5.903
2437.300 5.933
2437.400 5.948
2437.500 5.965
2437.600 5.975
2437.700 5.991
2437.800 5.981
2437.900 5.972
2438.000 5.963
2438.100 5.952
2438.200 5.943
2438.300 5.934
2438.400 5.917
2438.500 5.890
2438.600 5.873
2438.700 5.825
2438.800 5.790
2438.900 5.768
2439.000 5.708
2439.100 5.685
2439.200 5.644
2439.300 5.578
2439.400 5.558
2439.500 5.486
2439.600 5.447
2439.700 5.361
2439.800 5.287
2439.900 5.254
2440.000 5.197
2440.100 5.152
2440.200 5.080
2440.300 5.000
2440.400 4.955
2440.500 4.875
2440.600 4.829
2440.700 4.751
2440.800 4.675
2440.900 4.640
2441.000 4.544
2441.100 4.516
2441.200 4.441
2441.300 4.399
2441.400 4.317
2441.500 4.244
2441.600 4.203
2441.700 4.117
2441.800 4.076
2441.900 4.008
2442.000 3.947
2442.100 3.913
2442.200 3.844
2442.300 3.806
2442.400 3.750
2442.500 3.685
2442.600 3.643
2442.700 3.580
2442.800 3.546
2442.900 3.474
2443.000 3.410
2443.100 3.385
2443.200 3.326
2443.300 3.294
2443.400 3.248
2443.500 3.187
2443.600 3.160
2443.700 3.097
2443.800 3.088
2443.900 3.028
2444.000 2.973
2444.100 2.947
2444.200 2.907
2444.300 2.884
2444.400 2.834
2444.500 2.784
2444.600 2.763
2444.700 2.712
2444.800 2.692
2444.900 2.664
2445.000 2.617
2445.100 2.592
2445.200 2.545
2445.300 2.526
2445.400 2.484
2445.500 2.453
2445.600 2.432
2445.700 2.402
2445.800 2.374
2445.900 2.347
2446.000 2.306
2446.100 2.298
2446.200 2.250
2446.300 2.248
2446.400 2.202
2446.500 2.173
2446.600 2.155
2446.700 2.129
2446.800 2.112
2446.900 2.082
2447.000 2.060
2447.100 2.043
2447.200 2.013
2447.300 1.999
2447.400 1.974
2447.500 1.947
2447.600 1.931
2447.700 1.904
2447.800 1.890
2447.900 1.861
2448.000 1.843
2448.100 1.804
2448.200 1.773
2448.300 1.756
2448.400 1.741
2448.500 1.710
2448.600 1.710
2448.700 1.718
2448.800 1.705
2448.900 1.681
2449.000 1.663
2449.100 1.652
2449.200 1.631
2449.300 1.619
2449.400 1.606
2449.500 1.576
2449.600 1.569
2449.700 1.551
2449.800 1.541
2449.900 1.523
2450.000 1.510
2450.100 1.500
2450.200 1.475
2450.300 1.465
2450.400 1.440
2450.500 1.437
2450.600 1.429
2450.700 1.408
2450.800 1.398
2450.900 1.385
2451.000 1.368
2451.100 1.360
2451.200 1.343
2451.300 1.338
2451.400 1.318
2451.500 1.304
2451.600 1.298
2451.700 1.286
2451.800 1.277
2451.900 1.258
2452.000 1.245
2452.100 1.239
2452.200 1.224
2452.300 1.218
2452.400 1.205
2452.500 1.191
2452.600 1.195
2452.700 1.174
2452.800 1.170
2452.900 1.155
2453.000 1.145
2453.100 1.136
2453.200 1.126
2453.300 1.119
2453.400 1.107
2453.500 1.099
2453.600 1.078
2453.700 1.073
2453.800 1.063
2453.900 1.059
2454.000 1.050
2454.100 1.047
2454.200 1.033
2454.300 1.033
2454.400 1.015
2454.500 1.012
2454.600 0.999
2454.700 0.992
2454.800 0.984
2454.900 0.980
2455.000 0.970
2455.100 0.959
2455.200 0.949
2455.300 0.942
2455.400 0.935
2455.500 0.929
2455.600 0.924
2455.700 0.911
2455.800 0.905
2455.900 0.893
2456.000 0.897
2456.100 0.884
2456.200 0.876
2456.300 0.870
2456.400 0.868
2456.500 0.860
2456.600 0.856
2456.700 0.839
2456.800 0.837
2456.900 0.833
2457.000 0.827
2457.100 0.818
2457.200 0.810
2457.300 0.808
2457.400 0.800
2457.500 0.797
2457.600 0.786
2457.700 0.784
2457.800 0.778
2457.900 0.769
2458.000 0.765
2458.100 0.758
2458.200 0.747
2458.300 0.751
2458.400 0.740
2458.500 0.737
2458.600 0.730
2458.700 0.728
2458.800 0.722
2458.900 0.718
2459.000 0.710
2459.100 0.704
2459.200 0.697
2459.300 0.697
2459.400 0.692
2459.500 0.682
2459.600 0.678
2459.700 0.674
2459.800 0.669
2459.900 0.663
2460.000 0.663
2460.100 0.654
2460.200 0.652
2460.300 0.645
2460.400 0.644
2460.500 0.637
2460.600 0.635
2460.700 0.629
2460.800 0.630
2460.900 0.617
2461.000 0.621
2461.100 0.613
2461.200 0.603
2461.300 0.603
2461.400 0.596
2461.500 0.593
2461.600 0.588
2461.700 0.582
2461.800 0.587
2461.900 0.579
2462.000 0.577
2462.100 0.568
2462.200 0.567
2462.300 0.561
2462.400 0.558
2462.500 0.556
2462.600 0.548
2462.700 0.542
2462.800 0.540
2462.900 0.542
2463.000 0.536
2463.100 0.532
2463.200 0.528
2463.300 0.523
2463.400 0.520
2463.500 0.522
2463.600 0.508
2463.700 0.508
2463.800 0.504
2463.900 0.499
2464.000 0.496
2464.100 0.496
2464.200 0.491
2464.300 0.488
2464.400 0.481
2464.500 0.483
2464.600 0.480
2464.700 0.478
2464.800 0.475
2464.900 0.473
2465.000 0.469
2465.100 0.464
2465.200 0.460
2465.300 0.456
2465.400 0.449
2465.500 0.445
2465.600 0.440
2465.700 0.436
2465.800 0.435
2465.900 0.431
2466.000 0.430
2466.100 0.422
2466.200 0.433
2466.300 0.428
2466.400 0.423
2466.500 0.421
2466.600 0.419
2466.700 0.414
2466.800 0.415
2466.900 0.403
2467.000 0.409
2467.100 0.402
2467.200 0.402
2467.300 0.398
2467.400 0.398
2467.500 0.394
2467.600 0.390
2467.700 0.390
2467.800 0.384
2467.900 0.387
2468.000 0.383
2468.100 0.382
2468.200 0.377
2468.300 0.369
2468.400 0.370
2468.500 0.369
2468.600 0.363
2468.700 0.368
2468.800 0.358
2468.900 0.358
2469.000 0.356
2469.100 0.356
2469.200 0.351
2469.300 0.350
2469.400 0.344
2469.500 0.345
2469.600 0.339
2469.700 0.339
2469.800 0.337
2469.900 0.337
2470.000 0.330
2470.100 0.330
2470.200 0.331
2470.300 0.325
2470.400 0.323
2470.500 0.319
2470.600 0.320
2470.700 0.315
2470.800 0.313
2470.900 0.310
2471.000 0.309
2471.100 0.307
2471.200 0.312
2471.300 0.307
2471.400 0.305
2471.500 0.299
2471.600 0.301
2471.700 0.298
2471.800 0.292
2471.900 0.287
2472.000 0.292
2472.100 0.288
2472.200 0.284
2472.300 0.283
2472.400 0.283
2472.500 0.278
2472.600 0.279
2472.700 0.279
2472.800 0.279
2472.900 0.272
2473.000 0.268
2473.100 0.269
2473.200 0.268
2473.300 0.266
2473.400 0.263
2473.500 0.262
2473.600 0.260
2473.700 0.260
2473.800 0.256
2473.900 0.256
2474.000 0.252
2474.100 0.252
2474.200 0.248
2474.300 0.251
2474.400 0.246
2474.500 0.244
2474.600 0.237
2474.700 0.241
2474.800 0.236
2474.900 0.235
2475.000 0.234
2475.100 0.233
2475.200 0.232
2475.300 0.227
2475.400 0.232
2475.500 0.227
2475.600 0.224
2475.700 0.222
2475.800 0.224
2475.900 0.220
2476.000 0.223
2476.100 0.218
2476.200 0.219
2476.300 0.215
2476.400 0.213
2476.500 0.214
2476.600 0.213
2476.700 0.209
2476.800 0.207
2476.900 0.202
2477.000 0.202
2477.100 0.202
2477.200 0.199
2477.300 0.198
2477.400 0.198
2477.500 0.195
2477.600 0.193
2477.700 0.194
2477.800 0.190
2477.900 0.191
2478.000 0.186
2478.100 0.190
2478.200 0.188
2478.300 0.187
2478.400 0.183
2478.500 0.187
2478.600 0.181
2478.700 0.181
2478.800 0.177
2478.900 0.175
2479.000 0.175
2479.100 0.176
2479.200 0.176
2479.300 0.171
2479.400 0.171
2479.500 0.171
2479.600 0.167
2479.700 0.167
2479.800 0.166
2479.900 0.165
2480.000 0.166
2480.100 0.161
2480.200 0.163
2480.300 0.158
2480.400 0.162
2480.500 0.156
2480.600 0.157
2480.700 0.153
2480.800 0.155
2480.900 0.151
2481.000 0.151
2481.100 0.148
2481.200 0.147
2481.300 0.144
2481.400 0.143
2481.500 0.144
2481.600 0.143
2481.700 0.141
2481.800 0.139
2481.900 0.139
2482.000 0.138
2482.100 0.139
2482.200 0.135
2482.300 0.136
2482.400 0.133
2482.500 0.136
2482.600 0.128
2482.700 0.128
2482.800 0.128
2482.900 0.129
2483.000 0.125
2483.100 0.124
2483.200 0.125
2483.300 0.119
2483.400 0.120
2483.500 0.117
2483.600 0.121
2483.700 0.115
2483.800 0.117
2483.900 0.118
2484.000 0.117
2484.100 0.117
2484.200 0.114
2484.300 0.110
2484.400 0.112
2484.500 0.108
2484.600 0.110
2484.700 0.108
2484.800 0.108
2484.900 0.106
2485.000 0.105
2485.100 0.105
2485.200 0.104
2485.300 0.101
2485.400 0.098
2485.500 0.097
2485.600 0.096
2485.700 0.099
2485.800 0.095
2485.900 0.096
2486.000 0.091
2486.100 0.095
2486.200 0.090
2486.300 0.090
2486.400 0.092
2486.500 0.089
2486.600 0.087
2486.700 0.089
2486.800 0.084
2486.900 0.087
2487.000 0.086
2487.100 0.080
2487.200 0.082
2487.300 0.082
2487.400 0.081
2487.500 0.081
2487.600 0.081
2487.700 0.077
2487.800 0.078
2487.900 0.077
2488.000 0.077
2488.100 0.076
2488.200 0.075
2488.300 0.073
2488.400 0.071
2488.500 0.071
2488.600 0.070
2488.700 0.069
2488.800 0.067
2488.900 0.070
2489.000 0.069
2489.100 0.067
2489.200 0.064
2489.300 0.064
2489.400 0.064
2489.500 0.064
2489.600 0.062
2489.700 0.062
2489.800 0.059
2489.900 0.058
2490.000 0.057
2490.100 0.058
2490.200 0.057
2490.300 0.058
2490.400 0.056
2490.500 0.054
2490.600 0.054
2490.700 0.054
2490.800 0.053
2490.900 0.051
2491.000 0.051
2491.100 0.050
2491.200 0.049
2491.300 0.051
2491.400 0.049
2491.500 0.048
2491.600 0.046
2491.700 0.048
2491.800 0.045
2491.900 0.045
2492.000 0.046
2492.100 0.042
2492.200 0.043
2492.300 0.041
2492.400 0.043
2492.500 0.043
2492.600 0.041
2492.700 0.039
2492.800 0.038
2492.900 0.039
2493.000 0.040
2493.100 0.038
2493.200 0.037
2493.300 0.038
2493.400 0.037
2493.500 0.035
2493.600 0.033
2493.700 0.034
2493.800 0.035
2493.900 0.032
2494.000 0.030
2494.100 0.031
2494.200 0.031
2494.300 0.029
2494.400 0.030
2494.500 0.027
2494.600 0.029
2494.700 0.026
2494.800 0.026
2494.900 0.027
2495.000 0.024
2495.100 0.025
2495.200 0.024
2495.300 0.024
2495.400 0.024
2495.500 0.022
2495.600 0.023
2495.700 0.022
2495.800 0.023
2495.900 0.021
2496.000 0.023
2496.100 0.022
2496.200 0.021
2496.300 0.022
2496.400 0.020
2496.500 0.019
2496.600 0.019
2496.700 0.018
2496.800 0.019
2496.900 0.019
2497.000 0.019
2497.100 0.017
2497.200 0.019
2497.300 0.019
2497.400 0.018
2497.500 0.020
2497.600 0.019
2497.700 0.019
2497.800 0.020
2497.900 0.016
2498.000 0.017
2498.100 0.015
2498.200 0.016
2498.300 0.019
2498.400 0.018
2498.500 0.016
2498.600 0.016
2498.700 0.017
2498.800 0.017
2498.900 0.020
2499.000 0.018
2499.100 0.019
2499.200 0.019
2499.300 0.021
2499.400 0.020
2499.500 0.019
2499.600 0.020
2499.700 0.019
2499.800 0.018
2499.900 0.021
2500.000 0.021
