2200.100 0.008
2200.200 0.714
2200.300 0.761
2200.400 0.746
2200.500 0.718
2200.600 0.707
2200.700 0.696
2200.800 0.691
2200.900 0.690
2201.000 0.683
2201.100 0.677
2201.200 0.681
2201.300 0.682
2201.400 0.678
2201.500 0.668
2201.600 0.671
2201.700 0.668
2201.800 0.667
2201.900 0.670
2202.000 0.667
2202.100 0.665
2202.200 0.661
2202.300 0.666
2202.400 0.663
2202.500 0.665
2202.600 0.662
2202.700 0.661
2202.800 0.663
2202.900 0.655
2203.000 0.652
2203.100 0.656
2203.200 0.646
2203.300 0.644
2203.400 0.641
2203.500 0.632
2203.600 0.625
2203.700 0.615
2203.800 0.609
2203.900 0.591
2204.000 0.587
2204.100 0.565
2204.200 0.547
2204.300 0.532
2204.400 0.507
2204.500 0.488
2204.600 0.471
2204.700 0.454
2204.800 0.443
2204.900 0.420
2205.000 0.401
2205.100 0.390
2205.200 0.373
2205.300 0.361
2205.400 0.346
2205.500 0.334
2205.600 0.329
2205.700 0.327
2205.800 0.329
2205.900 0.331
2206.000 0.326
2206.100 0.329
2206.200 0.328
2206.300 0.329
2206.400 0.331
2206.500 0.330
2206.600 0.330
2206.700 0.332
2206.800 0.331
2206.900 0.330
2207.000 0.330
2207.100 0.336
2207.200 0.334
2207.300 0.331
2207.400 0.334
2207.500 0.332
2207.600 0.334
2207.700 0.334
2207.800 0.338
2207.900 0.336
2208.000 0.337
2208.100 0.340
2208.200 0.336
2208.300 0.338
2208.400 0.337
2208.500 0.339
2208.600 0.342
2208.700 0.340
2208.800 0.342
2208.900 0.344
2209.000 0.347
2209.100 0.345
2209.200 0.349
2209.300 0.346
2209.400 0.350
2209.500 0.350
2209.600 0.351
2209.700 0.348
2209.800 0.349
2209.900 0.350
2210.000 0.352
2210.100 0.349
2210.200 0.350
2210.300 0.352
2210.400 0.356
2210.500 0.354
2210.600 0.352
2210.700 0.353
2210.800 0.355
2210.900 0.357
2211.000 0.356
2211.100 0.356
2211.200 0.361
2211.300 0.359
2211.400 0.358
2211.500 0.361
2211.600 0.361
2211.700 0.366
2211.800 0.366
2211.900 0.368
2212.000 0.365
2212.100 0.369
2212.200 0.368
2212.300 0.369
2212.400 0.368
2212.500 0.369
2212.600 0.372
2212.700 0.374
2212.800 0.372
2212.900 0.375
2213.000 0.373
2213.100 0.376
2213.200 0.378
2213.300 0.376
2213.400 0.374
2213.500 0.375
2213.600 0.377
2213.700 0.378
2213.800 0.377
2213.900 0.378
2214.000 0.380
2214.100 0.380
2214.200 0.382
2214.300 0.382
2214.400 0.382
2214.500 0.379
2214.600 0.385
2214.700 0.381
2214.800 0.385
2214.900 0.386
2215.000 0.386
2215.100 0.386
2215.200 0.386
2215.300 0.389
2215.400 0.391
2215.500 0.391
2215.600 0.388
2215.700 0.390
2215.800 0.390
2215.900 0.392
2216.000 0.389
2216.100 0.391
2216.200 0.390
2216.300 0.394
2216.400 0.392
2216.500 0.396
2216.600 0.397
2216.700 0.395
2216.800 0.397
2216.900 0.399
2217.000 0.398
2217.100 0.397
2217.200 0.399
2217.300 0.402
2217.400 0.400
2217.500 0.401
2217.600 0.403
2217.700 0.402
2217.800 0.406
2217.900 0.404
2218.000 0.404
2218.100 0.406
2218.200 0.409
2218.300 0.406
2218.400 0.407
2218.500 0.409
2218.600 0.411
2218.700 0.408
2218.800 0.410
2218.900 0.414
2219.000 0.412
2219.100 0.413
2219.200 0.414
2219.300 0.414
2219.400 0.416
2219.500 0.417
2219.600 0.423
2219.700 0.417
2219.800 0.424
2219.900 0.420
2220.000 0.420
2220.100 0.516
2220.200 0.545
2220.300 0.550
2220.400 0.495
2220.500 0.471
2220.600 0.445
2220.700 0.431
2220.800 0.430
2220.900 0.427
2221.000 0.424
2221.100 0.426
2221.200 0.429
2221.300 0.429
2221.400 0.429
2221.500 0.433
2221.600 0.429
2221.700 0.430
2221.800 0.431
2221.900 0.432
2222.000 0.438
2222.100 0.435
2222.200 0.434
2222.300 0.437
2222.400 0.435
2222.500 0.437
2222.600 0.439
2222.700 0.441
2222.800 0.438
2222.900 0.447
2223.000 0.443
2223.100 0.444
2223.200 0.446
2223.300 0.446
2223.400 0.444
2223.500 0.448
2223.600 0.450
2223.700 0.454
2223.800 0.452
2223.900 0.452
2224.000 0.450
2224.100 0.453
2224.200 0.454
2224.300 0.456
2224.400 0.458
2224.500 0.460
2224.600 0.460
2224.700 0.458
2224.800 0.461
2224.900 0.459
2225.000 0.464
2225.100 0.462
2225.200 0.464
2225.300 0.463
2225.400 0.466
2225.500 0.464
2225.600 0.468
2225.700 0.466
2225.800 0.468
2225.900 0.471
2226.000 0.471
2226.100 0.472
2226.200 0.472
2226.300 0.476
2226.400 0.476
2226.500 0.478
2226.600 0.475
2226.700 0.480
2226.800 0.480
2226.900 0.479
2227.000 0.478
2227.100 0.481
2227.200 0.482
2227.300 0.485
2227.400 0.484
2227.500 0.487
2227.600 0.484
2227.700 0.488
2227.800 0.493
2227.900 0.488
2228.000 0.491
2228.100 0.497
2228.200 0.493
2228.300 0.494
2228.400 0.496
2228.500 0.498
2228.600 0.496
2228.700 0.498
2228.800 0.502
2228.900 0.499
2229.000 0.503
2229.100 0.502
2229.200 0.502
2229.300 0.504
2229.400 0.508
2229.500 0.509
2229.600 0.509
2229.700 0.509
2229.800 0.515
2229.900 0.515
2230.000 0.516
2230.100 0.516
2230.200 0.517
2230.300 0.517
2230.400 0.518
2230.500 0.519
2230.600 0.525
2230.700 0.523
2230.800 0.525
2230.900 0.523
2231.000 0.525
2231.100 0.527
2231.200 0.527
2231.300 0.529
2231.400 0.531
2231.500 0.531
2231.600 0.530
2231.700 0.536
2231.800 0.537
2231.900 0.537
2232.000 0.537
2232.100 0.541
2232.200 0.538
2232.300 0.546
2232.400 0.545
2232.500 0.548
2232.600 0.546
2232.700 0.544
2232.800 0.549
2232.900 0.550
2233.000 0.551
2233.100 0.555
2233.200 0.555
2233.300 0.554
2233.400 0.559
2233.500 0.560
2233.600 0.563
2233.700 0.562
2233.800 0.564
2233.900 0.565
2234.000 0.564
2234.100 0.565
2234.200 0.567
2234.300 0.568
2234.400 0.572
2234.500 0.573
2234.600 0.577
2234.700 0.575
2234.800 0.578
2234.900 0.577
2235.000 0.584
2235.100 0.581
2235.200 0.581
2235.300 0.584
2235.400 0.590
2235.500 0.589
2235.600 0.594
2235.700 0.592
2235.800 0.591
2235.900 0.598
2236.000 0.597
2236.100 0.601
2236.200 0.598
2236.300 0.605
2236.400 0.602
2236.500 0.603
2236.600 0.604
2236.700 0.612
2236.800 0.608
2236.900 0.611
2237.000 0.609
2237.100 0.610
2237.200 0.618
2237.300 0.618
2237.400 0.617
2237.500 0.618
2237.600 0.618
2237.700 0.619
2237.800 0.625
2237.900 0.626
2238.000 0.629
2238.100 0.629
2238.200 0.632
2238.300 0.633
2238.400 0.640
2238.500 0.638
2238.600 0.638
2238.700 0.639
2238.800 0.646
2238.900 0.646
2239.000 0.653
2239.100 0.651
2239.200 0.649
2239.300 0.653
2239.400 0.656
2239.500 0.657
2239.600 0.657
2239.700 0.660
2239.800 0.658
2239.900 0.662
2240.000 0.663
2240.100 0.668
2240.200 0.665
2240.300 0.668
2240.400 0.671
2240.500 0.672
2240.600 0.672
2240.700 0.681
2240.800 0.678
2240.900 0.682
2241.000 0.685
2241.100 0.691
2241.200 0.685
2241.300 0.691
2241.400 0.689
2241.500 0.696
2241.600 0.694
2241.700 0.699
2241.800 0.700
2241.900 0.701
2242.000 0.703
2242.100 0.707
2242.200 0.710
2242.300 0.709
2242.400 0.716
2242.500 0.715
2242.600 0.724
2242.700 0.721
2242.800 0.724
2242.900 0.722
2243.000 0.731
2243.100 0.727
2243.200 0.729
2243.300 0.730
2243.400 0.732
2243.500 0.738
2243.600 0.738
2243.700 0.744
2243.800 0.743
2243.900 0.746
2244.000 0.749
2244.100 0.752
2244.200 0.754
2244.300 0.757
2244.400 0.758
2244.500 0.764
2244.600 0.760
2244.700 0.771
2244.800 0.771
2244.900 0.774
2245.000 0.775
2245.100 0.776
2245.200 0.775
2245.300 0.781
2245.400 0.782
2245.500 0.780
2245.600 0.783
2245.700 0.788
2245.800 0.789
2245.900 0.791
2246.000 0.801
2246.100 0.804
2246.200 0.803
2246.300 0.807
2246.400 0.811
2246.500 0.812
2246.600 0.815
2246.700 0.817
2246.800 0.823
2246.900 0.822
2247.000 0.822
2247.100 0.824
2247.200 0.834
2247.300 0.829
2247.400 0.833
2247.500 0.838
2247.600 0.843
2247.700 0.838
2247.800 0.845
2247.900 0.846
2248.000 0.851
2248.100 0.856
2248.200 0.856
2248.300 0.860
2248.400 0.859
2248.500 0.869
2248.600 0.870
2248.700 0.876
2248.800 0.880
2248.900 0.883
2249.000 0.883
2249.100 0.884
2249.200 0.893
2249.300 0.893
2249.400 0.893
2249.500 0.892
2249.600 0.898
2249.700 0.902
2249.800 0.910
2249.900 0.910
2250.000 0.917
2250.100 0.919
2250.200 0.928
2250.300 0.927
2250.400 0.930
2250.500 0.928
2250.600 0.934
2250.700 0.935
2250.800 0.937
2250.900 0.939
2251.000 0.948
2251.100 0.949
2251.200 0.961
2251.300 0.959
2251.400 0.964
2251.500 0.962
2251.600 0.965
2251.700 0.973
2251.800 0.980
2251.900 0.979
2252.000 0.983
2252.100 0.988
2252.200 0.988
2252.300 0.996
2252.400 0.993
2252.500 1.002
2252.600 1.003
2252.700 1.014
2252.800 1.016
2252.900 1.022
2253.000 1.021
2253.100 1.035
2253.200 1.032
2253.300 1.040
2253.400 1.041
2253.500 1.038
2253.600 1.044
2253.700 1.055
2253.800 1.057
2253.900 1.062
2254.000 1.065
2254.100 1.066
2254.200 1.072
2254.300 1.080
2254.400 1.087
2254.500 1.089
2254.600 1.091
2254.700 1.096
2254.800 1.102
2254.900 1.107
2255.000 1.108
2255.100 1.113
2255.200 1.121
2255.300 1.123
2255.400 1.127
2255.500 1.130
2255.600 1.138
2255.700 1.145
2255.800 1.148
2255.900 1.153
2256.000 1.167
2256.100 1.168
2256.200 1.173
2256.300 1.173
2256.400 1.178
2256.500 1.187
2256.600 1.190
2256.700 1.196
2256.800 1.196
2256.900 1.205
2257.000 1.211
2257.100 1.214
2257.200 1.221
2257.300 1.229
2257.400 1.236
2257.500 1.240
2257.600 1.242
2257.700 1.245
2257.800 1.249
2257.900 1.263
2258.000 1.271
2258.100 1.283
2258.200 1.290
2258.300 1.295
2258.400 1.299
2258.500 1.309
2258.600 1.298
2258.700 1.307
2258.800 1.316
2258.900 1.320
2259.000 1.326
2259.100 1.327
2259.200 1.341
2259.300 1.346
2259.400 1.358
2259.500 1.361
2259.600 1.367
2259.700 1.372
2259.800 1.377
2259.900 1.381
2260.000 1.388
2260.100 1.395
2260.200 1.405
2260.300 1.412
2260.400 1.418
2260.500 1.428
2260.600 1.430
2260.700 1.442
2260.800 1.446
2260.900 1.461
2261.000 1.462
2261.100 1.475
2261.200 1.484
2261.300 1.494
2261.400 1.495
2261.500 1.506
2261.600 1.508
2261.700 1.523
2261.800 1.524
2261.900 1.537
2262.000 1.542
2262.100 1.547
2262.200 1.565
2262.300 1.566
2262.400 1.575
2262.500 1.591
2262.600 1.594
2262.700 1.604
2262.800 1.616
2262.900 1.625
2263.000 1.634
2263.100 1.637
2263.200 1.649
2263.300 1.655
2263.400 1.668
2263.500 1.680
2263.600 1.695
2263.700 1.698
2263.800 1.709
2263.900 1.716
2264.000 1.723
2264.100 1.739
2264.200 1.757
2264.300 1.760
2264.400 1.768
2264.500 1.783
2264.600 1.792
2264.700 1.806
2264.800 1.813
2264.900 1.824
2265.000 1.841
2265.100 1.854
2265.200 1.860
2265.300 1.869
2265.400 1.880
2265.500 1.899
2265.600 1.907
2265.700 1.926
2265.800 1.930
2265.900 1.949
2266.000 1.959
2266.100 1.963
2266.200 1.982
2266.300 1.991
2266.400 2.007
2266.500 2.029
2266.600 2.029
2266.700 2.037
2266.800 2.056
2266.900 2.070
2267.000 2.085
2267.100 2.106
2267.200 2.128
2267.300 2.135
2267.400 2.150
2267.500 2.161
2267.600 2.185
2267.700 2.191
2267.800 2.208
2267.900 2.234
2268.000 2.245
2268.100 2.259
2268.200 2.289
2268.300 2.295
2268.400 2.317
2268.500 2.328
2268.600 2.348
2268.700 2.379
2268.800 2.386
2268.900 2.409
2269.000 2.419
2269.100 2.437
2269.200 2.460
2269.300 2.473
2269.400 2.495
2269.500 2.510
2269.600 2.538
2269.700 2.547
2269.800 2.577
2269.900 2.603
2270.000 2.616
2270.100 2.641
2270.200 2.666
2270.300 2.679
2270.400 2.709
2270.500 2.720
2270.600 2.756
2270.700 2.785
2270.800 2.799
2270.900 2.827
2271.000 2.845
2271.100 2.876
2271.200 2.908
2271.300 2.927
2271.400 2.954
2271.500 2.969
2271.600 3.006
2271.700 3.038
2271.800 3.066
2271.900 3.097
2272.000 3.123
2272.100 3.150
2272.200 3.186
2272.300 3.206
2272.400 3.246
2272.500 3.264
2272.600 3.302
2272.700 3.343
2272.800 3.360
2272.900 3.411
2273.000 3.430
2273.100 3.471
2273.200 3.517
2273.300 3.533
2273.400 3.586
2273.500 3.613
2273.600 3.654
2273.700 3.700
2273.800 3.725
2273.900 3.778
2274.000 3.804
2274.100 3.846
2274.200 3.894
2274.300 3.928
2274.400 3.989
2274.500 4.009
2274.600 4.070
2274.700 4.121
2274.800 4.145
2274.900 4.206
2275.000 4.239
2275.100 4.296
2275.200 4.354
2275.300 4.384
2275.400 4.443
2275.500 4.469
2275.600 4.536
2275.700 4.562
2275.800 4.625
2275.900 4.669
2276.000 4.698
2276.100 4.752
2276.200 4.803
2276.300 4.833
2276.400 4.857
2276.500 4.921
2276.600 4.963
2276.700 5.018
2276.800 5.053
2276.900 5.090
2277.000 5.106
2277.100 5.158
2277.200 5.209
2277.300 5.211
2277.400 5.256
2277.500 5.270
2277.600 5.290
2277.700 5.310
2277.800 5.313
2277.900 5.329
2278.000 5.314
2278.100 5.307
2278.200 5.289
2278.300 5.281
2278.400 5.245
2278.500 5.238
2278.600 5.198
2278.700 5.147
2278.800 5.119
2278.900 5.068
2279.000 5.027
2279.100 4.938
2279.200 4.898
2279.300 4.809
2279.400 4.715
2279.500 4.657
2279.600 4.546
2279.700 4.484
2279.800 4.371
2279.900 4.237
2280.000 4.182
2280.100 4.052
2280.200 3.991
2280.300 3.867
2280.400 3.739
2280.500 3.672
2280.600 3.559
2280.700 3.491
2280.800 3.392
2280.900 3.274
2281.000 3.219
2281.100 3.125
2281.200 3.078
2281.300 2.993
2281.400 2.954
2281.500 2.901
2281.600 2.847
2281.700 2.820
2281.800 2.783
2281.900 2.767
2282.000 2.761
2282.100 2.765
2282.200 2.770
2282.300 2.798
2282.400 2.832
2282.500 2.860
2282.600 2.918
2282.700 2.963
2282.800 3.039
2282.900 3.123
2283.000 3.171
2283.100 3.266
2283.200 3.323
2283.300 3.438
2283.400 3.537
2283.500 3.591
2283.600 3.710
2283.700 3.767
2283.800 3.874
2283.900 3.926
2284.000 4.027
2284.100 4.125
2284.200 4.171
2284.300 4.249
2284.400 4.322
2284.500 4.344
2284.600 4.391
2284.700 4.418
2284.800 4.466
2284.900 4.486
2285.000 4.506
2285.100 4.514
2285.200 4.518
2285.300 4.523
2285.400 4.530
2285.500 4.529
2285.600 4.537
2285.700 4.534
2285.800 4.540
2285.900 4.552
2286.000 4.563
2286.100 4.574
2286.200 4.586
2286.300 4.614
2286.400 4.652
2286.500 4.671
2286.600 4.712
2286.700 4.738
2286.800 4.775
2286.900 4.816
2287.000 4.860
2287.100 4.904
2287.200 4.927
2287.300 4.981
2287.400 5.013
2287.500 5.043
2287.600 5.061
2287.700 5.075
2287.800 5.098
2287.900 5.128
2288.000 5.128
2288.100 5.130
2288.200 5.128
2288.300 5.125
2288.400 5.116
2288.500 5.116
2288.600 5.101
2288.700 5.098
2288.800 5.085
2288.900 5.066
2289.000 5.045
2289.100 5.018
2289.200 5.007
2289.300 4.977
2289.400 4.950
2289.500 4.933
2289.600 4.924
2289.700 4.882
2289.800 4.846
2289.900 4.801
2290.000 4.795
2290.100 4.750
2290.200 4.745
2290.300 4.696
2290.400 4.671
2290.500 4.643
2290.600 4.614
2290.700 4.573
2290.800 4.537
2290.900 4.510
2291.000 4.478
2291.100 4.461
2291.200 4.413
2291.300 4.381
2291.400 4.359
2291.500 4.318
2291.600 4.289
2291.700 4.268
2291.800 4.219
2291.900 4.209
2292.000 4.168
2292.100 4.129
2292.200 4.110
2292.300 4.082
2292.400 4.062
2292.500 4.037
2292.600 3.988
2292.700 3.975
2292.800 3.938
2292.900 3.918
2293.000 3.875
2293.100 3.843
2293.200 3.821
2293.300 3.793
2293.400 3.777
2293.500 3.739
2293.600 3.704
2293.700 3.688
2293.800 3.656
2293.900 3.640
2294.000 3.610
2294.100 3.582
2294.200 3.564
2294.300 3.534
2294.400 3.528
2294.500 3.491
2294.600 3.457
2294.700 3.446
2294.800 3.415
2294.900 3.400
2295.000 3.378
2295.100 3.360
2295.200 3.339
2295.300 3.304
2295.400 3.296
2295.500 3.274
2295.600 3.260
2295.700 3.235
2295.800 3.212
2295.900 3.199
2296.000 3.174
2296.100 3.143
2296.200 3.133
2296.300 3.102
2296.400 3.088
2296.500 3.076
2296.600 3.005
2296.700 3.017
2296.800 2.984
2296.900 2.986
2297.000 2.960
2297.100 2.972
2297.200 2.964
2297.300 2.940
2297.400 2.925
2297.500 2.912
2297.600 2.881
2297.700 2.867
2297.800 2.856
2297.900 2.842
2298.000 2.820
2298.100 2.806
2298.200 2.794
2298.300 2.774
2298.400 2.770
2298.500 2.744
2298.600 2.731
2298.700 2.724
2298.800 2.706
2298.900 2.698
2299.000 2.683
2299.100 2.661
2299.200 2.653
2299.300 2.635
2299.400 2.626
2299.500 2.624
2299.600 2.619
2299.700 2.598
2299.800 2.584
2299.900 2.574
2300.000 2.546
2300.100 2.540
2300.200 2.529
2300.300 2.527
2300.400 2.509
2300.500 2.499
2300.600 2.491
2300.700 2.479
2300.800 2.456
2300.900 2.449
2301.000 2.434
2301.100 2.436
2301.200 2.424
2301.300 2.417
2301.400 2.400
2301.500 2.394
2301.600 2.382
2301.700 2.369
2301.800 2.367
2301.900 2.347
2302.000 2.335
2302.100 2.332
2302.200 2.319
2302.300 2.304
2302.400 2.313
2302.500 2.290
2302.600 2.293
2302.700 2.273
2302.800 2.260
2302.900 2.253
2303.000 2.251
2303.100 2.247
2303.200 2.232
2303.300 2.215
2303.400 2.213
2303.500 2.204
2303.600 2.200
2303.700 2.181
2303.800 2.181
2303.900 2.174
2304.000 2.160
2304.100 2.161
2304.200 2.144
2304.300 2.133
2304.400 2.126
2304.500 2.127
2304.600 2.114
2304.700 2.107
2304.800 2.095
2304.900 2.093
2305.000 2.076
2305.100 2.072
2305.200 2.071
2305.300 2.074
2305.400 2.066
2305.500 2.048
2305.600 2.045
2305.700 2.032
2305.800 2.027
2305.900 2.019
2306.000 2.018
2306.100 2.010
2306.200 2.002
2306.300 1.992
2306.400 1.997
2306.500 1.982
2306.600 1.983
2306.700 1.971
2306.800 1.964
2306.900 1.958
2307.000 1.951
2307.100 1.943
2307.200 1.935
2307.300 1.926
2307.400 1.919
2307.500 1.919
2307.600 1.914
2307.700 1.906
2307.800 1.893
2307.900 1.896
2308.000 1.887
2308.100 1.893
2308.200 1.878
2308.300 1.874
2308.400 1.870
2308.500 1.862
2308.600 1.858
2308.700 1.847
2308.800 1.840
2308.900 1.847
2309.000 1.840
2309.100 1.828
2309.200 1.824
2309.300 1.820
2309.400 1.809
2309.500 1.808
2309.600 1.800
2309.700 1.792
2309.800 1.792
2309.900 1.788
2310.000 1.787
2310.100 1.789
2310.200 1.775
2310.300 1.766
2310.400 1.763
2310.500 1.758
2310.600 1.759
2310.700 1.751
2310.800 1.748
2310.900 1.741
2311.000 1.741
2311.100 1.736
2311.200 1.730
2311.300 1.721
2311.400 1.720
2311.500 1.718
2311.600 1.711
2311.700 1.710
2311.800 1.700
2311.900 1.704
2312.000 1.694
2312.100 1.691
2312.200 1.683
2312.300 1.680
2312.400 1.675
2312.500 1.671
2312.600 1.666
2312.700 1.671
2312.800 1.661
2312.900 1.660
2313.000 1.652
2313.100 1.648
2313.200 1.642
2313.300 1.639
2313.400 1.635
2313.500 1.629
2313.600 1.630
2313.700 1.623
2313.800 1.619
2313.900 1.616
2314.000 1.610
2314.100 1.608
2314.200 1.613
2314.300 1.606
2314.400 1.601
2314.500 1.596
2314.600 1.593
2314.700 1.590
2314.800 1.588
2314.900 1.580
2315.000 1.578
2315.100 1.576
2315.200 1.581
2315.300 1.574
2315.400 1.570
2315.500 1.568
2315.600 1.565
2315.700 1.558
2315.800 1.554
2315.900 1.552
2316.000 1.546
2316.100 1.540
2316.200 1.532
2316.300 1.533
2316.400 1.532
2316.500 1.528
2316.600 1.531
2316.700 1.530
2316.800 1.521
2316.900 1.521
2317.000 1.511
2317.100 1.508
2317.200 1.506
2317.300 1.511
2317.400 1.512
2317.500 1.500
2317.600 1.502
2317.700 1.498
2317.800 1.494
2317.900 1.498
2318.000 1.493
2318.100 1.491
2318.200 1.486
2318.300 1.484
2318.400 1.481
2318.500 1.472
2318.600 1.473
2318.700 1.466
2318.800 1.470
2318.900 1.462
2319.000 1.465
2319.100 1.456
2319.200 1.461
2319.300 1.452
2319.400 1.450
2319.500 1.450
2319.600 1.452
2319.700 1.441
2319.800 1.441
2319.900 1.437
2320.000 1.441
2320.100 1.432
2320.200 1.436
2320.300 1.429
2320.400 1.428
2320.500 1.422
2320.600 1.415
2320.700 1.421
2320.800 1.410
2320.900 1.416
2321.000 1.412
2321.100 1.405
2321.200 1.404
2321.300 1.411
2321.400 1.400
2321.500 1.398
2321.600 1.395
2321.700 1.401
2321.800 1.393
2321.900 1.393
2322.000 1.392
2322.100 1.389
2322.200 1.388
2322.300 1.383
2322.400 1.383
2322.500 1.379
2322.600 1.380
2322.700 1.375
2322.800 1.370
2322.900 1.364
2323.000 1.365
2323.100 1.361
2323.200 1.361
2323.300 1.360
2323.400 1.360
2323.500 1.355
2323.600 1.356
2323.700 1.350
2323.800 1.350
2323.900 1.347
2324.000 1.347
2324.100 1.338
2324.200 1.338
2324.300 1.337
2324.400 1.330
2324.500 1.328
2324.600 1.329
2324.700 1.332
2324.800 1.333
2324.900 1.324
2325.000 1.320
2325.100 1.320
2325.200 1.317
2325.300 1.316
2325.400 1.312
2325.500 1.309
2325.600 1.308
2325.700 1.304
2325.800 1.304
2325.900 1.306
2326.000 1.302
2326.100 1.304
2326.200 1.296
2326.300 1.299
2326.400 1.294
2326.500 1.294
2326.600 1.287
2326.700 1.288
2326.800 1.284
2326.900 1.292
2327.000 1.287
2327.100 1.285
2327.200 1.285
2327.300 1.280
2327.400 1.274
2327.500 1.272
2327.600 1.278
2327.700 1.276
2327.800 1.279
2327.900 1.274
2328.000 1.270
2328.100 1.264
2328.200 1.262
2328.300 1.259
2328.400 1.260
2328.500 1.253
2328.600 1.259
2328.700 1.253
2328.800 1.262
2328.900 1.256
2329.000 1.257
2329.100 1.254
2329.200 1.249
2329.300 1.245
2329.400 1.246
2329.500 1.242
2329.600 1.242
2329.700 1.238
2329.800 1.233
2329.900 1.234
2330.000 1.229
2330.100 1.238
2330.200 1.234
2330.300 1.230
2330.400 1.228
2330.500 1.233
2330.600 1.224
2330.700 1.223
2330.800 1.221
2330.900 1.225
2331.000 1.223
2331.100 1.219
2331.200 1.215
2331.300 1.222
2331.400 1.216
2331.500 1.213
2331.600 1.207
2331.700 1.207
2331.800 1.207
2331.900 1.212
2332.000 1.206
2332.100 1.203
2332.200 1.205
2332.300 1.201
2332.400 1.201
2332.500 1.198
2332.600 1.196
2332.700 1.197
2332.800 1.196
2332.900 1.199
2333.000 1.198
2333.100 1.192
2333.200 1.198
2333.300 1.191
2333.400 1.185
2333.500 1.185
2333.600 1.180
2333.700 1.176
2333.800 1.181
2333.900 1.181
2334.000 1.182
2334.100 1.178
2334.200 1.177
2334.300 1.177
2334.400 1.176
2334.500 1.180
2334.600 1.175
2334.700 1.172
2334.800 1.168
2334.900 1.171
2335.000 1.169
2335.100 1.166
2335.200 1.161
2335.300 1.168
2335.400 1.163
2335.500 1.163
2335.600 1.157
2335.700 1.157
2335.800 1.154
2335.900 1.162
2336.000 1.156
2336.100 1.152
2336.200 1.154
2336.300 1.157
2336.400 1.156
2336.500 1.151
2336.600 1.150
2336.700 1.148
2336.800 1.149
2336.900 1.147
2337.000 1.146
2337.100 1.143
2337.200 1.148
2337.300 1.145
2337.400 1.144
2337.500 1.143
2337.600 1.142
2337.700 1.138
2337.800 1.144
2337.900 1.137
2338.000 1.137
2338.100 1.141
2338.200 1.134
2338.300 1.135
2338.400 1.136
2338.500 1.130
2338.600 1.128
2338.700 1.134
2338.800 1.131
2338.900 1.133
2339.000 1.130
2339.100 1.127
2339.200 1.126
2339.300 1.123
2339.400 1.122
2339.500 1.138
2339.600 1.125
2339.700 1.125
2339.800 1.125
2339.900 1.127
2340.000 1.121
2340.100 1.124
2340.200 1.119
2340.300 1.117
2340.400 1.117
2340.500 1.112
2340.600 1.112
2340.700 1.115
2340.800 1.122
2340.900 1.116
2341.000 1.116
2341.100 1.113
2341.200 1.114
2341.300 1.107
2341.400 1.116
2341.500 1.106
2341.600 1.110
2341.700 1.105
2341.800 1.105
2341.900 1.107
2342.000 1.107
2342.100 1.100
2342.200 1.099
2342.300 1.103
2342.400 1.105
2342.500 1.102
2342.600 1.099
2342.700 1.097
2342.800 1.098
2342.900 1.104
2343.000 1.099
2343.100 1.099
2343.200 1.097
2343.300 1.095
2343.400 1.093
2343.500 1.093
2343.600 1.091
2343.700 1.096
2343.800 1.090
2343.900 1.092
2344.000 1.089
2344.100 1.090
2344.200 1.090
2344.300 1.090
2344.400 1.088
2344.500 1.082
2344.600 1.079
2344.700 1.080
2344.800 1.080
2344.900 1.079
2345.000 1.087
2345.100 1.085
2345.200 1.079
2345.300 1.076
2345.400 1.078
2345.500 1.075
2345.600 1.076
2345.700 1.075
2345.800 1.080
2345.900 1.080
2346.000 1.077
2346.100 1.074
2346.200 1.077
2346.300 1.075
2346.400 1.072
2346.500 1.074
2346.600 1.068
2346.700 1.069
2346.800 1.071
2346.900 1.071
2347.000 1.071
2347.100 1.066
2347.200 1.065
2347.300 1.062
2347.400 1.061
2347.500 1.065
2347.600 1.064
2347.700 1.066
2347.800 1.064
2347.900 1.067
2348.000 1.060
2348.100 1.065
2348.200 1.063
2348.300 1.061
2348.400 1.059
2348.500 1.063
2348.600 1.059
2348.700 1.057
2348.800 1.060
2348.900 1.059
2349.000 1.060
2349.100 1.053
2349.200 1.062
2349.300 1.055
2349.400 1.057
2349.500 1.055
2349.600 1.055
2349.700 1.052
2349.800 1.053
2349.900 1.050
2350.000 1.052
2350.100 1.052
2350.200 1.051
2350.300 1.047
2350.400 1.047
2350.500 1.055
2350.600 1.057
2350.700 1.055
2350.800 1.047
2350.900 1.052
2351.000 1.048
2351.100 1.051
2351.200 1.045
2351.300 1.047
2351.400 1.047
2351.500 1.051
2351.600 1.045
2351.700 1.045
2351.800 1.042
2351.900 1.045
2352.000 1.038
2352.100 1.039
2352.200 1.039
2352.300 1.038
2352.400 1.035
2352.500 1.041
2352.600 1.039
2352.700 1.041
2352.800 1.037
2352.900 1.035
2353.000 1.036
2353.100 1.033
2353.200 1.035
2353.300 1.036
2353.400 1.034
2353.500 1.036
2353.600 1.038
2353.700 1.039
2353.800 1.037
2353.900 1.037
2354.000 1.038
2354.100 1.032
2354.200 1.036
2354.300 1.034
2354.400 1.029
2354.500 1.027
2354.600 1.029
2354.700 1.029
2354.800 1.034
2354.900 1.030
2355.000 1.034
2355.100 1.033
2355.200 1.033
2355.300 1.028
2355.400 1.028
2355.500 1.027
2355.600 1.027
2355.700 1.025
2355.800 1.024
2355.900 1.030
2356.000 1.027
2356.100 1.028
2356.200 1.022
2356.300 1.029
2356.400 1.028
2356.500 1.022
2356.600 1.021
2356.700 1.026
2356.800 1.023
2356.900 1.025
2357.000 1.019
2357.100 1.019
2357.200 1.024
2357.300 1.028
2357.400 1.022
2357.500 1.016
2357.600 1.025
2357.700 1.023
2357.800 1.022
2357.900 1.021
2358.000 1.017
2358.100 1.016
2358.200 1.019
2358.300 1.017
2358.400 1.018
2358.500 1.018
2358.600 1.022
2358.700 1.018
2358.800 1.017
2358.900 1.016
2359.000 1.021
2359.100 1.020
2359.200 1.023
2359.300 1.021
2359.400 1.021
2359.500 1.022
2359.600 1.014
2359.700 1.016
2359.800 1.013
2359.900 1.014
2360.000 1.015
2360.100 1.014
2360.200 1.014
2360.300 1.020
2360.400 1.020
2360.500 1.018
2360.600 1.017
2360.700 1.023
2360.800 1.015
2360.900 1.017
2361.000 1.016
2361.100 1.014
2361.200 1.014
2361.300 1.019
2361.400 1.011
2361.500 1.012
2361.600 1.008
2361.700 1.006
2361.800 1.008
2361.900 1.008
2362.000 1.010
2362.100 1.009
2362.200 1.015
2362.300 1.014
2362.400 1.013
2362.500 1.009
2362.600 1.009
2362.700 1.005
2362.800 1.010
2362.900 1.006
2363.000 1.012
2363.100 1.011
2363.200 1.005
2363.300 0.997
2363.400 1.004
2363.500 1.006
2363.600 1.010
2363.700 1.010
2363.800 1.010
2363.900 1.006
2364.000 1.007
2364.100 1.006
2364.200 1.002
2364.300 1.013
2364.400 1.011
2364.500 1.013
2364.600 1.011
2364.700 1.010
2364.800 1.008
2364.900 1.014
2365.000 1.008
2365.100 1.006
2365.200 1.007
2365.300 1.008
2365.400 1.008
2365.500 1.007
2365.600 1.008
2365.700 1.009
2365.800 1.005
2365.900 1.010
2366.000 1.005
2366.100 1.008
2366.200 1.009
2366.300 1.012
2366.400 1.013
2366.500 1.010
2366.600 1.009
2366.700 1.007
2366.800 1.004
2366.900 1.003
2367.000 1.008
2367.100 1.009
2367.200 1.006
2367.300 1.009
2367.400 1.007
2367.500 1.005
2367.600 1.007
2367.700 1.005
2367.800 1.013
2367.900 1.008
2368.000 1.009
2368.100 1.008
2368.200 1.011
2368.300 1.006
2368.400 1.012
2368.500 1.009
2368.600 1.013
2368.700 1.009
2368.800 1.010
2368.900 1.011
2369.000 1.009
2369.100 1.008
2369.200 1.014
2369.300 1.009
2369.400 1.008
2369.500 1.008
2369.600 1.009
2369.700 1.007
2369.800 1.007
2369.900 1.009
2370.000 1.008
2370.100 1.014
2370.200 1.010
2370.300 1.013
2370.400 1.008
2370.500 1.010
2370.600 1.007
2370.700 1.016
2370.800 1.010
2370.900 1.009
2371.000 1.005
2371.100 1.016
2371.200 1.010
2371.300 1.015
2371.400 1.014
2371.500 1.015
2371.600 1.009
2371.700 1.009
2371.800 1.010
2371.900 1.010
2372.000 1.010
2372.100 1.008
2372.200 1.014
2372.300 1.011
2372.400 1.012
2372.500 1.010
2372.600 1.015
2372.700 1.016
2372.800 1.014
2372.900 1.011
2373.000 1.016
2373.100 1.017
2373.200 1.019
2373.300 1.018
2373.400 1.012
2373.500 1.007
2373.600 1.014
2373.700 1.017
2373.800 1.017
2373.900 1.019
2374.000 1.023
2374.100 1.018
2374.200 1.014
2374.300 1.014
2374.400 1.013
2374.500 1.017
2374.600 1.015
2374.700 1.015
2374.800 1.017
2374.900 1.020
2375.000 1.014
2375.100 1.020
2375.200 1.017
2375.300 1.020
2375.400 1.019
2375.500 1.016
2375.600 1.021
2375.700 1.020
2375.800 1.021
2375.900 1.017
2376.000 1.017
2376.100 1.015
2376.200 1.016
2376.300 1.020
2376.400 1.014
2376.500 1.014
2376.600 1.024
2376.700 1.020
2376.800 1.019
2376.900 1.018
2377.000 1.019
2377.100 1.019
2377.200 1.020
2377.300 1.020
2377.400 1.029
2377.500 1.021
2377.600 1.027
2377.700 1.020
2377.800 1.022
2377.900 1.023
2378.000 1.026
2378.100 1.027
2378.200 1.022
2378.300 1.026
2378.400 1.019
2378.500 1.029
2378.600 1.022
2378.700 1.024
2378.800 1.030
2378.900 1.023
2379.000 1.023
2379.100 1.023
2379.200 1.021
2379.300 1.020
2379.400 1.024
2379.500 1.033
2379.600 1.032
2379.700 1.027
2379.800 1.026
2379.900 1.024
2380.000 1.030
2380.100 1.025
2380.200 1.030
2380.300 1.030
2380.400 1.030
2380.500 1.030
2380.600 1.034
2380.700 1.030
2380.800 1.032
2380.900 1.027
2381.000 1.024
2381.100 1.032
2381.200 1.031
2381.300 1.032
2381.400 1.032
2381.500 1.037
2381.600 1.035
2381.700 1.035
2381.800 1.035
2381.900 1.037
2382.000 1.036
2382.100 1.039
2382.200 1.036
2382.300 1.038
2382.400 1.038
2382.500 1.041
2382.600 1.042
2382.700 1.040
2382.800 1.044
2382.900 1.040
2383.000 1.043
2383.100 1.048
2383.200 1.040
2383.300 1.044
2383.400 1.041
2383.500 1.038
2383.600 1.041
2383.700 1.046
2383.800 1.059
2383.900 1.057
2384.000 1.051
2384.100 1.045
2384.200 1.046
2384.300 1.046
2384.400 1.052
2384.500 1.052
2384.600 1.046
2384.700 1.044
2384.800 1.054
2384.900 1.053
2385.000 1.051
2385.100 1.050
2385.200 1.056
2385.300 1.057
2385.400 1.052
2385.500 1.051
2385.600 1.058
2385.700 1.052
2385.800 1.058
2385.900 1.069
2386.000 1.067
2386.100 1.063
2386.200 1.057
2386.300 1.058
2386.400 1.059
2386.500 1.063
2386.600 1.059
2386.700 1.057
2386.800 1.055
2386.900 1.063
2387.000 1.060
2387.100 1.062
2387.200 1.070
2387.300 1.078
2387.400 1.072
2387.500 1.063
2387.600 1.062
2387.700 1.066
2387.800 1.068
2387.900 1.069
2388.000 1.081
2388.100 1.077
2388.200 1.071
2388.300 1.077
2388.400 1.072
2388.500 1.070
2388.600 1.065
2388.700 1.067
2388.800 1.066
2388.900 1.076
2389.000 1.073
2389.100 1.079
2389.200 1.074
2389.300 1.079
2389.400 1.080
2389.500 1.086
2389.600 1.083
2389.700 1.081
2389.800 1.084
2389.900 1.080
2390.000 1.078
2390.100 1.078
2390.200 1.082
2390.300 1.082
2390.400 1.085
2390.500 1.082
2390.600 1.087
2390.700 1.084
2390.800 1.086
2390.900 1.087
2391.000 1.088
2391.100 1.090
2391.200 1.096
2391.300 1.093
2391.400 1.101
2391.500 1.122
2391.600 1.108
2391.700 1.101
2391.800 1.110
2391.900 1.101
2392.000 1.103
2392.100 1.103
2392.200 1.098
2392.300 1.102
2392.400 1.109
2392.500 1.101
2392.600 1.097
2392.700 1.104
2392.800 1.102
2392.900 1.104
2393.000 1.102
2393.100 1.097
2393.200 1.118
2393.300 1.114
2393.400 1.111
2393.500 1.113
2393.600 1.112
2393.700 1.130
2393.800 1.135
2393.900 1.124
2394.000 1.120
2394.100 1.122
2394.200 1.122
2394.300 1.117
2394.400 1.113
2394.500 1.117
2394.600 1.118
2394.700 1.120
2394.800 1.123
2394.900 1.125
2395.000 1.125
2395.100 1.125
2395.200 1.131
2395.300 1.130
2395.400 1.141
2395.500 1.132
2395.600 1.140
2395.700 1.133
2395.800 1.134
2395.900 1.133
2396.000 1.139
2396.100 1.134
2396.200 1.137
2396.300 1.139
2396.400 1.138
2396.500 1.142
2396.600 1.139
2396.700 1.144
2396.800 1.145
2396.900 1.145
2397.000 1.146
2397.100 1.146
2397.200 1.149
2397.300 1.149
2397.400 1.146
2397.500 1.154
2397.600 1.157
2397.700 1.154
2397.800 1.156
2397.900 1.156
2398.000 1.161
2398.100 1.162
2398.200 1.160
2398.300 1.165
2398.400 1.165
2398.500 1.164
2398.600 1.168
2398.700 1.167
2398.800 1.196
2398.900 1.193
2399.000 1.184
2399.100 1.202
2399.200 1.177
2399.300 1.177
2399.400 1.177
2399.500 1.176
2399.600 1.189
2399.700 1.188
2399.800 1.187
2399.900 1.184
2400.000 1.214
2400.100 1.224
2400.200 1.299
2400.300 1.286
2400.400 1.280
2400.500 1.241
2400.600 1.228
2400.700 1.224
2400.800 1.212
2400.900 1.214
2401.000 1.202
2401.100 1.198
2401.200 1.230
2401.300 1.238
2401.400 1.266
2401.500 1.301
2401.600 1.270
2401.700 1.260
2401.800 1.245
2401.900 1.235
2402.000 1.224
2402.100 1.219
2402.200 1.213
2402.300 1.265
2402.400 1.266
2402.500 1.246
2402.600 1.231
2402.700 1.236
2402.800 1.228
2402.900 1.229
2403.000 1.233
2403.100 1.235
2403.200 1.234
2403.300 1.237
2403.400 1.236
2403.500 1.235
2403.600 1.241
2403.700 1.239
2403.800 1.243
2403.900 1.240
2404.000 1.246
2404.100 1.247
2404.200 1.248
2404.300 1.249
2404.400 1.252
2404.500 1.255
2404.600 1.256
2404.700 1.254
2404.800 1.259
2404.900 1.260
2405.000 1.262
2405.100 1.263
2405.200 1.267
2405.300 1.387
2405.400 1.367
2405.500 1.357
2405.600 1.346
2405.700 1.332
2405.800 1.331
2405.900 1.320
2406.000 1.308
2406.100 1.302
2406.200 1.302
2406.300 1.296
2406.400 1.297
2406.500 1.296
2406.600 1.300
2406.700 1.305
2406.800 1.303
2406.900 1.307
2407.000 1.305
2407.100 1.305
2407.200 1.306
2407.300 1.317
2407.400 1.313
2407.500 1.317
2407.600 1.323
2407.700 1.323
2407.800 1.321
2407.900 1.325
2408.000 1.330
2408.100 1.333
2408.200 1.336
2408.300 1.335
2408.400 1.346
2408.500 1.348
2408.600 1.351
2408.700 1.351
2408.800 1.352
2408.900 1.355
2409.000 1.362
2409.100 1.363
2409.200 1.364
2409.300 1.365
2409.400 1.367
2409.500 1.369
2409.600 1.370
2409.700 1.386
2409.800 1.392
2409.900 1.387
2410.000 1.432
2410.100 1.450
2410.200 1.448
2410.300 1.451
2410.400 1.435
2410.500 1.418
2410.600 1.414
2410.700 1.412
2410.800 1.435
2410.900 1.441
2411.000 1.434
2411.100 1.435
2411.200 1.432
2411.300 1.430
2411.400 1.439
2411.500 1.439
2411.600 1.437
2411.700 1.442
2411.800 1.443
2411.900 1.446
2412.000 1.451
2412.100 1.455
2412.200 1.454
2412.300 1.472
2412.400 1.480
2412.500 1.479
2412.600 1.478
2412.700 1.477
2412.800 1.480
2412.900 1.483
2413.000 1.490
2413.100 1.498
2413.200 1.511
2413.300 1.507
2413.400 1.512
2413.500 1.521
2413.600 1.516
2413.700 1.515
2413.800 1.521
2413.900 1.520
2414.000 1.528
2414.100 1.530
2414.200 1.530
2414.300 1.533
2414.400 1.536
2414.500 1.538
2414.600 1.546
2414.700 1.558
2414.800 1.569
2414.900 1.572
2415.000 1.570
2415.100 1.579
2415.200 1.577
2415.300 1.574
2415.400 1.579
2415.500 1.578
2415.600 1.585
2415.700 1.601
2415.800 1.604
2415.900 1.603
2416.000 1.603
2416.100 1.605
2416.200 1.620
2416.300 1.625
2416.400 1.626
2416.500 1.633
2416.600 1.638
2416.700 1.638
2416.800 1.641
2416.900 1.651
2417.000 1.657
2417.100 1.660
2417.200 1.668
2417.300 1.672
2417.400 1.672
2417.500 1.681
2417.600 1.686
2417.700 1.693
2417.800 1.699
2417.900 1.701
2418.000 1.711
2418.100 1.718
2418.200 1.724
2418.300 1.728
2418.400 1.736
2418.500 1.739
2418.600 1.745
2418.700 1.749
2418.800 1.766
2418.900 1.761
2419.000 1.765
2419.100 1.765
2419.200 1.770
2419.300 1.783
2419.400 1.783
2419.500 1.793
2419.600 1.802
2419.700 1.802
2419.800 1.813
2419.900 1.821
2420.000 1.824
2420.100 1.834
2420.200 1.838
2420.300 1.843
2420.400 1.852
2420.500 1.857
2420.600 1.871
2420.700 1.887
2420.800 1.890
2420.900 1.905
2421.000 1.905
2421.100 1.908
2421.200 1.922
2421.300 1.926
2421.400 1.933
2421.500 1.944
2421.600 1.945
2421.700 1.957
2421.800 1.964
2421.900 1.970
2422.000 1.985
2422.100 1.986
2422.200 2.000
2422.300 2.006
2422.400 2.019
2422.500 2.017
2422.600 2.030
2422.700 2.039
2422.800 2.065
2422.900 2.063
2423.000 2.065
2423.100 2.077
2423.200 2.098
2423.300 2.097
2423.400 2.110
2423.500 2.116
2423.600 2.121
2423.700 2.140
2423.800 2.147
2423.900 2.160
2424.000 2.176
2424.100 2.198
2424.200 2.206
2424.300 2.207
2424.400 2.206
2424.500 2.221
2424.600 2.217
2424.700 2.249
2424.800 2.256
2424.900 2.263
2425.000 2.273
2425.100 2.289
2425.200 2.297
2425.300 2.314
2425.400 2.327
2425.500 2.336
2425.600 2.347
2425.700 2.378
2425.800 2.384
2425.900 2.404
2426.000 2.415
2426.100 2.423
2426.200 2.444
2426.300 2.449
2426.400 2.464
2426.500 2.484
2426.600 2.494
2426.700 2.524
2426.800 2.531
2426.900 2.547
2427.000 2.574
2427.100 2.579
2427.200 2.598
2427.300 2.605
2427.400 2.624
2427.500 2.631
2427.600 2.659
2427.700 2.666
2427.800 2.689
2427.900 2.709
2428.000 2.733
2428.100 2.749
2428.200 2.770
2428.300 2.783
2428.400 2.806
2428.500 2.829
2428.600 2.843
2428.700 2.871
2428.800 2.877
2428.900 2.910
2429.000 2.930
2429.100 2.947
2429.200 2.970
2429.300 2.986
2429.400 3.010
2429.500 3.042
2429.600 3.057
2429.700 3.088
2429.800 3.105
2429.900 3.145
2430.000 3.167
2430.100 3.182
2430.200 3.209
2430.300 3.230
2430.400 3.260
2430.500 3.288
2430.600 3.305
2430.700 3.347
2430.800 3.363
2430.900 3.398
2431.000 3.436
2431.100 3.454
2431.200 3.501
2431.300 3.520
2431.400 3.559
2431.500 3.596
2431.600 3.624
2431.700 3.663
2431.800 3.692
2431.900 3.728
2432.000 3.778
2432.100 3.800
2432.200 3.847
2432.300 3.868
2432.400 3.921
2432.500 3.941
2432.600 3.985
2432.700 4.026
2432.800 4.052
2432.900 4.119
2433.000 4.176
2433.100 4.201
2433.200 4.243
2433.300 4.268
2433.400 4.320
2433.500 4.352
2433.600 4.404
2433.700 4.463
2433.800 4.489
2433.900 4.556
2434.000 4.593
2434.100 4.644
2434.200 4.697
2434.300 4.727
2434.400 4.787
2434.500 4.814
2434.600 4.884
2434.700 5.028
2434.800 5.068
2434.900 5.148
2435.000 5.181
2435.100 5.239
2435.200 5.233
2435.300 5.240
2435.400 5.288
2435.500 5.314
2435.600 5.396
2435.700 5.420
2435.800 5.465
2435.900 5.518
2436.000 5.549
2436.100 5.602
2436.200 5.653
2436.300 5.675
2436.400 5.751
2436.500 5.772
2436.600 5.830
2436.700 5.860
2436.800 5.876
2436.900 5.909
2437.000 5.924
2437.100 5.957
2437.200 5.990
2437.300 5.996
2437.400 6.017
2437.500 6.024
2437.600 6.039
2437.700 6.054
2437.800 6.051
2437.900 6.041
2438.000 6.036
2438.100 6.034
2438.200 6.021
2438.300 6.000
2438.400 5.969
2438.500 5.959
2438.600 5.920
2438.700 5.903
2438.800 5.856
2438.900 5.812
2439.000 5.784
2439.100 5.745
2439.200 5.723
2439.300 5.664
2439.400 5.592
2439.500 5.554
2439.600 5.485
2439.700 5.411
2439.800 5.381
2439.900 5.302
2440.000 5.260
2440.100 5.171
2440.200 5.116
2440.300 5.080
2440.400 5.002
2440.500 4.956
2440.600 4.877
2440.700 4.793
2440.800 4.752
2440.900 4.667
2441.000 4.625
2441.100 4.544
2441.200 4.483
2441.300 4.440
2441.400 4.371
2441.500 4.326
2441.600 4.244
2441.700 4.177
2441.800 4.140
2441.900 4.095
2442.000 4.025
2442.100 3.949
2442.200 3.883
2442.300 3.844
2442.400 3.777
2442.500 3.744
2442.600 3.672
2442.700 3.611
2442.800 3.571
2442.900 3.513
2443.000 3.481
2443.100 3.427
2443.200 3.391
2443.300 3.335
2443.400 3.279
2443.500 3.274
2443.600 3.219
2443.700 3.145
2443.800 3.114
2443.900 3.056
2444.000 3.034
2444.100 2.979
2444.200 2.928
2444.300 2.899
2444.400 2.851
2444.500 2.825
2444.600 2.789
2444.700 2.740
2444.800 2.723
2444.900 2.678
2445.000 2.663
2445.100 2.620
2445.200 2.589
2445.300 2.551
2445.400 2.520
2445.500 2.492
2445.600 2.454
2445.700 2.430
2445.800 2.398
2445.900 2.381
2446.000 2.349
2446.100 2.318
2446.200 2.304
2446.300 2.273
2446.400 2.230
2446.500 2.222
2446.600 2.186
2446.700 2.172
2446.800 2.135
2446.900 2.106
2447.000 2.092
2447.100 2.061
2447.200 2.042
2447.300 2.012
2447.400 1.996
2447.500 1.978
2447.600 1.949
2447.700 1.936
2447.800 1.907
2447.900 1.880
2448.000 1.874
2448.100 1.846
2448.200 1.838
2448.300 1.812
2448.400 1.784
2448.500 1.771
2448.600 1.752
2448.700 1.740
2448.800 1.719
2448.900 1.698
2449.000 1.684
2449.100 1.674
2449.200 1.650
2449.300 1.632
2449.400 1.608
2449.500 1.598
2449.600 1.589
2449.700 1.576
2449.800 1.556
2449.900 1.530
2450.000 1.521
2450.100 1.513
2450.200 1.502
2450.300 1.481
2450.400 1.471
2450.500 1.457
2450.600 1.432
2450.700 1.433
2450.800 1.419
2450.900 1.403
2451.000 1.385
2451.100 1.382
2451.200 1.365
2451.300 1.351
2451.400 1.341
2451.500 1.327
2451.600 1.310
2451.700 1.304
2451.800 1.279
2451.900 1.273
2452.000 1.271
2452.100 1.255
2452.200 1.244
2452.300 1.226
2452.400 1.218
2452.500 1.209
2452.600 1.194
2452.700 1.188
2452.800 1.179
2452.900 1.161
2453.000 1.162
2453.100 1.143
2453.200 1.137
2453.300 1.125
2453.400 1.119
2453.500 1.109
2453.600 1.102
2453.700 1.090
2453.800 1.085
2453.900 1.077
2454.000 1.062
2454.100 1.051
2454.200 1.046
2454.300 1.035
2454.400 1.023
2454.500 0.995
2454.600 0.991
2454.700 0.996
2454.800 0.979
2454.900 0.965
2455.000 0.985
2455.100 0.972
2455.200 0.962
2455.300 0.951
2455.400 0.946
2455.500 0.939
2455.600 0.929
2455.700 0.925
2455.800 0.916
2455.900 0.905
2456.000 0.901
2456.100 0.899
2456.200 0.892
2456.300 0.885
2456.400 0.873
2456.500 0.871
2456.600 0.862
2456.700 0.856
2456.800 0.849
2456.900 0.839
2457.000 0.836
2457.100 0.826
2457.200 0.832
2457.300 0.817
2457.400 0.816
2457.500 0.807
2457.600 0.797
2457.700 0.796
2457.800 0.789
2457.900 0.785
2458.000 0.775
2458.100 0.766
2458.200 0.764
2458.300 0.756
2458.400 0.751
2458.500 0.749
2458.600 0.740
2458.700 0.740
2458.800 0.729
2458.900 0.731
2459.000 0.721
2459.100 0.720
2459.200 0.715
2459.300 0.704
2459.400 0.701
2459.500 0.698
2459.600 0.694
2459.700 0.691
2459.800 0.681
2459.900 0.677
2460.000 0.672
2460.100 0.669
2460.200 0.660
2460.300 0.655
2460.400 0.646
2460.500 0.641
2460.600 0.642
2460.700 0.639
2460.800 0.637
2460.900 0.634
2461.000 0.626
2461.100 0.622
2461.200 0.617
2461.300 0.610
2461.400 0.610
2461.500 0.601
2461.600 0.599
2461.700 0.592
2461.800 0.588
2461.900 0.585
2462.000 0.586
2462.100 0.583
2462.200 0.582
2462.300 0.571
2462.400 0.567
2462.500 0.562
2462.600 0.558
2462.700 0.555
2462.800 0.554
2462.900 0.551
2463.000 0.542
2463.100 0.540
2463.200 0.536
2463.300 0.534
2463.400 0.529
2463.500 0.523
2463.600 0.519
2463.700 0.519
2463.800 0.511
2463.900 0.509
2464.000 0.505
2464.100 0.507
2464.200 0.499
2464.300 0.493
2464.400 0.490
2464.500 0.491
2464.600 0.487
2464.700 0.486
2464.800 0.476
2464.900 0.475
2465.000 0.471
2465.100 0.468
2465.200 0.467
2465.300 0.467
2465.400 0.464
2465.500 0.459
2465.600 0.454
2465.700 0.450
2465.800 0.445
2465.900 0.443
2466.000 0.440
2466.100 0.437
2466.200 0.441
2466.300 0.433
2466.400 0.435
2466.500 0.427
2466.600 0.424
2466.700 0.420
2466.800 0.419
2466.900 0.419
2467.000 0.413
2467.100 0.412
2467.200 0.408
2467.300 0.408
2467.400 0.402
2467.500 0.402
2467.600 0.396
2467.700 0.396
2467.800 0.394
2467.900 0.392
2468.000 0.386
2468.100 0.386
2468.200 0.382
2468.300 0.378
2468.400 0.373
2468.500 0.372
2468.600 0.371
2468.700 0.370
2468.800 0.366
2468.900 0.366
2469.000 0.363
2469.100 0.357
2469.200 0.359
2469.300 0.354
2469.400 0.350
2469.500 0.355
2469.600 0.352
2469.700 0.345
2469.800 0.340
2469.900 0.341
2470.000 0.340
2470.100 0.339
2470.200 0.335
2470.300 0.331
2470.400 0.330
2470.500 0.325
2470.600 0.327
2470.700 0.321
2470.800 0.318
2470.900 0.319
2471.000 0.318
2471.100 0.318
2471.200 0.316
2471.300 0.308
2471.400 0.309
2471.500 0.307
2471.600 0.303
2471.700 0.300
2471.800 0.302
2471.900 0.300
2472.000 0.296
2472.100 0.293
2472.200 0.289
2472.300 0.289
2472.400 0.290
2472.500 0.291
2472.600 0.290
2472.700 0.284
2472.800 0.273
2472.900 0.280
2473.000 0.278
2473.100 0.276
2473.200 0.274
2473.300 0.271
2473.400 0.270
2473.500 0.268
2473.600 0.270
2473.700 0.266
2473.800 0.258
2473.900 0.255
2474.000 0.256
2474.100 0.255
2474.200 0.254
2474.300 0.252
2474.400 0.247
2474.500 0.244
2474.600 0.241
2474.700 0.242
2474.800 0.243
2474.900 0.244
2475.000 0.241
2475.100 0.235
2475.200 0.237
2475.300 0.234
2475.400 0.232
2475.500 0.232
2475.600 0.231
2475.700 0.238
2475.800 0.228
2475.900 0.226
2476.000 0.224
2476.100 0.219
2476.200 0.225
2476.300 0.224
2476.400 0.215
2476.500 0.212
2476.600 0.218
2476.700 0.211
2476.800 0.210
2476.900 0.211
2477.000 0.209
2477.100 0.207
2477.200 0.203
2477.300 0.204
2477.400 0.199
2477.500 0.201
2477.600 0.198
2477.700 0.198
2477.800 0.195
2477.900 0.196
2478.000 0.192
2478.100 0.192
2478.200 0.191
2478.300 0.189
2478.400 0.188
2478.500 0.183
2478.600 0.190
2478.700 0.184
2478.800 0.180
2478.900 0.182
2479.000 0.178
2479.100 0.176
2479.200 0.178
2479.300 0.177
2479.400 0.173
2479.500 0.170
2479.600 0.170
2479.700 0.169
2479.800 0.173
2479.900 0.168
2480.000 0.163
2480.100 0.160
2480.200 0.166
2480.300 0.163
2480.400 0.159
2480.500 0.157
2480.600 0.156
2480.700 0.155
2480.800 0.156
2480.900 0.155
2481.000 0.153
2481.100 0.150
2481.200 0.150
2481.300 0.148
2481.400 0.146
2481.500 0.145
2481.600 0.142
2481.700 0.144
2481.800 0.141
2481.900 0.140
2482.000 0.141
2482.100 0.138
2482.200 0.138
2482.300 0.140
2482.400 0.136
2482.500 0.136
2482.600 0.132
2482.700 0.134
2482.800 0.132
2482.900 0.131
2483.000 0.128
2483.100 0.127
2483.200 0.124
2483.300 0.124
2483.400 0.119
2483.500 0.131
2483.600 0.131
2483.700 0.129
2483.800 0.124
2483.900 0.122
2484.000 0.125
2484.100 0.119
2484.200 0.124
2484.300 0.116
2484.400 0.114
2484.500 0.113
2484.600 0.112
2484.700 0.112
2484.800 0.116
2484.900 0.114
2485.000 0.109
2485.100 0.112
2485.200 0.108
2485.300 0.108
2485.400 0.104
2485.500 0.104
2485.600 0.104
2485.700 0.102
2485.800 0.098
2485.900 0.100
2486.000 0.101
2486.100 0.100
2486.200 0.093
2486.300 0.100
2486.400 0.095
2486.500 0.093
2486.600 0.088
2486.700 0.088
2486.800 0.088
2486.900 0.087
2487.000 0.087
2487.100 0.087
2487.200 0.085
2487.300 0.088
2487.400 0.084
2487.500 0.084
2487.600 0.085
2487.700 0.080
2487.800 0.084
2487.900 0.080
2488.000 0.078
2488.100 0.077
2488.200 0.078
2488.300 0.074
2488.400 0.077
2488.500 0.076
2488.600 0.074
2488.700 0.075
2488.800 0.072
2488.900 0.073
2489.000 0.070
2489.100 0.072
2489.200 0.066
2489.300 0.068
2489.400 0.068
2489.500 0.067
2489.600 0.068
2489.700 0.066
2489.800 0.064
2489.900 0.064
2490.000 0.061
2490.100 0.060
2490.200 0.060
2490.300 0.062
2490.400 0.062
2490.500 0.056
2490.600 0.061
2490.700 0.054
2490.800 0.057
2490.900 0.059
2491.000 0.059
2491.100 0.059
2491.200 0.057
2491.300 0.054
2491.400 0.054
2491.500 0.051
2491.600 0.056
2491.700 0.049
2491.800 0.049
2491.900 0.049
2492.000 0.047
2492.100 0.049
2492.200 0.046
2492.300 0.046
2492.400 0.044
2492.500 0.046
2492.600 0.042
2492.700 0.043
2492.800 0.042
2492.900 0.041
2493.000 0.040
2493.100 0.040
2493.200 0.041
2493.300 0.042
2493.400 0.042
2493.500 0.038
2493.600 0.038
2493.700 0.040
2493.800 0.038
2493.900 0.036
2494.000 0.036
2494.100 0.035
2494.200 0.033
2494.300 0.035
2494.400 0.035
2494.500 0.036
2494.600 0.031
2494.700 0.033
2494.800 0.033
2494.900 0.032
2495.000 0.029
2495.100 0.028
2495.200 0.030
2495.300 0.029
2495.400 0.029
2495.500 0.027
2495.600 0.029
2495.700 0.028
2495.800 0.030
2495.900 0.028
2496.000 0.025
2496.100 0.026
2496.200 0.028
2496.300 0.025
2496.400 0.025
2496.500 0.025
2496.600 0.025
2496.700 0.024
2496.800 0.027
2496.900 0.022
2497.000 0.024
2497.100 0.023
2497.200 0.025
2497.300 0.024
2497.400 0.025
2497.500 0.023
2497.600 0.026
2497.700 0.030
2497.800 0.027
2497.900 0.023
2498.000 0.020
2498.100 0.023
2498.200 0.024
2498.300 0.023
2498.400 0.028
2498.500 0.024
2498.600 0.022
2498.700 0.022
2498.800 0.024
2498.900 0.024
2499.000 0.023
2499.100 0.023
2499.200 0.022
2499.300 0.026
2499.400 0.025
2499.500 0.025
2499.600 0.022
2499.700 0.024
2499.800 0.028
2499.900 0.027
2500.000 0.026
