2200.100 0.008
2200.200 0.005
2200.300 0.864
2200.400 0.878
2200.500 0.814
2200.600 0.798
2200.700 0.792
2200.800 0.796
2200.900 0.786
2201.000 0.789
2201.100 0.788
2201.200 0.787
2201.300 0.785
2201.400 0.783
2201.500 0.774
2201.600 0.765
2201.700 0.762
2201.800 0.750
2201.900 0.738
2202.000 0.731
2202.100 0.728
2202.200 0.725
2202.300 0.719
2202.400 0.720
2202.500 0.708
2202.600 0.701
2202.700 0.698
2202.800 0.697
2202.900 0.693
2203.000 0.690
2203.100 0.692
2203.200 0.681
2203.300 0.689
2203.400 0.676
2203.500 0.680
2203.600 0.665
2203.700 0.681
2203.800 0.653
2203.900 0.641
2204.000 0.623
2204.100 0.621
2204.200 0.613
2204.300 0.592
2204.400 0.568
2204.500 0.540
2204.600 0.522
2204.700 0.509
2204.800 0.483
2204.900 0.449
2205.000 0.439
2205.100 0.416
2205.200 0.414
2205.300 0.392
2205.400 0.373
2205.500 0.364
2205.600 0.352
2205.700 0.348
2205.800 0.347
2205.900 0.339
2206.000 0.345
2206.100 0.358
2206.200 0.350
2206.300 0.344
2206.400 0.349
2206.500 0.343
2206.600 0.344
2206.700 0.346
2206.800 0.347
2206.900 0.346
2207.000 0.345
2207.100 0.343
2207.200 0.340
2207.300 0.341
2207.400 0.340
2207.500 0.342
2207.600 0.342
2207.700 0.350
2207.800 0.346
2207.900 0.347
2208.000 0.348
2208.100 0.347
2208.200 0.348
2208.300 0.350
2208.400 0.348
2208.500 0.350
2208.600 0.352
2208.700 0.348
2208.800 0.356
2208.900 0.356
2209.000 0.352
2209.100 0.357
2209.200 0.353
2209.300 0.354
2209.400 0.354
2209.500 0.353
2209.600 0.351
2209.700 0.352
2209.800 0.356
2209.900 0.357
2210.000 0.359
2210.100 0.357
2210.200 0.360
2210.300 0.359
2210.400 0.356
2210.500 0.356
2210.600 0.364
2210.700 0.361
2210.800 0.369
2210.900 0.358
2211.000 0.363
2211.100 0.366
2211.200 0.365
2211.300 0.362
2211.400 0.366
2211.500 0.364
2211.600 0.365
2211.700 0.366
2211.800 0.376
2211.900 0.369
2212.000 0.370
2212.100 0.369
2212.200 0.371
2212.300 0.372
2212.400 0.372
2212.500 0.371
2212.600 0.370
2212.700 0.372
2212.800 0.372
2212.900 0.376
2213.000 0.377
2213.100 0.379
2213.200 0.375
2213.300 0.382
2213.400 0.379
2213.500 0.380
2213.600 0.378
2213.700 0.379
2213.800 0.378
2213.900 0.378
2214.000 0.377
2214.100 0.382
2214.200 0.381
2214.300 0.381
2214.400 0.380
2214.500 0.381
2214.600 0.383
2214.700 0.383
2214.800 0.385
2214.900 0.385
2215.000 0.386
2215.100 0.384
2215.200 0.388
2215.300 0.386
2215.400 0.386
2215.500 0.388
2215.600 0.390
2215.700 0.391
2215.800 0.390
2215.900 0.389
2216.000 0.392
2216.100 0.392
2216.200 0.391
2216.300 0.393
2216.400 0.392
2216.500 0.397
2216.600 0.396
2216.700 0.395
2216.800 0.402
2216.900 0.399
2217.000 0.402
2217.100 0.405
2217.200 0.405
2217.300 0.403
2217.400 0.406
2217.500 0.402
2217.600 0.401
2217.700 0.400
2217.800 0.403
2217.900 0.401
2218.000 0.408
2218.100 0.406
2218.200 0.407
2218.300 0.413
2218.400 0.411
2218.500 0.408
2218.600 0.408
2218.700 0.406
2218.800 0.407
2218.900 0.409
2219.000 0.412
2219.100 0.412
2219.200 0.410
2219.300 0.414
2219.400 0.411
2219.500 0.421
2219.600 0.414
2219.700 0.414
2219.800 0.434
2219.900 0.419
2220.000 0.423
2220.100 0.430
2220.200 0.412
2220.300 0.431
2220.400 0.423
2220.500 0.428
2220.600 0.458
2220.700 0.459
2220.800 0.447
2220.900 0.443
2221.000 0.436
2221.100 0.443
2221.200 0.447
2221.300 0.434
2221.400 0.429
2221.500 0.429
2221.600 0.429
2221.700 0.432
2221.800 0.438
2221.900 0.432
2222.000 0.432
2222.100 0.436
2222.200 0.452
2222.300 0.446
2222.400 0.439
2222.500 0.442
2222.600 0.444
2222.700 0.436
2222.800 0.440
2222.900 0.440
2223.000 0.440
2223.100 0.439
2223.200 0.442
2223.300 0.443
2223.400 0.446
2223.500 0.445
2223.600 0.448
2223.700 0.448
2223.800 0.449
2223.900 0.449
2224.000 0.452
2224.100 0.452
2224.200 0.453
2224.300 0.454
2224.400 0.458
2224.500 0.458
2224.600 0.457
2224.700 0.456
2224.800 0.463
2224.900 0.462
2225.000 0.465
2225.100 0.460
2225.200 0.467
2225.300 0.467
2225.400 0.466
2225.500 0.469
2225.600 0.465
2225.700 0.482
2225.800 0.469
2225.900 0.466
2226.000 0.465
2226.100 0.478
2226.200 0.474
2226.300 0.475
2226.400 0.470
2226.500 0.478
2226.600 0.478
2226.700 0.476
2226.800 0.474
2226.900 0.479
2227.000 0.482
2227.100 0.480
2227.200 0.482
2227.300 0.486
2227.400 0.485
2227.500 0.482
2227.600 0.486
2227.700 0.483
2227.800 0.494
2227.900 0.491
2228.000 0.489
2228.100 0.495
2228.200 0.492
2228.300 0.502
2228.400 0.500
2228.500 0.496
2228.600 0.504
2228.700 0.500
2228.800 0.500
2228.900 0.501
2229.000 0.509
2229.100 0.504
2229.200 0.503
2229.300 0.507
2229.400 0.504
2229.500 0.507
2229.600 0.508
2229.700 0.508
2229.800 0.512
2229.900 0.511
2230.000 0.513
2230.100 0.515
2230.200 0.513
2230.300 0.513
2230.400 0.514
2230.500 0.520
2230.600 0.516
2230.700 0.522
2230.800 0.522
2230.900 0.522
2231.000 0.522
2231.100 0.524
2231.200 0.529
2231.300 0.527
2231.400 0.530
2231.500 0.525
2231.600 0.530
2231.700 0.531
2231.800 0.535
2231.900 0.535
2232.000 0.534
2232.100 0.537
2232.200 0.540
2232.300 0.539
2232.400 0.546
2232.500 0.552
2232.600 0.553
2232.700 0.549
2232.800 0.552
2232.900 0.547
2233.000 0.554
2233.100 0.554
2233.200 0.553
2233.300 0.554
2233.400 0.553
2233.500 0.554
2233.600 0.556
2233.700 0.558
2233.800 0.558
2233.900 0.560
2234.000 0.562
2234.100 0.568
2234.200 0.564
2234.300 0.565
2234.400 0.568
2234.500 0.568
2234.600 0.567
2234.700 0.576
2234.800 0.575
2234.900 0.577
2235.000 0.579
2235.100 0.584
2235.200 0.583
2235.300 0.592
2235.400 0.591
2235.500 0.589
2235.600 0.587
2235.700 0.592
2235.800 0.591
2235.900 0.590
2236.000 0.592
2236.100 0.591
2236.200 0.598
2236.300 0.597
2236.400 0.608
2236.500 0.610
2236.600 0.627
2236.700 0.603
2236.800 0.613
2236.900 0.609
2237.000 0.612
2237.100 0.616
2237.200 0.618
2237.300 0.634
2237.400 0.630
2237.500 0.649
2237.600 0.643
2237.700 0.635
2237.800 0.632
2237.900 0.632
2238.000 0.629
2238.100 0.633
2238.200 0.630
2238.300 0.635
2238.400 0.634
2238.500 0.636
2238.600 0.635
2238.700 0.642
2238.800 0.649
2238.900 0.678
2239.000 0.679
2239.100 0.653
2239.200 0.655
2239.300 0.655
2239.400 0.651
2239.500 0.654
2239.600 0.653
2239.700 0.662
2239.800 0.656
2239.900 0.667
2240.000 0.664
2240.100 0.667
2240.200 0.663
2240.300 0.676
2240.400 0.679
2240.500 0.676
2240.600 0.676
2240.700 0.680
2240.800 0.683
2240.900 0.684
2241.000 0.681
2241.100 0.693
2241.200 0.686
2241.300 0.681
2241.400 0.694
2241.500 0.716
2241.600 0.718
2241.700 0.692
2241.800 0.708
2241.900 0.700
2242.000 0.704
2242.100 0.704
2242.200 0.701
2242.300 0.706
2242.400 0.715
2242.500 0.712
2242.600 0.726
2242.700 0.729
2242.800 0.727
2242.900 0.727
2243.000 0.723
2243.100 0.727
2243.200 0.723
2243.300 0.723
2243.400 0.727
2243.500 0.732
2243.600 0.730
2243.700 0.741
2243.800 0.737
2243.900 0.741
2244.000 0.739
2244.100 0.750
2244.200 0.743
2244.300 0.745
2244.400 0.751
2244.500 0.756
2244.600 0.756
2244.700 0.764
2244.800 0.760
2244.900 0.763
2245.000 0.772
2245.100 0.770
2245.200 0.773
2245.300 0.772
2245.400 0.774
2245.500 0.777
2245.600 0.780
2245.700 0.783
2245.800 0.792
2245.900 0.792
2246.000 0.790
2246.100 0.792
2246.200 0.800
2246.300 0.797
2246.400 0.802
2246.500 0.799
2246.600 0.802
2246.700 0.807
2246.800 0.807
2246.900 0.814
2247.000 0.817
2247.100 0.819
2247.200 0.819
2247.300 0.831
2247.400 0.831
2247.500 0.836
2247.600 0.832
2247.700 0.844
2247.800 0.864
2247.900 0.846
2248.000 0.844
2248.100 0.852
2248.200 0.851
2248.300 0.855
2248.400 0.860
2248.500 0.859
2248.600 0.867
2248.700 0.876
2248.800 0.879
2248.900 0.873
2249.000 0.878
2249.100 0.878
2249.200 0.888
2249.300 0.887
2249.400 0.892
2249.500 0.894
2249.600 0.893
2249.700 0.903
2249.800 0.902
2249.900 0.902
2250.000 0.903
2250.100 0.918
2250.200 0.915
2250.300 0.912
2250.400 0.926
2250.500 0.936
2250.600 0.938
2250.700 0.928
2250.800 0.941
2250.900 0.965
2251.000 0.960
2251.100 0.953
2251.200 0.950
2251.300 0.951
2251.400 0.961
2251.500 0.961
2251.600 0.961
2251.700 0.972
2251.800 0.974
2251.900 0.986
2252.000 0.984
2252.100 0.983
2252.200 0.992
2252.300 0.998
2252.400 0.994
2252.500 1.004
2252.600 1.009
2252.700 1.005
2252.800 1.014
2252.900 1.013
2253.000 1.012
2253.100 1.031
2253.200 1.027
2253.300 1.027
2253.400 1.050
2253.500 1.039
2253.600 1.050
2253.700 1.052
2253.800 1.056
2253.900 1.057
2254.000 1.061
2254.100 1.062
2254.200 1.068
2254.300 1.070
2254.400 1.074
2254.500 1.078
2254.600 1.082
2254.700 1.091
2254.800 1.097
2254.900 1.098
2255.000 1.105
2255.100 1.107
2255.200 1.116
2255.300 1.144
2255.400 1.165
2255.500 1.139
2255.600 1.137
2255.700 1.139
2255.800 1.141
2255.900 1.146
2256.000 1.143
2256.100 1.157
2256.200 1.169
2256.300 1.163
2256.400 1.171
2256.500 1.179
2256.600 1.183
2256.700 1.189
2256.800 1.199
2256.900 1.212
2257.000 1.199
2257.100 1.212
2257.200 1.216
2257.300 1.211
2257.400 1.224
2257.500 1.234
2257.600 1.244
2257.700 1.253
2257.800 1.256
2257.900 1.262
2258.000 1.267
2258.100 1.271
2258.200 1.275
2258.300 1.283
2258.400 1.288
2258.500 1.291
2258.600 1.299
2258.700 1.307
2258.800 1.307
2258.900 1.321
2259.000 1.331
2259.100 1.342
2259.200 1.351
2259.300 1.348
2259.400 1.353
2259.500 1.360
2259.600 1.347
2259.700 1.376
2259.800 1.386
2259.900 1.398
2260.000 1.407
2260.100 1.411
2260.200 1.419
2260.300 1.416
2260.400 1.432
2260.500 1.433
2260.600 1.437
2260.700 1.445
2260.800 1.455
2260.900 1.462
2261.000 1.470
2261.100 1.480
2261.200 1.485
2261.300 1.497
2261.400 1.503
2261.500 1.514
2261.600 1.511
2261.700 1.529
2261.800 1.549
2261.900 1.553
2262.000 1.547
2262.100 1.564
2262.200 1.564
2262.300 1.591
2262.400 1.600
2262.500 1.595
2262.600 1.621
2262.700 1.611
2262.800 1.605
2262.900 1.625
2263.000 1.663
2263.100 1.667
2263.200 1.657
2263.300 1.671
2263.400 1.688
2263.500 1.693
2263.600 1.703
2263.700 1.669
2263.800 1.729
2263.900 1.729
2264.000 1.738
2264.100 1.753
2264.200 1.761
2264.300 1.777
2264.400 1.799
2264.500 1.801
2264.600 1.812
2264.700 1.819
2264.800 1.828
2264.900 1.840
2265.000 1.852
2265.100 1.863
2265.200 1.869
2265.300 1.888
2265.400 1.892
2265.500 1.911
2265.600 1.935
2265.700 1.943
2265.800 1.952
2265.900 1.968
2266.000 1.981
2266.100 1.989
2266.200 2.012
2266.300 2.011
2266.400 2.022
2266.500 2.046
2266.600 2.067
2266.700 2.066
2266.800 2.086
2266.900 2.098
2267.000 2.113
2267.100 2.136
2267.200 2.146
2267.300 2.169
2267.400 2.180
2267.500 2.196
2267.600 2.223
2267.700 2.229
2267.800 2.249
2267.900 2.269
2268.000 2.280
2268.100 2.301
2268.200 2.350
2268.300 2.316
2268.400 2.381
2268.500 2.372
2268.600 2.388
2268.700 2.429
2268.800 2.456
2268.900 2.424
2269.000 2.495
2269.100 2.494
2269.200 2.511
2269.300 2.532
2269.400 2.546
2269.500 2.576
2269.600 2.594
2269.700 2.614
2269.800 2.627
2269.900 2.644
2270.000 2.681
2270.100 2.693
2270.200 2.711
2270.300 2.743
2270.400 2.754
2270.500 2.787
2270.600 2.827
2270.700 2.855
2270.800 2.885
2270.900 2.890
2271.000 2.924
2271.100 2.948
2271.200 2.978
2271.300 3.009
2271.400 3.032
2271.500 3.055
2271.600 3.108
2271.700 3.121
2271.800 3.150
2271.900 3.169
2272.000 3.211
2272.100 3.260
2272.200 3.281
2272.300 3.320
2272.400 3.346
2272.500 3.382
2272.600 3.426
2272.700 3.448
2272.800 3.490
2272.900 3.511
2273.000 3.560
2273.100 3.602
2273.200 3.638
2273.300 3.681
2273.400 3.704
2273.500 3.751
2273.600 3.810
2273.700 3.831
2273.800 3.881
2273.900 3.910
2274.000 3.967
2274.100 4.023
2274.200 4.049
2274.300 4.109
2274.400 4.142
2274.500 4.197
2274.600 4.270
2274.700 4.302
2274.800 4.357
2274.900 4.388
2275.000 4.456
2275.100 4.536
2275.200 4.569
2275.300 4.642
2275.400 4.676
2275.500 4.738
2275.600 4.803
2275.700 4.845
2275.800 4.905
2275.900 4.949
2276.000 5.035
2276.100 5.100
2276.200 5.135
2276.300 5.210
2276.400 5.253
2276.500 5.335
2276.600 5.409
2276.700 5.430
2276.800 5.512
2276.900 5.557
2277.000 5.634
2277.100 5.704
2277.200 5.754
2277.300 5.824
2277.400 5.867
2277.500 5.941
2277.600 5.988
2277.700 6.062
2277.800 6.137
2277.900 6.164
2278.000 6.232
2278.100 6.263
2278.200 6.345
2278.300 6.390
2278.400 6.411
2278.500 6.471
2278.600 6.491
2278.700 6.537
2278.800 6.573
2278.900 6.592
2279.000 6.620
2279.100 6.628
2279.200 6.647
2279.300 6.654
2279.400 6.609
2279.500 6.585
2279.600 6.584
2279.700 6.548
2279.800 6.483
2279.900 6.499
2280.000 6.524
2280.100 6.477
2280.200 6.383
2280.300 6.307
2280.400 6.254
2280.500 6.149
2280.600 6.106
2280.700 5.979
2280.800 5.845
2280.900 5.775
2281.000 5.635
2281.100 5.559
2281.200 5.402
2281.300 5.206
2281.400 5.109
2281.500 4.912
2281.600 4.812
2281.700 4.602
2281.800 4.393
2281.900 4.288
2282.000 4.082
2282.100 3.963
2282.200 3.735
2282.300 3.514
2282.400 3.397
2282.500 3.179
2282.600 3.055
2282.700 2.828
2282.800 2.598
2282.900 2.484
2283.000 2.270
2283.100 2.159
2283.200 1.925
2283.300 1.779
2283.400 1.685
2283.500 1.545
2283.600 1.484
2283.700 1.412
2283.800 1.410
2283.900 1.437
2284.000 1.532
2284.100 1.608
2284.200 1.830
2284.300 2.141
2284.400 2.329
2284.500 2.777
2284.600 3.019
2284.700 3.536
2284.800 3.809
2284.900 4.348
2285.000 4.879
2285.100 5.130
2285.200 5.621
2285.300 6.063
2285.400 6.267
2285.500 6.604
2285.600 6.763
2285.700 7.042
2285.800 7.229
2285.900 7.309
2286.000 7.426
2286.100 7.448
2286.200 7.452
2286.300 7.437
2286.400 7.437
2286.500 7.363
2286.600 7.312
2286.700 7.176
2286.800 7.011
2286.900 6.917
2287.000 6.744
2287.100 6.724
2287.200 6.771
2287.300 6.832
2287.400 6.844
2287.500 6.883
2287.600 6.883
2287.700 6.868
2287.800 6.928
2287.900 6.907
2288.000 6.850
2288.100 6.827
2288.200 6.779
2288.300 6.705
2288.400 6.683
2288.500 6.598
2288.600 6.557
2288.700 6.513
2288.800 6.426
2288.900 6.385
2289.000 6.300
2289.100 6.248
2289.200 6.174
2289.300 6.127
2289.400 6.059
2289.500 5.969
2289.600 5.926
2289.700 5.845
2289.800 5.809
2289.900 5.724
2290.000 5.648
2290.100 5.605
2290.200 5.531
2290.300 5.487
2290.400 5.418
2290.500 5.343
2290.600 5.304
2290.700 5.234
2290.800 5.203
2290.900 5.126
2291.000 5.058
2291.100 5.037
2291.200 4.969
2291.300 4.932
2291.400 4.873
2291.500 4.810
2291.600 4.776
2291.700 4.717
2291.800 4.690
2291.900 4.636
2292.000 4.570
2292.100 4.553
2292.200 4.492
2292.300 4.468
2292.400 4.419
2292.500 4.366
2292.600 4.343
2292.700 4.288
2292.800 4.275
2292.900 4.221
2293.000 4.184
2293.100 4.152
2293.200 4.103
2293.300 4.073
2293.400 4.016
2293.500 3.991
2293.600 3.965
2293.700 3.917
2293.800 3.898
2293.900 3.852
2294.000 3.815
2294.100 3.791
2294.200 3.740
2294.300 3.736
2294.400 3.696
2294.500 3.638
2294.600 3.664
2294.700 3.616
2294.800 3.594
2294.900 3.558
2295.000 3.543
2295.100 3.497
2295.200 3.472
2295.300 3.465
2295.400 3.423
2295.500 3.390
2295.600 3.371
2295.700 3.340
2295.800 3.329
2295.900 3.300
2296.000 3.262
2296.100 3.253
2296.200 3.223
2296.300 3.213
2296.400 3.185
2296.500 3.162
2296.600 3.143
2296.700 3.126
2296.800 3.108
2296.900 3.079
2297.000 3.056
2297.100 3.047
2297.200 3.018
2297.300 3.001
2297.400 2.978
2297.500 2.959
2297.600 2.944
2297.700 2.922
2297.800 2.909
2297.900 2.906
2298.000 2.894
2298.100 2.876
2298.200 2.850
2298.300 2.836
2298.400 2.805
2298.500 2.791
2298.600 2.786
2298.700 2.757
2298.800 2.758
2298.900 2.721
2299.000 2.686
2299.100 2.668
2299.200 2.668
2299.300 2.659
2299.400 2.628
2299.500 2.626
2299.600 2.633
2299.700 2.610
2299.800 2.597
2299.900 2.598
2300.000 2.603
2300.100 2.573
2300.200 2.558
2300.300 2.535
2300.400 2.517
2300.500 2.513
2300.600 2.501
2300.700 2.482
2300.800 2.476
2300.900 2.458
2301.000 2.449
2301.100 2.435
2301.200 2.419
2301.300 2.422
2301.400 2.397
2301.500 2.404
2301.600 2.380
2301.700 2.364
2301.800 2.357
2301.900 2.348
2302.000 2.336
2302.100 2.336
2302.200 2.317
2302.300 2.316
2302.400 2.301
2302.500 2.295
2302.600 2.278
2302.700 2.278
2302.800 2.263
2302.900 2.245
2303.000 2.251
2303.100 2.227
2303.200 2.216
2303.300 2.198
2303.400 2.196
2303.500 2.207
2303.600 2.195
2303.700 2.174
2303.800 2.173
2303.900 2.156
2304.000 2.152
2304.100 2.158
2304.200 2.149
2304.300 2.140
2304.400 2.118
2304.500 2.112
2304.600 2.100
2304.700 2.088
2304.800 2.085
2304.900 2.082
2305.000 2.071
2305.100 2.065
2305.200 2.060
2305.300 2.058
2305.400 2.052
2305.500 2.042
2305.600 2.021
2305.700 2.018
2305.800 2.011
2305.900 2.006
2306.000 1.998
2306.100 1.989
2306.200 1.981
2306.300 1.982
2306.400 1.970
2306.500 1.971
2306.600 1.978
2306.700 1.971
2306.800 1.954
2306.900 1.934
2307.000 1.935
2307.100 1.925
2307.200 1.904
2307.300 1.902
2307.400 1.901
2307.500 1.897
2307.600 1.894
2307.700 1.889
2307.800 1.882
2307.900 1.930
2308.000 1.916
2308.100 1.834
2308.200 1.886
2308.300 1.891
2308.400 1.883
2308.500 1.869
2308.600 1.851
2308.700 1.831
2308.800 1.834
2308.900 1.818
2309.000 1.817
2309.100 1.807
2309.200 1.811
2309.300 1.813
2309.400 1.806
2309.500 1.797
2309.600 1.789
2309.700 1.777
2309.800 1.772
2309.900 1.761
2310.000 1.755
2310.100 1.769
2310.200 1.761
2310.300 1.763
2310.400 1.755
2310.500 1.759
2310.600 1.738
2310.700 1.737
2310.800 1.729
2310.900 1.721
2311.000 1.716
2311.100 1.712
2311.200 1.702
2311.300 1.714
2311.400 1.689
2311.500 1.698
2311.600 1.685
2311.700 1.682
2311.800 1.679
2311.900 1.676
2312.000 1.673
2312.100 1.679
2312.200 1.676
2312.300 1.666
2312.400 1.656
2312.500 1.658
2312.600 1.645
2312.700 1.640
2312.800 1.632
2312.900 1.633
2313.000 1.639
2313.100 1.623
2313.200 1.624
2313.300 1.616
2313.400 1.617
2313.500 1.620
2313.600 1.618
2313.700 1.609
2313.800 1.604
2313.900 1.590
2314.000 1.609
2314.100 1.598
2314.200 1.593
2314.300 1.587
2314.400 1.581
2314.500 1.576
2314.600 1.571
2314.700 1.587
2314.800 1.574
2314.900 1.572
2315.000 1.566
2315.100 1.557
2315.200 1.552
2315.300 1.555
2315.400 1.547
2315.500 1.540
2315.600 1.537
2315.700 1.538
2315.800 1.532
2315.900 1.534
2316.000 1.524
2316.100 1.523
2316.200 1.520
2316.300 1.523
2316.400 1.518
2316.500 1.518
2316.600 1.504
2316.700 1.505
2316.800 1.509
2316.900 1.503
2317.000 1.503
2317.100 1.501
2317.200 1.505
2317.300 1.488
2317.400 1.481
2317.500 1.484
2317.600 1.486
2317.700 1.487
2317.800 1.476
2317.900 1.479
2318.000 1.473
2318.100 1.487
2318.200 1.482
2318.300 1.465
2318.400 1.456
2318.500 1.463
2318.600 1.456
2318.700 1.462
2318.800 1.447
2318.900 1.442
2319.000 1.431
2319.100 1.431
2319.200 1.427
2319.300 1.430
2319.400 1.427
2319.500 1.429
2319.600 1.422
2319.700 1.425
2319.800 1.422
2319.900 1.422
2320.000 1.421
2320.100 1.420
2320.200 1.412
2320.300 1.411
2320.400 1.403
2320.500 1.410
2320.600 1.399
2320.700 1.409
2320.800 1.396
2320.900 1.411
2321.000 1.403
2321.100 1.395
2321.200 1.391
2321.300 1.391
2321.400 1.387
2321.500 1.385
2321.600 1.378
2321.700 1.378
2321.800 1.375
2321.900 1.367
2322.000 1.354
2322.100 1.363
2322.200 1.365
2322.300 1.388
2322.400 1.365
2322.500 1.367
2322.600 1.370
2322.700 1.358
2322.800 1.354
2322.900 1.340
2323.000 1.331
2323.100 1.337
2323.200 1.351
2323.300 1.342
2323.400 1.335
2323.500 1.332
2323.600 1.335
2323.700 1.330
2323.800 1.329
2323.900 1.326
2324.000 1.323
2324.100 1.321
2324.200 1.323
2324.300 1.319
2324.400 1.318
2324.500 1.318
2324.600 1.309
2324.700 1.311
2324.800 1.308
2324.900 1.307
2325.000 1.301
2325.100 1.301
2325.200 1.294
2325.300 1.301
2325.400 1.293
2325.500 1.297
2325.600 1.291
2325.700 1.292
2325.800 1.291
2325.900 1.292
2326.000 1.289
2326.100 1.287
2326.200 1.283
2326.300 1.278
2326.400 1.281
2326.500 1.278
2326.600 1.273
2326.700 1.269
2326.800 1.265
2326.900 1.265
2327.000 1.266
2327.100 1.264
2327.200 1.267
2327.300 1.265
2327.400 1.266
2327.500 1.255
2327.600 1.263
2327.700 1.264
2327.800 1.257
2327.900 1.252
2328.000 1.257
2328.100 1.244
2328.200 1.249
2328.300 1.243
2328.400 1.246
2328.500 1.244
2328.600 1.233
2328.700 1.232
2328.800 1.237
2328.900 1.229
2329.000 1.233
2329.100 1.230
2329.200 1.226
2329.300 1.231
2329.400 1.228
2329.500 1.224
2329.600 1.218
2329.700 1.224
2329.800 1.224
2329.900 1.223
2330.000 1.214
2330.100 1.231
2330.200 1.223
2330.300 1.221
2330.400 1.212
2330.500 1.212
2330.600 1.205
2330.700 1.200
2330.800 1.209
2330.900 1.196
2331.000 1.201
2331.100 1.198
2331.200 1.205
2331.300 1.205
2331.400 1.208
2331.500 1.199
2331.600 1.208
2331.700 1.199
2331.800 1.189
2331.900 1.186
2332.000 1.184
2332.100 1.181
2332.200 1.189
2332.300 1.189
2332.400 1.191
2332.500 1.191
2332.600 1.187
2332.700 1.183
2332.800 1.180
2332.900 1.173
2333.000 1.181
2333.100 1.176
2333.200 1.170
2333.300 1.172
2333.400 1.167
2333.500 1.173
2333.600 1.176
2333.700 1.170
2333.800 1.165
2333.900 1.165
2334.000 1.160
2334.100 1.165
2334.200 1.157
2334.300 1.163
2334.400 1.161
2334.500 1.156
2334.600 1.158
2334.700 1.159
2334.800 1.148
2334.900 1.154
2335.000 1.155
2335.100 1.154
2335.200 1.147
2335.300 1.155
2335.400 1.152
2335.500 1.146
2335.600 1.154
2335.700 1.146
2335.800 1.144
2335.900 1.139
2336.000 1.140
2336.100 1.139
2336.200 1.139
2336.300 1.137
2336.400 1.140
2336.500 1.133
2336.600 1.142
2336.700 1.137
2336.800 1.142
2336.900 1.137
2337.000 1.141
2337.100 1.134
2337.200 1.131
2337.300 1.127
2337.400 1.126
2337.500 1.125
2337.600 1.121
2337.700 1.126
2337.800 1.122
2337.900 1.125
2338.000 1.122
2338.100 1.120
2338.200 1.132
2338.300 1.117
2338.400 1.118
2338.500 1.124
2338.600 1.123
2338.700 1.127
2338.800 1.121
2338.900 1.121
2339.000 1.112
2339.100 1.108
2339.200 1.107
2339.300 1.104
2339.400 1.116
2339.500 1.122
2339.600 1.116
2339.700 1.119
2339.800 1.108
2339.900 1.108
2340.000 1.118
2340.100 1.111
2340.200 1.093
2340.300 1.096
2340.400 1.099
2340.500 1.100
2340.600 1.104
2340.700 1.095
2340.800 1.106
2340.900 1.100
2341.000 1.094
2341.100 1.094
2341.200 1.097
2341.300 1.094
2341.400 1.097
2341.500 1.096
2341.600 1.094
2341.700 1.095
2341.800 1.093
2341.900 1.094
2342.000 1.095
2342.100 1.093
2342.200 1.088
2342.300 1.085
2342.400 1.078
2342.500 1.081
2342.600 1.085
2342.700 1.087
2342.800 1.084
2342.900 1.083
2343.000 1.083
2343.100 1.082
2343.200 1.082
2343.300 1.084
2343.400 1.079
2343.500 1.075
2343.600 1.074
2343.700 1.079
2343.800 1.073
2343.900 1.077
2344.000 1.072
2344.100 1.073
2344.200 1.070
2344.300 1.070
2344.400 1.069
2344.500 1.074
2344.600 1.070
2344.700 1.071
2344.800 1.071
2344.900 1.063
2345.000 1.069
2345.100 1.066
2345.200 1.067
2345.300 1.068
2345.400 1.077
2345.500 1.080
2345.600 1.092
2345.700 1.068
2345.800 1.068
2345.900 1.066
2346.000 1.063
2346.100 1.059
2346.200 1.062
2346.300 1.062
2346.400 1.074
2346.500 1.071
2346.600 1.067
2346.700 1.062
2346.800 1.060
2346.900 1.057
2347.000 1.054
2347.100 1.054
2347.200 1.052
2347.300 1.056
2347.400 1.054
2347.500 1.054
2347.600 1.054
2347.700 1.054
2347.800 1.056
2347.900 1.048
2348.000 1.045
2348.100 1.047
2348.200 1.045
2348.300 1.048
2348.400 1.052
2348.500 1.049
2348.600 1.040
2348.700 1.053
2348.800 1.043
2348.900 1.042
2349.000 1.043
2349.100 1.042
2349.200 1.061
2349.300 1.075
2349.400 1.048
2349.500 1.042
2349.600 1.041
2349.700 1.038
2349.800 1.037
2349.900 1.029
2350.000 1.043
2350.100 1.037
2350.200 1.035
2350.300 1.037
2350.400 1.040
2350.500 1.034
2350.600 1.037
2350.700 1.037
2350.800 1.034
2350.900 1.035
2351.000 1.036
2351.100 1.031
2351.200 1.033
2351.300 1.032
2351.400 1.027
2351.500 1.031
2351.600 1.026
2351.700 1.024
2351.800 1.023
2351.900 1.028
2352.000 1.036
2352.100 1.026
2352.200 1.030
2352.300 1.027
2352.400 1.035
2352.500 1.023
2352.600 1.019
2352.700 1.029
2352.800 1.027
2352.900 1.023
2353.000 1.020
2353.100 1.028
2353.200 1.017
2353.300 1.023
2353.400 1.027
2353.500 1.017
2353.600 1.026
2353.700 1.022
2353.800 1.022
2353.900 1.020
2354.000 1.021
2354.100 1.019
2354.200 1.017
2354.300 1.017
2354.400 1.020
2354.500 1.014
2354.600 1.014
2354.700 1.016
2354.800 1.018
2354.900 1.014
2355.000 1.020
2355.100 1.016
2355.200 1.011
2355.300 1.015
2355.400 1.016
2355.500 1.013
2355.600 1.016
2355.700 1.009
2355.800 1.011
2355.900 1.008
2356.000 1.012
2356.100 1.011
2356.200 1.012
2356.300 1.009
2356.400 1.015
2356.500 1.019
2356.600 1.024
2356.700 1.017
2356.800 1.016
2356.900 1.013
2357.000 1.014
2357.100 1.011
2357.200 1.004
2357.300 1.007
2357.400 1.007
2357.500 1.012
2357.600 1.012
2357.700 1.010
2357.800 1.009
2357.900 1.010
2358.000 1.010
2358.100 1.005
2358.200 1.007
2358.300 1.008
2358.400 1.001
2358.500 1.005
2358.600 1.003
2358.700 1.005
2358.800 1.006
2358.900 1.009
2359.000 1.010
2359.100 1.005
2359.200 1.006
2359.300 1.001
2359.400 1.006
2359.500 1.001
2359.600 1.005
2359.700 1.006
2359.800 1.003
2359.900 1.002
2360.000 1.002
2360.100 1.000
2360.200 1.006
2360.300 1.000
2360.400 1.004
2360.500 1.001
2360.600 1.007
2360.700 1.012
2360.800 1.000
2360.900 1.003
2361.000 1.002
2361.100 1.007
2361.200 1.000
2361.300 1.001
2361.400 0.996
2361.500 1.003
2361.600 0.997
2361.700 0.998
2361.800 0.999
2361.900 0.999
2362.000 0.999
2362.100 1.005
2362.200 1.002
2362.300 1.001
2362.400 0.997
2362.500 0.994
2362.600 0.996
2362.700 1.002
2362.800 1.000
2362.900 0.998
2363.000 0.997
2363.100 0.998
2363.200 0.995
2363.300 0.997
2363.400 0.999
2363.500 0.995
2363.600 1.002
2363.700 0.996
2363.800 1.001
2363.900 0.998
2364.000 0.998
2364.100 0.995
2364.200 0.995
2364.300 0.997
2364.400 0.997
2364.500 0.993
2364.600 1.006
2364.700 0.997
2364.800 0.995
2364.900 1.000
2365.000 0.999
2365.100 0.996
2365.200 1.001
2365.300 0.994
2365.400 0.999
2365.500 1.000
2365.600 0.997
2365.700 0.996
2365.800 0.993
2365.900 0.996
2366.000 0.995
2366.100 1.013
2366.200 1.013
2366.300 1.009
2366.400 0.996
2366.500 1.003
2366.600 0.993
2366.700 0.993
2366.800 0.995
2366.900 0.998
2367.000 1.005
2367.100 1.006
2367.200 1.002
2367.300 1.001
2367.400 0.997
2367.500 0.996
2367.600 0.996
2367.700 0.992
2367.800 0.996
2367.900 0.998
2368.000 1.000
2368.100 0.996
2368.200 0.995
2368.300 0.995
2368.400 0.993
2368.500 0.994
2368.600 0.993
2368.700 0.993
2368.800 0.998
2368.900 0.998
2369.000 0.997
2369.100 0.990
2369.200 0.991
2369.300 0.996
2369.400 1.006
2369.500 1.000
2369.600 1.002
2369.700 1.000
2369.800 0.997
2369.900 0.998
2370.000 1.001
2370.100 0.997
2370.200 0.997
2370.300 0.992
2370.400 0.993
2370.500 1.000
2370.600 0.995
2370.700 0.998
2370.800 1.044
2370.900 0.998
2371.000 0.995
2371.100 0.998
2371.200 0.994
2371.300 1.002
2371.400 0.999
2371.500 1.002
2371.600 0.996
2371.700 0.995
2371.800 1.005
2371.900 1.006
2372.000 1.002
2372.100 1.002
2372.200 0.999
2372.300 0.993
2372.400 1.000
2372.500 0.998
2372.600 1.011
2372.700 0.999
2372.800 1.007
2372.900 1.011
2373.000 1.008
2373.100 1.001
2373.200 0.995
2373.300 0.999
2373.400 1.002
2373.500 0.996
2373.600 1.006
2373.700 1.000
2373.800 1.004
2373.900 1.000
2374.000 1.002
2374.100 0.999
2374.200 1.001
2374.300 1.004
2374.400 1.011
2374.500 1.007
2374.600 1.011
2374.700 0.998
2374.800 0.999
2374.900 1.003
2375.000 1.002
2375.100 1.010
2375.200 1.013
2375.300 1.006
2375.400 1.024
2375.500 1.022
2375.600 1.009
2375.700 1.014
2375.800 1.004
2375.900 1.001
2376.000 1.004
2376.100 1.005
2376.200 1.009
2376.300 1.009
2376.400 1.009
2376.500 1.009
2376.600 1.014
2376.700 1.009
2376.800 1.008
2376.900 1.008
2377.000 1.005
2377.100 1.006
2377.200 1.010
2377.300 1.005
2377.400 1.010
2377.500 1.006
2377.600 1.009
2377.700 1.005
2377.800 1.006
2377.900 1.010
2378.000 1.013
2378.100 1.026
2378.200 1.017
2378.300 1.013
2378.400 1.012
2378.500 1.007
2378.600 1.010
2378.700 1.015
2378.800 1.018
2378.900 1.017
2379.000 1.015
2379.100 1.034
2379.200 1.006
2379.300 1.020
2379.400 1.024
2379.500 1.013
2379.600 1.012
2379.700 1.021
2379.800 1.021
2379.900 1.017
2380.000 1.016
2380.100 1.021
2380.200 1.013
2380.300 1.023
2380.400 1.020
2380.500 1.022
2380.600 1.019
2380.700 1.019
2380.800 1.020
2380.900 1.016
2381.000 1.019
2381.100 1.018
2381.200 1.027
2381.300 1.015
2381.400 1.018
2381.500 1.016
2381.600 1.018
2381.700 1.022
2381.800 1.014
2381.900 1.025
2382.000 1.024
2382.100 1.018
2382.200 1.030
2382.300 1.019
2382.400 1.020
2382.500 1.019
2382.600 1.025
2382.700 1.022
2382.800 1.020
2382.900 1.046
2383.000 1.033
2383.100 1.026
2383.200 1.026
2383.300 1.031
2383.400 1.025
2383.500 1.027
2383.600 1.027
2383.700 1.031
2383.800 1.031
2383.900 1.042
2384.000 1.038
2384.100 1.040
2384.200 1.035
2384.300 1.036
2384.400 1.034
2384.500 1.031
2384.600 1.033
2384.700 1.030
2384.800 1.036
2384.900 1.034
2385.000 1.034
2385.100 1.037
2385.200 1.037
2385.300 1.034
2385.400 1.038
2385.500 1.036
2385.600 1.041
2385.700 1.043
2385.800 1.035
2385.900 1.036
2386.000 1.044
2386.100 1.035
2386.200 1.041
2386.300 1.044
2386.400 1.047
2386.500 1.043
2386.600 1.041
2386.700 1.042
2386.800 1.049
2386.900 1.048
2387.000 1.046
2387.100 1.046
2387.200 1.056
2387.300 1.053
2387.400 1.053
2387.500 1.046
2387.600 1.052
2387.700 1.051
2387.800 1.061
2387.900 1.056
2388.000 1.059
2388.100 1.058
2388.200 1.059
2388.300 1.061
2388.400 1.053
2388.500 1.051
2388.600 1.055
2388.700 1.060
2388.800 1.053
2388.900 1.059
2389.000 1.053
2389.100 1.061
2389.200 1.055
2389.300 1.058
2389.400 1.058
2389.500 1.062
2389.600 1.058
2389.700 1.062
2389.800 1.059
2389.900 1.059
2390.000 1.064
2390.100 1.065
2390.200 1.067
2390.300 1.068
2390.400 1.065
2390.500 1.069
2390.600 1.070
2390.700 1.067
2390.800 1.069
2390.900 1.068
2391.000 1.075
2391.100 1.072
2391.200 1.076
2391.300 1.072
2391.400 1.072
2391.500 1.073
2391.600 1.079
2391.700 1.077
2391.800 1.081
2391.900 1.081
2392.000 1.082
2392.100 1.080
2392.200 1.075
2392.300 1.086
2392.400 1.086
2392.500 1.079
2392.600 1.084
2392.700 1.080
2392.800 1.086
2392.900 1.090
2393.000 1.111
2393.100 1.091
2393.200 1.098
2393.300 1.092
2393.400 1.095
2393.500 1.105
2393.600 1.096
2393.700 1.108
2393.800 1.105
2393.900 1.130
2394.000 1.103
2394.100 1.095
2394.200 1.101
2394.300 1.097
2394.400 1.101
2394.500 1.106
2394.600 1.119
2394.700 1.107
2394.800 1.101
2394.900 1.096
2395.000 1.111
2395.100 1.112
2395.200 1.104
2395.300 1.114
2395.400 1.115
2395.500 1.119
2395.600 1.113
2395.700 1.116
2395.800 1.104
2395.900 1.125
2396.000 1.116
2396.100 1.123
2396.200 1.116
2396.300 1.119
2396.400 1.119
2396.500 1.124
2396.600 1.127
2396.700 1.130
2396.800 1.124
2396.900 1.121
2397.000 1.127
2397.100 1.126
2397.200 1.129
2397.300 1.126
2397.400 1.133
2397.500 1.134
2397.600 1.132
2397.700 1.130
2397.800 1.137
2397.900 1.147
2398.000 1.143
2398.100 1.139
2398.200 1.149
2398.300 1.147
2398.400 1.143
2398.500 1.151
2398.600 1.149
2398.700 1.147
2398.800 1.148
2398.900 1.152
2399.000 1.156
2399.100 1.157
2399.200 1.156
2399.300 1.146
2399.400 1.171
2399.500 1.166
2399.600 1.163
2399.700 1.168
2399.800 1.162
2399.900 1.138
2400.000 1.180
2400.100 1.177
2400.200 1.169
2400.300 1.174
2400.400 1.171
2400.500 1.174
2400.600 1.171
2400.700 1.181
2400.800 1.187
2400.900 1.186
2401.000 1.183
2401.100 1.184
2401.200 1.183
2401.300 1.184
2401.400 1.194
2401.500 1.178
2401.600 1.184
2401.700 1.195
2401.800 1.186
2401.900 1.198
2402.000 1.200
2402.100 1.191
2402.200 1.208
2402.300 1.199
2402.400 1.205
2402.500 1.206
2402.600 1.209
2402.700 1.206
2402.800 1.208
2402.900 1.210
2403.000 1.214
2403.100 1.213
2403.200 1.208
2403.300 1.220
2403.400 1.216
2403.500 1.224
2403.600 1.220
2403.700 1.237
2403.800 1.230
2403.900 1.225
2404.000 1.225
2404.100 1.241
2404.200 1.240
2404.300 1.228
2404.400 1.233
2404.500 1.243
2404.600 1.240
2404.700 1.253
2404.800 1.258
2404.900 1.245
2405.000 1.255
2405.100 1.253
2405.200 1.260
2405.300 1.254
2405.400 1.254
2405.500 1.280
2405.600 1.267
2405.700 1.255
2405.800 1.252
2405.900 1.267
2406.000 1.274
2406.100 1.271
2406.200 1.283
2406.300 1.280
2406.400 1.293
2406.500 1.286
2406.600 1.276
2406.700 1.290
2406.800 1.288
2406.900 1.289
2407.000 1.289
2407.100 1.288
2407.200 1.296
2407.300 1.302
2407.400 1.301
2407.500 1.310
2407.600 1.313
2407.700 1.304
2407.800 1.306
2407.900 1.312
2408.000 1.312
2408.100 1.319
2408.200 1.315
2408.300 1.314
2408.400 1.318
2408.500 1.318
2408.600 1.328
2408.700 1.337
2408.800 1.326
2408.900 1.373
2409.000 1.353
2409.100 1.343
2409.200 1.343
2409.300 1.348
2409.400 1.344
2409.500 1.345
2409.600 1.356
2409.700 1.361
2409.800 1.370
2409.900 1.365
2410.000 1.373
2410.100 1.369
2410.200 1.370
2410.300 1.372
2410.400 1.374
2410.500 1.380
2410.600 1.385
2410.700 1.368
2410.800 1.381
2410.900 1.388
2411.000 1.400
2411.100 1.399
2411.200 1.404
2411.300 1.401
2411.400 1.400
2411.500 1.404
2411.600 1.410
2411.700 1.413
2411.800 1.414
2411.900 1.424
2412.000 1.419
2412.100 1.423
2412.200 1.424
2412.300 1.431
2412.400 1.434
2412.500 1.438
2412.600 1.450
2412.700 1.449
2412.800 1.451
2412.900 1.455
2413.000 1.455
2413.100 1.458
2413.200 1.463
2413.300 1.465
2413.400 1.465
2413.500 1.518
2413.600 1.500
2413.700 1.477
2413.800 1.479
2413.900 1.497
2414.000 1.483
2414.100 1.505
2414.200 1.501
2414.300 1.499
2414.400 1.513
2414.500 1.510
2414.600 1.513
2414.700 1.513
2414.800 1.529
2414.900 1.525
2415.000 1.527
2415.100 1.528
2415.200 1.535
2415.300 1.535
2415.400 1.547
2415.500 1.553
2415.600 1.555
2415.700 1.562
2415.800 1.563
2415.900 1.573
2416.000 1.573
2416.100 1.580
2416.200 1.583
2416.300 1.594
2416.400 1.591
2416.500 1.593
2416.600 1.630
2416.700 1.620
2416.800 1.651
2416.900 1.621
2417.000 1.619
2417.100 1.621
2417.200 1.634
2417.300 1.632
2417.400 1.653
2417.500 1.643
2417.600 1.650
2417.700 1.655
2417.800 1.656
2417.900 1.671
2418.000 1.668
2418.100 1.684
2418.200 1.688
2418.300 1.692
2418.400 1.683
2418.500 1.695
2418.600 1.721
2418.700 1.722
2418.800 1.696
2418.900 1.729
2419.000 1.732
2419.100 1.733
2419.200 1.740
2419.300 1.743
2419.400 1.749
2419.500 1.749
2419.600 1.754
2419.700 1.766
2419.800 1.771
2419.900 1.775
2420.000 1.784
2420.100 1.784
2420.200 1.798
2420.300 1.804
2420.400 1.817
2420.500 1.819
2420.600 1.855
2420.700 1.840
2420.800 1.857
2420.900 1.862
2421.000 1.864
2421.100 1.855
2421.200 1.859
2421.300 1.871
2421.400 1.871
2421.500 1.887
2421.600 1.894
2421.700 1.907
2421.800 1.904
2421.900 1.907
2422.000 1.955
2422.100 1.966
2422.200 1.987
2422.300 1.965
2422.400 1.971
2422.500 1.973
2422.600 1.974
2422.700 1.997
2422.800 1.994
2422.900 2.012
2423.000 2.014
2423.100 2.024
2423.200 2.028
2423.300 2.036
2423.400 2.046
2423.500 2.054
2423.600 2.064
2423.700 2.071
2423.800 2.092
2423.900 2.109
2424.000 2.112
2424.100 2.119
2424.200 2.143
2424.300 2.141
2424.400 2.162
2424.500 2.120
2424.600 2.203
2424.700 2.179
2424.800 2.192
2424.900 2.206
2425.000 2.210
2425.100 2.222
2425.200 2.231
2425.300 2.378
2425.400 2.370
2425.500 2.374
2425.600 2.369
2425.700 2.360
2425.800 2.352
2425.900 2.347
2426.000 2.351
2426.100 2.353
2426.200 2.357
2426.300 2.379
2426.400 2.396
2426.500 2.398
2426.600 2.417
2426.700 2.427
2426.800 2.435
2426.900 2.453
2427.000 2.462
2427.100 2.482
2427.200 2.494
2427.300 2.513
2427.400 2.554
2427.500 2.549
2427.600 2.600
2427.700 2.576
2427.800 2.628
2427.900 2.654
2428.000 2.645
2428.100 2.668
2428.200 2.676
2428.300 2.700
2428.400 2.726
2428.500 2.739
2428.600 2.755
2428.700 2.760
2428.800 2.792
2428.900 2.818
2429.000 2.830
2429.100 2.856
2429.200 2.872
2429.300 2.891
2429.400 2.882
2429.500 2.945
2429.600 2.953
2429.700 2.979
2429.800 3.026
2429.900 3.003
2430.000 3.057
2430.100 3.081
2430.200 3.100
2430.300 3.143
2430.400 3.165
2430.500 3.180
2430.600 3.218
2430.700 3.226
2430.800 3.262
2430.900 3.296
2431.000 3.316
2431.100 3.355
2431.200 3.377
2431.300 3.408
2431.400 3.450
2431.500 3.465
2431.600 3.503
2431.700 3.525
2431.800 3.570
2431.900 3.593
2432.000 3.630
2432.100 3.674
2432.200 3.693
2432.300 3.736
2432.400 3.761
2432.500 3.805
2432.600 3.848
2432.700 3.870
2432.800 3.924
2432.900 3.948
2433.000 3.995
2433.100 4.057
2433.200 4.077
2433.300 4.122
2433.400 4.146
2433.500 4.217
2433.600 4.263
2433.700 4.286
2433.800 4.336
2433.900 4.361
2434.000 4.424
2434.100 4.484
2434.200 4.516
2434.300 4.567
2434.400 4.599
2434.500 4.653
2434.600 4.772
2434.700 5.215
2434.800 4.971
2434.900 4.961
2435.000 4.921
2435.100 4.969
2435.200 4.997
2435.300 5.061
2435.400 5.096
2435.500 5.146
2435.600 5.196
2435.700 5.231
2435.800 5.291
2435.900 5.314
2436.000 5.382
2436.100 5.430
2436.200 5.463
2436.300 5.522
2436.400 5.548
2436.500 5.599
2436.600 5.662
2436.700 5.685
2436.800 5.725
2436.900 5.754
2437.000 5.827
2437.100 5.843
2437.200 5.861
2437.300 5.894
2437.400 5.905
2437.500 5.916
2437.600 5.926
2437.700 5.957
2437.800 5.972
2437.900 5.981
2438.000 5.967
2438.100 5.981
2438.200 5.968
2438.300 5.970
2438.400 5.956
2438.500 5.943
2438.600 5.908
2438.700 5.885
2438.800 5.851
2438.900 5.837
2439.000 5.801
2439.100 5.756
2439.200 5.729
2439.300 5.701
2439.400 5.668
2439.500 5.599
2439.600 5.530
2439.700 5.492
2439.800 5.447
2439.900 5.402
2440.000 5.365
2440.100 5.262
2440.200 5.234
2440.300 5.138
2440.400 5.104
2440.500 5.019
2440.600 4.922
2440.700 4.922
2440.800 4.827
2440.900 4.789
2441.000 4.692
2441.100 4.615
2441.200 4.523
2441.300 4.380
2441.400 4.326
2441.500 4.281
2441.600 4.177
2441.700 4.178
2441.800 4.190
2441.900 4.168
2442.000 4.083
2442.100 4.012
2442.200 3.980
2442.300 3.893
2442.400 3.859
2442.500 3.791
2442.600 3.724
2442.700 3.691
2442.800 3.624
2442.900 3.587
2443.000 3.526
2443.100 3.468
2443.200 3.438
2443.300 3.377
2443.400 3.346
2443.500 3.290
2443.600 3.245
2443.700 3.206
2443.800 3.146
2443.900 3.122
2444.000 3.057
2444.100 3.029
2444.200 2.986
2444.300 2.929
2444.400 2.914
2444.500 2.898
2444.600 2.859
2444.700 2.814
2444.800 2.760
2444.900 2.731
2445.000 2.690
2445.100 2.663
2445.200 2.618
2445.300 2.572
2445.400 2.550
2445.500 2.512
2445.600 2.489
2445.700 2.455
2445.800 2.413
2445.900 2.403
2446.000 2.360
2446.100 2.347
2446.200 2.319
2446.300 2.286
2446.400 2.260
2446.500 2.204
2446.600 2.215
2446.700 2.192
2446.800 2.148
2446.900 2.135
2447.000 2.085
2447.100 2.080
2447.200 2.057
2447.300 2.028
2447.400 2.003
2447.500 1.979
2447.600 1.963
2447.700 1.933
2447.800 1.912
2447.900 1.898
2448.000 1.882
2448.100 1.853
2448.200 1.850
2448.300 1.808
2448.400 1.803
2448.500 1.773
2448.600 1.774
2448.700 1.741
2448.800 1.714
2448.900 1.699
2449.000 1.687
2449.100 1.681
2449.200 1.661
2449.300 1.633
2449.400 1.618
2449.500 1.591
2449.600 1.592
2449.700 1.570
2449.800 1.557
2449.900 1.541
2450.000 1.530
2450.100 1.520
2450.200 1.502
2450.300 1.482
2450.400 1.463
2450.500 1.457
2450.600 1.439
2450.700 1.424
2450.800 1.413
2450.900 1.407
2451.000 1.391
2451.100 1.377
2451.200 1.361
2451.300 1.350
2451.400 1.337
2451.500 1.324
2451.600 1.316
2451.700 1.298
2451.800 1.283
2451.900 1.270
2452.000 1.260
2452.100 1.252
2452.200 1.242
2452.300 1.219
2452.400 1.220
2452.500 1.211
2452.600 1.213
2452.700 1.209
2452.800 1.181
2452.900 1.172
2453.000 1.160
2453.100 1.151
2453.200 1.134
2453.300 1.127
2453.400 1.118
2453.500 1.103
2453.600 1.097
2453.700 1.084
2453.800 1.086
2453.900 1.064
2454.000 1.054
2454.100 1.052
2454.200 1.037
2454.300 1.027
2454.400 1.022
2454.500 1.007
2454.600 1.005
2454.700 1.007
2454.800 0.983
2454.900 0.988
2455.000 0.978
2455.100 0.978
2455.200 0.949
2455.300 0.946
2455.400 0.944
2455.500 0.934
2455.600 0.925
2455.700 0.921
2455.800 0.913
2455.900 0.899
2456.000 0.893
2456.100 0.891
2456.200 0.879
2456.300 0.874
2456.400 0.869
2456.500 0.857
2456.600 0.854
2456.700 0.850
2456.800 0.846
2456.900 0.831
2457.000 0.826
2457.100 0.820
2457.200 0.812
2457.300 0.807
2457.400 0.800
2457.500 0.796
2457.600 0.791
2457.700 0.783
2457.800 0.777
2457.900 0.772
2458.000 0.768
2458.100 0.763
2458.200 0.755
2458.300 0.756
2458.400 0.743
2458.500 0.777
2458.600 0.753
2458.700 0.723
2458.800 0.722
2458.900 0.717
2459.000 0.711
2459.100 0.729
2459.200 0.710
2459.300 0.701
2459.400 0.690
2459.500 0.687
2459.600 0.683
2459.700 0.682
2459.800 0.676
2459.900 0.668
2460.000 0.663
2460.100 0.659
2460.200 0.650
2460.300 0.647
2460.400 0.649
2460.500 0.633
2460.600 0.648
2460.700 0.632
2460.800 0.628
2460.900 0.622
2461.000 0.614
2461.100 0.611
2461.200 0.603
2461.300 0.602
2461.400 0.600
2461.500 0.590
2461.600 0.588
2461.700 0.579
2461.800 0.571
2461.900 0.571
2462.000 0.568
2462.100 0.560
2462.200 0.554
2462.300 0.567
2462.400 0.557
2462.500 0.556
2462.600 0.549
2462.700 0.552
2462.800 0.570
2462.900 0.536
2463.000 0.539
2463.100 0.535
2463.200 0.536
2463.300 0.524
2463.400 0.520
2463.500 0.515
2463.600 0.512
2463.700 0.508
2463.800 0.503
2463.900 0.495
2464.000 0.498
2464.100 0.491
2464.200 0.491
2464.300 0.493
2464.400 0.489
2464.500 0.483
2464.600 0.480
2464.700 0.474
2464.800 0.472
2464.900 0.467
2465.000 0.464
2465.100 0.478
2465.200 0.458
2465.300 0.456
2465.400 0.454
2465.500 0.451
2465.600 0.445
2465.700 0.443
2465.800 0.439
2465.900 0.435
2466.000 0.434
2466.100 0.438
2466.200 0.427
2466.300 0.427
2466.400 0.419
2466.500 0.423
2466.600 0.414
2466.700 0.412
2466.800 0.411
2466.900 0.407
2467.000 0.401
2467.100 0.400
2467.200 0.396
2467.300 0.399
2467.400 0.392
2467.500 0.397
2467.600 0.388
2467.700 0.387
2467.800 0.383
2467.900 0.373
2468.000 0.381
2468.100 0.381
2468.200 0.376
2468.300 0.370
2468.400 0.368
2468.500 0.365
2468.600 0.363
2468.700 0.362
2468.800 0.360
2468.900 0.356
2469.000 0.352
2469.100 0.347
2469.200 0.344
2469.300 0.345
2469.400 0.347
2469.500 0.344
2469.600 0.340
2469.700 0.338
2469.800 0.335
2469.900 0.338
2470.000 0.335
2470.100 0.375
2470.200 0.369
2470.300 0.360
2470.400 0.342
2470.500 0.334
2470.600 0.326
2470.700 0.320
2470.800 0.318
2470.900 0.310
2471.000 0.306
2471.100 0.306
2471.200 0.302
2471.300 0.298
2471.400 0.301
2471.500 0.297
2471.600 0.301
2471.700 0.295
2471.800 0.295
2471.900 0.292
2472.000 0.286
2472.100 0.287
2472.200 0.283
2472.300 0.288
2472.400 0.293
2472.500 0.291
2472.600 0.283
2472.700 0.275
2472.800 0.274
2472.900 0.270
2473.000 0.269
2473.100 0.266
2473.200 0.266
2473.300 0.261
2473.400 0.260
2473.500 0.259
2473.600 0.259
2473.700 0.256
2473.800 0.253
2473.900 0.246
2474.000 0.252
2474.100 0.246
2474.200 0.244
2474.300 0.241
2474.400 0.242
2474.500 0.240
2474.600 0.237
2474.700 0.236
2474.800 0.235
2474.900 0.233
2475.000 0.229
2475.100 0.221
2475.200 0.232
2475.300 0.225
2475.400 0.227
2475.500 0.225
2475.600 0.227
2475.700 0.222
2475.800 0.223
2475.900 0.216
2476.000 0.216
2476.100 0.211
2476.200 0.212
2476.300 0.213
2476.400 0.208
2476.500 0.208
2476.600 0.201
2476.700 0.203
2476.800 0.200
2476.900 0.199
2477.000 0.198
2477.100 0.205
2477.200 0.198
2477.300 0.200
2477.400 0.185
2477.500 0.193
2477.600 0.189
2477.700 0.193
2477.800 0.186
2477.900 0.190
2478.000 0.188
2478.100 0.186
2478.200 0.184
2478.300 0.180
2478.400 0.176
2478.500 0.178
2478.600 0.177
2478.700 0.175
2478.800 0.176
2478.900 0.179
2479.000 0.172
2479.100 0.172
2479.200 0.169
2479.300 0.167
2479.400 0.164
2479.500 0.162
2479.600 0.164
2479.700 0.161
2479.800 0.161
2479.900 0.158
2480.000 0.158
2480.100 0.155
2480.200 0.153
2480.300 0.150
2480.400 0.150
2480.500 0.159
2480.600 0.151
2480.700 0.149
2480.800 0.146
2480.900 0.144
2481.000 0.143
2481.100 0.140
2481.200 0.141
2481.300 0.141
2481.400 0.136
2481.500 0.137
2481.600 0.146
2481.700 0.130
2481.800 0.133
2481.900 0.134
2482.000 0.131
2482.100 0.128
2482.200 0.128
2482.300 0.132
2482.400 0.125
2482.500 0.126
2482.600 0.122
2482.700 0.125
2482.800 0.122
2482.900 0.131
2483.000 0.120
2483.100 0.118
2483.200 0.120
2483.300 0.117
2483.400 0.115
2483.500 0.123
2483.600 0.130
2483.700 0.113
2483.800 0.109
2483.900 0.111
2484.000 0.118
2484.100 0.112
2484.200 0.114
2484.300 0.104
2484.400 0.105
2484.500 0.105
2484.600 0.104
2484.700 0.104
2484.800 0.102
2484.900 0.100
2485.000 0.100
2485.100 0.098
2485.200 0.098
2485.300 0.100
2485.400 0.097
2485.500 0.098
2485.600 0.096
2485.700 0.095
2485.800 0.092
2485.900 0.093
2486.000 0.089
2486.100 0.093
2486.200 0.084
2486.300 0.086
2486.400 0.087
2486.500 0.083
2486.600 0.080
2486.700 0.089
2486.800 0.093
2486.900 0.086
2487.000 0.084
2487.100 0.082
2487.200 0.077
2487.300 0.081
2487.400 0.085
2487.500 0.084
2487.600 0.077
2487.700 0.091
2487.800 0.087
2487.900 0.073
2488.000 0.078
2488.100 0.078
2488.200 0.073
2488.300 0.074
2488.400 0.069
2488.500 0.067
2488.600 0.069
2488.700 0.069
2488.800 0.064
2488.900 0.083
2489.000 0.071
2489.100 0.066
2489.200 0.061
2489.300 0.059
2489.400 0.057
2489.500 0.059
2489.600 0.056
2489.700 0.055
2489.800 0.053
2489.900 0.069
2490.000 0.046
2490.100 0.052
2490.200 0.048
2490.300 0.052
2490.400 0.047
2490.500 0.052
2490.600 0.048
2490.700 0.059
2490.800 0.050
2490.900 0.048
2491.000 0.047
2491.100 0.046
2491.200 0.046
2491.300 0.043
2491.400 0.044
2491.500 0.041
2491.600 0.042
2491.700 0.042
2491.800 0.040
2491.900 0.039
2492.000 0.038
2492.100 0.039
2492.200 0.036
2492.300 0.037
2492.400 0.035
2492.500 0.037
2492.600 0.034
2492.700 0.034
2492.800 0.034
2492.900 0.033
2493.000 0.033
2493.100 0.031
2493.200 0.030
2493.300 0.033
2493.400 0.030
2493.500 0.031
2493.600 0.030
2493.700 0.027
2493.800 0.026
2493.900 0.027
2494.000 0.027
2494.100 0.024
2494.200 0.025
2494.300 0.025
2494.400 0.026
2494.500 0.026
2494.600 0.028
2494.700 0.028
2494.800 0.025
2494.900 0.022
2495.000 0.034
2495.100 0.022
2495.200 0.020
2495.300 0.018
2495.400 0.022
2495.500 0.025
2495.600 0.025
2495.700 0.019
2495.800 0.021
2495.900 0.029
2496.000 0.029
2496.100 0.028
2496.200 0.021
2496.300 0.021
2496.400 0.020
2496.500 0.033
2496.600 0.022
2496.700 0.023
2496.800 0.020
2496.900 0.020
2497.000 0.018
2497.100 0.021
2497.200 0.020
2497.300 0.018
2497.400 0.018
2497.500 0.017
2497.600 0.019
2497.700 0.031
2497.800 0.019
2497.900 0.018
2498.000 0.019
2498.100 0.018
2498.200 0.018
2498.300 0.018
2498.400 0.028
2498.500 0.025
2498.600 0.023
2498.700 0.021
2498.800 0.022
2498.900 0.019
2499.000 0.022
2499.100 0.023
2499.200 0.022
2499.300 0.021
2499.400 0.022
2499.500 0.020
2499.600 0.025
2499.700 0.026
2499.800 0.026
2499.900 0.024
2500.000 0.026
