2200.100 0.002
2200.200 0.902
2200.300 0.820
2200.400 0.832
2200.500 0.791
2200.600 0.790
2200.700 0.774
2200.800 0.759
2200.900 0.751
2201.000 0.746
2201.100 0.745
2201.200 0.741
2201.300 0.739
2201.400 0.745
2201.500 0.735
2201.600 0.741
2201.700 0.734
2201.800 0.734
2201.900 0.731
2202.000 0.736
2202.100 0.738
2202.200 0.738
2202.300 0.729
2202.400 0.733
2202.500 0.725
2202.600 0.723
2202.700 0.720
2202.800 0.717
2202.900 0.719
2203.000 0.716
2203.100 0.717
2203.200 0.706
2203.300 0.708
2203.400 0.704
2203.500 0.705
2203.600 0.695
2203.700 0.688
2203.800 0.679
2203.900 0.671
2204.000 0.655
2204.100 0.655
2204.200 0.634
2204.300 0.620
2204.400 0.609
2204.500 0.589
2204.600 0.583
2204.700 0.562
2204.800 0.552
2204.900 0.527
2205.000 0.512
2205.100 0.501
2205.200 0.479
2205.300 0.467
2205.400 0.445
2205.500 0.432
2205.600 0.415
2205.700 0.396
2205.800 0.388
2205.900 0.371
2206.000 0.362
2206.100 0.357
2206.200 0.354
2206.300 0.353
2206.400 0.356
2206.500 0.354
2206.600 0.357
2206.700 0.359
2206.800 0.358
2206.900 0.356
2207.000 0.357
2207.100 0.358
2207.200 0.361
2207.300 0.361
2207.400 0.360
2207.500 0.357
2207.600 0.362
2207.700 0.362
2207.800 0.361
2207.900 0.362
2208.000 0.365
2208.100 0.362
2208.200 0.366
2208.300 0.368
2208.400 0.364
2208.500 0.369
2208.600 0.368
2208.700 0.368
2208.800 0.367
2208.900 0.369
2209.000 0.365
2209.100 0.370
2209.200 0.369
2209.300 0.369
2209.400 0.371
2209.500 0.371
2209.600 0.368
2209.700 0.370
2209.800 0.372
2209.900 0.372
2210.000 0.373
2210.100 0.368
2210.200 0.379
2210.300 0.374
2210.400 0.377
2210.500 0.378
2210.600 0.376
2210.700 0.376
2210.800 0.376
2210.900 0.375
2211.000 0.377
2211.100 0.376
2211.200 0.380
2211.300 0.378
2211.400 0.379
2211.500 0.382
2211.600 0.383
2211.700 0.381
2211.800 0.385
2211.900 0.382
2212.000 0.386
2212.100 0.383
2212.200 0.387
2212.300 0.384
2212.400 0.387
2212.500 0.385
2212.600 0.388
2212.700 0.386
2212.800 0.391
2212.900 0.390
2213.000 0.391
2213.100 0.391
2213.200 0.391
2213.300 0.393
2213.400 0.394
2213.500 0.391
2213.600 0.396
2213.700 0.396
2213.800 0.394
2213.900 0.395
2214.000 0.396
2214.100 0.400
2214.200 0.397
2214.300 0.398
2214.400 0.399
2214.500 0.398
2214.600 0.400
2214.700 0.399
2214.800 0.399
2214.900 0.402
2215.000 0.401
2215.100 0.402
2215.200 0.404
2215.300 0.408
2215.400 0.405
2215.500 0.407
2215.600 0.408
2215.700 0.405
2215.800 0.408
2215.900 0.414
2216.000 0.411
2216.100 0.412
2216.200 0.415
2216.300 0.411
2216.400 0.413
2216.500 0.416
2216.600 0.416
2216.700 0.417
2216.800 0.419
2216.900 0.416
2217.000 0.421
2217.100 0.419
2217.200 0.424
2217.300 0.421
2217.400 0.421
2217.500 0.420
2217.600 0.427
2217.700 0.425
2217.800 0.425
2217.900 0.425
2218.000 0.422
2218.100 0.427
2218.200 0.426
2218.300 0.428
2218.400 0.430
2218.500 0.431
2218.600 0.430
2218.700 0.432
2218.800 0.429
2218.900 0.430
2219.000 0.428
2219.100 0.435
2219.200 0.435
2219.300 0.435
2219.400 0.434
2219.500 0.435
2219.600 0.438
2219.700 0.440
2219.800 0.439
2219.900 0.439
2220.000 0.446
2220.100 0.442
2220.200 0.445
2220.300 0.445
2220.400 0.448
2220.500 0.445
2220.600 0.447
2220.700 0.446
2220.800 0.449
2220.900 0.450
2221.000 0.454
2221.100 0.453
2221.200 0.455
2221.300 0.456
2221.400 0.455
2221.500 0.452
2221.600 0.458
2221.700 0.459
2221.800 0.457
2221.900 0.457
2222.000 0.457
2222.100 0.460
2222.200 0.461
2222.300 0.465
2222.400 0.463
2222.500 0.469
2222.600 0.467
2222.700 0.469
2222.800 0.469
2222.900 0.469
2223.000 0.471
2223.100 0.471
2223.200 0.472
2223.300 0.471
2223.400 0.472
2223.500 0.479
2223.600 0.478
2223.700 0.475
2223.800 0.478
2223.900 0.481
2224.000 0.478
2224.100 0.480
2224.200 0.480
2224.300 0.480
2224.400 0.481
2224.500 0.484
2224.600 0.485
2224.700 0.484
2224.800 0.485
2224.900 0.485
2225.000 0.494
2225.100 0.492
2225.200 0.495
2225.300 0.492
2225.400 0.496
2225.500 0.495
2225.600 0.498
2225.700 0.500
2225.800 0.499
2225.900 0.501
2226.000 0.501
2226.100 0.503
2226.200 0.501
2226.300 0.502
2226.400 0.506
2226.500 0.507
2226.600 0.510
2226.700 0.509
2226.800 0.508
2226.900 0.510
2227.000 0.508
2227.100 0.515
2227.200 0.515
2227.300 0.516
2227.400 0.515
2227.500 0.520
2227.600 0.516
2227.700 0.524
2227.800 0.520
2227.900 0.523
2228.000 0.523
2228.100 0.531
2228.200 0.529
2228.300 0.529
2228.400 0.526
2228.500 0.528
2228.600 0.531
2228.700 0.532
2228.800 0.534
2228.900 0.536
2229.000 0.537
2229.100 0.538
2229.200 0.544
2229.300 0.541
2229.400 0.543
2229.500 0.541
2229.600 0.546
2229.700 0.546
2229.800 0.546
2229.900 0.544
2230.000 0.550
2230.100 0.549
2230.200 0.550
2230.300 0.552
2230.400 0.556
2230.500 0.554
2230.600 0.560
2230.700 0.557
2230.800 0.560
2230.900 0.562
2231.000 0.564
2231.100 0.561
2231.200 0.562
2231.300 0.568
2231.400 0.567
2231.500 0.569
2231.600 0.570
2231.700 0.574
2231.800 0.572
2231.900 0.575
2232.000 0.575
2232.100 0.578
2232.200 0.577
2232.300 0.580
2232.400 0.580
2232.500 0.587
2232.600 0.579
2232.700 0.587
2232.800 0.584
2232.900 0.589
2233.000 0.591
2233.100 0.594
2233.200 0.592
2233.300 0.597
2233.400 0.597
2233.500 0.595
2233.600 0.599
2233.700 0.595
2233.800 0.605
2233.900 0.611
2234.000 0.613
2234.100 0.610
2234.200 0.611
2234.300 0.609
2234.400 0.617
2234.500 0.615
2234.600 0.619
2234.700 0.618
2234.800 0.621
2234.900 0.615
2235.000 0.628
2235.100 0.622
2235.200 0.621
2235.300 0.626
2235.400 0.629
2235.500 0.631
2235.600 0.631
2235.700 0.637
2235.800 0.634
2235.900 0.638
2236.000 0.634
2236.100 0.636
2236.200 0.638
2236.300 0.644
2236.400 0.645
2236.500 0.650
2236.600 0.647
2236.700 0.650
2236.800 0.650
2236.900 0.650
2237.000 0.653
2237.100 0.661
2237.200 0.662
2237.300 0.664
2237.400 0.663
2237.500 0.664
2237.600 0.666
2237.700 0.668
2237.800 0.670
2237.900 0.670
2238.000 0.669
2238.100 0.666
2238.200 0.678
2238.300 0.676
2238.400 0.683
2238.500 0.680
2238.600 0.681
2238.700 0.685
2238.800 0.691
2238.900 0.691
2239.000 0.698
2239.100 0.694
2239.200 0.696
2239.300 0.695
2239.400 0.697
2239.500 0.704
2239.600 0.707
2239.700 0.708
2239.800 0.708
2239.900 0.716
2240.000 0.714
2240.100 0.715
2240.200 0.718
2240.300 0.717
2240.400 0.719
2240.500 0.727
2240.600 0.726
2240.700 0.734
2240.800 0.729
2240.900 0.738
2241.000 0.736
2241.100 0.741
2241.200 0.735
2241.300 0.744
2241.400 0.745
2241.500 0.749
2241.600 0.746
2241.700 0.748
2241.800 0.749
2241.900 0.750
2242.000 0.754
2242.100 0.753
2242.200 0.756
2242.300 0.760
2242.400 0.766
2242.500 0.767
2242.600 0.771
2242.700 0.770
2242.800 0.769
2242.900 0.776
2243.000 0.781
2243.100 0.782
2243.200 0.787
2243.300 0.787
2243.400 0.788
2243.500 0.790
2243.600 0.796
2243.700 0.795
2243.800 0.806
2243.900 0.804
2244.000 0.809
2244.100 0.806
2244.200 0.812
2244.300 0.813
2244.400 0.812
2244.500 0.813
2244.600 0.820
2244.700 0.818
2244.800 0.825
2244.900 0.824
2245.000 0.830
2245.100 0.828
2245.200 0.833
2245.300 0.843
2245.400 0.842
2245.500 0.844
2245.600 0.846
2245.700 0.848
2245.800 0.848
2245.900 0.860
2246.000 0.858
2246.100 0.866
2246.200 0.865
2246.300 0.866
2246.400 0.865
2246.500 0.876
2246.600 0.875
2246.700 0.883
2246.800 0.881
2246.900 0.889
2247.000 0.890
2247.100 0.892
2247.200 0.896
2247.300 0.901
2247.400 0.905
2247.500 0.905
2247.600 0.913
2247.700 0.907
2247.800 0.914
2247.900 0.916
2248.000 0.919
2248.100 0.920
2248.200 0.934
2248.300 0.933
2248.400 0.942
2248.500 0.941
2248.600 0.945
2248.700 0.944
2248.800 0.945
2248.900 0.956
2249.000 0.956
2249.100 0.961
2249.200 0.963
2249.300 0.970
2249.400 0.970
2249.500 0.970
2249.600 0.976
2249.700 0.984
2249.800 0.993
2249.900 0.990
2250.000 0.995
2250.100 1.003
2250.200 1.003
2250.300 1.010
2250.400 1.010
2250.500 1.012
2250.600 1.012
2250.700 1.019
2250.800 1.024
2250.900 1.031
2251.000 1.031
2251.100 1.030
2251.200 1.037
2251.300 1.043
2251.400 1.048
2251.500 1.053
2251.600 1.053
2251.700 1.064
2251.800 1.065
2251.900 1.069
2252.000 1.079
2252.100 1.077
2252.200 1.084
2252.300 1.092
2252.400 1.086
2252.500 1.107
2252.600 1.106
2252.700 1.111
2252.800 1.122
2252.900 1.131
2253.000 1.125
2253.100 1.125
2253.200 1.134
2253.300 1.135
2253.400 1.144
2253.500 1.144
2253.600 1.154
2253.700 1.156
2253.800 1.163
2253.900 1.161
2254.000 1.175
2254.100 1.174
2254.200 1.181
2254.300 1.191
2254.400 1.191
2254.500 1.196
2254.600 1.199
2254.700 1.205
2254.800 1.207
2254.900 1.214
2255.000 1.216
2255.100 1.221
2255.200 1.223
2255.300 1.237
2255.400 1.237
2255.500 1.253
2255.600 1.255
2255.700 1.259
2255.800 1.261
2255.900 1.268
2256.000 1.273
2256.100 1.275
2256.200 1.287
2256.300 1.293
2256.400 1.292
2256.500 1.296
2256.600 1.312
2256.700 1.320
2256.800 1.324
2256.900 1.330
2257.000 1.337
2257.100 1.342
2257.200 1.351
2257.300 1.356
2257.400 1.359
2257.500 1.366
2257.600 1.374
2257.700 1.382
2257.800 1.391
2257.900 1.396
2258.000 1.402
2258.100 1.404
2258.200 1.415
2258.300 1.418
2258.400 1.427
2258.500 1.433
2258.600 1.440
2258.700 1.448
2258.800 1.453
2258.900 1.460
2259.000 1.478
2259.100 1.473
2259.200 1.481
2259.300 1.495
2259.400 1.503
2259.500 1.513
2259.600 1.519
2259.700 1.537
2259.800 1.541
2259.900 1.550
2260.000 1.556
2260.100 1.574
2260.200 1.580
2260.300 1.582
2260.400 1.591
2260.500 1.603
2260.600 1.604
2260.700 1.623
2260.800 1.622
2260.900 1.632
2261.000 1.641
2261.100 1.643
2261.200 1.653
2261.300 1.654
2261.400 1.674
2261.500 1.686
2261.600 1.688
2261.700 1.699
2261.800 1.712
2261.900 1.720
2262.000 1.733
2262.100 1.737
2262.200 1.761
2262.300 1.765
2262.400 1.779
2262.500 1.789
2262.600 1.798
2262.700 1.810
2262.800 1.816
2262.900 1.828
2263.000 1.857
2263.100 1.860
2263.200 1.875
2263.300 1.873
2263.400 1.888
2263.500 1.899
2263.600 1.907
2263.700 1.918
2263.800 1.927
2263.900 1.950
2264.000 1.962
2264.100 1.972
2264.200 1.986
2264.300 1.998
2264.400 2.007
2264.500 2.024
2264.600 2.038
2264.700 2.058
2264.800 2.062
2264.900 2.082
2265.000 2.089
2265.100 2.098
2265.200 2.119
2265.300 2.127
2265.400 2.159
2265.500 2.176
2265.600 2.183
2265.700 2.190
2265.800 2.211
2265.900 2.222
2266.000 2.239
2266.100 2.249
2266.200 2.272
2266.300 2.275
2266.400 2.305
2266.500 2.323
2266.600 2.332
2266.700 2.349
2266.800 2.365
2266.900 2.382
2267.000 2.413
2267.100 2.420
2267.200 2.440
2267.300 2.448
2267.400 2.467
2267.500 2.484
2267.600 2.512
2267.700 2.535
2267.800 2.547
2267.900 2.574
2268.000 2.600
2268.100 2.608
2268.200 2.634
2268.300 2.647
2268.400 2.671
2268.500 2.700
2268.600 2.717
2268.700 2.748
2268.800 2.758
2268.900 2.786
2269.000 2.811
2269.100 2.835
2269.200 2.859
2269.300 2.877
2269.400 2.904
2269.500 2.930
2269.600 2.952
2269.700 2.988
2269.800 3.002
2269.900 3.035
2270.000 3.050
2270.100 3.084
2270.200 3.120
2270.300 3.141
2270.400 3.181
2270.500 3.195
2270.600 3.233
2270.700 3.343
2270.800 3.354
2270.900 3.375
2271.000 3.411
2271.100 3.441
2271.200 3.423
2271.300 3.441
2271.400 3.466
2271.500 3.513
2271.600 3.565
2271.700 3.600
2271.800 3.624
2271.900 3.665
2272.000 3.682
2272.100 3.731
2272.200 3.753
2272.300 3.813
2272.400 3.830
2272.500 3.883
2272.600 3.919
2272.700 3.983
2272.800 4.004
2272.900 4.038
2273.000 4.086
2273.100 4.141
2273.200 4.192
2273.300 4.229
2273.400 4.257
2273.500 4.323
2273.600 4.374
2273.700 4.442
2273.800 4.475
2273.900 4.541
2274.000 4.571
2274.100 4.632
2274.200 4.709
2274.300 4.739
2274.400 4.808
2274.500 4.837
2274.600 4.912
2274.700 4.987
2274.800 5.020
2274.900 5.097
2275.000 5.137
2275.100 5.212
2275.200 5.293
2275.300 5.332
2275.400 5.416
2275.500 5.454
2275.600 5.546
2275.700 5.586
2275.800 5.682
2275.900 5.761
2276.000 5.803
2276.100 5.901
2276.200 5.945
2276.300 6.029
2276.400 6.112
2276.500 6.155
2276.600 6.231
2276.700 6.276
2276.800 6.355
2276.900 6.441
2277.000 6.480
2277.100 6.577
2277.200 6.615
2277.300 6.692
2277.400 6.768
2277.500 6.811
2277.600 6.872
2277.700 6.907
2277.800 6.970
2277.900 7.029
2278.000 7.052
2278.100 7.117
2278.200 7.135
2278.300 7.198
2278.400 7.230
2278.500 7.249
2278.600 7.274
2278.700 7.277
2278.800 7.307
2278.900 7.317
2279.000 7.314
2279.100 7.303
2279.200 7.290
2279.300 7.278
2279.400 7.254
2279.500 7.239
2279.600 7.211
2279.700 7.191
2279.800 7.157
2279.900 7.118
2280.000 7.097
2280.100 7.042
2280.200 7.028
2280.300 6.979
2280.400 6.952
2280.500 6.928
2280.600 6.893
2280.700 6.878
2280.800 6.871
2280.900 6.855
2281.000 6.865
2281.100 6.864
2281.200 6.875
2281.300 6.897
2281.400 6.942
2281.500 6.960
2281.600 7.002
2281.700 7.028
2281.800 7.091
2281.900 7.152
2282.000 7.183
2282.100 7.217
2282.200 7.293
2282.300 7.365
2282.400 7.435
2282.500 7.471
2282.600 7.537
2282.700 7.572
2282.800 7.622
2282.900 7.676
2283.000 7.693
2283.100 7.701
2283.200 7.739
2283.300 7.741
2283.400 7.727
2283.500 7.729
2283.600 7.692
2283.700 7.673
2283.800 7.616
2283.900 7.555
2284.000 7.499
2284.100 7.401
2284.200 7.336
2284.300 7.222
2284.400 7.083
2284.500 7.005
2284.600 6.832
2284.700 6.752
2284.800 6.594
2284.900 6.405
2285.000 6.311
2285.100 6.215
2285.200 6.030
2285.300 5.840
2285.400 5.754
2285.500 5.561
2285.600 5.401
2285.700 5.312
2285.800 5.133
2285.900 4.958
2286.000 4.873
2286.100 4.718
2286.200 4.648
2286.300 4.510
2286.400 4.362
2286.500 4.295
2286.600 4.229
2286.700 4.105
2286.800 4.000
2286.900 3.943
2287.000 3.837
2287.100 3.744
2287.200 3.699
2287.300 3.619
2287.400 3.553
2287.500 3.504
2287.600 3.444
2287.700 3.412
2287.800 3.367
2287.900 3.354
2288.000 3.309
2288.100 3.293
2288.200 3.251
2288.300 3.221
2288.400 3.203
2288.500 3.174
2288.600 3.148
2288.700 3.149
2288.800 3.128
2288.900 3.122
2289.000 3.108
2289.100 3.109
2289.200 3.092
2289.300 3.054
2289.400 3.074
2289.500 3.078
2289.600 3.059
2289.700 3.057
2289.800 3.092
2289.900 3.052
2290.000 3.036
2290.100 3.043
2290.200 3.034
2290.300 3.032
2290.400 3.027
2290.500 3.015
2290.600 3.007
2290.700 2.995
2290.800 2.992
2290.900 2.981
2291.000 2.978
2291.100 2.970
2291.200 2.968
2291.300 2.957
2291.400 2.950
2291.500 2.942
2291.600 2.936
2291.700 2.924
2291.800 2.918
2291.900 2.912
2292.000 2.897
2292.100 2.885
2292.200 2.881
2292.300 2.866
2292.400 2.860
2292.500 2.849
2292.600 2.843
2292.700 2.837
2292.800 2.819
2292.900 2.821
2293.000 2.804
2293.100 2.796
2293.200 2.780
2293.300 2.764
2293.400 2.763
2293.500 2.751
2293.600 2.741
2293.700 2.736
2293.800 2.730
2293.900 2.721
2294.000 2.700
2294.100 2.694
2294.200 2.688
2294.300 2.670
2294.400 2.668
2294.500 2.658
2294.600 2.640
2294.700 2.629
2294.800 2.617
2294.900 2.611
2295.000 2.604
2295.100 2.589
2295.200 2.584
2295.300 2.576
2295.400 2.571
2295.500 2.553
2295.600 2.549
2295.700 2.538
2295.800 2.526
2295.900 2.519
2296.000 2.507
2296.100 2.489
2296.200 2.483
2296.300 2.475
2296.400 2.474
2296.500 2.458
2296.600 2.445
2296.700 2.435
2296.800 2.439
2296.900 2.427
2297.000 2.422
2297.100 2.398
2297.200 2.392
2297.300 2.381
2297.400 2.375
2297.500 2.369
2297.600 2.355
2297.700 2.349
2297.800 2.338
2297.900 2.328
2298.000 2.322
2298.100 2.313
2298.200 2.303
2298.300 2.300
2298.400 2.286
2298.500 2.282
2298.600 2.269
2298.700 2.263
2298.800 2.255
2298.900 2.256
2299.000 2.243
2299.100 2.237
2299.200 2.223
2299.300 2.214
2299.400 2.206
2299.500 2.201
2299.600 2.194
2299.700 2.180
2299.800 2.181
2299.900 2.174
2300.000 2.163
2300.100 2.156
2300.200 2.145
2300.300 2.136
2300.400 2.133
2300.500 2.119
2300.600 2.121
2300.700 2.112
2300.800 2.108
2300.900 2.095
2301.000 2.087
2301.100 2.087
2301.200 2.075
2301.300 2.060
2301.400 2.065
2301.500 2.060
2301.600 2.050
2301.700 2.041
2301.800 2.034
2301.900 2.027
2302.000 2.012
2302.100 2.011
2302.200 2.000
2302.300 2.013
2302.400 1.994
2302.500 1.992
2302.600 1.986
2302.700 1.977
2302.800 1.971
2302.900 1.974
2303.000 1.962
2303.100 1.956
2303.200 1.942
2303.300 1.941
2303.400 1.934
2303.500 1.931
2303.600 1.925
2303.700 1.918
2303.800 1.906
2303.900 1.902
2304.000 1.905
2304.100 1.899
2304.200 1.889
2304.300 1.877
2304.400 1.877
2304.500 1.867
2304.600 1.873
2304.700 1.858
2304.800 1.859
2304.900 1.854
2305.000 1.843
2305.100 1.835
2305.200 1.832
2305.300 1.824
2305.400 1.838
2305.500 1.820
2305.600 1.820
2305.700 1.809
2305.800 1.811
2305.900 1.803
2306.000 1.802
2306.100 1.791
2306.200 1.785
2306.300 1.781
2306.400 1.775
2306.500 1.773
2306.600 1.773
2306.700 1.765
2306.800 1.762
2306.900 1.758
2307.000 1.749
2307.100 1.751
2307.200 1.743
2307.300 1.753
2307.400 1.743
2307.500 1.731
2307.600 1.725
2307.700 1.713
2307.800 1.706
2307.900 1.705
2308.000 1.695
2308.100 1.696
2308.200 1.693
2308.300 1.696
2308.400 1.688
2308.500 1.685
2308.600 1.683
2308.700 1.683
2308.800 1.678
2308.900 1.673
2309.000 1.662
2309.100 1.669
2309.200 1.667
2309.300 1.658
2309.400 1.652
2309.500 1.645
2309.600 1.645
2309.700 1.640
2309.800 1.632
2309.900 1.630
2310.000 1.627
2310.100 1.621
2310.200 1.619
2310.300 1.612
2310.400 1.622
2310.500 1.610
2310.600 1.613
2310.700 1.597
2310.800 1.597
2310.900 1.592
2311.000 1.592
2311.100 1.586
2311.200 1.580
2311.300 1.575
2311.400 1.573
2311.500 1.573
2311.600 1.571
2311.700 1.565
2311.800 1.561
2311.900 1.557
2312.000 1.551
2312.100 1.553
2312.200 1.546
2312.300 1.553
2312.400 1.542
2312.500 1.541
2312.600 1.535
2312.700 1.536
2312.800 1.529
2312.900 1.525
2313.000 1.520
2313.100 1.521
2313.200 1.513
2313.300 1.510
2313.400 1.517
2313.500 1.507
2313.600 1.512
2313.700 1.504
2313.800 1.503
2313.900 1.494
2314.000 1.497
2314.100 1.492
2314.200 1.490
2314.300 1.489
2314.400 1.486
2314.500 1.473
2314.600 1.475
2314.700 1.468
2314.800 1.468
2314.900 1.467
2315.000 1.469
2315.100 1.462
2315.200 1.453
2315.300 1.463
2315.400 1.451
2315.500 1.458
2315.600 1.452
2315.700 1.448
2315.800 1.446
2315.900 1.446
2316.000 1.439
2316.100 1.435
2316.200 1.427
2316.300 1.429
2316.400 1.423
2316.500 1.427
2316.600 1.422
2316.700 1.426
2316.800 1.424
2316.900 1.418
2317.000 1.413
2317.100 1.410
2317.200 1.410
2317.300 1.407
2317.400 1.411
2317.500 1.399
2317.600 1.401
2317.700 1.394
2317.800 1.401
2317.900 1.393
2318.000 1.395
2318.100 1.391
2318.200 1.385
2318.300 1.383
2318.400 1.390
2318.500 1.384
2318.600 1.375
2318.700 1.375
2318.800 1.370
2318.900 1.369
2319.000 1.368
2319.100 1.367
2319.200 1.367
2319.300 1.368
2319.400 1.360
2319.500 1.360
2319.600 1.355
2319.700 1.352
2319.800 1.348
2319.900 1.348
2320.000 1.349
2320.100 1.354
2320.200 1.347
2320.300 1.345
2320.400 1.338
2320.500 1.342
2320.600 1.334
2320.700 1.334
2320.800 1.329
2320.900 1.337
2321.000 1.329
2321.100 1.326
2321.200 1.317
2321.300 1.312
2321.400 1.311
2321.500 1.312
2321.600 1.310
2321.700 1.317
2321.800 1.310
2321.900 1.306
2322.000 1.301
2322.100 1.301
2322.200 1.300
2322.300 1.299
2322.400 1.305
2322.500 1.296
2322.600 1.297
2322.700 1.291
2322.800 1.306
2322.900 1.289
2323.000 1.289
2323.100 1.288
2323.200 1.288
2323.300 1.282
2323.400 1.281
2323.500 1.280
2323.600 1.277
2323.700 1.272
2323.800 1.271
2323.900 1.277
2324.000 1.272
2324.100 1.273
2324.200 1.273
2324.300 1.265
2324.400 1.259
2324.500 1.260
2324.600 1.255
2324.700 1.251
2324.800 1.249
2324.900 1.254
2325.000 1.253
2325.100 1.251
2325.200 1.248
2325.300 1.251
2325.400 1.246
2325.500 1.249
2325.600 1.241
2325.700 1.241
2325.800 1.242
2325.900 1.244
2326.000 1.240
2326.100 1.240
2326.200 1.237
2326.300 1.230
2326.400 1.233
2326.500 1.227
2326.600 1.223
2326.700 1.225
2326.800 1.219
2326.900 1.216
2327.000 1.219
2327.100 1.220
2327.200 1.226
2327.300 1.219
2327.400 1.219
2327.500 1.215
2327.600 1.217
2327.700 1.210
2327.800 1.214
2327.900 1.208
2328.000 1.216
2328.100 1.206
2328.200 1.205
2328.300 1.201
2328.400 1.211
2328.500 1.201
2328.600 1.205
2328.700 1.201
2328.800 1.199
2328.900 1.198
2329.000 1.194
2329.100 1.189
2329.200 1.190
2329.300 1.189
2329.400 1.185
2329.500 1.184
2329.600 1.182
2329.700 1.191
2329.800 1.181
2329.900 1.181
2330.000 1.181
2330.100 1.181
2330.200 1.174
2330.300 1.174
2330.400 1.172
2330.500 1.171
2330.600 1.164
2330.700 1.170
2330.800 1.167
2330.900 1.173
2331.000 1.169
2331.100 1.165
2331.200 1.165
2331.300 1.157
2331.400 1.164
2331.500 1.161
2331.600 1.161
2331.700 1.158
2331.800 1.167
2331.900 1.162
2332.000 1.153
2332.100 1.151
2332.200 1.155
2332.300 1.152
2332.400 1.147
2332.500 1.144
2332.600 1.146
2332.700 1.144
2332.800 1.144
2332.900 1.140
2333.000 1.148
2333.100 1.143
2333.200 1.143
2333.300 1.142
2333.400 1.144
2333.500 1.136
2333.600 1.133
2333.700 1.133
2333.800 1.136
2333.900 1.137
2334.000 1.134
2334.100 1.133
2334.200 1.129
2334.300 1.132
2334.400 1.128
2334.500 1.128
2334.600 1.125
2334.700 1.123
2334.800 1.124
2334.900 1.128
2335.000 1.127
2335.100 1.125
2335.200 1.118
2335.300 1.122
2335.400 1.120
2335.500 1.113
2335.600 1.113
2335.700 1.111
2335.800 1.113
2335.900 1.113
2336.000 1.117
2336.100 1.108
2336.200 1.114
2336.300 1.112
2336.400 1.109
2336.500 1.107
2336.600 1.105
2336.700 1.107
2336.800 1.109
2336.900 1.105
2337.000 1.101
2337.100 1.102
2337.200 1.106
2337.300 1.102
2337.400 1.102
2337.500 1.101
2337.600 1.106
2337.700 1.100
2337.800 1.103
2337.900 1.097
2338.000 1.093
2338.100 1.092
2338.200 1.093
2338.300 1.089
2338.400 1.093
2338.500 1.088
2338.600 1.088
2338.700 1.094
2338.800 1.085
2338.900 1.091
2339.000 1.091
2339.100 1.090
2339.200 1.086
2339.300 1.086
2339.400 1.083
2339.500 1.085
2339.600 1.081
2339.700 1.089
2339.800 1.083
2339.900 1.083
2340.000 1.076
2340.100 1.075
2340.200 1.078
2340.300 1.077
2340.400 1.072
2340.500 1.073
2340.600 1.078
2340.700 1.072
2340.800 1.076
2340.900 1.078
2341.000 1.077
2341.100 1.068
2341.200 1.073
2341.300 1.070
2341.400 1.075
2341.500 1.067
2341.600 1.071
2341.700 1.069
2341.800 1.066
2341.900 1.064
2342.000 1.066
2342.100 1.059
2342.200 1.063
2342.300 1.059
2342.400 1.058
2342.500 1.056
2342.600 1.067
2342.700 1.063
2342.800 1.057
2342.900 1.057
2343.000 1.057
2343.100 1.055
2343.200 1.056
2343.300 1.056
2343.400 1.053
2343.500 1.053
2343.600 1.051
2343.700 1.056
2343.800 1.051
2343.900 1.056
2344.000 1.052
2344.100 1.056
2344.200 1.051
2344.300 1.053
2344.400 1.051
2344.500 1.047
2344.600 1.047
2344.700 1.046
2344.800 1.050
2344.900 1.050
2345.000 1.048
2345.100 1.046
2345.200 1.054
2345.300 1.045
2345.400 1.048
2345.500 1.039
2345.600 1.048
2345.700 1.046
2345.800 1.043
2345.900 1.040
2346.000 1.042
2346.100 1.037
2346.200 1.041
2346.300 1.040
2346.400 1.041
2346.500 1.039
2346.600 1.036
2346.700 1.034
2346.800 1.044
2346.900 1.045
2347.000 1.043
2347.100 1.039
2347.200 1.037
2347.300 1.037
2347.400 1.036
2347.500 1.034
2347.600 1.035
2347.700 1.035
2347.800 1.036
2347.900 1.036
2348.000 1.027
2348.100 1.029
2348.200 1.026
2348.300 1.037
2348.400 1.030
2348.500 1.030
2348.600 1.027
2348.700 1.026
2348.800 1.025
2348.900 1.028
2349.000 1.027
2349.100 1.026
2349.200 1.029
2349.300 1.026
2349.400 1.027
2349.500 1.022
2349.600 1.025
2349.700 1.021
2349.800 1.024
2349.900 1.020
2350.000 1.022
2350.100 1.019
2350.200 1.024
2350.300 1.021
2350.400 1.018
2350.500 1.023
2350.600 1.023
2350.700 1.019
2350.800 1.017
2350.900 1.021
2351.000 1.015
2351.100 1.011
2351.200 1.015
2351.300 1.022
2351.400 1.018
2351.500 1.017
2351.600 1.018
2351.700 1.016
2351.800 1.012
2351.900 1.015
2352.000 1.012
2352.100 1.015
2352.200 1.014
2352.300 1.015
2352.400 1.016
2352.500 1.013
2352.600 1.009
2352.700 1.019
2352.800 1.013
2352.900 1.013
2353.000 1.013
2353.100 1.011
2353.200 1.010
2353.300 1.010
2353.400 1.009
2353.500 1.009
2353.600 1.014
2353.700 1.008
2353.800 1.010
2353.900 1.004
2354.000 1.006
2354.100 1.005
2354.200 1.009
2354.300 1.008
2354.400 1.011
2354.500 1.006
2354.600 1.006
2354.700 1.007
2354.800 1.006
2354.900 1.001
2355.000 1.010
2355.100 1.006
2355.200 1.005
2355.300 1.002
2355.400 1.003
2355.500 1.005
2355.600 1.001
2355.700 0.997
2355.800 1.003
2355.900 1.001
2356.000 1.003
2356.100 1.004
2356.200 1.002
2356.300 1.005
2356.400 1.001
2356.500 0.997
2356.600 1.000
2356.700 1.003
2356.800 0.999
2356.900 1.002
2357.000 0.998
2357.100 0.997
2357.200 0.991
2357.300 1.001
2357.400 0.999
2357.500 1.000
2357.600 0.998
2357.700 1.002
2357.800 0.997
2357.900 1.005
2358.000 0.997
2358.100 0.999
2358.200 0.995
2358.300 1.001
2358.400 0.993
2358.500 1.003
2358.600 1.000
2358.700 0.999
2358.800 0.996
2358.900 0.994
2359.000 1.001
2359.100 0.993
2359.200 0.999
2359.300 0.997
2359.400 1.001
2359.500 0.998
2359.600 0.999
2359.700 0.995
2359.800 0.997
2359.900 0.995
2360.000 0.994
2360.100 0.992
2360.200 0.995
2360.300 0.992
2360.400 0.997
2360.500 0.998
2360.600 0.994
2360.700 0.988
2360.800 0.997
2360.900 0.996
2361.000 0.996
2361.100 0.995
2361.200 0.996
2361.300 0.989
2361.400 0.990
2361.500 0.994
2361.600 0.990
2361.700 0.991
2361.800 0.989
2361.900 0.991
2362.000 0.989
2362.100 0.991
2362.200 0.990
2362.300 0.994
2362.400 0.989
2362.500 0.992
2362.600 0.991
2362.700 0.997
2362.800 0.988
2362.900 0.990
2363.000 0.984
2363.100 0.991
2363.200 0.993
2363.300 0.995
2363.400 0.992
2363.500 0.994
2363.600 0.992
2363.700 0.988
2363.800 0.991
2363.900 0.987
2364.000 0.988
2364.100 0.989
2364.200 0.989
2364.300 0.990
2364.400 0.989
2364.500 0.988
2364.600 0.992
2364.700 0.988
2364.800 0.994
2364.900 0.994
2365.000 0.993
2365.100 0.989
2365.200 0.989
2365.300 0.988
2365.400 0.997
2365.500 0.992
2365.600 0.995
2365.700 0.991
2365.800 0.989
2365.900 0.993
2366.000 0.991
2366.100 0.989
2366.200 0.990
2366.300 0.992
2366.400 0.991
2366.500 0.987
2366.600 0.991
2366.700 0.991
2366.800 0.988
2366.900 0.993
2367.000 0.988
2367.100 0.996
2367.200 0.990
2367.300 0.990
2367.400 0.986
2367.500 0.990
2367.600 0.992
2367.700 0.992
2367.800 0.991
2367.900 0.993
2368.000 0.983
2368.100 0.992
2368.200 0.991
2368.300 0.989
2368.400 0.990
2368.500 0.994
2368.600 0.988
2368.700 0.990
2368.800 0.989
2368.900 0.988
2369.000 0.989
2369.100 0.988
2369.200 0.990
2369.300 0.991
2369.400 0.988
2369.500 0.987
2369.600 0.994
2369.700 0.987
2369.800 0.991
2369.900 0.990
2370.000 0.992
2370.100 0.991
2370.200 0.994
2370.300 0.990
2370.400 0.994
2370.500 0.992
2370.600 0.991
2370.700 0.993
2370.800 0.990
2370.900 0.991
2371.000 0.993
2371.100 0.987
2371.200 0.990
2371.300 0.991
2371.400 0.989
2371.500 0.991
2371.600 0.990
2371.700 0.991
2371.800 0.989
2371.900 0.996
2372.000 0.993
2372.100 0.996
2372.200 0.989
2372.300 0.993
2372.400 0.992
2372.500 0.998
2372.600 0.998
2372.700 0.998
2372.800 0.993
2372.900 0.995
2373.000 0.993
2373.100 0.999
2373.200 0.996
2373.300 0.999
2373.400 0.998
2373.500 1.003
2373.600 0.999
2373.700 0.998
2373.800 0.997
2373.900 0.996
2374.000 0.997
2374.100 0.993
2374.200 0.994
2374.300 0.992
2374.400 1.005
2374.500 1.000
2374.600 0.999
2374.700 0.993
2374.800 1.001
2374.900 0.992
2375.000 1.001
2375.100 1.002
2375.200 1.000
2375.300 0.999
2375.400 0.995
2375.500 0.996
2375.600 0.997
2375.700 0.999
2375.800 1.000
2375.900 0.997
2376.000 0.995
2376.100 0.999
2376.200 0.998
2376.300 1.001
2376.400 1.000
2376.500 1.001
2376.600 1.003
2376.700 1.004
2376.800 1.000
2376.900 1.003
2377.000 1.002
2377.100 1.002
2377.200 1.001
2377.300 1.000
2377.400 1.005
2377.500 1.002
2377.600 1.002
2377.700 1.000
2377.800 1.004
2377.900 1.001
2378.000 1.013
2378.100 1.006
2378.200 1.007
2378.300 1.007
2378.400 1.011
2378.500 1.007
2378.600 1.008
2378.700 1.006
2378.800 1.013
2378.900 1.009
2379.000 1.008
2379.100 1.013
2379.200 1.016
2379.300 1.011
2379.400 1.010
2379.500 1.010
2379.600 1.009
2379.700 1.014
2379.800 1.008
2379.900 1.011
2380.000 1.013
2380.100 1.017
2380.200 1.010
2380.300 1.014
2380.400 1.010
2380.500 1.016
2380.600 1.013
2380.700 1.018
2380.800 1.012
2380.900 1.015
2381.000 1.011
2381.100 1.019
2381.200 1.012
2381.300 1.011
2381.400 1.010
2381.500 1.012
2381.600 1.015
2381.700 1.022
2381.800 1.020
2381.900 1.014
2382.000 1.023
2382.100 1.016
2382.200 1.023
2382.300 1.019
2382.400 1.025
2382.500 1.020
2382.600 1.028
2382.700 1.022
2382.800 1.025
2382.900 1.021
2383.000 1.021
2383.100 1.025
2383.200 1.024
2383.300 1.023
2383.400 1.028
2383.500 1.027
2383.600 1.023
2383.700 1.029
2383.800 1.028
2383.900 1.029
2384.000 1.026
2384.100 1.034
2384.200 1.029
2384.300 1.037
2384.400 1.031
2384.500 1.034
2384.600 1.027
2384.700 1.032
2384.800 1.032
2384.900 1.030
2385.000 1.030
2385.100 1.037
2385.200 1.036
2385.300 1.036
2385.400 1.039
2385.500 1.039
2385.600 1.041
2385.700 1.044
2385.800 1.037
2385.900 1.036
2386.000 1.043
2386.100 1.040
2386.200 1.045
2386.300 1.040
2386.400 1.046
2386.500 1.044
2386.600 1.043
2386.700 1.042
2386.800 1.048
2386.900 1.044
2387.000 1.052
2387.100 1.048
2387.200 1.050
2387.300 1.047
2387.400 1.046
2387.500 1.046
2387.600 1.057
2387.700 1.056
2387.800 1.053
2387.900 1.056
2388.000 1.053
2388.100 1.055
2388.200 1.055
2388.300 1.055
2388.400 1.051
2388.500 1.053
2388.600 1.053
2388.700 1.055
2388.800 1.054
2388.900 1.063
2389.000 1.056
2389.100 1.063
2389.200 1.061
2389.300 1.063
2389.400 1.060
2389.500 1.065
2389.600 1.065
2389.700 1.062
2389.800 1.067
2389.900 1.071
2390.000 1.069
2390.100 1.069
2390.200 1.073
2390.300 1.071
2390.400 1.068
2390.500 1.068
2390.600 1.069
2390.700 1.067
2390.800 1.072
2390.900 1.070
2391.000 1.072
2391.100 1.068
2391.200 1.076
2391.300 1.077
2391.400 1.082
2391.500 1.078
2391.600 1.083
2391.700 1.078
2391.800 1.082
2391.900 1.077
2392.000 1.078
2392.100 1.081
2392.200 1.077
2392.300 1.088
2392.400 1.088
2392.500 1.087
2392.600 1.084
2392.700 1.086
2392.800 1.089
2392.900 1.091
2393.000 1.088
2393.100 1.094
2393.200 1.095
2393.300 1.102
2393.400 1.096
2393.500 1.098
2393.600 1.097
2393.700 1.091
2393.800 1.095
2393.900 1.098
2394.000 1.099
2394.100 1.102
2394.200 1.100
2394.300 1.103
2394.400 1.104
2394.500 1.104
2394.600 1.100
2394.700 1.100
2394.800 1.102
2394.900 1.105
2395.000 1.106
2395.100 1.113
2395.200 1.109
2395.300 1.108
2395.400 1.114
2395.500 1.117
2395.600 1.116
2395.700 1.114
2395.800 1.116
2395.900 1.119
2396.000 1.119
2396.100 1.118
2396.200 1.125
2396.300 1.123
2396.400 1.127
2396.500 1.124
2396.600 1.133
2396.700 1.132
2396.800 1.131
2396.900 1.135
2397.000 1.132
2397.100 1.136
2397.200 1.135
2397.300 1.136
2397.400 1.134
2397.500 1.134
2397.600 1.136
2397.700 1.141
2397.800 1.137
2397.900 1.147
2398.000 1.145
2398.100 1.144
2398.200 1.145
2398.300 1.145
2398.400 1.149
2398.500 1.152
2398.600 1.152
2398.700 1.151
2398.800 1.161
2398.900 1.160
2399.000 1.157
2399.100 1.157
2399.200 1.166
2399.300 1.160
2399.400 1.162
2399.500 1.163
2399.600 1.165
2399.700 1.165
2399.800 1.172
2399.900 1.170
2400.000 1.169
2400.100 1.172
2400.200 1.168
2400.300 1.174
2400.400 1.174
2400.500 1.180
2400.600 1.177
2400.700 1.178
2400.800 1.179
2400.900 1.185
2401.000 1.182
2401.100 1.187
2401.200 1.185
2401.300 1.196
2401.400 1.192
2401.500 1.198
2401.600 1.195
2401.700 1.194
2401.800 1.200
2401.900 1.196
2402.000 1.203
2402.100 1.209
2402.200 1.207
2402.300 1.208
2402.400 1.207
2402.500 1.207
2402.600 1.207
2402.700 1.208
2402.800 1.210
2402.900 1.213
2403.000 1.220
2403.100 1.217
2403.200 1.218
2403.300 1.217
2403.400 1.223
2403.500 1.223
2403.600 1.221
2403.700 1.228
2403.800 1.230
2403.900 1.230
2404.000 1.238
2404.100 1.236
2404.200 1.236
2404.300 1.236
2404.400 1.236
2404.500 1.239
2404.600 1.244
2404.700 1.248
2404.800 1.249
2404.900 1.248
2405.000 1.250
2405.100 1.257
2405.200 1.255
2405.300 1.262
2405.400 1.262
2405.500 1.260
2405.600 1.264
2405.700 1.260
2405.800 1.262
2405.900 1.276
2406.000 1.276
2406.100 1.280
2406.200 1.279
2406.300 1.284
2406.400 1.284
2406.500 1.287
2406.600 1.283
2406.700 1.288
2406.800 1.287
2406.900 1.289
2407.000 1.295
2407.100 1.298
2407.200 1.301
2407.300 1.304
2407.400 1.302
2407.500 1.305
2407.600 1.303
2407.700 1.306
2407.800 1.306
2407.900 1.308
2408.000 1.310
2408.100 1.312
2408.200 1.317
2408.300 1.318
2408.400 1.332
2408.500 1.328
2408.600 1.336
2408.700 1.332
2408.800 1.336
2408.900 1.341
2409.000 1.348
2409.100 1.345
2409.200 1.345
2409.300 1.349
2409.400 1.344
2409.500 1.352
2409.600 1.350
2409.700 1.356
2409.800 1.361
2409.900 1.362
2410.000 1.361
2410.100 1.371
2410.200 1.368
2410.300 1.373
2410.400 1.377
2410.500 1.384
2410.600 1.380
2410.700 1.391
2410.800 1.391
2410.900 1.398
2411.000 1.394
2411.100 1.395
2411.200 1.399
2411.300 1.406
2411.400 1.405
2411.500 1.414
2411.600 1.413
2411.700 1.417
2411.800 1.418
2411.900 1.416
2412.000 1.427
2412.100 1.425
2412.200 1.433
2412.300 1.438
2412.400 1.436
2412.500 1.437
2412.600 1.440
2412.700 1.446
2412.800 1.447
2412.900 1.450
2413.000 1.464
2413.100 1.459
2413.200 1.465
2413.300 1.465
2413.400 1.476
2413.500 1.476
2413.600 1.476
2413.700 1.481
2413.800 1.490
2413.900 1.490
2414.000 1.500
2414.100 1.498
2414.200 1.503
2414.300 1.505
2414.400 1.504
2414.500 1.510
2414.600 1.511
2414.700 1.537
2414.800 1.543
2414.900 1.540
2415.000 1.540
2415.100 1.544
2415.200 1.531
2415.300 1.545
2415.400 1.545
2415.500 1.559
2415.600 1.560
2415.700 1.568
2415.800 1.564
2415.900 1.570
2416.000 1.574
2416.100 1.573
2416.200 1.582
2416.300 1.591
2416.400 1.592
2416.500 1.618
2416.600 1.697
2416.700 1.678
2416.800 1.666
2416.900 1.680
2417.000 1.658
2417.100 1.664
2417.200 1.648
2417.300 1.645
2417.400 1.646
2417.500 1.644
2417.600 1.652
2417.700 1.657
2417.800 1.660
2417.900 1.658
2418.000 1.669
2418.100 1.671
2418.200 1.680
2418.300 1.681
2418.400 1.690
2418.500 1.695
2418.600 1.700
2418.700 1.702
2418.800 1.709
2418.900 1.717
2419.000 1.720
2419.100 1.726
2419.200 1.735
2419.300 1.737
2419.400 1.747
2419.500 1.754
2419.600 1.759
2419.700 1.760
2419.800 1.769
2419.900 1.790
2420.000 1.790
2420.100 1.793
2420.200 1.800
2420.300 1.817
2420.400 1.814
2420.500 1.831
2420.600 1.845
2420.700 1.858
2420.800 1.858
2420.900 1.873
2421.000 1.874
2421.100 1.883
2421.200 1.877
2421.300 1.875
2421.400 1.888
2421.500 1.907
2421.600 1.910
2421.700 1.916
2421.800 1.931
2421.900 1.932
2422.000 1.943
2422.100 1.945
2422.200 1.960
2422.300 1.964
2422.400 1.973
2422.500 1.979
2422.600 1.989
2422.700 2.000
2422.800 2.013
2422.900 2.018
2423.000 2.025
2423.100 2.036
2423.200 2.052
2423.300 2.052
2423.400 2.068
2423.500 2.077
2423.600 2.081
2423.700 2.102
2423.800 2.111
2423.900 2.114
2424.000 2.131
2424.100 2.135
2424.200 2.148
2424.300 2.156
2424.400 2.169
2424.500 2.187
2424.600 2.192
2424.700 2.207
2424.800 2.212
2424.900 2.232
2425.000 2.240
2425.100 2.256
2425.200 2.262
2425.300 2.275
2425.400 2.288
2425.500 2.306
2425.600 2.313
2425.700 2.327
2425.800 2.334
2425.900 2.347
2426.000 2.362
2426.100 2.372
2426.200 2.386
2426.300 2.398
2426.400 2.423
2426.500 2.438
2426.600 2.447
2426.700 2.466
2426.800 2.478
2426.900 2.495
2427.000 2.521
2427.100 2.527
2427.200 2.549
2427.300 2.557
2427.400 2.588
2427.500 2.598
2427.600 2.614
2427.700 2.627
2427.800 2.643
2427.900 2.662
2428.000 2.683
2428.100 2.694
2428.200 2.723
2428.300 2.731
2428.400 2.766
2428.500 2.781
2428.600 2.799
2428.700 2.822
2428.800 2.829
2428.900 2.864
2429.000 2.892
2429.100 2.903
2429.200 2.930
2429.300 2.956
2429.400 2.973
2429.500 3.000
2429.600 3.011
2429.700 3.035
2429.800 3.050
2429.900 3.089
2430.000 3.122
2430.100 3.143
2430.200 3.170
2430.300 3.183
2430.400 3.212
2430.500 3.227
2430.600 3.261
2430.700 3.312
2430.800 3.323
2430.900 3.357
2431.000 3.376
2431.100 3.408
2431.200 3.441
2431.300 3.476
2431.400 3.517
2431.500 3.536
2431.600 3.578
2431.700 3.607
2431.800 3.639
2431.900 3.678
2432.000 3.693
2432.100 3.741
2432.200 3.785
2432.300 3.805
2432.400 3.838
2432.500 3.872
2432.600 3.912
2432.700 3.970
2432.800 3.991
2432.900 4.048
2433.000 4.072
2433.100 4.126
2433.200 4.173
2433.300 4.212
2433.400 4.257
2433.500 4.285
2433.600 4.341
2433.700 4.392
2433.800 4.418
2433.900 4.473
2434.000 4.496
2434.100 4.568
2434.200 4.591
2434.300 4.648
2434.400 4.714
2434.500 4.740
2434.600 4.813
2434.700 4.868
2434.800 4.892
2434.900 4.959
2435.000 4.992
2435.100 5.051
2435.200 5.085
2435.300 5.141
2435.400 5.203
2435.500 5.228
2435.600 5.291
2435.700 5.347
2435.800 5.372
2435.900 5.428
2436.000 5.460
2436.100 5.518
2436.200 5.568
2436.300 5.591
2436.400 5.657
2436.500 5.678
2436.600 5.729
2436.700 5.771
2436.800 5.784
2436.900 5.822
2437.000 5.840
2437.100 5.869
2437.200 5.897
2437.300 5.910
2437.400 5.935
2437.500 5.942
2437.600 5.967
2437.700 5.980
2437.800 5.970
2437.900 5.972
2438.000 5.956
2438.100 5.943
2438.200 5.921
2438.300 5.917
2438.400 5.896
2438.500 5.886
2438.600 5.844
2438.700 5.822
2438.800 5.795
2438.900 5.763
2439.000 5.738
2439.100 5.683
2439.200 5.645
2439.300 5.598
2439.400 5.524
2439.500 5.490
2439.600 5.403
2439.700 5.271
2439.800 5.222
2439.900 5.173
2440.000 5.102
2440.100 5.035
2440.200 5.053
2440.300 5.024
2440.400 4.953
2440.500 4.914
2440.600 4.842
2440.700 4.756
2440.800 4.717
2440.900 4.625
2441.000 4.589
2441.100 4.514
2441.200 4.478
2441.300 4.405
2441.400 4.333
2441.500 4.292
2441.600 4.205
2441.700 4.133
2441.800 4.099
2441.900 4.026
2442.000 3.985
2442.100 3.918
2442.200 3.879
2442.300 3.816
2442.400 3.742
2442.500 3.707
2442.600 3.633
2442.700 3.610
2442.800 3.539
2442.900 3.477
2443.000 3.449
2443.100 3.389
2443.200 3.354
2443.300 3.298
2443.400 3.245
2443.500 3.217
2443.600 3.163
2443.700 3.137
2443.800 3.078
2443.900 3.026
2444.000 3.006
2444.100 2.964
2444.200 2.933
2444.300 2.879
2444.400 2.834
2444.500 2.804
2444.600 2.758
2444.700 2.737
2444.800 2.701
2444.900 2.653
2445.000 2.640
2445.100 2.591
2445.200 2.573
2445.300 2.531
2445.400 2.514
2445.500 2.478
2445.600 2.447
2445.700 2.422
2445.800 2.385
2445.900 2.346
2446.000 2.327
2446.100 2.298
2446.200 2.281
2446.300 2.245
2446.400 2.222
2446.500 2.200
2446.600 2.168
2446.700 2.156
2446.800 2.118
2446.900 2.089
2447.000 2.074
2447.100 2.039
2447.200 2.029
2447.300 2.004
2447.400 1.988
2447.500 1.968
2447.600 1.937
2447.700 1.936
2447.800 1.901
2447.900 1.877
2448.000 1.857
2448.100 1.833
2448.200 1.819
2448.300 1.797
2448.400 1.786
2448.500 1.767
2448.600 1.744
2448.700 1.728
2448.800 1.707
2448.900 1.694
2449.000 1.679
2449.100 1.658
2449.200 1.647
2449.300 1.629
2449.400 1.609
2449.500 1.594
2449.600 1.588
2449.700 1.563
2449.800 1.546
2449.900 1.533
2450.000 1.509
2450.100 1.499
2450.200 1.498
2450.300 1.474
2450.400 1.465
2450.500 1.447
2450.600 1.428
2450.700 1.422
2450.800 1.407
2450.900 1.394
2451.000 1.385
2451.100 1.364
2451.200 1.355
2451.300 1.341
2451.400 1.332
2451.500 1.322
2451.600 1.305
2451.700 1.296
2451.800 1.280
2451.900 1.261
2452.000 1.256
2452.100 1.258
2452.200 1.240
2452.300 1.228
2452.400 1.207
2452.500 1.211
2452.600 1.193
2452.700 1.194
2452.800 1.171
2452.900 1.160
2453.000 1.154
2453.100 1.145
2453.200 1.130
2453.300 1.123
2453.400 1.115
2453.500 1.103
2453.600 1.091
2453.700 1.081
2453.800 1.076
2453.900 1.064
2454.000 1.056
2454.100 1.051
2454.200 1.037
2454.300 1.031
2454.400 1.028
2454.500 1.010
2454.600 1.003
2454.700 0.996
2454.800 0.992
2454.900 0.979
2455.000 0.977
2455.100 0.956
2455.200 0.953
2455.300 0.948
2455.400 0.942
2455.500 0.934
2455.600 0.923
2455.700 0.919
2455.800 0.908
2455.900 0.908
2456.000 0.896
2456.100 0.885
2456.200 0.879
2456.300 0.878
2456.400 0.870
2456.500 0.866
2456.600 0.849
2456.700 0.847
2456.800 0.841
2456.900 0.838
2457.000 0.831
2457.100 0.825
2457.200 0.816
2457.300 0.810
2457.400 0.804
2457.500 0.797
2457.600 0.794
2457.700 0.784
2457.800 0.776
2457.900 0.773
2458.000 0.769
2458.100 0.759
2458.200 0.759
2458.300 0.750
2458.400 0.744
2458.500 0.736
2458.600 0.732
2458.700 0.708
2458.800 0.712
2458.900 0.708
2459.000 0.705
2459.100 0.704
2459.200 0.698
2459.300 0.696
2459.400 0.690
2459.500 0.686
2459.600 0.683
2459.700 0.676
2459.800 0.675
2459.900 0.667
2460.000 0.661
2460.100 0.653
2460.200 0.650
2460.300 0.646
2460.400 0.645
2460.500 0.636
2460.600 0.633
2460.700 0.628
2460.800 0.624
2460.900 0.621
2461.000 0.613
2461.100 0.606
2461.200 0.604
2461.300 0.606
2461.400 0.598
2461.500 0.593
2461.600 0.592
2461.700 0.589
2461.800 0.586
2461.900 0.578
2462.000 0.571
2462.100 0.568
2462.200 0.566
2462.300 0.563
2462.400 0.558
2462.500 0.556
2462.600 0.549
2462.700 0.547
2462.800 0.540
2462.900 0.537
2463.000 0.531
2463.100 0.535
2463.200 0.530
2463.300 0.524
2463.400 0.522
2463.500 0.512
2463.600 0.508
2463.700 0.509
2463.800 0.506
2463.900 0.503
2464.000 0.499
2464.100 0.492
2464.200 0.491
2464.300 0.487
2464.400 0.489
2464.500 0.485
2464.600 0.481
2464.700 0.480
2464.800 0.471
2464.900 0.469
2465.000 0.464
2465.100 0.466
2465.200 0.458
2465.300 0.454
2465.400 0.453
2465.500 0.450
2465.600 0.451
2465.700 0.447
2465.800 0.443
2465.900 0.437
2466.000 0.434
2466.100 0.433
2466.200 0.427
2466.300 0.428
2466.400 0.423
2466.500 0.417
2466.600 0.419
2466.700 0.419
2466.800 0.408
2466.900 0.411
2467.000 0.410
2467.100 0.409
2467.200 0.401
2467.300 0.400
2467.400 0.398
2467.500 0.397
2467.600 0.394
2467.700 0.389
2467.800 0.388
2467.900 0.384
2468.000 0.383
2468.100 0.380
2468.200 0.378
2468.300 0.375
2468.400 0.373
2468.500 0.373
2468.600 0.371
2468.700 0.363
2468.800 0.363
2468.900 0.359
2469.000 0.359
2469.100 0.352
2469.200 0.354
2469.300 0.352
2469.400 0.350
2469.500 0.349
2469.600 0.345
2469.700 0.340
2469.800 0.339
2469.900 0.338
2470.000 0.334
2470.100 0.331
2470.200 0.327
2470.300 0.327
2470.400 0.323
2470.500 0.322
2470.600 0.316
2470.700 0.318
2470.800 0.317
2470.900 0.315
2471.000 0.311
2471.100 0.311
2471.200 0.304
2471.300 0.305
2471.400 0.303
2471.500 0.303
2471.600 0.298
2471.700 0.298
2471.800 0.296
2471.900 0.294
2472.000 0.289
2472.100 0.291
2472.200 0.287
2472.300 0.284
2472.400 0.282
2472.500 0.284
2472.600 0.280
2472.700 0.280
2472.800 0.276
2472.900 0.274
2473.000 0.273
2473.100 0.268
2473.200 0.269
2473.300 0.266
2473.400 0.265
2473.500 0.262
2473.600 0.263
2473.700 0.257
2473.800 0.259
2473.900 0.256
2474.000 0.258
2474.100 0.255
2474.200 0.252
2474.300 0.252
2474.400 0.250
2474.500 0.245
2474.600 0.245
2474.700 0.240
2474.800 0.239
2474.900 0.238
2475.000 0.239
2475.100 0.237
2475.200 0.237
2475.300 0.232
2475.400 0.229
2475.500 0.227
2475.600 0.223
2475.700 0.223
2475.800 0.219
2475.900 0.222
2476.000 0.220
2476.100 0.216
2476.200 0.216
2476.300 0.217
2476.400 0.211
2476.500 0.212
2476.600 0.209
2476.700 0.210
2476.800 0.206
2476.900 0.208
2477.000 0.204
2477.100 0.203
2477.200 0.200
2477.300 0.201
2477.400 0.199
2477.500 0.199
2477.600 0.196
2477.700 0.197
2477.800 0.192
2477.900 0.187
2478.000 0.185
2478.100 0.185
2478.200 0.184
2478.300 0.183
2478.400 0.185
2478.500 0.179
2478.600 0.182
2478.700 0.180
2478.800 0.181
2478.900 0.177
2479.000 0.180
2479.100 0.175
2479.200 0.175
2479.300 0.173
2479.400 0.171
2479.500 0.170
2479.600 0.166
2479.700 0.168
2479.800 0.165
2479.900 0.166
2480.000 0.165
2480.100 0.161
2480.200 0.158
2480.300 0.160
2480.400 0.157
2480.500 0.159
2480.600 0.156
2480.700 0.153
2480.800 0.155
2480.900 0.153
2481.000 0.153
2481.100 0.150
2481.200 0.145
2481.300 0.151
2481.400 0.145
2481.500 0.145
2481.600 0.141
2481.700 0.144
2481.800 0.141
2481.900 0.140
2482.000 0.139
2482.100 0.137
2482.200 0.140
2482.300 0.133
2482.400 0.136
2482.500 0.134
2482.600 0.136
2482.700 0.133
2482.800 0.131
2482.900 0.127
2483.000 0.129
2483.100 0.127
2483.200 0.122
2483.300 0.123
2483.400 0.126
2483.500 0.118
2483.600 0.119
2483.700 0.122
2483.800 0.118
2483.900 0.116
2484.000 0.116
2484.100 0.116
2484.200 0.115
2484.300 0.113
2484.400 0.109
2484.500 0.111
2484.600 0.108
2484.700 0.107
2484.800 0.107
2484.900 0.109
2485.000 0.107
2485.100 0.108
2485.200 0.104
2485.300 0.107
2485.400 0.103
2485.500 0.103
2485.600 0.100
2485.700 0.101
2485.800 0.100
2485.900 0.097
2486.000 0.096
2486.100 0.093
2486.200 0.093
2486.300 0.094
2486.400 0.090
2486.500 0.090
2486.600 0.092
2486.700 0.093
2486.800 0.087
2486.900 0.086
2487.000 0.085
2487.100 0.083
2487.200 0.085
2487.300 0.085
2487.400 0.082
2487.500 0.080
2487.600 0.079
2487.700 0.079
2487.800 0.080
2487.900 0.078
2488.000 0.075
2488.100 0.076
2488.200 0.076
2488.300 0.072
2488.400 0.074
2488.500 0.072
2488.600 0.071
2488.700 0.074
2488.800 0.071
2488.900 0.066
2489.000 0.068
2489.100 0.068
2489.200 0.067
2489.300 0.069
2489.400 0.066
2489.500 0.065
2489.600 0.064
2489.700 0.062
2489.800 0.063
2489.900 0.063
2490.000 0.061
2490.100 0.058
2490.200 0.058
2490.300 0.058
2490.400 0.057
2490.500 0.055
2490.600 0.058
2490.700 0.057
2490.800 0.056
2490.900 0.053
2491.000 0.053
2491.100 0.052
2491.200 0.050
2491.300 0.049
2491.400 0.049
2491.500 0.049
2491.600 0.048
2491.700 0.047
2491.800 0.049
2491.900 0.046
2492.000 0.047
2492.100 0.044
2492.200 0.044
2492.300 0.043
2492.400 0.043
2492.500 0.041
2492.600 0.040
2492.700 0.039
2492.800 0.038
2492.900 0.039
2493.000 0.038
2493.100 0.040
2493.200 0.038
2493.300 0.037
2493.400 0.035
2493.500 0.036
2493.600 0.034
2493.700 0.035
2493.800 0.035
2493.900 0.035
2494.000 0.033
2494.100 0.033
2494.200 0.032
2494.300 0.032
2494.400 0.029
2494.500 0.032
2494.600 0.031
2494.700 0.026
2494.800 0.031
2494.900 0.028
2495.000 0.028
2495.100 0.026
2495.200 0.027
2495.300 0.027
2495.400 0.026
2495.500 0.023
2495.600 0.026
2495.700 0.026
2495.800 0.024
2495.900 0.025
2496.000 0.025
2496.100 0.022
2496.200 0.023
2496.300 0.021
2496.400 0.022
2496.500 0.022
2496.600 0.021
2496.700 0.020
2496.800 0.019
2496.900 0.019
2497.000 0.019
2497.100 0.020
2497.200 0.018
2497.300 0.020
2497.400 0.020
2497.500 0.019
2497.600 0.022
2497.700 0.018
2497.800 0.021
2497.900 0.020
2498.000 0.021
2498.100 0.019
2498.200 0.019
2498.300 0.020
2498.400 0.020
2498.500 0.020
2498.600 0.018
2498.700 0.021
2498.800 0.020
2498.900 0.017
2499.000 0.023
2499.100 0.018
2499.200 0.021
2499.300 0.021
2499.400 0.020
2499.500 0.022
2499.600 0.021
2499.700 0.020
2499.800 0.023
2499.900 0.022
2500.000 0.021
