2200.100 0.002
2200.200 0.006
2200.300 0.704
2200.400 0.706
2200.500 0.704
2200.600 0.687
2200.700 0.686
2200.800 0.686
2200.900 0.678
2201.000 0.682
2201.100 0.672
2201.200 0.677
2201.300 0.679
2201.400 0.679
2201.500 0.671
2201.600 0.671
2201.700 0.668
2201.800 0.669
2201.900 0.673
2202.000 0.671
2202.100 0.666
2202.200 0.667
2202.300 0.668
2202.400 0.669
2202.500 0.662
2202.600 0.667
2202.700 0.664
2202.800 0.657
2202.900 0.659
2203.000 0.658
2203.100 0.653
2203.200 0.653
2203.300 0.648
2203.400 0.643
2203.500 0.644
2203.600 0.630
2203.700 0.628
2203.800 0.619
2203.900 0.612
2204.000 0.600
2204.100 0.606
2204.200 0.591
2204.300 0.564
2204.400 0.562
2204.500 0.544
2204.600 0.527
2204.700 0.518
2204.800 0.506
2204.900 0.499
2205.000 0.475
2205.100 0.460
2205.200 0.452
2205.300 0.431
2205.400 0.426
2205.500 0.402
2205.600 0.383
2205.700 0.373
2205.800 0.355
2205.900 0.347
2206.000 0.337
2206.100 0.326
2206.200 0.325
2206.300 0.325
2206.400 0.326
2206.500 0.329
2206.600 0.328
2206.700 0.328
2206.800 0.329
2206.900 0.326
2207.000 0.329
2207.100 0.328
2207.200 0.327
2207.300 0.330
2207.400 0.331
2207.500 0.329
2207.600 0.326
2207.700 0.428
2207.800 0.381
2207.900 0.368
2208.000 0.364
2208.100 0.352
2208.200 0.351
2208.300 0.346
2208.400 0.345
2208.500 0.344
2208.600 0.342
2208.700 0.342
2208.800 0.339
2208.900 0.339
2209.000 0.342
2209.100 0.341
2209.200 0.342
2209.300 0.339
2209.400 0.338
2209.500 0.338
2209.600 0.339
2209.700 0.341
2209.800 0.341
2209.900 0.341
2210.000 0.343
2210.100 0.342
2210.200 0.345
2210.300 0.344
2210.400 0.346
2210.500 0.347
2210.600 0.344
2210.700 0.346
2210.800 0.349
2210.900 0.347
2211.000 0.347
2211.100 0.348
2211.200 0.352
2211.300 0.350
2211.400 0.350
2211.500 0.351
2211.600 0.351
2211.700 0.350
2211.800 0.355
2211.900 0.355
2212.000 0.354
2212.100 0.354
2212.200 0.353
2212.300 0.357
2212.400 0.355
2212.500 0.356
2212.600 0.358
2212.700 0.356
2212.800 0.356
2212.900 0.357
2213.000 0.359
2213.100 0.362
2213.200 0.360
2213.300 0.361
2213.400 0.362
2213.500 0.365
2213.600 0.364
2213.700 0.365
2213.800 0.365
2213.900 0.365
2214.000 0.366
2214.100 0.368
2214.200 0.371
2214.300 0.369
2214.400 0.370
2214.500 0.373
2214.600 0.371
2214.700 0.371
2214.800 0.372
2214.900 0.371
2215.000 0.376
2215.100 0.375
2215.200 0.376
2215.300 0.378
2215.400 0.378
2215.500 0.378
2215.600 0.376
2215.700 0.384
2215.800 0.378
2215.900 0.379
2216.000 0.384
2216.100 0.383
2216.200 0.382
2216.300 0.386
2216.400 0.384
2216.500 0.391
2216.600 0.389
2216.700 0.388
2216.800 0.390
2216.900 0.392
2217.000 0.393
2217.100 0.395
2217.200 0.392
2217.300 0.396
2217.400 0.398
2217.500 0.398
2217.600 0.395
2217.700 0.402
2217.800 0.399
2217.900 0.398
2218.000 0.403
2218.100 0.400
2218.200 0.406
2218.300 0.405
2218.400 0.406
2218.500 0.406
2218.600 0.408
2218.700 0.408
2218.800 0.410
2218.900 0.410
2219.000 0.412
2219.100 0.412
2219.200 0.414
2219.300 0.413
2219.400 0.416
2219.500 0.417
2219.600 0.422
2219.700 0.417
2219.800 0.419
2219.900 0.420
2220.000 0.423
2220.100 0.418
2220.200 0.423
2220.300 0.423
2220.400 0.425
2220.500 0.424
2220.600 0.423
2220.700 0.425
2220.800 0.427
2220.900 0.428
2221.000 0.427
2221.100 0.432
2221.200 0.429
2221.300 0.428
2221.400 0.429
2221.500 0.432
2221.600 0.431
2221.700 0.434
2221.800 0.433
2221.900 0.433
2222.000 0.438
2222.100 0.435
2222.200 0.436
2222.300 0.438
2222.400 0.439
2222.500 0.438
2222.600 0.441
2222.700 0.445
2222.800 0.444
2222.900 0.442
2223.000 0.447
2223.100 0.444
2223.200 0.448
2223.300 0.446
2223.400 0.450
2223.500 0.449
2223.600 0.449
2223.700 0.449
2223.800 0.455
2223.900 0.455
2224.000 0.455
2224.100 0.454
2224.200 0.461
2224.300 0.458
2224.400 0.459
2224.500 0.459
2224.600 0.457
2224.700 0.459
2224.800 0.461
2224.900 0.464
2225.000 0.462
2225.100 0.465
2225.200 0.465
2225.300 0.468
2225.400 0.466
2225.500 0.469
2225.600 0.473
2225.700 0.472
2225.800 0.472
2225.900 0.472
2226.000 0.475
2226.100 0.475
2226.200 0.478
2226.300 0.477
2226.400 0.476
2226.500 0.482
2226.600 0.480
2226.700 0.484
2226.800 0.483
2226.900 0.486
2227.000 0.485
2227.100 0.486
2227.200 0.486
2227.300 0.487
2227.400 0.488
2227.500 0.494
2227.600 0.491
2227.700 0.494
2227.800 0.492
2227.900 0.496
2228.000 0.495
2228.100 0.496
2228.200 0.497
2228.300 0.498
2228.400 0.499
2228.500 0.500
2228.600 0.500
2228.700 0.502
2228.800 0.508
2228.900 0.502
2229.000 0.505
2229.100 0.508
2229.200 0.513
2229.300 0.512
2229.400 0.514
2229.500 0.516
2229.600 0.514
2229.700 0.516
2229.800 0.514
2229.900 0.517
2230.000 0.519
2230.100 0.520
2230.200 0.520
2230.300 0.521
2230.400 0.521
2230.500 0.523
2230.600 0.525
2230.700 0.524
2230.800 0.526
2230.900 0.529
2231.000 0.531
2231.100 0.530
2231.200 0.530
2231.300 0.534
2231.400 0.535
2231.500 0.538
2231.600 0.534
2231.700 0.536
2231.800 0.541
2231.900 0.543
2232.000 0.542
2232.100 0.547
2232.200 0.547
2232.300 0.547
2232.400 0.548
2232.500 0.554
2232.600 0.553
2232.700 0.560
2232.800 0.555
2232.900 0.555
2233.000 0.560
2233.100 0.557
2233.200 0.562
2233.300 0.561
2233.400 0.559
2233.500 0.565
2233.600 0.565
2233.700 0.564
2233.800 0.572
2233.900 0.573
2234.000 0.573
2234.100 0.574
2234.200 0.576
2234.300 0.572
2234.400 0.578
2234.500 0.577
2234.600 0.580
2234.700 0.579
2234.800 0.586
2234.900 0.587
2235.000 0.584
2235.100 0.593
2235.200 0.596
2235.300 0.597
2235.400 0.595
2235.500 0.599
2235.600 0.595
2235.700 0.600
2235.800 0.599
2235.900 0.598
2236.000 0.602
2236.100 0.604
2236.200 0.605
2236.300 0.606
2236.400 0.607
2236.500 0.606
2236.600 0.609
2236.700 0.612
2236.800 0.615
2236.900 0.618
2237.000 0.619
2237.100 0.622
2237.200 0.624
2237.300 0.627
2237.400 0.625
2237.500 0.626
2237.600 0.629
2237.700 0.630
2237.800 0.633
2237.900 0.637
2238.000 0.638
2238.100 0.642
2238.200 0.640
2238.300 0.638
2238.400 0.642
2238.500 0.643
2238.600 0.648
2238.700 0.648
2238.800 0.654
2238.900 0.656
2239.000 0.657
2239.100 0.657
2239.200 0.658
2239.300 0.659
2239.400 0.663
2239.500 0.662
2239.600 0.666
2239.700 0.667
2239.800 0.671
2239.900 0.672
2240.000 0.675
2240.100 0.677
2240.200 0.680
2240.300 0.682
2240.400 0.687
2240.500 0.683
2240.600 0.689
2240.700 0.689
2240.800 0.690
2240.900 0.691
2241.000 0.693
2241.100 0.698
2241.200 0.694
2241.300 0.700
2241.400 0.701
2241.500 0.705
2241.600 0.709
2241.700 0.710
2241.800 0.713
2241.900 0.717
2242.000 0.716
2242.100 0.717
2242.200 0.718
2242.300 0.718
2242.400 0.721
2242.500 0.722
2242.600 0.727
2242.700 0.727
2242.800 0.728
2242.900 0.733
2243.000 0.736
2243.100 0.738
2243.200 0.745
2243.300 0.744
2243.400 0.746
2243.500 0.749
2243.600 0.752
2243.700 0.754
2243.800 0.761
2243.900 0.760
2244.000 0.761
2244.100 0.764
2244.200 0.765
2244.300 0.764
2244.400 0.769
2244.500 0.776
2244.600 0.782
2244.700 0.782
2244.800 0.780
2244.900 0.785
2245.000 0.784
2245.100 0.791
2245.200 0.789
2245.300 0.793
2245.400 0.795
2245.500 0.793
2245.600 0.798
2245.700 0.806
2245.800 0.805
2245.900 0.810
2246.000 0.809
2246.100 0.815
2246.200 0.817
2246.300 0.820
2246.400 0.823
2246.500 0.827
2246.600 0.828
2246.700 0.829
2246.800 0.834
2246.900 0.833
2247.000 0.835
2247.100 0.846
2247.200 0.840
2247.300 0.845
2247.400 0.853
2247.500 0.854
2247.600 0.859
2247.700 0.859
2247.800 0.864
2247.900 0.867
2248.000 0.871
2248.100 0.874
2248.200 0.876
2248.300 0.880
2248.400 0.890
2248.500 0.887
2248.600 0.888
2248.700 0.890
2248.800 0.898
2248.900 0.902
2249.000 0.904
2249.100 0.904
2249.200 0.907
2249.300 0.914
2249.400 0.919
2249.500 0.917
2249.600 0.923
2249.700 0.923
2249.800 0.926
2249.900 0.934
2250.000 0.934
2250.100 0.943
2250.200 0.941
2250.300 0.949
2250.400 0.951
2250.500 0.959
2250.600 0.958
2250.700 0.964
2250.800 0.966
2250.900 0.967
2251.000 0.968
2251.100 0.977
2251.200 0.978
2251.300 0.990
2251.400 0.990
2251.500 0.992
2251.600 0.992
2251.700 1.000
2251.800 1.004
2251.900 1.012
2252.000 1.016
2252.100 1.020
2252.200 1.018
2252.300 1.024
2252.400 1.027
2252.500 1.031
2252.600 1.037
2252.700 1.041
2252.800 1.048
2252.900 1.050
2253.000 1.058
2253.100 1.061
2253.200 1.063
2253.300 1.065
2253.400 1.082
2253.500 1.078
2253.600 1.082
2253.700 1.085
2253.800 1.091
2253.900 1.101
2254.000 1.110
2254.100 1.108
2254.200 1.119
2254.300 1.121
2254.400 1.126
2254.500 1.118
2254.600 1.127
2254.700 1.130
2254.800 1.135
2254.900 1.137
2255.000 1.151
2255.100 1.153
2255.200 1.157
2255.300 1.162
2255.400 1.163
2255.500 1.173
2255.600 1.178
2255.700 1.181
2255.800 1.185
2255.900 1.197
2256.000 1.205
2256.100 1.208
2256.200 1.211
2256.300 1.222
2256.400 1.223
2256.500 1.235
2256.600 1.236
2256.700 1.241
2256.800 1.244
2256.900 1.248
2257.000 1.253
2257.100 1.264
2257.200 1.263
2257.300 1.272
2257.400 1.281
2257.500 1.285
2257.600 1.295
2257.700 1.297
2257.800 1.312
2257.900 1.310
2258.000 1.316
2258.100 1.323
2258.200 1.325
2258.300 1.335
2258.400 1.346
2258.500 1.352
2258.600 1.359
2258.700 1.359
2258.800 1.362
2258.900 1.371
2259.000 1.381
2259.100 1.388
2259.200 1.392
2259.300 1.399
2259.400 1.403
2259.500 1.422
2259.600 1.425
2259.700 1.434
2259.800 1.436
2259.900 1.446
2260.000 1.451
2260.100 1.458
2260.200 1.462
2260.300 1.463
2260.400 1.475
2260.500 1.492
2260.600 1.497
2260.700 1.502
2260.800 1.512
2260.900 1.521
2261.000 1.532
2261.100 1.535
2261.200 1.550
2261.300 1.555
2261.400 1.559
2261.500 1.566
2261.600 1.578
2261.700 1.583
2261.800 1.605
2261.900 1.603
2262.000 1.614
2262.100 1.618
2262.200 1.635
2262.300 1.642
2262.400 1.650
2262.500 1.661
2262.600 1.669
2262.700 1.678
2262.800 1.686
2262.900 1.691
2263.000 1.707
2263.100 1.719
2263.200 1.724
2263.300 1.742
2263.400 1.743
2263.500 1.763
2263.600 1.773
2263.700 1.778
2263.800 1.782
2263.900 1.800
2264.000 1.813
2264.100 1.819
2264.200 1.831
2264.300 1.853
2264.400 1.856
2264.500 1.872
2264.600 1.877
2264.700 1.901
2264.800 1.902
2264.900 1.919
2265.000 1.927
2265.100 1.937
2265.200 1.955
2265.300 1.967
2265.400 1.977
2265.500 1.998
2265.600 2.002
2265.700 2.021
2265.800 2.032
2265.900 2.045
2266.000 2.063
2266.100 2.075
2266.200 2.085
2266.300 2.106
2266.400 2.115
2266.500 2.132
2266.600 2.140
2266.700 2.160
2266.800 2.180
2266.900 2.185
2267.000 2.218
2267.100 2.227
2267.200 2.239
2267.300 2.256
2267.400 2.270
2267.500 2.295
2267.600 2.299
2267.700 2.330
2267.800 2.355
2267.900 2.359
2268.000 2.378
2268.100 2.391
2268.200 2.409
2268.300 2.434
2268.400 2.449
2268.500 2.475
2268.600 2.485
2268.700 2.512
2268.800 2.534
2268.900 2.549
2269.000 2.573
2269.100 2.584
2269.200 2.606
2269.300 2.644
2269.400 2.653
2269.500 2.675
2269.600 2.693
2269.700 2.717
2269.800 2.747
2269.900 2.757
2270.000 2.788
2270.100 2.806
2270.200 2.842
2270.300 2.867
2270.400 2.886
2270.500 2.913
2270.600 2.931
2270.700 2.959
2270.800 3.005
2270.900 3.014
2271.000 3.027
2271.100 3.060
2271.200 3.094
2271.300 3.138
2271.400 3.151
2271.500 3.172
2271.600 3.203
2271.700 3.252
2271.800 3.286
2271.900 3.298
2272.000 3.336
2272.100 3.372
2272.200 3.406
2272.300 3.427
2272.400 3.479
2272.500 3.523
2272.600 3.541
2272.700 3.582
2272.800 3.624
2272.900 3.647
2273.000 3.725
2273.100 3.803
2273.200 3.830
2273.300 3.897
2273.400 3.920
2273.500 3.913
2273.600 3.911
2273.700 3.974
2273.800 4.021
2273.900 4.052
2274.000 4.083
2274.100 4.133
2274.200 4.194
2274.300 4.245
2274.400 4.280
2274.500 4.337
2274.600 4.369
2274.700 4.429
2274.800 4.492
2274.900 4.518
2275.000 4.587
2275.100 4.618
2275.200 4.685
2275.300 4.718
2275.400 4.791
2275.500 4.870
2275.600 4.903
2275.700 4.977
2275.800 5.037
2275.900 5.070
2276.000 5.136
2276.100 5.175
2276.200 5.239
2276.300 5.285
2276.400 5.351
2276.500 5.415
2276.600 5.454
2276.700 5.517
2276.800 5.549
2276.900 5.633
2277.000 5.689
2277.100 5.722
2277.200 5.784
2277.300 5.816
2277.400 5.883
2277.500 5.941
2277.600 5.964
2277.700 6.018
2277.800 6.048
2277.900 6.093
2278.000 6.137
2278.100 6.157
2278.200 6.202
2278.300 6.215
2278.400 6.245
2278.500 6.254
2278.600 6.264
2278.700 6.274
2278.800 6.277
2278.900 6.259
2279.000 6.252
2279.100 6.235
2279.200 6.208
2279.300 6.184
2279.400 6.137
2279.500 6.085
2279.600 6.046
2279.700 5.971
2279.800 5.930
2279.900 5.836
2280.000 5.782
2280.100 5.681
2280.200 5.554
2280.300 5.492
2280.400 5.352
2280.500 5.202
2280.600 5.123
2280.700 4.968
2280.800 4.884
2280.900 4.707
2281.000 4.522
2281.100 4.434
2281.200 4.248
2281.300 4.153
2281.400 3.967
2281.500 3.776
2281.600 3.678
2281.700 3.496
2281.800 3.405
2281.900 3.221
2282.000 3.062
2282.100 2.990
2282.200 2.851
2282.300 2.787
2282.400 2.686
2282.500 2.615
2282.600 2.596
2282.700 2.581
2282.800 2.589
2282.900 2.614
2283.000 2.681
2283.100 2.724
2283.200 2.841
2283.300 2.899
2283.400 3.035
2283.500 3.188
2283.600 3.275
2283.700 3.426
2283.800 3.514
2283.900 3.685
2284.000 3.847
2284.100 3.912
2284.200 3.987
2284.300 4.122
2284.400 4.250
2284.500 4.369
2284.600 4.420
2284.700 4.518
2284.800 4.568
2284.900 4.652
2285.000 4.721
2285.100 4.762
2285.200 4.789
2285.300 4.834
2285.400 4.876
2285.500 4.913
2285.600 4.925
2285.700 4.949
2285.800 4.955
2285.900 4.967
2286.000 4.964
2286.100 4.960
2286.200 4.953
2286.300 4.945
2286.400 4.941
2286.500 4.931
2286.600 4.928
2286.700 4.901
2286.800 4.881
2286.900 4.859
2287.000 4.835
2287.100 4.822
2287.200 4.813
2287.300 4.782
2287.400 4.752
2287.500 4.717
2287.600 4.718
2287.700 4.697
2287.800 4.664
2287.900 4.631
2288.000 4.624
2288.100 4.599
2288.200 4.585
2288.300 4.557
2288.400 4.534
2288.500 4.518
2288.600 4.491
2288.700 4.460
2288.800 4.452
2288.900 4.438
2289.000 4.423
2289.100 4.392
2289.200 4.360
2289.300 4.348
2289.400 4.320
2289.500 4.315
2289.600 4.273
2289.700 4.251
2289.800 4.242
2289.900 4.210
2290.000 4.196
2290.100 4.166
2290.200 4.132
2290.300 4.126
2290.400 4.090
2290.500 4.070
2290.600 4.048
2290.700 4.022
2290.800 4.009
2290.900 3.987
2291.000 3.978
2291.100 3.945
2291.200 3.914
2291.300 3.896
2291.400 3.869
2291.500 3.855
2291.600 3.826
2291.700 3.794
2291.800 3.777
2291.900 3.739
2292.000 3.727
2292.100 3.703
2292.200 3.630
2292.300 3.606
2292.400 3.584
2292.500 3.559
2292.600 3.540
2292.700 3.547
2292.800 3.537
2292.900 3.506
2293.000 3.494
2293.100 3.462
2293.200 3.449
2293.300 3.422
2293.400 3.392
2293.500 3.381
2293.600 3.351
2293.700 3.334
2293.800 3.322
2293.900 3.297
2294.000 3.280
2294.100 3.256
2294.200 3.230
2294.300 3.218
2294.400 3.187
2294.500 3.181
2294.600 3.156
2294.700 3.134
2294.800 3.123
2294.900 3.108
2295.000 3.093
2295.100 3.070
2295.200 3.062
2295.300 3.035
2295.400 3.032
2295.500 2.996
2295.600 2.978
2295.700 2.960
2295.800 2.941
2295.900 2.921
2296.000 2.916
2296.100 2.897
2296.200 2.891
2296.300 2.876
2296.400 2.860
2296.500 2.843
2296.600 2.825
2296.700 2.808
2296.800 2.800
2296.900 2.775
2297.000 2.769
2297.100 2.743
2297.200 2.736
2297.300 2.725
2297.400 2.708
2297.500 2.700
2297.600 2.679
2297.700 2.664
2297.800 2.650
2297.900 2.640
2298.000 2.629
2298.100 2.609
2298.200 2.596
2298.300 2.592
2298.400 2.586
2298.500 2.571
2298.600 2.552
2298.700 2.535
2298.800 2.526
2298.900 2.516
2299.000 2.505
2299.100 2.493
2299.200 2.479
2299.300 2.472
2299.400 2.458
2299.500 2.447
2299.600 2.438
2299.700 2.429
2299.800 2.416
2299.900 2.401
2300.000 2.398
2300.100 2.396
2300.200 2.388
2300.300 2.366
2300.400 2.354
2300.500 2.342
2300.600 2.341
2300.700 2.325
2300.800 2.318
2300.900 2.308
2301.000 2.299
2301.100 2.281
2301.200 2.272
2301.300 2.274
2301.400 2.262
2301.500 2.253
2301.600 2.238
2301.700 2.235
2301.800 2.222
2301.900 2.211
2302.000 2.204
2302.100 2.199
2302.200 2.189
2302.300 2.174
2302.400 2.167
2302.500 2.170
2302.600 2.161
2302.700 2.155
2302.800 2.139
2302.900 2.130
2303.000 2.123
2303.100 2.115
2303.200 2.108
2303.300 2.102
2303.400 2.089
2303.500 2.081
2303.600 2.083
2303.700 2.072
2303.800 2.061
2303.900 2.052
2304.000 2.047
2304.100 2.038
2304.200 2.030
2304.300 2.026
2304.400 2.015
2304.500 2.010
2304.600 2.018
2304.700 2.011
2304.800 2.004
2304.900 1.991
2305.000 1.987
2305.100 1.967
2305.200 1.965
2305.300 1.960
2305.400 1.958
2305.500 1.956
2305.600 1.945
2305.700 1.941
2305.800 1.936
2305.900 1.928
2306.000 1.918
2306.100 1.923
2306.200 1.912
2306.300 1.904
2306.400 1.895
2306.500 1.889
2306.600 1.882
2306.700 1.880
2306.800 1.871
2306.900 1.876
2307.000 1.863
2307.100 1.859
2307.200 1.853
2307.300 1.847
2307.400 1.841
2307.500 1.839
2307.600 1.831
2307.700 1.827
2307.800 1.817
2307.900 1.811
2308.000 1.805
2308.100 1.802
2308.200 1.796
2308.300 1.795
2308.400 1.792
2308.500 1.784
2308.600 1.775
2308.700 1.775
2308.800 1.770
2308.900 1.761
2309.000 1.814
2309.100 1.859
2309.200 1.839
2309.300 1.814
2309.400 1.811
2309.500 1.776
2309.600 1.752
2309.700 1.742
2309.800 1.728
2309.900 1.722
2310.000 1.715
2310.100 1.703
2310.200 1.702
2310.300 1.697
2310.400 1.693
2310.500 1.690
2310.600 1.687
2310.700 1.679
2310.800 1.672
2310.900 1.669
2311.000 1.667
2311.100 1.665
2311.200 1.656
2311.300 1.659
2311.400 1.654
2311.500 1.648
2311.600 1.633
2311.700 1.635
2311.800 1.632
2311.900 1.627
2312.000 1.625
2312.100 1.624
2312.200 1.621
2312.300 1.620
2312.400 1.613
2312.500 1.606
2312.600 1.608
2312.700 1.604
2312.800 1.599
2312.900 1.595
2313.000 1.591
2313.100 1.585
2313.200 1.585
2313.300 1.583
2313.400 1.579
2313.500 1.574
2313.600 1.566
2313.700 1.566
2313.800 1.573
2313.900 1.567
2314.000 1.560
2314.100 1.550
2314.200 1.547
2314.300 1.548
2314.400 1.549
2314.500 1.544
2314.600 1.541
2314.700 1.540
2314.800 1.537
2314.900 1.537
2315.000 1.527
2315.100 1.519
2315.200 1.517
2315.300 1.520
2315.400 1.520
2315.500 1.515
2315.600 1.508
2315.700 1.507
2315.800 1.501
2315.900 1.500
2316.000 1.489
2316.100 1.497
2316.200 1.495
2316.300 1.493
2316.400 1.489
2316.500 1.480
2316.600 1.478
2316.700 1.475
2316.800 1.477
2316.900 1.471
2317.000 1.475
2317.100 1.474
2317.200 1.467
2317.300 1.460
2317.400 1.463
2317.500 1.458
2317.600 1.456
2317.700 1.453
2317.800 1.449
2317.900 1.446
2318.000 1.439
2318.100 1.433
2318.200 1.433
2318.300 1.430
2318.400 1.425
2318.500 1.429
2318.600 1.427
2318.700 1.428
2318.800 1.431
2318.900 1.423
2319.000 1.418
2319.100 1.415
2319.200 1.413
2319.300 1.408
2319.400 1.404
2319.500 1.403
2319.600 1.400
2319.700 1.402
2319.800 1.402
2319.900 1.398
2320.000 1.392
2320.100 1.390
2320.200 1.385
2320.300 1.381
2320.400 1.386
2320.500 1.390
2320.600 1.384
2320.700 1.381
2320.800 1.378
2320.900 1.368
2321.000 1.373
2321.100 1.374
2321.200 1.364
2321.300 1.367
2321.400 1.361
2321.500 1.360
2321.600 1.362
2321.700 1.350
2321.800 1.357
2321.900 1.352
2322.000 1.352
2322.100 1.347
2322.200 1.339
2322.300 1.339
2322.400 1.342
2322.500 1.334
2322.600 1.340
2322.700 1.326
2322.800 1.334
2322.900 1.331
2323.000 1.332
2323.100 1.325
2323.200 1.324
2323.300 1.318
2323.400 1.321
2323.500 1.317
2323.600 1.313
2323.700 1.314
2323.800 1.314
2323.900 1.310
2324.000 1.308
2324.100 1.305
2324.200 1.298
2324.300 1.303
2324.400 1.301
2324.500 1.293
2324.600 1.292
2324.700 1.292
2324.800 1.292
2324.900 1.292
2325.000 1.286
2325.100 1.294
2325.200 1.288
2325.300 1.289
2325.400 1.284
2325.500 1.282
2325.600 1.282
2325.700 1.278
2325.800 1.273
2325.900 1.272
2326.000 1.266
2326.100 1.264
2326.200 1.264
2326.300 1.264
2326.400 1.263
2326.500 1.261
2326.600 1.261
2326.700 1.255
2326.800 1.254
2326.900 1.252
2327.000 1.249
2327.100 1.251
2327.200 1.250
2327.300 1.247
2327.400 1.253
2327.500 1.246
2327.600 1.245
2327.700 1.243
2327.800 1.240
2327.900 1.240
2328.000 1.235
2328.100 1.233
2328.200 1.227
2328.300 1.231
2328.400 1.230
2328.500 1.229
2328.600 1.228
2328.700 1.226
2328.800 1.225
2328.900 1.224
2329.000 1.216
2329.100 1.215
2329.200 1.218
2329.300 1.214
2329.400 1.213
2329.500 1.214
2329.600 1.213
2329.700 1.210
2329.800 1.206
2329.900 1.207
2330.000 1.199
2330.100 1.213
2330.200 1.203
2330.300 1.199
2330.400 1.198
2330.500 1.200
2330.600 1.200
2330.700 1.199
2330.800 1.192
2330.900 1.192
2331.000 1.191
2331.100 1.185
2331.200 1.188
2331.300 1.182
2331.400 1.183
2331.500 1.179
2331.600 1.183
2331.700 1.174
2331.800 1.184
2331.900 1.179
2332.000 1.178
2332.100 1.174
2332.200 1.178
2332.300 1.174
2332.400 1.174
2332.500 1.170
2332.600 1.162
2332.700 1.169
2332.800 1.170
2332.900 1.168
2333.000 1.170
2333.100 1.167
2333.200 1.165
2333.300 1.163
2333.400 1.164
2333.500 1.165
2333.600 1.160
2333.700 1.162
2333.800 1.160
2333.900 1.162
2334.000 1.158
2334.100 1.155
2334.200 1.151
2334.300 1.152
2334.400 1.152
2334.500 1.155
2334.600 1.151
2334.700 1.150
2334.800 1.149
2334.900 1.146
2335.000 1.143
2335.100 1.140
2335.200 1.144
2335.300 1.138
2335.400 1.141
2335.500 1.134
2335.600 1.139
2335.700 1.134
2335.800 1.137
2335.900 1.130
2336.000 1.131
2336.100 1.129
2336.200 1.129
2336.300 1.131
2336.400 1.133
2336.500 1.132
2336.600 1.131
2336.700 1.128
2336.800 1.128
2336.900 1.129
2337.000 1.128
2337.100 1.125
2337.200 1.122
2337.300 1.123
2337.400 1.117
2337.500 1.118
2337.600 1.118
2337.700 1.123
2337.800 1.120
2337.900 1.121
2338.000 1.114
2338.100 1.116
2338.200 1.113
2338.300 1.118
2338.400 1.113
2338.500 1.118
2338.600 1.112
2338.700 1.118
2338.800 1.113
2338.900 1.108
2339.000 1.106
2339.100 1.104
2339.200 1.109
2339.300 1.112
2339.400 1.107
2339.500 1.106
2339.600 1.109
2339.700 1.103
2339.800 1.104
2339.900 1.097
2340.000 1.098
2340.100 1.097
2340.200 1.091
2340.300 1.093
2340.400 1.099
2340.500 1.093
2340.600 1.095
2340.700 1.093
2340.800 1.094
2340.900 1.090
2341.000 1.093
2341.100 1.091
2341.200 1.090
2341.300 1.085
2341.400 1.084
2341.500 1.085
2341.600 1.084
2341.700 1.083
2341.800 1.085
2341.900 1.082
2342.000 1.081
2342.100 1.082
2342.200 1.078
2342.300 1.078
2342.400 1.080
2342.500 1.077
2342.600 1.079
2342.700 1.079
2342.800 1.074
2342.900 1.079
2343.000 1.077
2343.100 1.071
2343.200 1.071
2343.300 1.073
2343.400 1.069
2343.500 1.073
2343.600 1.072
2343.700 1.068
2343.800 1.066
2343.900 1.066
2344.000 1.067
2344.100 1.063
2344.200 1.065
2344.300 1.067
2344.400 1.067
2344.500 1.063
2344.600 1.066
2344.700 1.059
2344.800 1.062
2344.900 1.061
2345.000 1.060
2345.100 1.059
2345.200 1.059
2345.300 1.057
2345.400 1.064
2345.500 1.059
2345.600 1.059
2345.700 1.056
2345.800 1.057
2345.900 1.054
2346.000 1.058
2346.100 1.056
2346.200 1.055
2346.300 1.052
2346.400 1.053
2346.500 1.052
2346.600 1.043
2346.700 1.049
2346.800 1.055
2346.900 1.052
2347.000 1.053
2347.100 1.051
2347.200 1.050
2347.300 1.056
2347.400 1.051
2347.500 1.049
2347.600 1.044
2347.700 1.054
2347.800 1.048
2347.900 1.045
2348.000 1.042
2348.100 1.048
2348.200 1.046
2348.300 1.047
2348.400 1.045
2348.500 1.046
2348.600 1.042
2348.700 1.043
2348.800 1.041
2348.900 1.041
2349.000 1.041
2349.100 1.038
2349.200 1.042
2349.300 1.040
2349.400 1.038
2349.500 1.037
2349.600 1.044
2349.700 1.046
2349.800 1.043
2349.900 1.038
2350.000 1.034
2350.100 1.034
2350.200 1.032
2350.300 1.036
2350.400 1.032
2350.500 1.033
2350.600 1.032
2350.700 1.029
2350.800 1.034
2350.900 1.028
2351.000 1.032
2351.100 1.027
2351.200 1.031
2351.300 1.029
2351.400 1.031
2351.500 1.028
2351.600 1.029
2351.700 1.029
2351.800 1.028
2351.900 1.027
2352.000 1.021
2352.100 1.026
2352.200 1.028
2352.300 1.029
2352.400 1.025
2352.500 1.028
2352.600 1.028
2352.700 1.024
2352.800 1.023
2352.900 1.026
2353.000 1.024
2353.100 1.022
2353.200 1.020
2353.300 1.028
2353.400 1.021
2353.500 1.020
2353.600 1.015
2353.700 1.018
2353.800 1.012
2353.900 1.022
2354.000 1.020
2354.100 1.025
2354.200 1.023
2354.300 1.020
2354.400 1.019
2354.500 1.017
2354.600 1.017
2354.700 1.017
2354.800 1.017
2354.900 1.013
2355.000 1.013
2355.100 1.016
2355.200 1.017
2355.300 1.014
2355.400 1.011
2355.500 1.011
2355.600 1.013
2355.700 1.011
2355.800 1.021
2355.900 1.014
2356.000 1.020
2356.100 1.016
2356.200 1.015
2356.300 1.015
2356.400 1.016
2356.500 1.011
2356.600 1.009
2356.700 1.008
2356.800 1.006
2356.900 1.013
2357.000 1.015
2357.100 1.011
2357.200 1.011
2357.300 1.013
2357.400 1.010
2357.500 1.012
2357.600 1.008
2357.700 1.008
2357.800 1.009
2357.900 1.014
2358.000 1.010
2358.100 1.010
2358.200 1.005
2358.300 1.006
2358.400 1.006
2358.500 1.006
2358.600 1.007
2358.700 1.008
2358.800 1.005
2358.900 1.004
2359.000 1.008
2359.100 1.005
2359.200 1.007
2359.300 1.004
2359.400 1.006
2359.500 1.002
2359.600 1.008
2359.700 1.009
2359.800 1.007
2359.900 1.004
2360.000 1.010
2360.100 1.006
2360.200 1.002
2360.300 1.002
2360.400 1.002
2360.500 1.003
2360.600 1.009
2360.700 1.007
2360.800 1.003
2360.900 1.005
2361.000 1.004
2361.100 1.000
2361.200 1.005
2361.300 1.003
2361.400 1.005
2361.500 1.004
2361.600 1.000
2361.700 1.006
2361.800 1.002
2361.900 1.004
2362.000 1.001
2362.100 1.004
2362.200 0.999
2362.300 1.006
2362.400 1.001
2362.500 0.998
2362.600 1.004
2362.700 1.005
2362.800 1.001
2362.900 1.000
2363.000 0.999
2363.100 1.000
2363.200 1.003
2363.300 0.997
2363.400 1.000
2363.500 0.995
2363.600 1.001
2363.700 0.998
2363.800 0.998
2363.900 0.994
2364.000 1.001
2364.100 0.996
2364.200 0.997
2364.300 0.995
2364.400 1.004
2364.500 1.001
2364.600 1.000
2364.700 1.001
2364.800 0.995
2364.900 0.998
2365.000 0.995
2365.100 0.994
2365.200 0.992
2365.300 0.990
2365.400 0.995
2365.500 0.996
2365.600 0.993
2365.700 0.997
2365.800 0.995
2365.900 0.996
2366.000 0.997
2366.100 0.991
2366.200 0.994
2366.300 0.996
2366.400 0.995
2366.500 0.995
2366.600 0.994
2366.700 0.994
2366.800 0.992
2366.900 0.999
2367.000 0.997
2367.100 0.995
2367.200 0.990
2367.300 0.996
2367.400 0.993
2367.500 0.991
2367.600 0.992
2367.700 0.994
2367.800 0.993
2367.900 0.997
2368.000 0.997
2368.100 0.992
2368.200 0.998
2368.300 0.997
2368.400 0.996
2368.500 0.995
2368.600 0.996
2368.700 0.994
2368.800 0.994
2368.900 0.993
2369.000 0.998
2369.100 0.994
2369.200 0.996
2369.300 0.998
2369.400 1.000
2369.500 0.995
2369.600 0.998
2369.700 0.998
2369.800 0.999
2369.900 0.995
2370.000 0.996
2370.100 0.992
2370.200 1.000
2370.300 0.998
2370.400 0.999
2370.500 1.000
2370.600 0.993
2370.700 0.993
2370.800 0.994
2370.900 0.998
2371.000 0.997
2371.100 1.000
2371.200 0.996
2371.300 0.998
2371.400 0.996
2371.500 0.996
2371.600 0.997
2371.700 1.001
2371.800 0.995
2371.900 1.001
2372.000 0.998
2372.100 1.000
2372.200 1.000
2372.300 0.996
2372.400 1.002
2372.500 0.998
2372.600 1.005
2372.700 0.999
2372.800 0.997
2372.900 0.998
2373.000 0.998
2373.100 0.997
2373.200 1.005
2373.300 0.998
2373.400 0.999
2373.500 0.998
2373.600 1.004
2373.700 0.998
2373.800 1.002
2373.900 0.999
2374.000 1.004
2374.100 1.001
2374.200 1.000
2374.300 1.007
2374.400 1.007
2374.500 1.005
2374.600 1.005
2374.700 1.004
2374.800 1.001
2374.900 1.002
2375.000 1.002
2375.100 0.999
2375.200 1.000
2375.300 1.000
2375.400 1.002
2375.500 1.001
2375.600 1.001
2375.700 1.005
2375.800 1.000
2375.900 1.005
2376.000 1.015
2376.100 1.014
2376.200 1.010
2376.300 1.011
2376.400 1.003
2376.500 1.006
2376.600 1.003
2376.700 1.003
2376.800 1.006
2376.900 1.007
2377.000 1.008
2377.100 1.012
2377.200 1.009
2377.300 1.006
2377.400 1.013
2377.500 1.011
2377.600 1.013
2377.700 1.012
2377.800 1.010
2377.900 1.010
2378.000 1.013
2378.100 1.006
2378.200 1.016
2378.300 1.010
2378.400 1.008
2378.500 1.008
2378.600 1.015
2378.700 1.012
2378.800 1.012
2378.900 1.016
2379.000 1.013
2379.100 1.013
2379.200 1.011
2379.300 1.013
2379.400 1.014
2379.500 1.015
2379.600 1.016
2379.700 1.015
2379.800 1.012
2379.900 1.017
2380.000 1.014
2380.100 1.013
2380.200 1.015
2380.300 1.017
2380.400 1.016
2380.500 1.016
2380.600 1.015
2380.700 1.013
2380.800 1.014
2380.900 1.022
2381.000 1.022
2381.100 1.018
2381.200 1.024
2381.300 1.018
2381.400 1.020
2381.500 1.017
2381.600 1.021
2381.700 1.019
2381.800 1.024
2381.900 1.023
2382.000 1.027
2382.100 1.027
2382.200 1.028
2382.300 1.026
2382.400 1.030
2382.500 1.030
2382.600 1.028
2382.700 1.029
2382.800 1.029
2382.900 1.025
2383.000 1.029
2383.100 1.027
2383.200 1.027
2383.300 1.025
2383.400 1.030
2383.500 1.028
2383.600 1.032
2383.700 1.031
2383.800 1.028
2383.900 1.032
2384.000 1.031
2384.100 1.036
2384.200 1.032
2384.300 1.031
2384.400 1.030
2384.500 1.053
2384.600 1.039
2384.700 1.041
2384.800 1.033
2384.900 1.034
2385.000 1.036
2385.100 1.040
2385.200 1.039
2385.300 1.039
2385.400 1.039
2385.500 1.038
2385.600 1.037
2385.700 1.041
2385.800 1.039
2385.900 1.039
2386.000 1.044
2386.100 1.044
2386.200 1.047
2386.300 1.043
2386.400 1.050
2386.500 1.044
2386.600 1.045
2386.700 1.047
2386.800 1.043
2386.900 1.044
2387.000 1.048
2387.100 1.043
2387.200 1.049
2387.300 1.046
2387.400 1.045
2387.500 1.044
2387.600 1.056
2387.700 1.054
2387.800 1.056
2387.900 1.054
2388.000 1.054
2388.100 1.053
2388.200 1.051
2388.300 1.063
2388.400 1.058
2388.500 1.060
2388.600 1.056
2388.700 1.063
2388.800 1.060
2388.900 1.063
2389.000 1.061
2389.100 1.059
2389.200 1.065
2389.300 1.069
2389.400 1.067
2389.500 1.063
2389.600 1.064
2389.700 1.064
2389.800 1.068
2389.900 1.069
2390.000 1.068
2390.100 1.066
2390.200 1.069
2390.300 1.068
2390.400 1.069
2390.500 1.073
2390.600 1.075
2390.700 1.072
2390.800 1.072
2390.900 1.070
2391.000 1.078
2391.100 1.075
2391.200 1.077
2391.300 1.079
2391.400 1.081
2391.500 1.078
2391.600 1.083
2391.700 1.082
2391.800 1.088
2391.900 1.085
2392.000 1.089
2392.100 1.089
2392.200 1.087
2392.300 1.085
2392.400 1.085
2392.500 1.091
2392.600 1.091
2392.700 1.093
2392.800 1.093
2392.900 1.090
2393.000 1.098
2393.100 1.099
2393.200 1.095
2393.300 1.096
2393.400 1.094
2393.500 1.100
2393.600 1.101
2393.700 1.105
2393.800 1.103
2393.900 1.108
2394.000 1.105
2394.100 1.103
2394.200 1.104
2394.300 1.111
2394.400 1.105
2394.500 1.118
2394.600 1.112
2394.700 1.111
2394.800 1.111
2394.900 1.110
2395.000 1.120
2395.100 1.116
2395.200 1.118
2395.300 1.116
2395.400 1.122
2395.500 1.116
2395.600 1.118
2395.700 1.121
2395.800 1.123
2395.900 1.123
2396.000 1.121
2396.100 1.124
2396.200 1.129
2396.300 1.127
2396.400 1.128
2396.500 1.127
2396.600 1.131
2396.700 1.135
2396.800 1.137
2396.900 1.134
2397.000 1.131
2397.100 1.139
2397.200 1.137
2397.300 1.137
2397.400 1.133
2397.500 1.145
2397.600 1.142
2397.700 1.145
2397.800 1.142
2397.900 1.153
2398.000 1.147
2398.100 1.156
2398.200 1.156
2398.300 1.147
2398.400 1.145
2398.500 1.153
2398.600 1.151
2398.700 1.155
2398.800 1.159
2398.900 1.155
2399.000 1.159
2399.100 1.157
2399.200 1.171
2399.300 1.167
2399.400 1.165
2399.500 1.167
2399.600 1.164
2399.700 1.165
2399.800 1.174
2399.900 1.169
2400.000 1.171
2400.100 1.171
2400.200 1.181
2400.300 1.177
2400.400 1.179
2400.500 1.177
2400.600 1.175
2400.700 1.177
2400.800 1.182
2400.900 1.188
2401.000 1.197
2401.100 1.194
2401.200 1.190
2401.300 1.196
2401.400 1.194
2401.500 1.194
2401.600 1.192
2401.700 1.204
2401.800 1.200
2401.900 1.206
2402.000 1.210
2402.100 1.221
2402.200 1.215
2402.300 1.210
2402.400 1.214
2402.500 1.210
2402.600 1.223
2402.700 1.245
2402.800 1.239
2402.900 1.265
2403.000 1.252
2403.100 1.242
2403.200 1.228
2403.300 1.244
2403.400 1.248
2403.500 1.243
2403.600 1.242
2403.700 1.226
2403.800 1.231
2403.900 1.233
2404.000 1.239
2404.100 1.237
2404.200 1.242
2404.300 1.250
2404.400 1.256
2404.500 1.296
2404.600 1.299
2404.700 1.274
2404.800 1.270
2404.900 1.297
2405.000 1.289
2405.100 1.280
2405.200 1.272
2405.300 1.275
2405.400 1.271
2405.500 1.267
2405.600 1.270
2405.700 1.301
2405.800 1.284
2405.900 1.294
2406.000 1.286
2406.100 1.284
2406.200 1.281
2406.300 1.290
2406.400 1.287
2406.500 1.298
2406.600 1.297
2406.700 1.299
2406.800 1.298
2406.900 1.299
2407.000 1.314
2407.100 1.323
2407.200 1.315
2407.300 1.313
2407.400 1.312
2407.500 1.314
2407.600 1.315
2407.700 1.317
2407.800 1.329
2407.900 1.367
2408.000 1.354
2408.100 1.349
2408.200 1.343
2408.300 1.339
2408.400 1.342
2408.500 1.339
2408.600 1.345
2408.700 1.348
2408.800 1.354
2408.900 1.368
2409.000 1.366
2409.100 1.356
2409.200 1.393
2409.300 1.443
2409.400 1.441
2409.500 1.422
2409.600 1.417
2409.700 1.420
2409.800 1.424
2409.900 1.411
2410.000 1.403
2410.100 1.391
2410.200 1.401
2410.300 1.401
2410.400 1.395
2410.500 1.392
2410.600 1.398
2410.700 1.391
2410.800 1.396
2410.900 1.400
2411.000 1.402
2411.100 1.407
2411.200 1.413
2411.300 1.406
2411.400 1.424
2411.500 1.419
2411.600 1.425
2411.700 1.425
2411.800 1.428
2411.900 1.431
2412.000 1.436
2412.100 1.434
2412.200 1.440
2412.300 1.445
2412.400 1.449
2412.500 1.454
2412.600 1.459
2412.700 1.464
2412.800 1.465
2412.900 1.471
2413.000 1.471
2413.100 1.488
2413.200 1.486
2413.300 1.493
2413.400 1.484
2413.500 1.523
2413.600 1.601
2413.700 1.583
2413.800 1.558
2413.900 1.544
2414.000 1.532
2414.100 1.526
2414.200 1.520
2414.300 1.526
2414.400 1.527
2414.500 1.526
2414.600 1.532
2414.700 1.528
2414.800 1.533
2414.900 1.537
2415.000 1.545
2415.100 1.547
2415.200 1.550
2415.300 1.552
2415.400 1.560
2415.500 1.561
2415.600 1.574
2415.700 1.578
2415.800 1.578
2415.900 1.579
2416.000 1.582
2416.100 1.592
2416.200 1.593
2416.300 1.600
2416.400 1.604
2416.500 1.607
2416.600 1.614
2416.700 1.616
2416.800 1.619
2416.900 1.630
2417.000 1.631
2417.100 1.638
2417.200 1.639
2417.300 1.647
2417.400 1.653
2417.500 1.658
2417.600 1.654
2417.700 1.668
2417.800 1.674
2417.900 1.680
2418.000 1.682
2418.100 1.693
2418.200 1.697
2418.300 1.700
2418.400 1.709
2418.500 1.714
2418.600 1.720
2418.700 1.740
2418.800 1.767
2418.900 1.756
2419.000 1.758
2419.100 1.762
2419.200 1.806
2419.300 1.824
2419.400 1.805
2419.500 1.798
2419.600 1.795
2419.700 1.793
2419.800 1.805
2419.900 1.817
2420.000 1.817
2420.100 1.819
2420.200 1.826
2420.300 1.829
2420.400 1.830
2420.500 1.837
2420.600 1.845
2420.700 1.852
2420.800 1.863
2420.900 1.872
2421.000 1.869
2421.100 1.884
2421.200 1.890
2421.300 1.897
2421.400 1.902
2421.500 1.906
2421.600 1.921
2421.700 1.947
2421.800 1.950
2421.900 1.958
2422.000 1.949
2422.100 1.963
2422.200 1.981
2422.300 1.989
2422.400 1.985
2422.500 1.993
2422.600 2.006
2422.700 2.062
2422.800 2.055
2422.900 2.047
2423.000 2.052
2423.100 2.053
2423.200 2.067
2423.300 2.076
2423.400 2.083
2423.500 2.090
2423.600 2.099
2423.700 2.115
2423.800 2.119
2423.900 2.126
2424.000 2.133
2424.100 2.153
2424.200 2.164
2424.300 2.169
2424.400 2.183
2424.500 2.186
2424.600 2.204
2424.700 2.216
2424.800 2.225
2424.900 2.241
2425.000 2.248
2425.100 2.265
2425.200 2.270
2425.300 2.285
2425.400 2.303
2425.500 2.314
2425.600 2.350
2425.700 2.350
2425.800 2.359
2425.900 2.371
2426.000 2.376
2426.100 2.401
2426.200 2.397
2426.300 2.417
2426.400 2.429
2426.500 2.440
2426.600 2.465
2426.700 2.472
2426.800 2.489
2426.900 2.499
2427.000 2.518
2427.100 2.538
2427.200 2.555
2427.300 2.573
2427.400 2.591
2427.500 2.597
2427.600 2.624
2427.700 2.632
2427.800 2.662
2427.900 2.675
2428.000 2.693
2428.100 2.714
2428.200 2.722
2428.300 2.751
2428.400 2.758
2428.500 2.783
2428.600 2.810
2428.700 2.822
2428.800 2.844
2428.900 2.868
2429.000 2.886
2429.100 2.913
2429.200 2.922
2429.300 2.962
2429.400 2.972
2429.500 3.002
2429.600 3.026
2429.700 3.045
2429.800 3.073
2429.900 3.097
2430.000 3.113
2430.100 3.155
2430.200 3.176
2430.300 3.258
2430.400 3.287
2430.500 3.299
2430.600 3.326
2430.700 3.355
2430.800 3.324
2430.900 3.375
2431.000 3.400
2431.100 3.426
2431.200 3.448
2431.300 3.486
2431.400 3.526
2431.500 3.543
2431.600 3.587
2431.700 3.605
2431.800 3.654
2431.900 3.695
2432.000 3.716
2432.100 3.756
2432.200 3.778
2432.300 3.832
2432.400 3.858
2432.500 3.898
2432.600 3.938
2432.700 3.967
2432.800 4.014
2432.900 4.075
2433.000 4.098
2433.100 4.152
2433.200 4.170
2433.300 4.231
2433.400 4.278
2433.500 4.308
2433.600 4.363
2433.700 4.391
2433.800 4.441
2433.900 4.507
2434.000 4.537
2434.100 4.599
2434.200 4.627
2434.300 4.688
2434.400 4.736
2434.500 4.769
2434.600 4.822
2434.700 4.861
2434.800 4.934
2434.900 4.992
2435.000 5.022
2435.100 5.077
2435.200 5.105
2435.300 5.167
2435.400 5.229
2435.500 5.253
2435.600 5.290
2435.700 5.345
2435.800 5.407
2435.900 5.465
2436.000 5.489
2436.100 5.552
2436.200 5.585
2436.300 5.635
2436.400 5.672
2436.500 5.718
2436.600 5.766
2436.700 5.784
2436.800 5.805
2436.900 5.848
2437.000 5.884
2437.100 5.917
2437.200 5.929
2437.300 5.957
2437.400 5.968
2437.500 5.985
2437.600 6.011
2437.700 6.043
2437.800 6.042
2437.900 6.038
2438.000 6.019
2438.100 6.009
2438.200 5.991
2438.300 5.973
2438.400 5.954
2438.500 5.932
2438.600 5.896
2438.700 5.878
2438.800 5.837
2438.900 5.823
2439.000 5.769
2439.100 5.719
2439.200 5.690
2439.300 5.636
2439.400 5.601
2439.500 5.531
2439.600 5.462
2439.700 5.434
2439.800 5.368
2439.900 5.331
2440.000 5.254
2440.100 5.179
2440.200 5.148
2440.300 5.055
2440.400 5.009
2440.500 4.924
2440.600 4.887
2440.700 4.805
2440.800 4.735
2440.900 4.691
2441.000 4.619
2441.100 4.530
2441.200 4.491
2441.300 4.410
2441.400 4.371
2441.500 4.296
2441.600 4.218
2441.700 4.178
2441.800 4.102
2441.900 4.066
2442.000 3.992
2442.100 3.959
2442.200 3.883
2442.300 3.802
2442.400 3.766
2442.500 3.701
2442.600 3.629
2442.700 3.601
2442.800 3.535
2442.900 3.509
2443.000 3.447
2443.100 3.380
2443.200 3.349
2443.300 3.302
2443.400 3.271
2443.500 3.220
2443.600 3.160
2443.700 3.132
2443.800 3.081
2443.900 3.053
2444.000 3.007
2444.100 2.951
2444.200 2.934
2444.300 2.875
2444.400 2.853
2444.500 2.800
2444.600 2.767
2444.700 2.739
2444.800 2.721
2444.900 2.677
2445.000 2.641
2445.100 2.600
2445.200 2.580
2445.300 2.530
2445.400 2.507
2445.500 2.466
2445.600 2.439
2445.700 2.409
2445.800 2.373
2445.900 2.358
2446.000 2.331
2446.100 2.295
2446.200 2.277
2446.300 2.240
2446.400 2.220
2446.500 2.179
2446.600 2.142
2446.700 2.132
2446.800 2.107
2446.900 2.108
2447.000 2.065
2447.100 2.033
2447.200 2.021
2447.300 1.993
2447.400 1.980
2447.500 1.962
2447.600 1.930
2447.700 1.915
2447.800 1.887
2447.900 1.875
2448.000 1.852
2448.100 1.827
2448.200 1.810
2448.300 1.791
2448.400 1.774
2448.500 1.749
2448.600 1.744
2448.700 1.715
2448.800 1.694
2448.900 1.683
2449.000 1.663
2449.100 1.652
2449.200 1.631
2449.300 1.615
2449.400 1.610
2449.500 1.588
2449.600 1.574
2449.700 1.557
2449.800 1.537
2449.900 1.532
2450.000 1.508
2450.100 1.489
2450.200 1.444
2450.300 1.427
2450.400 1.420
2450.500 1.413
2450.600 1.397
2450.700 1.396
2450.800 1.417
2450.900 1.393
2451.000 1.373
2451.100 1.364
2451.200 1.347
2451.300 1.328
2451.400 1.329
2451.500 1.310
2451.600 1.307
2451.700 1.292
2451.800 1.281
2451.900 1.271
2452.000 1.248
2452.100 1.246
2452.200 1.228
2452.300 1.209
2452.400 1.207
2452.500 1.194
2452.600 1.189
2452.700 1.178
2452.800 1.162
2452.900 1.157
2453.000 1.143
2453.100 1.137
2453.200 1.126
2453.300 1.115
2453.400 1.102
2453.500 1.096
2453.600 1.092
2453.700 1.079
2453.800 1.065
2453.900 1.056
2454.000 1.054
2454.100 1.044
2454.200 1.031
2454.300 1.025
2454.400 1.023
2454.500 1.005
2454.600 0.998
2454.700 0.989
2454.800 0.981
2454.900 0.972
2455.000 0.965
2455.100 0.960
2455.200 0.951
2455.300 0.949
2455.400 0.936
2455.500 0.926
2455.600 0.922
2455.700 0.918
2455.800 0.913
2455.900 0.902
2456.000 0.892
2456.100 0.891
2456.200 0.881
2456.300 0.880
2456.400 0.868
2456.500 0.857
2456.600 0.853
2456.700 0.845
2456.800 0.842
2456.900 0.839
2457.000 0.828
2457.100 0.825
2457.200 0.814
2457.300 0.809
2457.400 0.806
2457.500 0.798
2457.600 0.794
2457.700 0.781
2457.800 0.784
2457.900 0.772
2458.000 0.766
2458.100 0.761
2458.200 0.759
2458.300 0.754
2458.400 0.744
2458.500 0.735
2458.600 0.734
2458.700 0.723
2458.800 0.726
2458.900 0.713
2459.000 0.712
2459.100 0.704
2459.200 0.701
2459.300 0.695
2459.400 0.697
2459.500 0.689
2459.600 0.682
2459.700 0.673
2459.800 0.674
2459.900 0.666
2460.000 0.665
2460.100 0.655
2460.200 0.650
2460.300 0.651
2460.400 0.641
2460.500 0.642
2460.600 0.634
2460.700 0.632
2460.800 0.628
2460.900 0.621
2461.000 0.615
2461.100 0.616
2461.200 0.608
2461.300 0.605
2461.400 0.597
2461.500 0.599
2461.600 0.590
2461.700 0.587
2461.800 0.582
2461.900 0.576
2462.000 0.576
2462.100 0.574
2462.200 0.569
2462.300 0.561
2462.400 0.555
2462.500 0.551
2462.600 0.552
2462.700 0.544
2462.800 0.546
2462.900 0.539
2463.000 0.537
2463.100 0.532
2463.200 0.529
2463.300 0.528
2463.400 0.522
2463.500 0.518
2463.600 0.517
2463.700 0.509
2463.800 0.509
2463.900 0.506
2464.000 0.498
2464.100 0.495
2464.200 0.495
2464.300 0.487
2464.400 0.516
2464.500 0.511
2464.600 0.490
2464.700 0.480
2464.800 0.481
2464.900 0.479
2465.000 0.477
2465.100 0.465
2465.200 0.460
2465.300 0.461
2465.400 0.455
2465.500 0.456
2465.600 0.444
2465.700 0.442
2465.800 0.442
2465.900 0.441
2466.000 0.434
2466.100 0.438
2466.200 0.429
2466.300 0.429
2466.400 0.423
2466.500 0.423
2466.600 0.421
2466.700 0.417
2466.800 0.415
2466.900 0.412
2467.000 0.408
2467.100 0.404
2467.200 0.403
2467.300 0.399
2467.400 0.400
2467.500 0.394
2467.600 0.394
2467.700 0.386
2467.800 0.385
2467.900 0.383
2468.000 0.385
2468.100 0.379
2468.200 0.376
2468.300 0.373
2468.400 0.372
2468.500 0.372
2468.600 0.371
2468.700 0.363
2468.800 0.361
2468.900 0.360
2469.000 0.356
2469.100 0.352
2469.200 0.356
2469.300 0.350
2469.400 0.348
2469.500 0.345
2469.600 0.342
2469.700 0.339
2469.800 0.334
2469.900 0.337
2470.000 0.330
2470.100 0.331
2470.200 0.327
2470.300 0.323
2470.400 0.320
2470.500 0.324
2470.600 0.314
2470.700 0.317
2470.800 0.320
2470.900 0.313
2471.000 0.313
2471.100 0.311
2471.200 0.306
2471.300 0.305
2471.400 0.301
2471.500 0.301
2471.600 0.297
2471.700 0.294
2471.800 0.294
2471.900 0.292
2472.000 0.290
2472.100 0.285
2472.200 0.285
2472.300 0.280
2472.400 0.283
2472.500 0.280
2472.600 0.282
2472.700 0.275
2472.800 0.276
2472.900 0.274
2473.000 0.279
2473.100 0.272
2473.200 0.265
2473.300 0.268
2473.400 0.265
2473.500 0.265
2473.600 0.263
2473.700 0.259
2473.800 0.258
2473.900 0.254
2474.000 0.254
2474.100 0.252
2474.200 0.254
2474.300 0.250
2474.400 0.245
2474.500 0.247
2474.600 0.240
2474.700 0.240
2474.800 0.242
2474.900 0.241
2475.000 0.238
2475.100 0.238
2475.200 0.233
2475.300 0.232
2475.400 0.232
2475.500 0.230
2475.600 0.227
2475.700 0.224
2475.800 0.220
2475.900 0.226
2476.000 0.224
2476.100 0.217
2476.200 0.219
2476.300 0.215
2476.400 0.215
2476.500 0.211
2476.600 0.215
2476.700 0.207
2476.800 0.206
2476.900 0.204
2477.000 0.207
2477.100 0.200
2477.200 0.201
2477.300 0.196
2477.400 0.197
2477.500 0.195
2477.600 0.196
2477.700 0.196
2477.800 0.191
2477.900 0.188
2478.000 0.189
2478.100 0.187
2478.200 0.186
2478.300 0.184
2478.400 0.184
2478.500 0.182
2478.600 0.181
2478.700 0.179
2478.800 0.173
2478.900 0.175
2479.000 0.172
2479.100 0.171
2479.200 0.171
2479.300 0.168
2479.400 0.168
2479.500 0.167
2479.600 0.165
2479.700 0.165
2479.800 0.162
2479.900 0.161
2480.000 0.160
2480.100 0.161
2480.200 0.158
2480.300 0.156
2480.400 0.154
2480.500 0.153
2480.600 0.151
2480.700 0.150
2480.800 0.150
2480.900 0.149
2481.000 0.148
2481.100 0.146
2481.200 0.144
2481.300 0.143
2481.400 0.141
2481.500 0.137
2481.600 0.140
2481.700 0.139
2481.800 0.141
2481.900 0.139
2482.000 0.139
2482.100 0.131
2482.200 0.135
2482.300 0.129
2482.400 0.131
2482.500 0.130
2482.600 0.131
2482.700 0.129
2482.800 0.128
2482.900 0.124
2483.000 0.123
2483.100 0.119
2483.200 0.124
2483.300 0.122
2483.400 0.119
2483.500 0.115
2483.600 0.118
2483.700 0.119
2483.800 0.113
2483.900 0.115
2484.000 0.115
2484.100 0.111
2484.200 0.111
2484.300 0.109
2484.400 0.110
2484.500 0.106
2484.600 0.107
2484.700 0.106
2484.800 0.104
2484.900 0.103
2485.000 0.101
2485.100 0.105
2485.200 0.101
2485.300 0.098
2485.400 0.099
2485.500 0.098
2485.600 0.098
2485.700 0.098
2485.800 0.093
2485.900 0.093
2486.000 0.091
2486.100 0.093
2486.200 0.091
2486.300 0.089
2486.400 0.090
2486.500 0.087
2486.600 0.085
2486.700 0.087
2486.800 0.088
2486.900 0.085
2487.000 0.085
2487.100 0.081
2487.200 0.083
2487.300 0.077
2487.400 0.082
2487.500 0.080
2487.600 0.077
2487.700 0.078
2487.800 0.078
2487.900 0.073
2488.000 0.077
2488.100 0.075
2488.200 0.076
2488.300 0.073
2488.400 0.071
2488.500 0.072
2488.600 0.070
2488.700 0.070
2488.800 0.066
2488.900 0.066
2489.000 0.067
2489.100 0.065
2489.200 0.065
2489.300 0.063
2489.400 0.062
2489.500 0.062
2489.600 0.058
2489.700 0.064
2489.800 0.061
2489.900 0.060
2490.000 0.062
2490.100 0.060
2490.200 0.055
2490.300 0.058
2490.400 0.055
2490.500 0.056
2490.600 0.051
2490.700 0.052
2490.800 0.050
2490.900 0.051
2491.000 0.054
2491.100 0.052
2491.200 0.052
2491.300 0.053
2491.400 0.053
2491.500 0.048
2491.600 0.048
2491.700 0.049
2491.800 0.045
2491.900 0.051
2492.000 0.045
2492.100 0.045
2492.200 0.043
2492.300 0.042
2492.400 0.042
2492.500 0.041
2492.600 0.041
2492.700 0.042
2492.800 0.040
2492.900 0.039
2493.000 0.038
2493.100 0.037
2493.200 0.037
2493.300 0.037
2493.400 0.037
2493.500 0.036
2493.600 0.035
2493.700 0.037
2493.800 0.034
2493.900 0.034
2494.000 0.033
2494.100 0.034
2494.200 0.034
2494.300 0.031
2494.400 0.031
2494.500 0.031
2494.600 0.030
2494.700 0.029
2494.800 0.030
2494.900 0.026
2495.000 0.027
2495.100 0.028
2495.200 0.028
2495.300 0.028
2495.400 0.025
2495.500 0.027
2495.600 0.026
2495.700 0.026
2495.800 0.027
2495.900 0.025
2496.000 0.025
2496.100 0.026
2496.200 0.025
2496.300 0.024
2496.400 0.023
2496.500 0.025
2496.600 0.023
2496.700 0.022
2496.800 0.026
2496.900 0.019
2497.000 0.025
2497.100 0.025
2497.200 0.022
2497.300 0.022
2497.400 0.021
2497.500 0.022
2497.600 0.019
2497.700 0.024
2497.800 0.021
2497.900 0.023
2498.000 0.022
2498.100 0.023
2498.200 0.022
2498.300 0.025
2498.400 0.023
2498.500 0.023
2498.600 0.022
2498.700 0.023
2498.800 0.024
2498.900 0.023
2499.000 0.025
2499.100 0.024
2499.200 0.024
2499.300 0.026
2499.400 0.025
2499.500 0.024
2499.600 0.026
2499.700 0.024
2499.800 0.026
2499.900 0.025
2500.000 0.024
