2200.100 0.047
2200.200 0.034
2200.300 0.810
2200.400 0.777
2200.500 0.795
2200.600 0.747
2200.700 0.741
2200.800 0.729
2200.900 0.716
2201.000 0.716
2201.100 0.706
2201.200 0.719
2201.300 0.701
2201.400 0.699
2201.500 0.692
2201.600 0.690
2201.700 0.681
2201.800 0.679
2201.900 0.673
2202.000 0.674
2202.100 0.685
2202.200 0.674
2202.300 0.668
2202.400 0.661
2202.500 0.723
2202.600 0.704
2202.700 0.695
2202.800 0.688
2202.900 0.681
2203.000 0.674
2203.100 0.663
2203.200 0.662
2203.300 0.646
2203.400 0.638
2203.500 0.618
2203.600 0.603
2203.700 0.623
2203.800 0.587
2203.900 0.568
2204.000 0.541
2204.100 0.502
2204.200 0.490
2204.300 0.458
2204.400 0.443
2204.500 0.416
2204.600 0.397
2204.700 0.386
2204.800 0.368
2204.900 0.358
2205.000 0.342
2205.100 0.336
2205.200 0.330
2205.300 0.332
2205.400 0.330
2205.500 0.327
2205.600 0.327
2205.700 0.326
2205.800 0.328
2205.900 0.328
2206.000 0.334
2206.100 0.341
2206.200 0.345
2206.300 0.341
2206.400 0.344
2206.500 0.344
2206.600 0.338
2206.700 0.339
2206.800 0.337
2206.900 0.339
2207.000 0.333
2207.100 0.331
2207.200 0.335
2207.300 0.335
2207.400 0.336
2207.500 0.334
2207.600 0.339
2207.700 0.338
2207.800 0.336
2207.900 0.339
2208.000 0.336
2208.100 0.336
2208.200 0.338
2208.300 0.341
2208.400 0.342
2208.500 0.341
2208.600 0.341
2208.700 0.346
2208.800 0.343
2208.900 0.343
2209.000 0.343
2209.100 0.349
2209.200 0.348
2209.300 0.347
2209.400 0.349
2209.500 0.347
2209.600 0.350
2209.700 0.351
2209.800 0.352
2209.900 0.352
2210.000 0.354
2210.100 0.350
2210.200 0.354
2210.300 0.351
2210.400 0.355
2210.500 0.357
2210.600 0.353
2210.700 0.352
2210.800 0.356
2210.900 0.370
2211.000 0.388
2211.100 0.380
2211.200 0.376
2211.300 0.367
2211.400 0.369
2211.500 0.366
2211.600 0.365
2211.700 0.368
2211.800 0.366
2211.900 0.366
2212.000 0.386
2212.100 0.384
2212.200 0.382
2212.300 0.376
2212.400 0.374
2212.500 0.376
2212.600 0.373
2212.700 0.382
2212.800 0.387
2212.900 0.384
2213.000 0.380
2213.100 0.379
2213.200 0.374
2213.300 0.385
2213.400 0.381
2213.500 0.378
2213.600 0.385
2213.700 0.380
2213.800 0.378
2213.900 0.380
2214.000 0.380
2214.100 0.381
2214.200 0.383
2214.300 0.379
2214.400 0.383
2214.500 0.382
2214.600 0.384
2214.700 0.385
2214.800 0.391
2214.900 0.393
2215.000 0.390
2215.100 0.388
2215.200 0.395
2215.300 0.388
2215.400 0.389
2215.500 0.390
2215.600 0.387
2215.700 0.399
2215.800 0.405
2215.900 0.399
2216.000 0.410
2216.100 0.410
2216.200 0.410
2216.300 0.407
2216.400 0.405
2216.500 0.398
2216.600 0.402
2216.700 0.399
2216.800 0.419
2216.900 0.422
2217.000 0.413
2217.100 0.411
2217.200 0.401
2217.300 0.403
2217.400 0.409
2217.500 0.407
2217.600 0.406
2217.700 0.407
2217.800 0.407
2217.900 0.406
2218.000 0.407
2218.100 0.404
2218.200 0.406
2218.300 0.411
2218.400 0.406
2218.500 0.412
2218.600 0.416
2218.700 0.414
2218.800 0.417
2218.900 0.414
2219.000 0.414
2219.100 0.412
2219.200 0.412
2219.300 0.412
2219.400 0.416
2219.500 0.418
2219.600 0.424
2219.700 0.424
2219.800 0.421
2219.900 0.419
2220.000 0.420
2220.100 0.420
2220.200 0.423
2220.300 0.425
2220.400 0.424
2220.500 0.427
2220.600 0.427
2220.700 0.429
2220.800 0.430
2220.900 0.428
2221.000 0.429
2221.100 0.431
2221.200 0.431
2221.300 0.434
2221.400 0.432
2221.500 0.437
2221.600 0.432
2221.700 0.452
2221.800 0.454
2221.900 0.450
2222.000 0.462
2222.100 0.456
2222.200 0.449
2222.300 0.446
2222.400 0.445
2222.500 0.445
2222.600 0.444
2222.700 0.446
2222.800 0.450
2222.900 0.442
2223.000 0.447
2223.100 0.452
2223.200 0.447
2223.300 0.452
2223.400 0.455
2223.500 0.461
2223.600 0.463
2223.700 0.457
2223.800 0.457
2223.900 0.452
2224.000 0.455
2224.100 0.458
2224.200 0.457
2224.300 0.457
2224.400 0.459
2224.500 0.461
2224.600 0.462
2224.700 0.461
2224.800 0.464
2224.900 0.462
2225.000 0.465
2225.100 0.465
2225.200 0.465
2225.300 0.465
2225.400 0.464
2225.500 0.483
2225.600 0.465
2225.700 0.469
2225.800 0.468
2225.900 0.477
2226.000 0.471
2226.100 0.473
2226.200 0.471
2226.300 0.474
2226.400 0.477
2226.500 0.475
2226.600 0.478
2226.700 0.481
2226.800 0.479
2226.900 0.481
2227.000 0.481
2227.100 0.480
2227.200 0.497
2227.300 0.479
2227.400 0.484
2227.500 0.487
2227.600 0.492
2227.700 0.487
2227.800 0.495
2227.900 0.498
2228.000 0.490
2228.100 0.492
2228.200 0.498
2228.300 0.495
2228.400 0.506
2228.500 0.505
2228.600 0.497
2228.700 0.541
2228.800 0.540
2228.900 0.531
2229.000 0.521
2229.100 0.522
2229.200 0.520
2229.300 0.516
2229.400 0.551
2229.500 0.548
2229.600 0.538
2229.700 0.533
2229.800 0.527
2229.900 0.523
2230.000 0.528
2230.100 0.527
2230.200 0.519
2230.300 0.521
2230.400 0.525
2230.500 0.540
2230.600 0.537
2230.700 0.541
2230.800 0.534
2230.900 0.532
2231.000 0.530
2231.100 0.535
2231.200 0.533
2231.300 0.531
2231.400 0.566
2231.500 0.574
2231.600 0.562
2231.700 0.554
2231.800 0.557
2231.900 0.553
2232.000 0.540
2232.100 0.546
2232.200 0.543
2232.300 0.548
2232.400 0.564
2232.500 0.557
2232.600 0.556
2232.700 0.551
2232.800 0.562
2232.900 0.558
2233.000 0.560
2233.100 0.550
2233.200 0.563
2233.300 0.563
2233.400 0.559
2233.500 0.562
2233.600 0.562
2233.700 0.563
2233.800 0.566
2233.900 0.567
2234.000 0.568
2234.100 0.571
2234.200 0.576
2234.300 0.571
2234.400 0.575
2234.500 0.573
2234.600 0.574
2234.700 0.571
2234.800 0.589
2234.900 0.596
2235.000 0.600
2235.100 0.606
2235.200 0.592
2235.300 0.601
2235.400 0.594
2235.500 0.602
2235.600 0.615
2235.700 0.607
2235.800 0.615
2235.900 0.607
2236.000 0.608
2236.100 0.619
2236.200 0.619
2236.300 0.607
2236.400 0.616
2236.500 0.618
2236.600 0.615
2236.700 0.612
2236.800 0.608
2236.900 0.628
2237.000 0.622
2237.100 0.617
2237.200 0.621
2237.300 0.619
2237.400 0.624
2237.500 0.622
2237.600 0.628
2237.700 0.631
2237.800 0.626
2237.900 0.633
2238.000 0.630
2238.100 0.636
2238.200 0.637
2238.300 0.641
2238.400 0.639
2238.500 0.647
2238.600 0.648
2238.700 0.660
2238.800 0.655
2238.900 0.663
2239.000 0.655
2239.100 0.666
2239.200 0.664
2239.300 0.656
2239.400 0.663
2239.500 0.673
2239.600 0.679
2239.700 0.673
2239.800 0.666
2239.900 0.673
2240.000 0.664
2240.100 0.673
2240.200 0.679
2240.300 0.671
2240.400 0.681
2240.500 0.695
2240.600 0.692
2240.700 0.697
2240.800 0.714
2240.900 0.688
2241.000 0.679
2241.100 0.710
2241.200 0.701
2241.300 0.697
2241.400 0.716
2241.500 0.708
2241.600 0.698
2241.700 0.708
2241.800 0.703
2241.900 0.704
2242.000 0.712
2242.100 0.717
2242.200 0.711
2242.300 0.717
2242.400 0.714
2242.500 0.719
2242.600 0.724
2242.700 0.728
2242.800 0.728
2242.900 0.732
2243.000 0.732
2243.100 0.736
2243.200 0.735
2243.300 0.739
2243.400 0.743
2243.500 0.741
2243.600 0.747
2243.700 0.751
2243.800 0.746
2243.900 0.763
2244.000 0.754
2244.100 0.762
2244.200 0.762
2244.300 0.762
2244.400 0.775
2244.500 0.763
2244.600 0.770
2244.700 0.769
2244.800 0.777
2244.900 0.776
2245.000 0.782
2245.100 0.779
2245.200 0.786
2245.300 0.788
2245.400 0.791
2245.500 0.791
2245.600 0.797
2245.700 0.800
2245.800 0.801
2245.900 0.800
2246.000 0.802
2246.100 0.807
2246.200 0.810
2246.300 0.811
2246.400 0.821
2246.500 0.827
2246.600 0.825
2246.700 0.842
2246.800 0.841
2246.900 0.841
2247.000 0.842
2247.100 0.845
2247.200 0.864
2247.300 0.853
2247.400 0.848
2247.500 0.848
2247.600 0.854
2247.700 0.853
2247.800 0.852
2247.900 0.858
2248.000 0.862
2248.100 0.879
2248.200 0.875
2248.300 0.882
2248.400 0.878
2248.500 0.878
2248.600 0.880
2248.700 0.897
2248.800 0.894
2248.900 0.891
2249.000 0.891
2249.100 0.895
2249.200 0.897
2249.300 0.901
2249.400 0.902
2249.500 0.905
2249.600 0.907
2249.700 0.908
2249.800 0.920
2249.900 0.919
2250.000 0.924
2250.100 0.925
2250.200 0.929
2250.300 0.927
2250.400 0.938
2250.500 0.938
2250.600 0.948
2250.700 0.947
2250.800 0.951
2250.900 0.960
2251.000 0.957
2251.100 0.966
2251.200 0.967
2251.300 0.978
2251.400 0.977
2251.500 0.975
2251.600 0.979
2251.700 0.986
2251.800 0.975
2251.900 0.991
2252.000 0.986
2252.100 0.999
2252.200 0.999
2252.300 1.009
2252.400 1.008
2252.500 1.012
2252.600 1.015
2252.700 1.017
2252.800 1.023
2252.900 1.034
2253.000 1.034
2253.100 1.036
2253.200 1.044
2253.300 1.048
2253.400 1.057
2253.500 1.057
2253.600 1.059
2253.700 1.059
2253.800 1.072
2253.900 1.071
2254.000 1.077
2254.100 1.077
2254.200 1.077
2254.300 1.096
2254.400 1.099
2254.500 1.103
2254.600 1.105
2254.700 1.109
2254.800 1.112
2254.900 1.127
2255.000 1.151
2255.100 1.161
2255.200 1.164
2255.300 1.178
2255.400 1.173
2255.500 1.169
2255.600 1.160
2255.700 1.183
2255.800 1.191
2255.900 1.180
2256.000 1.175
2256.100 1.196
2256.200 1.191
2256.300 1.196
2256.400 1.200
2256.500 1.202
2256.600 1.207
2256.700 1.206
2256.800 1.215
2256.900 1.220
2257.000 1.221
2257.100 1.239
2257.200 1.259
2257.300 1.263
2257.400 1.257
2257.500 1.260
2257.600 1.262
2257.700 1.262
2257.800 1.278
2257.900 1.278
2258.000 1.282
2258.100 1.292
2258.200 1.314
2258.300 1.315
2258.400 1.309
2258.500 1.318
2258.600 1.336
2258.700 1.340
2258.800 1.338
2258.900 1.343
2259.000 1.366
2259.100 1.375
2259.200 1.370
2259.300 1.375
2259.400 1.379
2259.500 1.385
2259.600 1.394
2259.700 1.395
2259.800 1.410
2259.900 1.410
2260.000 1.413
2260.100 1.422
2260.200 1.423
2260.300 1.434
2260.400 1.446
2260.500 1.453
2260.600 1.463
2260.700 1.468
2260.800 1.468
2260.900 1.484
2261.000 1.496
2261.100 1.498
2261.200 1.500
2261.300 1.524
2261.400 1.528
2261.500 1.537
2261.600 1.544
2261.700 1.547
2261.800 1.559
2261.900 1.562
2262.000 1.574
2262.100 1.583
2262.200 1.585
2262.300 1.596
2262.400 1.606
2262.500 1.614
2262.600 1.625
2262.700 1.632
2262.800 1.651
2262.900 1.658
2263.000 1.667
2263.100 1.677
2263.200 1.693
2263.300 1.697
2263.400 1.706
2263.500 1.708
2263.600 1.720
2263.700 1.727
2263.800 1.747
2263.900 1.752
2264.000 1.762
2264.100 1.775
2264.200 1.780
2264.300 1.800
2264.400 1.806
2264.500 1.818
2264.600 1.894
2264.700 1.926
2264.800 1.928
2264.900 1.913
2265.000 1.903
2265.100 1.898
2265.200 1.908
2265.300 1.920
2265.400 1.917
2265.500 1.937
2265.600 1.945
2265.700 1.958
2265.800 1.973
2265.900 1.989
2266.000 2.018
2266.100 2.024
2266.200 2.028
2266.300 2.044
2266.400 2.057
2266.500 2.066
2266.600 2.130
2266.700 2.121
2266.800 2.141
2266.900 2.134
2267.000 2.146
2267.100 2.172
2267.200 2.179
2267.300 2.199
2267.400 2.204
2267.500 2.210
2267.600 2.233
2267.700 2.244
2267.800 2.283
2267.900 2.288
2268.000 2.305
2268.100 2.314
2268.200 2.342
2268.300 2.359
2268.400 2.370
2268.500 2.392
2268.600 2.403
2268.700 2.434
2268.800 2.465
2268.900 2.472
2269.000 2.492
2269.100 2.502
2269.200 2.532
2269.300 2.557
2269.400 2.569
2269.500 2.586
2269.600 2.605
2269.700 2.633
2269.800 2.676
2269.900 2.683
2270.000 2.709
2270.100 2.726
2270.200 2.746
2270.300 2.779
2270.400 2.831
2270.500 2.872
2270.600 2.897
2270.700 2.912
2270.800 2.951
2270.900 2.948
2271.000 2.943
2271.100 2.990
2271.200 3.003
2271.300 3.034
2271.400 3.056
2271.500 3.080
2271.600 3.121
2271.700 3.137
2271.800 3.188
2271.900 3.203
2272.000 3.246
2272.100 3.278
2272.200 3.310
2272.300 3.335
2272.400 3.354
2272.500 3.406
2272.600 3.442
2272.700 3.464
2272.800 3.510
2272.900 3.535
2273.000 3.560
2273.100 3.615
2273.200 3.646
2273.300 3.699
2273.400 3.726
2273.500 3.776
2273.600 3.797
2273.700 3.841
2273.800 3.892
2273.900 3.941
2274.000 3.982
2274.100 4.012
2274.200 4.077
2274.300 4.140
2274.400 4.167
2274.500 4.218
2274.600 4.248
2274.700 4.307
2274.800 4.377
2274.900 4.404
2275.000 4.474
2275.100 4.505
2275.200 4.573
2275.300 4.646
2275.400 4.688
2275.500 4.764
2275.600 4.799
2275.700 4.860
2275.800 4.924
2275.900 4.958
2276.000 5.035
2276.100 5.067
2276.200 5.137
2276.300 5.212
2276.400 5.254
2276.500 5.322
2276.600 5.369
2276.700 5.449
2276.800 5.530
2276.900 5.562
2277.000 5.645
2277.100 5.681
2277.200 5.756
2277.300 5.838
2277.400 5.882
2277.500 5.945
2277.600 5.979
2277.700 6.070
2277.800 6.160
2277.900 6.191
2278.000 6.247
2278.100 6.292
2278.200 6.346
2278.300 6.425
2278.400 6.457
2278.500 6.527
2278.600 6.551
2278.700 6.596
2278.800 6.640
2278.900 6.670
2279.000 6.705
2279.100 6.719
2279.200 6.749
2279.300 6.760
2279.400 6.775
2279.500 6.787
2279.600 6.792
2279.700 6.775
2279.800 6.770
2279.900 6.749
2280.000 6.703
2280.100 6.673
2280.200 6.639
2280.300 6.606
2280.400 6.530
2280.500 6.445
2280.600 6.403
2280.700 6.293
2280.800 6.246
2280.900 6.128
2281.000 5.982
2281.100 5.926
2281.200 5.800
2281.300 5.711
2281.400 5.529
2281.500 5.332
2281.600 5.233
2281.700 5.028
2281.800 4.926
2281.900 4.715
2282.000 4.489
2282.100 4.375
2282.200 4.141
2282.300 4.026
2282.400 3.788
2282.500 3.549
2282.600 3.422
2282.700 3.181
2282.800 3.062
2282.900 2.824
2283.000 2.582
2283.100 2.460
2283.200 2.227
2283.300 2.114
2283.400 1.897
2283.500 1.720
2283.600 1.638
2283.700 1.506
2283.800 1.457
2283.900 1.404
2284.000 1.427
2284.100 1.469
2284.200 1.596
2284.300 1.683
2284.400 1.940
2284.500 2.298
2284.600 2.518
2284.700 2.964
2284.800 3.210
2284.900 3.726
2285.000 4.276
2285.100 4.522
2285.200 5.002
2285.300 5.226
2285.400 5.674
2285.500 6.012
2285.600 6.176
2285.700 6.436
2285.800 6.549
2285.900 6.740
2286.000 6.860
2286.100 6.888
2286.200 6.926
2286.300 6.945
2286.400 6.948
2286.500 6.908
2286.600 6.862
2286.700 6.761
2286.800 6.699
2286.900 6.566
2287.000 6.413
2287.100 6.403
2287.200 6.482
2287.300 6.516
2287.400 6.558
2287.500 6.580
2287.600 6.587
2287.700 6.600
2287.800 6.606
2287.900 6.613
2288.000 6.604
2288.100 6.592
2288.200 6.561
2288.300 6.562
2288.400 6.504
2288.500 6.451
2288.600 6.420
2288.700 6.372
2288.800 6.337
2288.900 6.279
2289.000 6.208
2289.100 6.163
2289.200 6.104
2289.300 6.067
2289.400 5.990
2289.500 5.930
2289.600 5.886
2289.700 5.807
2289.800 5.783
2289.900 5.698
2290.000 5.626
2290.100 5.584
2290.200 5.504
2290.300 5.448
2290.400 5.288
2290.500 5.221
2290.600 5.188
2290.700 5.135
2290.800 5.120
2290.900 5.146
2291.000 5.077
2291.100 5.039
2291.200 4.969
2291.300 4.934
2291.400 4.873
2291.500 4.842
2291.600 4.777
2291.700 4.728
2291.800 4.699
2291.900 4.647
2292.000 4.613
2292.100 4.553
2292.200 4.496
2292.300 4.475
2292.400 4.413
2292.500 4.394
2292.600 4.339
2292.700 4.293
2292.800 4.270
2292.900 4.227
2293.000 4.201
2293.100 4.159
2293.200 4.114
2293.300 4.093
2293.400 4.054
2293.500 4.026
2293.600 3.983
2293.700 3.952
2293.800 3.931
2293.900 3.884
2294.000 3.864
2294.100 3.819
2294.200 3.776
2294.300 3.749
2294.400 3.718
2294.500 3.700
2294.600 3.666
2294.700 3.627
2294.800 3.621
2294.900 3.584
2295.000 3.566
2295.100 3.525
2295.200 3.495
2295.300 3.479
2295.400 3.447
2295.500 3.430
2295.600 3.394
2295.700 3.365
2295.800 3.351
2295.900 3.321
2296.000 3.308
2296.100 3.295
2296.200 3.256
2296.300 3.231
2296.400 3.183
2296.500 3.199
2296.600 3.154
2296.700 3.138
2296.800 3.121
2296.900 3.110
2297.000 3.089
2297.100 3.064
2297.200 3.029
2297.300 3.025
2297.400 3.001
2297.500 2.989
2297.600 2.970
2297.700 2.943
2297.800 2.935
2297.900 2.911
2298.000 2.900
2298.100 2.884
2298.200 2.867
2298.300 2.852
2298.400 2.826
2298.500 2.814
2298.600 2.792
2298.700 2.771
2298.800 2.772
2298.900 2.749
2299.000 2.739
2299.100 2.731
2299.200 2.708
2299.300 2.690
2299.400 2.671
2299.500 2.661
2299.600 2.648
2299.700 2.637
2299.800 2.629
2299.900 2.633
2300.000 2.619
2300.100 2.590
2300.200 2.575
2300.300 2.559
2300.400 2.540
2300.500 2.542
2300.600 2.525
2300.700 2.506
2300.800 2.499
2300.900 2.482
2301.000 2.474
2301.100 2.460
2301.200 2.444
2301.300 2.439
2301.400 2.418
2301.500 2.418
2301.600 2.412
2301.700 2.394
2301.800 2.385
2301.900 2.370
2302.000 2.368
2302.100 2.350
2302.200 2.334
2302.300 2.325
2302.400 2.314
2302.500 2.305
2302.600 2.306
2302.700 2.290
2302.800 2.287
2302.900 2.272
2303.000 2.266
2303.100 2.249
2303.200 2.247
2303.300 2.233
2303.400 2.233
2303.500 2.236
2303.600 2.212
2303.700 2.199
2303.800 2.188
2303.900 2.170
2304.000 2.171
2304.100 2.158
2304.200 2.163
2304.300 2.143
2304.400 2.142
2304.500 2.132
2304.600 2.130
2304.700 2.122
2304.800 2.102
2304.900 2.096
2305.000 2.087
2305.100 2.075
2305.200 2.068
2305.300 2.067
2305.400 2.058
2305.500 2.050
2305.600 2.044
2305.700 2.039
2305.800 2.031
2305.900 2.020
2306.000 2.018
2306.100 2.009
2306.200 2.000
2306.300 1.993
2306.400 1.982
2306.500 1.990
2306.600 1.977
2306.700 1.971
2306.800 1.959
2306.900 1.954
2307.000 1.948
2307.100 1.943
2307.200 1.933
2307.300 1.926
2307.400 1.924
2307.500 1.919
2307.600 1.905
2307.700 1.899
2307.800 1.895
2307.900 1.888
2308.000 1.887
2308.100 1.884
2308.200 1.880
2308.300 1.865
2308.400 1.863
2308.500 1.859
2308.600 1.857
2308.700 1.851
2308.800 1.847
2308.900 1.830
2309.000 1.830
2309.100 1.816
2309.200 1.820
2309.300 1.813
2309.400 1.808
2309.500 1.803
2309.600 1.806
2309.700 1.799
2309.800 1.786
2309.900 1.790
2310.000 1.782
2310.100 1.782
2310.200 1.760
2310.300 1.750
2310.400 1.748
2310.500 1.754
2310.600 1.743
2310.700 1.740
2310.800 1.741
2310.900 1.735
2311.000 1.734
2311.100 1.732
2311.200 1.726
2311.300 1.724
2311.400 1.717
2311.500 1.712
2311.600 1.709
2311.700 1.709
2311.800 1.700
2311.900 1.690
2312.000 1.691
2312.100 1.680
2312.200 1.675
2312.300 1.674
2312.400 1.674
2312.500 1.675
2312.600 1.666
2312.700 1.660
2312.800 1.665
2312.900 1.653
2313.000 1.648
2313.100 1.639
2313.200 1.636
2313.300 1.629
2313.400 1.630
2313.500 1.630
2313.600 1.625
2313.700 1.622
2313.800 1.616
2313.900 1.602
2314.000 1.605
2314.100 1.602
2314.200 1.600
2314.300 1.594
2314.400 1.596
2314.500 1.591
2314.600 1.588
2314.700 1.592
2314.800 1.578
2314.900 1.577
2315.000 1.574
2315.100 1.575
2315.200 1.568
2315.300 1.565
2315.400 1.562
2315.500 1.563
2315.600 1.556
2315.700 1.551
2315.800 1.546
2315.900 1.543
2316.000 1.541
2316.100 1.541
2316.200 1.536
2316.300 1.530
2316.400 1.529
2316.500 1.522
2316.600 1.619
2316.700 1.671
2316.800 1.628
2316.900 1.591
2317.000 1.576
2317.100 1.551
2317.200 1.535
2317.300 1.521
2317.400 1.517
2317.500 1.494
2317.600 1.490
2317.700 1.488
2317.800 1.482
2317.900 1.478
2318.000 1.481
2318.100 1.471
2318.200 1.459
2318.300 1.468
2318.400 1.462
2318.500 1.459
2318.600 1.457
2318.700 1.455
2318.800 1.450
2318.900 1.451
2319.000 1.445
2319.100 1.445
2319.200 1.442
2319.300 1.447
2319.400 1.444
2319.500 1.438
2319.600 1.432
2319.700 1.431
2319.800 1.431
2319.900 1.427
2320.000 1.426
2320.100 1.424
2320.200 1.418
2320.300 1.416
2320.400 1.411
2320.500 1.408
2320.600 1.406
2320.700 1.405
2320.800 1.406
2320.900 1.402
2321.000 1.408
2321.100 1.392
2321.200 1.396
2321.300 1.405
2321.400 1.396
2321.500 1.383
2321.600 1.383
2321.700 1.382
2321.800 1.373
2321.900 1.376
2322.000 1.373
2322.100 1.382
2322.200 1.387
2322.300 1.373
2322.400 1.373
2322.500 1.362
2322.600 1.361
2322.700 1.367
2322.800 1.355
2322.900 1.350
2323.000 1.354
2323.100 1.354
2323.200 1.350
2323.300 1.351
2323.400 1.347
2323.500 1.349
2323.600 1.347
2323.700 1.345
2323.800 1.338
2323.900 1.337
2324.000 1.335
2324.100 1.329
2324.200 1.329
2324.300 1.330
2324.400 1.330
2324.500 1.326
2324.600 1.324
2324.700 1.322
2324.800 1.316
2324.900 1.317
2325.000 1.330
2325.100 1.314
2325.200 1.308
2325.300 1.300
2325.400 1.312
2325.500 1.316
2325.600 1.310
2325.700 1.301
2325.800 1.300
2325.900 1.297
2326.000 1.298
2326.100 1.298
2326.200 1.302
2326.300 1.298
2326.400 1.295
2326.500 1.293
2326.600 1.288
2326.700 1.282
2326.800 1.285
2326.900 1.282
2327.000 1.279
2327.100 1.277
2327.200 1.276
2327.300 1.271
2327.400 1.270
2327.500 1.267
2327.600 1.265
2327.700 1.269
2327.800 1.274
2327.900 1.272
2328.000 1.275
2328.100 1.268
2328.200 1.265
2328.300 1.264
2328.400 1.258
2328.500 1.259
2328.600 1.251
2328.700 1.250
2328.800 1.240
2328.900 1.236
2329.000 1.249
2329.100 1.243
2329.200 1.241
2329.300 1.245
2329.400 1.247
2329.500 1.241
2329.600 1.230
2329.700 1.229
2329.800 1.223
2329.900 1.227
2330.000 1.228
2330.100 1.226
2330.200 1.232
2330.300 1.218
2330.400 1.219
2330.500 1.217
2330.600 1.220
2330.700 1.217
2330.800 1.213
2330.900 1.214
2331.000 1.212
2331.100 1.211
2331.200 1.219
2331.300 1.212
2331.400 1.208
2331.500 1.204
2331.600 1.204
2331.700 1.199
2331.800 1.208
2331.900 1.205
2332.000 1.200
2332.100 1.196
2332.200 1.195
2332.300 1.197
2332.400 1.199
2332.500 1.189
2332.600 1.193
2332.700 1.190
2332.800 1.188
2332.900 1.187
2333.000 1.184
2333.100 1.182
2333.200 1.182
2333.300 1.187
2333.400 1.179
2333.500 1.178
2333.600 1.185
2333.700 1.180
2333.800 1.177
2333.900 1.178
2334.000 1.176
2334.100 1.172
2334.200 1.172
2334.300 1.165
2334.400 1.169
2334.500 1.170
2334.600 1.170
2334.700 1.158
2334.800 1.162
2334.900 1.161
2335.000 1.166
2335.100 1.164
2335.200 1.157
2335.300 1.164
2335.400 1.170
2335.500 1.148
2335.600 1.151
2335.700 1.168
2335.800 1.154
2335.900 1.153
2336.000 1.154
2336.100 1.148
2336.200 1.146
2336.300 1.149
2336.400 1.150
2336.500 1.150
2336.600 1.144
2336.700 1.145
2336.800 1.145
2336.900 1.138
2337.000 1.140
2337.100 1.142
2337.200 1.137
2337.300 1.136
2337.400 1.136
2337.500 1.138
2337.600 1.132
2337.700 1.133
2337.800 1.131
2337.900 1.129
2338.000 1.130
2338.100 1.136
2338.200 1.132
2338.300 1.150
2338.400 1.143
2338.500 1.141
2338.600 1.138
2338.700 1.143
2338.800 1.135
2338.900 1.136
2339.000 1.125
2339.100 1.126
2339.200 1.124
2339.300 1.125
2339.400 1.122
2339.500 1.120
2339.600 1.120
2339.700 1.117
2339.800 1.109
2339.900 1.111
2340.000 1.109
2340.100 1.110
2340.200 1.111
2340.300 1.111
2340.400 1.108
2340.500 1.102
2340.600 1.102
2340.700 1.100
2340.800 1.098
2340.900 1.099
2341.000 1.118
2341.100 1.112
2341.200 1.106
2341.300 1.101
2341.400 1.100
2341.500 1.097
2341.600 1.097
2341.700 1.126
2341.800 1.111
2341.900 1.114
2342.000 1.100
2342.100 1.098
2342.200 1.093
2342.300 1.094
2342.400 1.090
2342.500 1.091
2342.600 1.093
2342.700 1.093
2342.800 1.093
2342.900 1.092
2343.000 1.088
2343.100 1.090
2343.200 1.084
2343.300 1.085
2343.400 1.085
2343.500 1.094
2343.600 1.087
2343.700 1.086
2343.800 1.084
2343.900 1.081
2344.000 1.078
2344.100 1.077
2344.200 1.076
2344.300 1.074
2344.400 1.075
2344.500 1.075
2344.600 1.078
2344.700 1.077
2344.800 1.080
2344.900 1.068
2345.000 1.068
2345.100 1.078
2345.200 1.079
2345.300 1.073
2345.400 1.073
2345.500 1.069
2345.600 1.067
2345.700 1.063
2345.800 1.065
2345.900 1.069
2346.000 1.067
2346.100 1.067
2346.200 1.067
2346.300 1.068
2346.400 1.063
2346.500 1.065
2346.600 1.066
2346.700 1.063
2346.800 1.062
2346.900 1.061
2347.000 1.057
2347.100 1.057
2347.200 1.055
2347.300 1.061
2347.400 1.064
2347.500 1.066
2347.600 1.055
2347.700 1.059
2347.800 1.056
2347.900 1.051
2348.000 1.051
2348.100 1.057
2348.200 1.059
2348.300 1.055
2348.400 1.060
2348.500 1.054
2348.600 1.054
2348.700 1.046
2348.800 1.055
2348.900 1.043
2349.000 1.046
2349.100 1.046
2349.200 1.046
2349.300 1.046
2349.400 1.056
2349.500 1.034
2349.600 1.056
2349.700 1.047
2349.800 1.046
2349.900 1.048
2350.000 1.047
2350.100 1.043
2350.200 1.044
2350.300 1.042
2350.400 1.041
2350.500 1.041
2350.600 1.034
2350.700 1.036
2350.800 1.037
2350.900 1.038
2351.000 1.034
2351.100 1.039
2351.200 1.037
2351.300 1.041
2351.400 1.038
2351.500 1.051
2351.600 1.046
2351.700 1.039
2351.800 1.040
2351.900 1.042
2352.000 1.037
2352.100 1.035
2352.200 1.031
2352.300 1.031
2352.400 1.035
2352.500 1.031
2352.600 1.033
2352.700 1.032
2352.800 1.028
2352.900 1.027
2353.000 1.029
2353.100 1.029
2353.200 1.030
2353.300 1.031
2353.400 1.032
2353.500 1.036
2353.600 1.030
2353.700 1.024
2353.800 1.027
2353.900 1.026
2354.000 1.025
2354.100 1.023
2354.200 1.028
2354.300 1.022
2354.400 1.031
2354.500 1.030
2354.600 1.023
2354.700 1.015
2354.800 1.019
2354.900 1.020
2355.000 1.020
2355.100 1.019
2355.200 1.035
2355.300 1.057
2355.400 1.041
2355.500 1.041
2355.600 1.029
2355.700 1.022
2355.800 1.019
2355.900 1.020
2356.000 1.032
2356.100 1.021
2356.200 1.017
2356.300 1.017
2356.400 1.014
2356.500 1.019
2356.600 1.016
2356.700 1.012
2356.800 1.008
2356.900 1.010
2357.000 1.007
2357.100 1.018
2357.200 1.015
2357.300 1.019
2357.400 1.018
2357.500 1.021
2357.600 1.023
2357.700 1.019
2357.800 1.017
2357.900 1.012
2358.000 1.020
2358.100 1.011
2358.200 1.018
2358.300 1.013
2358.400 1.026
2358.500 1.022
2358.600 1.017
2358.700 1.009
2358.800 1.017
2358.900 1.015
2359.000 1.020
2359.100 1.013
2359.200 1.010
2359.300 1.013
2359.400 1.022
2359.500 1.035
2359.600 1.027
2359.700 1.022
2359.800 1.013
2359.900 1.009
2360.000 1.008
2360.100 1.009
2360.200 1.008
2360.300 1.009
2360.400 1.006
2360.500 1.011
2360.600 1.005
2360.700 1.003
2360.800 1.002
2360.900 1.006
2361.000 1.003
2361.100 1.008
2361.200 1.002
2361.300 1.014
2361.400 1.011
2361.500 1.007
2361.600 1.014
2361.700 1.003
2361.800 1.009
2361.900 1.006
2362.000 1.004
2362.100 1.003
2362.200 1.005
2362.300 1.001
2362.400 1.008
2362.500 1.005
2362.600 1.011
2362.700 1.006
2362.800 1.005
2362.900 0.994
2363.000 1.014
2363.100 1.001
2363.200 1.008
2363.300 1.000
2363.400 1.000
2363.500 1.002
2363.600 1.000
2363.700 1.003
2363.800 1.010
2363.900 1.008
2364.000 1.002
2364.100 1.005
2364.200 1.001
2364.300 1.000
2364.400 1.001
2364.500 1.003
2364.600 1.004
2364.700 1.001
2364.800 0.996
2364.900 0.996
2365.000 0.996
2365.100 1.000
2365.200 0.998
2365.300 1.002
2365.400 1.003
2365.500 1.002
2365.600 0.996
2365.700 0.998
2365.800 0.998
2365.900 0.999
2366.000 0.999
2366.100 0.996
2366.200 0.995
2366.300 0.996
2366.400 0.996
2366.500 0.997
2366.600 1.004
2366.700 1.000
2366.800 1.002
2366.900 1.002
2367.000 0.999
2367.100 0.997
2367.200 1.001
2367.300 0.997
2367.400 0.997
2367.500 0.998
2367.600 0.994
2367.700 0.996
2367.800 1.002
2367.900 0.997
2368.000 0.997
2368.100 1.001
2368.200 1.000
2368.300 1.000
2368.400 0.995
2368.500 0.995
2368.600 0.994
2368.700 0.997
2368.800 0.996
2368.900 0.999
2369.000 0.999
2369.100 0.999
2369.200 0.994
2369.300 0.999
2369.400 0.997
2369.500 0.998
2369.600 0.995
2369.700 1.002
2369.800 0.995
2369.900 0.999
2370.000 0.998
2370.100 0.996
2370.200 0.996
2370.300 0.994
2370.400 0.993
2370.500 0.999
2370.600 1.003
2370.700 1.007
2370.800 1.006
2370.900 1.002
2371.000 0.996
2371.100 0.996
2371.200 1.001
2371.300 1.003
2371.400 1.005
2371.500 1.008
2371.600 1.005
2371.700 1.005
2371.800 1.000
2371.900 1.004
2372.000 1.006
2372.100 1.004
2372.200 1.001
2372.300 1.002
2372.400 1.002
2372.500 1.003
2372.600 0.997
2372.700 1.010
2372.800 1.004
2372.900 1.000
2373.000 1.002
2373.100 1.006
2373.200 1.006
2373.300 1.003
2373.400 0.999
2373.500 1.000
2373.600 0.995
2373.700 0.998
2373.800 1.004
2373.900 1.009
2374.000 1.006
2374.100 1.015
2374.200 1.022
2374.300 1.025
2374.400 1.028
2374.500 1.019
2374.600 1.017
2374.700 1.009
2374.800 1.016
2374.900 1.012
2375.000 1.016
2375.100 1.011
2375.200 1.011
2375.300 1.008
2375.400 1.016
2375.500 1.021
2375.600 1.015
2375.700 1.013
2375.800 1.014
2375.900 1.010
2376.000 1.010
2376.100 1.010
2376.200 1.007
2376.300 1.009
2376.400 1.009
2376.500 1.015
2376.600 1.010
2376.700 1.011
2376.800 1.010
2376.900 1.014
2377.000 1.013
2377.100 1.018
2377.200 1.012
2377.300 1.018
2377.400 1.012
2377.500 1.016
2377.600 1.020
2377.700 1.018
2377.800 1.010
2377.900 1.014
2378.000 1.037
2378.100 1.030
2378.200 1.024
2378.300 1.023
2378.400 1.019
2378.500 1.018
2378.600 1.018
2378.700 1.019
2378.800 1.016
2378.900 1.013
2379.000 1.022
2379.100 1.018
2379.200 1.017
2379.300 1.017
2379.400 1.023
2379.500 1.017
2379.600 1.022
2379.700 1.018
2379.800 1.027
2379.900 1.024
2380.000 1.030
2380.100 1.024
2380.200 1.024
2380.300 1.022
2380.400 1.022
2380.500 1.029
2380.600 1.027
2380.700 1.027
2380.800 1.031
2380.900 1.042
2381.000 1.034
2381.100 1.036
2381.200 1.035
2381.300 1.023
2381.400 1.022
2381.500 1.038
2381.600 1.030
2381.700 1.029
2381.800 1.035
2381.900 1.035
2382.000 1.031
2382.100 1.033
2382.200 1.032
2382.300 1.038
2382.400 1.022
2382.500 1.037
2382.600 1.038
2382.700 1.035
2382.800 1.036
2382.900 1.038
2383.000 1.039
2383.100 1.039
2383.200 1.036
2383.300 1.036
2383.400 1.038
2383.500 1.034
2383.600 1.045
2383.700 1.042
2383.800 1.047
2383.900 1.046
2384.000 1.041
2384.100 1.041
2384.200 1.037
2384.300 1.040
2384.400 1.042
2384.500 1.042
2384.600 1.041
2384.700 1.045
2384.800 1.042
2384.900 1.049
2385.000 1.047
2385.100 1.046
2385.200 1.041
2385.300 1.044
2385.400 1.044
2385.500 1.044
2385.600 1.044
2385.700 1.052
2385.800 1.053
2385.900 1.049
2386.000 1.050
2386.100 1.051
2386.200 1.059
2386.300 1.055
2386.400 1.056
2386.500 1.051
2386.600 1.054
2386.700 1.052
2386.800 1.051
2386.900 1.053
2387.000 1.053
2387.100 1.056
2387.200 1.064
2387.300 1.060
2387.400 1.061
2387.500 1.061
2387.600 1.069
2387.700 1.063
2387.800 1.071
2387.900 1.066
2388.000 1.065
2388.100 1.065
2388.200 1.066
2388.300 1.059
2388.400 1.062
2388.500 1.064
2388.600 1.062
2388.700 1.067
2388.800 1.071
2388.900 1.068
2389.000 1.072
2389.100 1.074
2389.200 1.072
2389.300 1.073
2389.400 1.068
2389.500 1.076
2389.600 1.073
2389.700 1.070
2389.800 1.075
2389.900 1.074
2390.000 1.072
2390.100 1.074
2390.200 1.073
2390.300 1.078
2390.400 1.079
2390.500 1.081
2390.600 1.086
2390.700 1.090
2390.800 1.086
2390.900 1.085
2391.000 1.085
2391.100 1.087
2391.200 1.087
2391.300 1.083
2391.400 1.085
2391.500 1.088
2391.600 1.098
2391.700 1.091
2391.800 1.092
2391.900 1.095
2392.000 1.094
2392.100 1.100
2392.200 1.093
2392.300 1.093
2392.400 1.101
2392.500 1.093
2392.600 1.095
2392.700 1.096
2392.800 1.098
2392.900 1.095
2393.000 1.101
2393.100 1.097
2393.200 1.116
2393.300 1.118
2393.400 1.105
2393.500 1.105
2393.600 1.115
2393.700 1.106
2393.800 1.108
2393.900 1.105
2394.000 1.109
2394.100 1.109
2394.200 1.110
2394.300 1.114
2394.400 1.111
2394.500 1.113
2394.600 1.112
2394.700 1.114
2394.800 1.114
2394.900 1.116
2395.000 1.113
2395.100 1.108
2395.200 1.110
2395.300 1.105
2395.400 1.106
2395.500 1.118
2395.600 1.115
2395.700 1.124
2395.800 1.133
2395.900 1.140
2396.000 1.118
2396.100 1.116
2396.200 1.127
2396.300 1.119
2396.400 1.123
2396.500 1.132
2396.600 1.130
2396.700 1.128
2396.800 1.124
2396.900 1.126
2397.000 1.130
2397.100 1.128
2397.200 1.132
2397.300 1.132
2397.400 1.135
2397.500 1.141
2397.600 1.137
2397.700 1.143
2397.800 1.142
2397.900 1.139
2398.000 1.145
2398.100 1.147
2398.200 1.147
2398.300 1.149
2398.400 1.146
2398.500 1.149
2398.600 1.150
2398.700 1.149
2398.800 1.151
2398.900 1.151
2399.000 1.153
2399.100 1.155
2399.200 1.160
2399.300 1.162
2399.400 1.162
2399.500 1.167
2399.600 1.166
2399.700 1.165
2399.800 1.162
2399.900 1.168
2400.000 1.171
2400.100 1.178
2400.200 1.177
2400.300 1.171
2400.400 1.175
2400.500 1.180
2400.600 1.177
2400.700 1.184
2400.800 1.176
2400.900 1.185
2401.000 1.181
2401.100 1.193
2401.200 1.179
2401.300 1.181
2401.400 1.185
2401.500 1.190
2401.600 1.188
2401.700 1.195
2401.800 1.195
2401.900 1.195
2402.000 1.199
2402.100 1.197
2402.200 1.194
2402.300 1.194
2402.400 1.201
2402.500 1.205
2402.600 1.210
2402.700 1.206
2402.800 1.207
2402.900 1.207
2403.000 1.209
2403.100 1.212
2403.200 1.220
2403.300 1.214
2403.400 1.211
2403.500 1.218
2403.600 1.227
2403.700 1.228
2403.800 1.235
2403.900 1.223
2404.000 1.234
2404.100 1.238
2404.200 1.233
2404.300 1.229
2404.400 1.241
2404.500 1.238
2404.600 1.248
2404.700 1.251
2404.800 1.246
2404.900 1.245
2405.000 1.236
2405.100 1.271
2405.200 1.268
2405.300 1.264
2405.400 1.258
2405.500 1.260
2405.600 1.264
2405.700 1.264
2405.800 1.264
2405.900 1.271
2406.000 1.268
2406.100 1.278
2406.200 1.320
2406.300 1.305
2406.400 1.290
2406.500 1.287
2406.600 1.281
2406.700 1.289
2406.800 1.290
2406.900 1.289
2407.000 1.290
2407.100 1.296
2407.200 1.299
2407.300 1.303
2407.400 1.304
2407.500 1.311
2407.600 1.308
2407.700 1.311
2407.800 1.311
2407.900 1.315
2408.000 1.325
2408.100 1.340
2408.200 1.336
2408.300 1.344
2408.400 1.321
2408.500 1.323
2408.600 1.328
2408.700 1.326
2408.800 1.330
2408.900 1.331
2409.000 1.341
2409.100 1.341
2409.200 1.347
2409.300 1.348
2409.400 1.349
2409.500 1.351
2409.600 1.354
2409.700 1.373
2409.800 1.352
2409.900 1.366
2410.000 1.372
2410.100 1.368
2410.200 1.372
2410.300 1.372
2410.400 1.378
2410.500 1.377
2410.600 1.382
2410.700 1.382
2410.800 1.385
2410.900 1.394
2411.000 1.391
2411.100 1.397
2411.200 1.394
2411.300 1.405
2411.400 1.414
2411.500 1.410
2411.600 1.413
2411.700 1.416
2411.800 1.415
2411.900 1.426
2412.000 1.420
2412.100 1.437
2412.200 1.437
2412.300 1.446
2412.400 1.449
2412.500 1.449
2412.600 1.441
2412.700 1.443
2412.800 1.448
2412.900 1.458
2413.000 1.463
2413.100 1.456
2413.200 1.463
2413.300 1.468
2413.400 1.473
2413.500 1.473
2413.600 1.473
2413.700 1.477
2413.800 1.481
2413.900 1.489
2414.000 1.491
2414.100 1.493
2414.200 1.498
2414.300 1.502
2414.400 1.505
2414.500 1.504
2414.600 1.523
2414.700 1.522
2414.800 1.520
2414.900 1.521
2415.000 1.526
2415.100 1.538
2415.200 1.542
2415.300 1.550
2415.400 1.552
2415.500 1.549
2415.600 1.554
2415.700 1.554
2415.800 1.560
2415.900 1.569
2416.000 1.572
2416.100 1.573
2416.200 1.575
2416.300 1.582
2416.400 1.603
2416.500 1.584
2416.600 1.619
2416.700 1.594
2416.800 1.616
2416.900 1.620
2417.000 1.625
2417.100 1.621
2417.200 1.639
2417.300 1.632
2417.400 1.649
2417.500 1.632
2417.600 1.651
2417.700 1.645
2417.800 1.623
2417.900 1.667
2418.000 1.661
2418.100 1.681
2418.200 1.675
2418.300 1.681
2418.400 1.679
2418.500 1.687
2418.600 1.698
2418.700 1.697
2418.800 1.708
2418.900 1.711
2419.000 1.725
2419.100 1.720
2419.200 1.729
2419.300 1.741
2419.400 1.751
2419.500 1.748
2419.600 1.762
2419.700 1.757
2419.800 1.768
2419.900 1.775
2420.000 1.778
2420.100 1.790
2420.200 1.791
2420.300 1.796
2420.400 1.805
2420.500 1.839
2420.600 1.816
2420.700 1.835
2420.800 1.837
2420.900 1.844
2421.000 1.843
2421.100 1.859
2421.200 1.863
2421.300 1.866
2421.400 1.872
2421.500 1.876
2421.600 1.884
2421.700 1.890
2421.800 1.902
2421.900 1.907
2422.000 1.914
2422.100 1.930
2422.200 1.932
2422.300 1.949
2422.400 1.953
2422.500 1.974
2422.600 1.971
2422.700 1.978
2422.800 1.991
2422.900 1.994
2423.000 2.005
2423.100 2.012
2423.200 2.018
2423.300 2.029
2423.400 2.036
2423.500 2.043
2423.600 2.059
2423.700 2.067
2423.800 2.083
2423.900 2.085
2424.000 2.101
2424.100 2.105
2424.200 2.109
2424.300 2.128
2424.400 2.129
2424.500 2.147
2424.600 2.157
2424.700 2.160
2424.800 2.174
2424.900 2.188
2425.000 2.193
2425.100 2.206
2425.200 2.228
2425.300 2.243
2425.400 2.248
2425.500 2.266
2425.600 2.277
2425.700 2.284
2425.800 2.297
2425.900 2.302
2426.000 2.320
2426.100 2.347
2426.200 2.353
2426.300 2.372
2426.400 2.372
2426.500 2.385
2426.600 2.405
2426.700 2.409
2426.800 2.431
2426.900 2.436
2427.000 2.457
2427.100 2.481
2427.200 2.489
2427.300 2.506
2427.400 2.515
2427.500 2.530
2427.600 2.550
2427.700 2.563
2427.800 2.579
2427.900 2.590
2428.000 2.619
2428.100 2.635
2428.200 2.650
2428.300 2.668
2428.400 2.678
2428.500 2.702
2428.600 2.732
2428.700 2.744
2428.800 2.766
2428.900 2.777
2429.000 2.804
2429.100 2.832
2429.200 2.844
2429.300 2.871
2429.400 2.888
2429.500 2.911
2429.600 2.938
2429.700 2.957
2429.800 2.980
2429.900 2.996
2430.000 3.024
2430.100 3.051
2430.200 3.066
2430.300 3.109
2430.400 3.125
2430.500 3.163
2430.600 3.188
2430.700 3.206
2430.800 3.241
2430.900 3.259
2431.000 3.294
2431.100 3.332
2431.200 3.341
2431.300 3.377
2431.400 3.396
2431.500 3.427
2431.600 3.474
2431.700 3.487
2431.800 3.527
2431.900 3.546
2432.000 3.588
2432.100 3.639
2432.200 3.663
2432.300 3.697
2432.400 3.724
2432.500 3.747
2432.600 3.811
2432.700 3.826
2432.800 3.862
2432.900 3.904
2433.000 4.029
2433.100 4.076
2433.200 4.095
2433.300 4.140
2433.400 4.167
2433.500 4.135
2433.600 4.210
2433.700 4.226
2433.800 4.288
2433.900 4.309
2434.000 4.371
2434.100 4.390
2434.200 4.450
2434.300 4.507
2434.400 4.532
2434.500 4.593
2434.600 4.626
2434.700 4.685
2434.800 4.740
2434.900 4.767
2435.000 4.833
2435.100 4.879
2435.200 4.946
2435.300 5.007
2435.400 5.035
2435.500 5.103
2435.600 5.131
2435.700 5.198
2435.800 5.252
2435.900 5.276
2436.000 5.333
2436.100 5.357
2436.200 5.438
2436.300 5.497
2436.400 5.519
2436.500 5.570
2436.600 5.596
2436.700 5.649
2436.800 5.697
2436.900 5.720
2437.000 5.788
2437.100 5.803
2437.200 5.835
2437.300 5.866
2437.400 5.885
2437.500 5.915
2437.600 5.927
2437.700 5.963
2437.800 5.979
2437.900 5.984
2438.000 6.016
2438.100 6.013
2438.200 6.018
2438.300 6.000
2438.400 5.985
2438.500 5.974
2438.600 5.959
2438.700 5.944
2438.800 5.915
2438.900 5.905
2439.000 5.870
2439.100 5.847
2439.200 5.806
2439.300 5.760
2439.400 5.724
2439.500 5.690
2439.600 5.659
2439.700 5.587
2439.800 5.515
2439.900 5.486
2440.000 5.424
2440.100 5.376
2440.200 5.319
2440.300 5.242
2440.400 5.202
2440.500 5.128
2440.600 5.097
2440.700 5.013
2440.800 4.927
2440.900 4.886
2441.000 4.806
2441.100 4.765
2441.200 4.698
2441.300 4.610
2441.400 4.569
2441.500 4.491
2441.600 4.452
2441.700 4.365
2441.800 4.299
2441.900 4.264
2442.000 4.181
2442.100 4.155
2442.200 4.065
2442.300 3.987
2442.400 3.943
2442.500 3.882
2442.600 3.858
2442.700 3.770
2442.800 3.708
2442.900 3.676
2443.000 3.609
2443.100 3.581
2443.200 3.517
2443.300 3.456
2443.400 3.423
2443.500 3.365
2443.600 3.333
2443.700 3.277
2443.800 3.224
2443.900 3.194
2444.000 3.126
2444.100 3.098
2444.200 3.055
2444.300 3.012
2444.400 2.989
2444.500 2.929
2444.600 2.902
2444.700 2.854
2444.800 2.806
2444.900 2.780
2445.000 2.738
2445.100 2.715
2445.200 2.672
2445.300 2.631
2445.400 2.615
2445.500 2.560
2445.600 2.548
2445.700 2.501
2445.800 2.482
2445.900 2.444
2446.000 2.409
2446.100 2.392
2446.200 2.360
2446.300 2.341
2446.400 2.301
2446.500 2.266
2446.600 2.258
2446.700 2.217
2446.800 2.202
2446.900 2.176
2447.000 2.143
2447.100 2.120
2447.200 2.091
2447.300 2.080
2447.400 2.048
2447.500 2.021
2447.600 2.007
2447.700 1.982
2447.800 1.969
2447.900 1.941
2448.000 1.918
2448.100 1.901
2448.200 1.878
2448.300 1.866
2448.400 1.840
2448.500 1.811
2448.600 1.802
2448.700 1.779
2448.800 1.766
2448.900 1.735
2449.000 1.723
2449.100 1.710
2449.200 1.691
2449.300 1.676
2449.400 1.660
2449.500 1.631
2449.600 1.628
2449.700 1.621
2449.800 1.606
2449.900 1.594
2450.000 1.550
2450.100 1.542
2450.200 1.528
2450.300 1.525
2450.400 1.486
2450.500 1.475
2450.600 1.456
2450.700 1.470
2450.800 1.458
2450.900 1.439
2451.000 1.418
2451.100 1.415
2451.200 1.389
2451.300 1.382
2451.400 1.369
2451.500 1.348
2451.600 1.341
2451.700 1.329
2451.800 1.319
2451.900 1.310
2452.000 1.290
2452.100 1.285
2452.200 1.262
2452.300 1.256
2452.400 1.240
2452.500 1.231
2452.600 1.221
2452.700 1.213
2452.800 1.203
2452.900 1.187
2453.000 1.176
2453.100 1.170
2453.200 1.155
2453.300 1.145
2453.400 1.131
2453.500 1.118
2453.600 1.120
2453.700 1.092
2453.800 1.079
2453.900 1.066
2454.000 1.059
2454.100 1.053
2454.200 1.038
2454.300 1.062
2454.400 1.041
2454.500 1.032
2454.600 1.025
2454.700 1.010
2454.800 1.007
2454.900 0.994
2455.000 0.988
2455.100 0.979
2455.200 0.978
2455.300 0.972
2455.400 0.958
2455.500 0.957
2455.600 0.946
2455.700 0.932
2455.800 0.932
2455.900 0.918
2456.000 0.910
2456.100 0.908
2456.200 0.895
2456.300 0.898
2456.400 0.887
2456.500 0.872
2456.600 0.872
2456.700 0.867
2456.800 0.858
2456.900 0.851
2457.000 0.843
2457.100 0.842
2457.200 0.834
2457.300 0.824
2457.400 0.818
2457.500 0.810
2457.600 0.807
2457.700 0.801
2457.800 0.800
2457.900 0.787
2458.000 0.785
2458.100 0.774
2458.200 0.775
2458.300 0.769
2458.400 0.760
2458.500 0.757
2458.600 0.752
2458.700 0.740
2458.800 0.741
2458.900 0.731
2459.000 0.727
2459.100 0.722
2459.200 0.714
2459.300 0.709
2459.400 0.705
2459.500 0.702
2459.600 0.689
2459.700 0.687
2459.800 0.686
2459.900 0.679
2460.000 0.674
2460.100 0.671
2460.200 0.663
2460.300 0.661
2460.400 0.653
2460.500 0.654
2460.600 0.647
2460.700 0.643
2460.800 0.638
2460.900 0.632
2461.000 0.628
2461.100 0.624
2461.200 0.622
2461.300 0.615
2461.400 0.611
2461.500 0.611
2461.600 0.572
2461.700 0.600
2461.800 0.593
2461.900 0.586
2462.000 0.585
2462.100 0.578
2462.200 0.572
2462.300 0.571
2462.400 0.567
2462.500 0.563
2462.600 0.560
2462.700 0.554
2462.800 0.552
2462.900 0.546
2463.000 0.552
2463.100 0.535
2463.200 0.535
2463.300 0.531
2463.400 0.532
2463.500 0.526
2463.600 0.518
2463.700 0.516
2463.800 0.516
2463.900 0.511
2464.000 0.511
2464.100 0.503
2464.200 0.499
2464.300 0.499
2464.400 0.495
2464.500 0.501
2464.600 0.484
2464.700 0.484
2464.800 0.478
2464.900 0.476
2465.000 0.475
2465.100 0.475
2465.200 0.464
2465.300 0.466
2465.400 0.458
2465.500 0.455
2465.600 0.452
2465.700 0.450
2465.800 0.447
2465.900 0.450
2466.000 0.437
2466.100 0.437
2466.200 0.434
2466.300 0.430
2466.400 0.429
2466.500 0.430
2466.600 0.426
2466.700 0.416
2466.800 0.423
2466.900 0.428
2467.000 0.419
2467.100 0.408
2467.200 0.404
2467.300 0.406
2467.400 0.405
2467.500 0.399
2467.600 0.397
2467.700 0.389
2467.800 0.389
2467.900 0.389
2468.000 0.386
2468.100 0.380
2468.200 0.378
2468.300 0.377
2468.400 0.374
2468.500 0.371
2468.600 0.367
2468.700 0.365
2468.800 0.364
2468.900 0.356
2469.000 0.362
2469.100 0.359
2469.200 0.357
2469.300 0.361
2469.400 0.349
2469.500 0.347
2469.600 0.344
2469.700 0.344
2469.800 0.337
2469.900 0.334
2470.000 0.333
2470.100 0.333
2470.200 0.329
2470.300 0.328
2470.400 0.323
2470.500 0.325
2470.600 0.321
2470.700 0.320
2470.800 0.318
2470.900 0.315
2471.000 0.316
2471.100 0.312
2471.200 0.313
2471.300 0.305
2471.400 0.306
2471.500 0.302
2471.600 0.303
2471.700 0.300
2471.800 0.298
2471.900 0.296
2472.000 0.294
2472.100 0.287
2472.200 0.284
2472.300 0.283
2472.400 0.284
2472.500 0.286
2472.600 0.276
2472.700 0.283
2472.800 0.280
2472.900 0.272
2473.000 0.269
2473.100 0.273
2473.200 0.267
2473.300 0.266
2473.400 0.258
2473.500 0.268
2473.600 0.261
2473.700 0.259
2473.800 0.257
2473.900 0.258
2474.000 0.254
2474.100 0.254
2474.200 0.252
2474.300 0.252
2474.400 0.247
2474.500 0.245
2474.600 0.243
2474.700 0.236
2474.800 0.238
2474.900 0.235
2475.000 0.232
2475.100 0.230
2475.200 0.232
2475.300 0.230
2475.400 0.231
2475.500 0.228
2475.600 0.223
2475.700 0.221
2475.800 0.225
2475.900 0.224
2476.000 0.223
2476.100 0.216
2476.200 0.213
2476.300 0.216
2476.400 0.213
2476.500 0.209
2476.600 0.211
2476.700 0.206
2476.800 0.203
2476.900 0.206
2477.000 0.208
2477.100 0.203
2477.200 0.204
2477.300 0.199
2477.400 0.195
2477.500 0.198
2477.600 0.193
2477.700 0.195
2477.800 0.188
2477.900 0.189
2478.000 0.187
2478.100 0.185
2478.200 0.183
2478.300 0.181
2478.400 0.181
2478.500 0.178
2478.600 0.178
2478.700 0.175
2478.800 0.177
2478.900 0.176
2479.000 0.175
2479.100 0.173
2479.200 0.172
2479.300 0.167
2479.400 0.170
2479.500 0.163
2479.600 0.167
2479.700 0.165
2479.800 0.163
2479.900 0.162
2480.000 0.161
2480.100 0.159
2480.200 0.158
2480.300 0.156
2480.400 0.155
2480.500 0.152
2480.600 0.156
2480.700 0.153
2480.800 0.160
2480.900 0.159
2481.000 0.143
2481.100 0.146
2481.200 0.148
2481.300 0.144
2481.400 0.144
2481.500 0.139
2481.600 0.142
2481.700 0.139
2481.800 0.136
2481.900 0.133
2482.000 0.137
2482.100 0.132
2482.200 0.134
2482.300 0.131
2482.400 0.131
2482.500 0.130
2482.600 0.126
2482.700 0.126
2482.800 0.128
2482.900 0.119
2483.000 0.121
2483.100 0.117
2483.200 0.120
2483.300 0.118
2483.400 0.114
2483.500 0.116
2483.600 0.115
2483.700 0.116
2483.800 0.116
2483.900 0.112
2484.000 0.114
2484.100 0.110
2484.200 0.112
2484.300 0.108
2484.400 0.111
2484.500 0.114
2484.600 0.111
2484.700 0.105
2484.800 0.103
2484.900 0.108
2485.000 0.105
2485.100 0.100
2485.200 0.102
2485.300 0.100
2485.400 0.097
2485.500 0.095
2485.600 0.099
2485.700 0.092
2485.800 0.091
2485.900 0.092
2486.000 0.092
2486.100 0.095
2486.200 0.088
2486.300 0.089
2486.400 0.086
2486.500 0.089
2486.600 0.086
2486.700 0.083
2486.800 0.083
2486.900 0.084
2487.000 0.080
2487.100 0.083
2487.200 0.084
2487.300 0.079
2487.400 0.076
2487.500 0.078
2487.600 0.077
2487.700 0.076
2487.800 0.074
2487.900 0.076
2488.000 0.074
2488.100 0.076
2488.200 0.073
2488.300 0.071
2488.400 0.071
2488.500 0.068
2488.600 0.069
2488.700 0.067
2488.800 0.068
2488.900 0.064
2489.000 0.066
2489.100 0.065
2489.200 0.064
2489.300 0.067
2489.400 0.059
2489.500 0.059
2489.600 0.060
2489.700 0.060
2489.800 0.062
2489.900 0.053
2490.000 0.059
2490.100 0.055
2490.200 0.055
2490.300 0.055
2490.400 0.055
2490.500 0.054
2490.600 0.051
2490.700 0.049
2490.800 0.048
2490.900 0.051
2491.000 0.051
2491.100 0.052
2491.200 0.051
2491.300 0.049
2491.400 0.044
2491.500 0.047
2491.600 0.042
2491.700 0.043
2491.800 0.044
2491.900 0.043
2492.000 0.043
2492.100 0.042
2492.200 0.042
2492.300 0.038
2492.400 0.040
2492.500 0.040
2492.600 0.041
2492.700 0.039
2492.800 0.036
2492.900 0.034
2493.000 0.034
2493.100 0.034
2493.200 0.034
2493.300 0.036
2493.400 0.033
2493.500 0.032
2493.600 0.035
2493.700 0.031
2493.800 0.032
2493.900 0.030
2494.000 0.030
2494.100 0.030
2494.200 0.028
2494.300 0.029
2494.400 0.028
2494.500 0.025
2494.600 0.027
2494.700 0.026
2494.800 0.025
2494.900 0.023
2495.000 0.027
2495.100 0.023
2495.200 0.025
2495.300 0.023
2495.400 0.024
2495.500 0.022
2495.600 0.024
2495.700 0.022
2495.800 0.019
2495.900 0.022
2496.000 0.020
2496.100 0.023
2496.200 0.019
2496.300 0.020
2496.400 0.021
2496.500 0.020
2496.600 0.020
2496.700 0.019
2496.800 0.026
2496.900 0.021
2497.000 0.017
2497.100 0.019
2497.200 0.016
2497.300 0.019
2497.400 0.019
2497.500 0.021
2497.600 0.019
2497.700 0.018
2497.800 0.021
2497.900 0.019
2498.000 0.018
2498.100 0.019
2498.200 0.022
2498.300 0.020
2498.400 0.022
2498.500 0.020
2498.600 0.021
2498.700 0.026
2498.800 0.023
2498.900 0.024
2499.000 0.022
2499.100 0.020
2499.200 0.022
2499.300 0.024
2499.400 0.022
2499.500 0.024
2499.600 0.022
2499.700 0.025
2499.800 0.025
2499.900 0.025
2500.000 0.025
