110.000 0.146
120.000 0.146
130.000 0.090
140.000 0.121
150.000 0.430
160.000 0.534
170.000 0.568
180.000 0.817
190.000 0.889
200.000 0.970
210.000 1.196
220.000 1.196
230.000 1.445
240.000 1.553
250.000 1.759
260.000 2.198
270.000 2.198
280.000 2.559
290.000 2.814
300.000 2.973
310.000 3.375
320.000 3.375
330.000 3.914
340.000 4.473
350.000 6.182
360.000 6.537
370.000 6.533
380.000 6.945
390.000 8.460
400.000 9.539
410.000 10.859
420.000 10.859
430.000 13.277
440.000 15.284
450.000 17.711
460.000 19.678
480.000 21.763
490.000 21.763
500.000 21.653
510.000 21.013
520.000 19.147
530.000 17.732
540.000 16.069
550.000 16.069
560.000 14.963
570.000 13.935
580.000 12.859
590.000 12.859
600.000 11.995
610.000 11.141
620.000 10.592
630.000 10.259
640.000 9.472
650.000 9.472
660.000 9.170
670.000 8.777
680.000 8.381
690.000 8.381
700.000 8.091
710.000 7.886
720.000 7.742
730.000 7.533
740.000 7.610
750.000 7.610
760.000 7.491
770.000 7.516
780.000 7.538
790.000 7.538
800.000 7.819
810.000 7.897
820.000 8.150
830.000 8.171
840.000 8.681
850.000 8.681
860.000 8.984
870.000 9.240
880.000 9.368
890.000 9.365
900.000 9.842
910.000 10.262
920.000 10.856
930.000 11.419
940.000 11.713
950.000 11.713
960.000 12.116
970.000 11.930
980.000 11.277
990.000 11.277
1000.000 10.378
1010.000 9.332
1020.000 8.269
1030.000 6.420
1040.000 5.117
1050.000 5.117
1060.000 4.658
1070.000 3.760
1080.000 3.388
1090.000 3.388
1100.000 3.072
1110.000 2.632
1120.000 2.417
1130.000 2.417
1140.000 2.210
1150.000 2.081
1160.000 1.975
1170.000 1.886
1180.000 1.837
1190.000 1.837
1200.000 1.794
1210.000 1.768
1220.000 1.763
1230.000 1.763
1240.000 1.749
1250.000 1.729
1260.000 1.753
1270.000 1.756
1280.000 1.773
1290.000 1.773
1300.000 1.779
1310.000 1.791
1320.000 1.819
1330.000 1.819
1340.000 1.824
1350.000 1.830
1360.000 1.822
1370.000 1.818
1380.000 1.859
1390.000 1.859
1400.000 1.853
1410.000 1.850
1420.000 1.868
1430.000 1.868
1440.000 1.877
1450.000 1.904
1460.000 1.920
1470.000 1.930
1480.000 1.940
1490.000 1.939
1500.000 1.952
1510.000 1.952
1520.000 1.956
1530.000 1.956
1540.000 1.953
1550.000 1.964
1560.000 1.965
1570.000 1.949
1580.000 1.937
1590.000 1.937
1600.000 1.944
1610.000 1.958
1620.000 1.944
1630.000 1.944
1640.000 1.903
1650.000 1.882
1660.000 1.833
1670.000 1.768
1680.000 1.693
1690.000 1.693
1700.000 1.621
1710.000 1.596
1720.000 1.647
1730.000 1.647
1740.000 1.831
1750.000 2.174
1760.000 2.693
1770.000 3.286
1780.000 3.861
1790.000 3.861
1800.000 4.336
1810.000 4.766
1820.000 5.039
1830.000 5.039
1840.000 5.242
1850.000 5.403
1860.000 5.535
1870.000 5.643
1880.000 5.739
1890.000 5.739
1900.000 5.807
1910.000 5.937
1920.000 5.990
1930.000 5.990
1940.000 5.990
1950.000 5.981
1960.000 5.982
1970.000 5.957
1980.000 5.902
1990.000 5.902
2000.000 5.863
2010.000 5.752
2020.000 5.653
2030.000 5.653
2040.000 5.571
2050.000 5.421
2060.000 5.321
2070.000 5.177
2080.000 5.033
2090.000 5.031
2100.000 4.891
2110.000 4.755
2120.000 4.593
2130.000 4.593
2140.000 4.447
2150.000 4.342
2160.000 4.256
2170.000 4.180
2180.000 4.114
2190.000 4.114
2200.000 4.047
2210.000 3.961
2220.000 3.876
2230.000 3.876
2240.000 3.815
2250.000 3.733
2260.000 3.663
2270.000 3.584
2280.000 3.509
2290.000 3.509
2300.000 3.434
2310.000 3.353
2320.000 3.287
2330.000 3.287
2340.000 3.210
2350.000 3.150
2360.000 3.092
2370.000 3.037
2380.000 2.969
2390.000 2.969
2400.000 2.919
2410.000 2.867
2420.000 2.817
2430.000 2.817
2440.000 2.768
2450.000 2.725
2460.000 2.681
2470.000 2.642
2480.000 2.608
2490.000 2.608
2500.000 2.579
2510.000 2.547
2520.000 2.510
2530.000 2.510
2540.000 2.472
2550.000 2.446
2560.000 2.421
2570.000 2.396
2580.000 2.378
2590.000 2.378
2600.000 2.355
2610.000 2.330
2620.000 2.313
2630.000 2.313
2640.000 2.302
2650.000 2.279
2660.000 2.263
2670.000 2.241
2680.000 2.221
2690.000 2.221
2700.000 2.206
2710.000 2.192
2720.000 2.179
2730.000 2.179
2740.000 2.157
2750.000 2.132
2760.000 2.103
2770.000 2.064
2780.000 2.010
2790.000 2.010
2800.000 1.951
2810.000 1.898
2820.000 1.836
2830.000 1.836
2840.000 1.779
2850.000 1.704
2860.000 1.659
2870.000 1.607
2880.000 1.565
2890.000 1.565
2900.000 1.522
2910.000 1.484
2920.000 1.467
2930.000 1.467
2940.000 1.444
2950.000 1.439
2960.000 1.431
2970.000 1.422
2980.000 1.410
2990.000 1.410
3000.000 1.425
3010.000 1.432
3020.000 1.439
3030.000 1.439
3040.000 1.440
3050.000 1.452
3060.000 1.460
3070.000 1.478
3080.000 1.478
3090.000 1.478
3100.000 1.496
3110.000 1.505
3120.000 1.518
3130.000 1.518
3140.000 1.529
3150.000 1.543
3160.000 1.558
3170.000 1.570
3180.000 1.590
3190.000 1.590
3200.000 1.616
3210.000 1.636
3220.000 1.665
3230.000 1.665
3240.000 1.682
3250.000 1.709
3260.000 1.732
3270.000 1.770
3280.000 1.803
3290.000 1.803
3300.000 1.828
3310.000 1.873
3320.000 1.916
3330.000 1.916
3340.000 1.954
3350.000 1.991
3360.000 2.051
3370.000 2.097
3380.000 2.147
3390.000 2.147
3400.000 2.207
3410.000 2.271
3420.000 2.341
3430.000 2.341
3440.000 2.401
3450.000 2.516
3460.000 2.614
3470.000 2.721
3480.000 2.828
3490.000 2.828
3500.000 2.991
3510.000 3.161
3520.000 3.348
3530.000 3.348
3540.000 3.575
3550.000 3.845
3560.000 4.168
3570.000 4.168
3580.000 4.551
3590.000 5.014
3600.000 5.592
3610.000 6.328
3620.000 7.219
3630.000 7.219
3640.000 8.232
3650.000 9.553
3660.000 10.759
3670.000 10.759
3680.000 12.021
3690.000 13.063
3700.000 13.651
3710.000 13.591
3720.000 12.650
3730.000 12.647
3740.000 11.435
3750.000 9.785
3760.000 8.487
3770.000 8.485
3780.000 7.235
3790.000 6.127
3800.000 5.290
3810.000 4.603
3820.000 4.040
3830.000 4.040
3840.000 3.533
3850.000 3.146
3860.000 2.860
3870.000 2.860
3880.000 2.569
3890.000 2.359
3900.000 2.176
3910.000 2.028
3920.000 1.878
3930.000 1.878
3940.000 1.774
3950.000 1.708
3960.000 1.625
3970.000 1.625
3980.000 1.540
3990.000 1.461
4000.000 1.384
4010.000 1.313
4020.000 1.246
4030.000 1.246
4040.000 1.201
4050.000 1.141
4060.000 1.071
4070.000 1.071
4080.000 1.016
4090.000 0.961
4100.000 0.919
4110.000 0.869
4120.000 0.826
4130.000 0.826
4140.000 0.782
4150.000 0.741
4160.000 0.707
4170.000 0.707
4180.000 0.679
4190.000 0.649
4200.000 0.622
4210.000 0.600
4220.000 0.577
4230.000 0.577
4240.000 0.555
4250.000 0.540
4260.000 0.524
4270.000 0.524
4280.000 0.507
4290.000 0.488
4300.000 0.468
4310.000 0.448
4320.000 0.425
4330.000 0.425
4340.000 0.398
4350.000 0.377
4360.000 0.357
4370.000 0.357
4380.000 0.340
4390.000 0.329
4400.000 0.319
4410.000 0.308
4420.000 0.297
4430.000 0.297
4440.000 0.290
4450.000 0.284
4460.000 0.275
4470.000 0.275
4480.000 0.267
4490.000 0.262
4500.000 0.261
4510.000 0.252
4520.000 0.247
4530.000 0.247
4540.000 0.243
4550.000 0.237
4560.000 0.237
4570.000 0.237
4580.000 0.236
4590.000 0.235
4600.000 0.237
4610.000 0.236
4620.000 0.241
4630.000 0.241
4640.000 0.247
4650.000 0.254
4660.000 0.261
4670.000 0.261
4680.000 0.282
4690.000 0.290
4700.000 0.302
4710.000 0.310
4720.000 0.318
4730.000 0.318
4740.000 0.328
4750.000 0.332
4760.000 0.332
4770.000 0.332
4780.000 0.328
4790.000 0.318
4800.000 0.300
4810.000 0.279
4820.000 0.252
4830.000 0.252
4840.000 0.226
4850.000 0.200
4860.000 0.174
4870.000 0.174
4880.000 0.151
4890.000 0.132
4900.000 0.119
4910.000 0.113
4920.000 0.116
4930.000 0.116
4940.000 0.130
4950.000 0.150
4960.000 0.177
4970.000 0.177
4980.000 0.208
4990.000 0.241
5000.000 0.279
5010.000 0.320
5020.000 0.375
5030.000 0.375
5040.000 0.423
5050.000 0.491
5060.000 0.563
5070.000 0.562
5080.000 0.654
5090.000 0.743
5100.000 0.860
5110.000 0.978
5120.000 1.104
5130.000 1.104
5140.000 1.234
5150.000 1.364
5160.000 1.494
5170.000 1.494
5180.000 1.602
5190.000 1.690
5200.000 1.763
5210.000 1.810
5220.000 1.855
5230.000 1.855
5240.000 1.874
5250.000 1.887
5260.000 1.885
5270.000 1.885
5280.000 1.877
5290.000 1.870
5300.000 1.851
5310.000 1.830
5320.000 1.810
5330.000 1.810
5340.000 1.788
5350.000 1.768
5360.000 1.745
5370.000 1.745
5380.000 1.727
5390.000 1.703
5400.000 1.684
5410.000 1.660
5420.000 1.639
5430.000 1.639
5440.000 1.616
5450.000 1.569
5460.000 1.525
5470.000 1.525
5480.000 1.468
5490.000 1.418
5500.000 1.371
5510.000 1.324
5520.000 1.284
5530.000 1.284
5540.000 1.243
5550.000 1.209
5560.000 1.176
5570.000 1.176
5580.000 1.149
5590.000 1.120
5600.000 1.094
5610.000 1.072
5620.000 1.060
5630.000 1.060
5640.000 1.054
5650.000 1.055
5660.000 1.051
5670.000 1.051
5680.000 1.052
5690.000 1.054
5700.000 1.057
5710.000 1.062
5720.000 1.068
5730.000 1.068
5740.000 1.144
5750.000 1.189
5760.000 1.178
5770.000 1.178
5780.000 1.170
5790.000 1.165
5800.000 1.164
5810.000 1.165
5820.000 1.164
5830.000 1.164
5840.000 1.162
5850.000 1.171
5860.000 1.176
5870.000 1.176
5880.000 1.182
5890.000 1.190
5900.000 1.201
5910.000 1.201
5920.000 1.210
5930.000 1.226
5940.000 1.236
5950.000 1.246
5960.000 1.261
5970.000 1.260
5980.000 1.283
5990.000 1.290
6000.000 1.313
6010.000 1.313
6020.000 1.335
6030.000 1.360
6040.000 1.383
6050.000 1.408
6060.000 1.430
6070.000 1.430
6080.000 1.450
6090.000 1.478
6100.000 1.497
6110.000 1.497
6120.000 1.521
6130.000 1.540
6140.000 1.559
6150.000 1.578
6160.000 1.591
6170.000 1.591
6180.000 1.609
6190.000 1.628
6200.000 1.641
6210.000 1.641
6220.000 1.645
6230.000 1.669
6240.000 1.683
6250.000 1.673
6260.000 1.681
6270.000 1.681
6280.000 1.701
6290.000 1.697
6300.000 1.686
6310.000 1.685
6320.000 1.704
6330.000 1.709
6340.000 1.722
6350.000 1.715
6360.000 1.726
6370.000 1.726
6380.000 1.716
6390.000 1.721
6400.000 1.738
6410.000 1.738
6420.000 1.743
6430.000 1.748
6440.000 1.775
6450.000 1.783
6460.000 1.796
6470.000 1.796
6480.000 1.808
6490.000 1.843
6500.000 1.838
6510.000 1.838
6520.000 1.823
6530.000 1.856
6540.000 1.869
6550.000 1.834
6560.000 1.820
6570.000 1.819
6580.000 1.823
6590.000 1.806
6600.000 1.773
6610.000 1.773
6620.000 1.745
6630.000 1.725
6640.000 1.688
6650.000 1.646
6660.000 1.627
6670.000 1.627
6680.000 1.585
6690.000 1.562
6700.000 1.536
6710.000 1.536
6720.000 1.503
6730.000 1.467
6740.000 1.444
6750.000 1.419
6760.000 1.384
6770.000 1.384
6780.000 1.355
6790.000 1.344
6800.000 1.332
6810.000 1.332
6820.000 1.287
6830.000 1.278
6840.000 1.258
6850.000 1.239
6860.000 1.213
6870.000 1.212
6880.000 1.204
6890.000 1.196
6900.000 1.178
6910.000 1.178
6920.000 1.156
6930.000 1.154
6940.000 1.137
6950.000 1.121
6960.000 1.117
6970.000 1.117
6980.000 1.103
6990.000 1.088
7000.000 1.067
7010.000 1.067
7020.000 1.067
7030.000 1.045
7040.000 1.018
7050.000 1.011
7060.000 1.008
7070.000 1.002
7080.000 0.989
7090.000 0.970
7100.000 0.973
7110.000 0.973
7120.000 0.956
7130.000 0.938
7140.000 0.933
7150.000 0.923
7160.000 0.923
7170.000 0.909
7180.000 0.903
7190.000 0.902
7200.000 0.893
7210.000 0.893
7220.000 0.876
7230.000 0.883
7240.000 0.875
7250.000 0.877
7260.000 0.877
7270.000 0.865
7280.000 0.864
7290.000 0.864
7300.000 0.868
7310.000 0.868
7320.000 0.871
7330.000 0.869
7340.000 0.871
7350.000 0.872
7360.000 0.872
7370.000 0.877
7380.000 0.892
7390.000 0.900
7400.000 0.927
7410.000 0.927
7420.000 0.931
7430.000 0.924
7440.000 0.924
7450.000 0.938
7460.000 0.938
7470.000 0.944
7480.000 0.951
7490.000 0.964
7500.000 0.975
7510.000 0.975
7520.000 1.002
7530.000 1.013
7540.000 1.023
7550.000 1.029
7560.000 1.029
7570.000 1.044
7580.000 1.048
7590.000 1.051
7600.000 1.061
7610.000 1.061
7620.000 1.061
7630.000 1.057
7640.000 1.062
7650.000 1.067
7660.000 1.067
7670.000 1.061
7680.000 1.062
7690.000 1.071
7700.000 1.063
7710.000 1.063
7720.000 1.049
7730.000 1.038
7740.000 1.032
7750.000 1.019
7760.000 1.019
7770.000 0.988
7780.000 0.973
7790.000 0.958
7800.000 0.935
7810.000 0.935
7820.000 0.910
7830.000 0.890
7840.000 0.864
7850.000 0.837
7860.000 0.836
7870.000 0.823
7880.000 0.799
7890.000 0.783
7900.000 0.760
7910.000 0.760
7920.000 0.743
7930.000 0.724
7940.000 0.701
7950.000 0.683
7960.000 0.683
7970.000 0.671
7980.000 0.653
7990.000 0.640
8000.000 0.626
8010.000 0.626
8020.000 0.616
8030.000 0.605
8040.000 0.594
8050.000 0.580
8060.000 0.580
8070.000 0.564
8080.000 0.548
8090.000 0.539
8100.000 0.532
8110.000 0.532
8120.000 0.535
8130.000 0.540
8140.000 0.553
8150.000 0.553
8160.000 0.553
8170.000 0.549
8180.000 0.541
8190.000 0.531
8200.000 0.519
8210.000 0.518
8220.000 0.507
8230.000 0.496
8240.000 0.484
8250.000 0.474
8260.000 0.472
8270.000 0.463
8280.000 0.453
8290.000 0.442
8300.000 0.434
8310.000 0.434
8320.000 0.426
8330.000 0.419
8340.000 0.410
8350.000 0.410
8360.000 0.401
8370.000 0.398
8380.000 0.390
8390.000 0.383
8400.000 0.378
8410.000 0.378
8420.000 0.372
8430.000 0.365
8440.000 0.360
8450.000 0.360
8460.000 0.355
8470.000 0.352
8480.000 0.346
8490.000 0.341
8500.000 0.337
8510.000 0.337
8520.000 0.333
8530.000 0.328
8540.000 0.325
8550.000 0.325
8560.000 0.321
8570.000 0.318
8580.000 0.315
8590.000 0.310
8600.000 0.307
8610.000 0.307
8620.000 0.306
8630.000 0.303
8640.000 0.301
8650.000 0.301
8660.000 0.298
8670.000 0.296
8680.000 0.294
8690.000 0.291
8700.000 0.297
8710.000 0.297
8720.000 0.306
8730.000 0.310
8740.000 0.305
8750.000 0.305
8760.000 0.305
8770.000 0.302
8780.000 0.303
8790.000 0.306
8800.000 0.299
8810.000 0.299
8820.000 0.293
8830.000 0.293
8840.000 0.287
8850.000 0.287
8860.000 0.283
8870.000 0.279
8880.000 0.285
8890.000 0.279
8900.000 0.275
8910.000 0.275
8920.000 0.276
8930.000 0.274
8940.000 0.271
8950.000 0.271
8960.000 0.267
8970.000 0.265
8980.000 0.265
8990.000 0.264
9000.000 0.266
9010.000 0.266
9020.000 0.265
9030.000 0.263
9040.000 0.260
9050.000 0.260
9060.000 0.265
9070.000 0.261
9080.000 0.262
9090.000 0.264
9100.000 0.262
9110.000 0.262
9120.000 0.263
9130.000 0.266
9140.000 0.265
9150.000 0.265
9160.000 0.265
9170.000 0.265
9180.000 0.268
9190.000 0.268
9200.000 0.267
9210.000 0.267
9220.000 0.267
9230.000 0.268
9240.000 0.267
9250.000 0.267
9260.000 0.269
9270.000 0.270
9280.000 0.270
9290.000 0.271
9300.000 0.274
9310.000 0.274
9320.000 0.275
9330.000 0.278
9340.000 0.281
9350.000 0.281
9360.000 0.285
9370.000 0.285
9380.000 0.291
9390.000 0.291
9400.000 0.295
9410.000 0.295
9420.000 0.303
9430.000 0.308
9440.000 0.311
9450.000 0.311
9460.000 0.316
9470.000 0.321
9480.000 0.327
9490.000 0.333
9500.000 0.333
9510.000 0.340
9520.000 0.345
9530.000 0.354
9540.000 0.362
9550.000 0.362
9560.000 0.374
9570.000 0.381
9580.000 0.391
9590.000 0.402
9600.000 0.402
9610.000 0.412
9620.000 0.424
9630.000 0.435
9640.000 0.451
9650.000 0.451
9660.000 0.468
9670.000 0.481
9680.000 0.496
9690.000 0.512
9700.000 0.512
9710.000 0.531
9720.000 0.554
9730.000 0.576
9740.000 0.600
9750.000 0.600
9760.000 0.628
9770.000 0.656
9780.000 0.683
9790.000 0.712
9800.000 0.712
9810.000 0.745
9820.000 0.773
9830.000 0.817
9840.000 0.853
9850.000 0.852
9860.000 0.897
9870.000 0.943
9880.000 0.995
9890.000 1.057
9900.000 1.057
9910.000 1.116
9920.000 1.190
9930.000 1.269
9940.000 1.358
9950.000 1.358
9960.000 1.481
9970.000 1.596
9980.000 1.715
9990.000 1.852
10000.000 1.852
10010.000 2.000
10020.000 2.148
10030.000 2.293
10040.000 2.441
10050.000 2.441
10060.000 2.594
10070.000 2.732
10080.000 2.832
10090.000 2.886
10100.000 2.886
10110.000 2.927
10120.000 2.916
10130.000 2.859
10140.000 2.742
10150.000 2.741
10160.000 2.616
10170.000 2.474
10180.000 2.334
10190.000 2.244
10200.000 2.244
10210.000 2.125
10220.000 2.016
10230.000 1.912
10240.000 1.824
10250.000 1.824
10260.000 1.739
10270.000 1.669
10280.000 1.614
10290.000 1.556
10300.000 1.556
10310.000 1.505
10320.000 1.472
10330.000 1.426
10340.000 1.395
10350.000 1.395
10360.000 1.361
10370.000 1.328
10380.000 1.302
10390.000 1.281
10400.000 1.281
10410.000 1.259
10420.000 1.242
10430.000 1.211
10440.000 1.196
10450.000 1.196
10460.000 1.171
10470.000 1.160
10480.000 1.145
10490.000 1.129
10500.000 1.129
10510.000 1.110
10520.000 1.092
10530.000 1.073
10540.000 1.059
10550.000 1.059
10560.000 1.033
10570.000 1.019
10580.000 1.003
10590.000 0.982
10600.000 0.982
10610.000 0.968
10620.000 0.944
10630.000 0.928
10640.000 0.912
10650.000 0.912
10660.000 0.895
10670.000 0.874
10680.000 0.857
10690.000 0.857
10700.000 0.841
10710.000 0.822
10720.000 0.809
10730.000 0.800
10740.000 0.788
10750.000 0.788
10760.000 0.779
10770.000 0.768
10780.000 0.758
10790.000 0.758
10800.000 0.755
10810.000 0.750
10820.000 0.751
10830.000 0.745
10840.000 0.738
10850.000 0.738
10860.000 0.734
10870.000 0.731
10880.000 0.725
10890.000 0.725
10900.000 0.723
10910.000 0.715
10920.000 0.708
10930.000 0.703
10940.000 0.696
10950.000 0.696
10960.000 0.690
10970.000 0.680
10980.000 0.674
10990.000 0.674
11000.000 0.668
11010.000 0.662
11020.000 0.657
11030.000 0.646
11040.000 0.639
11050.000 0.639
11060.000 0.639
11070.000 0.626
11080.000 0.652
11090.000 0.651
11100.000 0.649
11110.000 0.633
11120.000 0.618
11130.000 0.611
11140.000 0.598
11150.000 0.598
11160.000 0.596
11170.000 0.590
11180.000 0.584
11190.000 0.584
11200.000 0.582
11210.000 0.574
11220.000 0.573
11230.000 0.568
11240.000 0.563
11250.000 0.563
11260.000 0.559
11270.000 0.554
11280.000 0.551
11290.000 0.551
11300.000 0.548
11310.000 0.547
11320.000 0.542
11330.000 0.541
11340.000 0.537
11350.000 0.537
11360.000 0.533
11370.000 0.531
11380.000 0.528
11390.000 0.528
11400.000 0.524
11410.000 0.522
11420.000 0.519
11430.000 0.517
11440.000 0.514
11450.000 0.514
11460.000 0.512
11470.000 0.507
11480.000 0.506
11490.000 0.506
11500.000 0.505
11510.000 0.500
11520.000 0.500
11530.000 0.498
11540.000 0.496
11550.000 0.496
11560.000 0.496
11570.000 0.494
11580.000 0.493
11590.000 0.493
11600.000 0.492
11610.000 0.489
11620.000 0.486
11630.000 0.486
11640.000 0.482
11650.000 0.482
11660.000 0.482
11670.000 0.480
11680.000 0.480
11690.000 0.480
11700.000 0.479
11710.000 0.474
11720.000 0.475
11730.000 0.478
11740.000 0.475
11750.000 0.475
11760.000 0.474
11770.000 0.474
11780.000 0.470
11790.000 0.470
11800.000 0.468
11810.000 0.468
11820.000 0.467
11830.000 0.467
11840.000 0.463
11850.000 0.462
11860.000 0.460
11870.000 0.458
11880.000 0.459
11890.000 0.459
11900.000 0.460
11910.000 0.458
11920.000 0.457
11930.000 0.457
11940.000 0.455
11950.000 0.454
11960.000 0.455
11970.000 0.455
11980.000 0.454
11990.000 0.454
12000.000 0.453
