105.000 0.010
110.000 1.587
115.000 1.967
120.000 2.271
125.000 2.489
130.000 2.702
135.000 2.972
140.000 3.059
145.000 3.170
150.000 3.044
155.000 2.971
160.000 2.914
165.000 2.926
170.000 2.935
175.000 2.896
180.000 2.968
185.000 3.001
190.000 3.104
195.000 3.152
200.000 3.177
205.000 3.260
210.000 3.314
215.000 3.341
220.000 3.378
225.000 3.510
230.000 3.363
235.000 3.523
240.000 3.566
245.000 3.633
250.000 3.761
255.000 3.814
260.000 3.867
265.000 3.910
270.000 4.054
275.000 4.113
280.000 4.180
285.000 4.165
290.000 4.227
295.000 4.283
300.000 4.348
305.000 4.378
310.000 4.354
315.000 4.398
320.000 4.446
325.000 4.447
330.000 4.561
335.000 4.641
340.000 4.715
345.000 4.868
350.000 5.030
355.000 5.284
360.000 5.509
365.000 5.772
370.000 6.060
375.000 6.380
380.000 6.725
385.000 7.081
390.000 7.390
395.000 7.694
400.000 7.920
405.000 8.044
410.000 8.150
415.000 8.195
420.000 8.038
425.000 7.725
430.000 7.176
435.000 6.483
440.000 5.672
445.000 4.906
450.000 4.202
455.000 3.707
460.000 3.488
465.000 3.034
470.000 2.687
475.000 2.447
480.000 2.279
485.000 2.171
490.000 2.016
495.000 1.892
500.000 1.773
505.000 1.669
510.000 1.583
515.000 1.501
520.000 1.442
525.000 1.391
530.000 1.328
535.000 1.268
540.000 1.202
545.000 1.148
550.000 1.130
555.000 1.061
560.000 1.008
565.000 0.945
570.000 0.921
575.000 0.861
580.000 0.822
585.000 0.811
590.000 0.762
595.000 0.740
600.000 0.693
605.000 0.681
610.000 0.655
615.000 0.624
620.000 0.594
625.000 0.589
630.000 0.564
635.000 0.555
640.000 0.538
645.000 0.530
650.000 0.513
655.000 0.507
660.000 0.494
665.000 0.485
670.000 0.471
675.000 0.458
680.000 0.454
685.000 0.443
690.000 0.439
695.000 0.427
700.000 0.418
705.000 0.415
710.000 0.410
715.000 0.399
720.000 0.394
725.000 0.369
730.000 0.387
735.000 0.376
740.000 0.371
745.000 0.373
750.000 0.359
755.000 0.366
760.000 0.359
765.000 0.352
770.000 0.380
775.000 0.349
780.000 0.347
785.000 0.343
790.000 0.347
795.000 0.329
800.000 0.345
805.000 0.344
810.000 0.334
815.000 0.338
820.000 0.324
825.000 0.332
830.000 0.325
835.000 0.327
840.000 0.325
845.000 0.321
850.000 0.313
855.000 0.316
860.000 0.315
865.000 0.315
870.000 0.309
875.000 0.310
880.000 0.307
885.000 0.312
890.000 0.302
895.000 0.307
900.000 0.301
905.000 0.311
910.000 0.299
915.000 0.299
920.000 0.310
925.000 0.332
930.000 0.307
935.000 0.296
940.000 0.299
945.000 0.310
950.000 0.302
955.000 0.303
960.000 0.297
965.000 0.292
970.000 0.297
975.000 0.292
980.000 0.288
985.000 0.300
990.000 0.293
995.000 0.292
1000.000 0.298
1005.000 0.288
1010.000 0.290
1015.000 0.306
1020.000 0.300
1025.000 0.306
1030.000 0.316
1035.000 0.294
1040.000 0.310
1045.000 0.303
1050.000 0.304
1055.000 0.298
1060.000 0.304
1065.000 0.309
1070.000 0.302
1075.000 0.299
1080.000 0.294
1085.000 0.294
1090.000 0.292
1095.000 0.294
1100.000 0.292
1105.000 0.289
1110.000 0.291
1115.000 0.292
1120.000 0.300
1125.000 0.294
1130.000 0.299
1135.000 0.317
1140.000 0.295
1145.000 0.293
1150.000 0.292
1155.000 0.289
1160.000 0.309
1165.000 0.298
1170.000 0.298
1175.000 0.291
1180.000 0.296
1185.000 0.296
1190.000 0.294
1195.000 0.297
1200.000 0.292
1205.000 0.297
1210.000 0.292
1215.000 0.303
1220.000 0.297
1225.000 0.298
1230.000 0.299
1235.000 0.296
1240.000 0.303
1245.000 0.300
1250.000 0.301
1255.000 0.300
1260.000 0.302
1265.000 0.301
1270.000 0.302
1275.000 0.302
1280.000 0.301
1285.000 0.300
1290.000 0.313
1295.000 0.300
1300.000 0.310
1305.000 0.303
1310.000 0.307
1315.000 0.308
1320.000 0.309
1325.000 0.309
1330.000 0.307
1335.000 0.309
1340.000 0.312
1345.000 0.308
1350.000 0.309
1355.000 0.310
1360.000 0.317
1365.000 0.309
1370.000 0.314
1375.000 0.328
1380.000 0.327
1385.000 0.516
1390.000 0.450
1395.000 0.399
1400.000 0.367
1405.000 0.348
1410.000 0.325
1415.000 0.316
1420.000 0.315
1425.000 0.303
1430.000 0.314
1435.000 0.305
1440.000 0.307
1445.000 0.300
1450.000 0.302
1455.000 0.299
1460.000 0.298
1465.000 0.309
1470.000 0.305
1475.000 0.312
1480.000 0.318
1485.000 0.317
1490.000 0.326
1495.000 0.321
1500.000 0.331
1505.000 0.326
1510.000 0.330
1515.000 0.327
1520.000 0.331
1525.000 0.355
1530.000 0.336
1535.000 0.342
1540.000 0.340
1545.000 0.344
1550.000 0.336
1555.000 0.346
1560.000 0.346
1565.000 0.352
1570.000 0.354
1575.000 0.351
1580.000 0.357
1585.000 0.361
1590.000 0.363
1595.000 0.374
1600.000 0.367
1605.000 0.370
1610.000 0.364
1615.000 0.373
1620.000 0.375
1625.000 0.383
1630.000 0.413
1635.000 0.391
1640.000 0.397
1645.000 0.394
1650.000 0.403
1655.000 0.405
1660.000 0.413
1665.000 0.416
1670.000 0.419
1675.000 0.434
1680.000 0.426
1685.000 0.441
1690.000 0.436
1695.000 0.445
1700.000 0.440
1705.000 0.449
1710.000 0.461
1715.000 0.460
1720.000 0.468
1725.000 0.474
1730.000 0.482
1735.000 0.481
1740.000 0.490
1745.000 0.506
1750.000 0.502
1755.000 0.521
1760.000 0.515
1765.000 0.533
1770.000 0.538
1775.000 0.540
1780.000 0.555
1785.000 0.555
1790.000 0.562
1795.000 0.559
1800.000 0.572
1805.000 0.573
1810.000 0.580
1815.000 0.598
1820.000 0.595
1825.000 0.601
1830.000 0.606
1835.000 0.610
1840.000 0.626
1845.000 0.619
1850.000 0.623
1855.000 0.619
1860.000 0.628
1865.000 0.624
1870.000 0.626
1875.000 0.631
1880.000 0.620
1885.000 0.627
1890.000 0.617
1895.000 0.619
1900.000 0.610
1905.000 0.608
1910.000 0.611
1915.000 0.599
1920.000 0.606
1925.000 0.588
1930.000 0.593
1935.000 0.577
1940.000 0.580
1945.000 0.577
1950.000 0.567
1955.000 0.557
1960.000 0.547
1965.000 0.545
1970.000 0.557
1975.000 0.532
1980.000 0.532
1985.000 0.536
1990.000 0.515
1995.000 0.503
2000.000 0.504
2005.000 0.496
2010.000 0.501
2015.000 0.488
2020.000 0.483
2025.000 0.487
2030.000 0.476
2035.000 0.459
2040.000 0.466
2045.000 0.454
2050.000 0.447
2055.000 0.446
2060.000 0.446
2065.000 0.439
2070.000 0.435
2075.000 0.424
2080.000 0.423
2085.000 0.430
2090.000 0.416
2095.000 0.414
2100.000 0.407
2105.000 0.415
2110.000 0.401
2115.000 0.398
2120.000 0.398
2125.000 0.388
2130.000 0.391
2135.000 0.381
2140.000 0.377
2145.000 0.385
2150.000 0.370
2155.000 0.366
2160.000 0.363
2165.000 0.364
2170.000 0.355
2175.000 0.355
2180.000 0.349
2185.000 0.345
2190.000 0.344
2195.000 0.335
2200.000 0.333
2205.000 0.326
2210.000 0.325
2215.000 0.326
2220.000 0.311
2225.000 0.315
2230.000 0.301
2235.000 0.296
2240.000 0.285
2245.000 0.274
2250.000 0.276
2255.000 0.250
2260.000 0.236
2265.000 0.215
2270.000 0.202
2275.000 0.195
2280.000 0.211
2285.000 0.252
2290.000 0.462
2295.000 1.135
2300.000 2.530
2305.000 5.576
2310.000 11.728
2315.000 21.566
2320.000 26.368
2325.000 6.149
2330.000 1.433
2335.000 0.228
2340.000 0.100
2345.000 0.100
2350.000 0.145
2355.000 0.185
2360.000 0.204
2365.000 0.216
2370.000 0.224
2375.000 0.225
2380.000 0.226
2385.000 0.226
2390.000 0.227
2395.000 0.230
2400.000 0.227
2405.000 0.226
2410.000 0.229
2415.000 0.226
2420.000 0.228
2425.000 0.228
2430.000 0.229
2435.000 0.229
2440.000 0.232
2445.000 0.231
2450.000 0.232
2455.000 0.232
2460.000 0.235
2465.000 0.235
2470.000 0.236
2475.000 0.238
2480.000 0.237
2485.000 0.238
2490.000 0.237
2495.000 0.240
2500.000 0.241
2505.000 0.241
2510.000 0.243
2515.000 0.243
2520.000 0.245
2525.000 0.246
2530.000 0.247
2535.000 0.247
2540.000 0.250
2545.000 0.251
2550.000 0.252
2555.000 0.253
2560.000 0.255
2565.000 0.256
2570.000 0.257
2575.000 0.258
2580.000 0.261
2585.000 0.262
2590.000 0.263
2595.000 0.265
2600.000 0.266
2605.000 0.270
2610.000 0.271
2615.000 0.274
2620.000 0.275
2625.000 0.279
2630.000 0.280
2635.000 0.284
2640.000 0.286
2645.000 0.287
2650.000 0.289
2655.000 0.292
2660.000 0.296
2665.000 0.298
2670.000 0.301
2675.000 0.306
2680.000 0.309
2685.000 0.314
2690.000 0.316
2695.000 0.322
2700.000 0.324
2705.000 0.328
2710.000 0.331
2715.000 0.335
2720.000 0.340
2725.000 0.342
2730.000 0.349
2735.000 0.354
2740.000 0.359
2745.000 0.364
2750.000 0.371
2755.000 0.375
2760.000 0.382
2765.000 0.388
2770.000 0.396
2775.000 0.397
2780.000 0.403
2785.000 0.408
2790.000 0.412
2795.000 0.414
2800.000 0.422
2805.000 0.426
2810.000 0.428
2815.000 0.437
2820.000 0.440
2825.000 0.445
2830.000 0.450
2835.000 0.454
2840.000 0.457
2845.000 0.465
2850.000 0.469
2855.000 0.475
2860.000 0.480
2865.000 0.481
2870.000 0.486
2875.000 0.489
2880.000 0.493
2885.000 0.497
2890.000 0.497
2895.000 0.502
2900.000 0.504
2905.000 0.509
2910.000 0.514
2915.000 0.518
2920.000 0.521
2925.000 0.523
2930.000 0.527
2935.000 0.530
2940.000 0.534
2945.000 0.537
2950.000 0.537
2955.000 0.536
2960.000 0.541
2965.000 0.540
2970.000 0.535
2975.000 0.543
2980.000 0.546
2985.000 0.537
2990.000 0.546
2995.000 0.545
3000.000 0.536
3005.000 0.547
3010.000 0.547
3015.000 0.543
3020.000 0.542
3025.000 0.536
3030.000 0.537
3035.000 0.550
3040.000 0.543
3045.000 0.544
3050.000 0.540
3055.000 0.543
3060.000 0.542
3065.000 0.535
3070.000 0.539
3075.000 0.538
3080.000 0.535
3085.000 0.538
3090.000 0.535
3095.000 0.536
3100.000 0.534
3105.000 0.534
3110.000 0.535
3115.000 0.535
3120.000 0.534
3125.000 0.531
3130.000 0.533
3135.000 0.532
3140.000 0.533
3145.000 0.530
3150.000 0.532
3155.000 0.532
3160.000 0.531
3165.000 0.533
3170.000 0.530
3175.000 0.530
3180.000 0.531
3185.000 0.527
3190.000 0.530
3195.000 0.529
3200.000 0.531
3205.000 0.528
3210.000 0.530
3215.000 0.525
3220.000 0.531
3225.000 0.533
3230.000 0.531
3235.000 0.533
3240.000 0.533
3245.000 0.534
3250.000 0.537
3255.000 0.537
3260.000 0.538
3265.000 0.537
3270.000 0.540
3275.000 0.539
3280.000 0.541
3285.000 0.544
3290.000 0.543
3295.000 0.547
3300.000 0.546
3305.000 0.549
3310.000 0.555
3315.000 0.555
3320.000 0.554
3325.000 0.557
3330.000 0.562
3335.000 0.563
3340.000 0.565
3345.000 0.573
3350.000 0.568
3355.000 0.574
3360.000 0.576
3365.000 0.577
3370.000 0.581
3375.000 0.583
3380.000 0.589
3385.000 0.589
3390.000 0.597
3395.000 0.599
3400.000 0.607
3405.000 0.612
3410.000 0.617
3415.000 0.621
3420.000 0.622
3425.000 0.628
3430.000 0.631
3435.000 0.640
3440.000 0.642
3445.000 0.652
3450.000 0.659
3455.000 0.666
3460.000 0.679
3465.000 0.688
3470.000 0.699
3475.000 0.716
3480.000 0.719
3485.000 0.739
3490.000 0.746
3495.000 0.766
3500.000 0.768
3505.000 0.787
3510.000 0.801
3515.000 0.823
3520.000 0.852
3525.000 0.868
3530.000 0.898
3535.000 0.920
3540.000 0.947
3545.000 0.977
3550.000 0.993
3555.000 1.022
3560.000 1.049
3565.000 1.059
3570.000 1.084
3575.000 1.116
3580.000 1.158
3585.000 1.185
3590.000 1.233
3595.000 1.264
3600.000 1.320
3605.000 1.364
3610.000 1.435
3615.000 1.505
3620.000 1.567
3625.000 1.616
3630.000 1.682
3635.000 1.790
3640.000 1.891
3645.000 2.013
3650.000 2.161
3655.000 2.328
3660.000 2.570
3665.000 2.852
3670.000 3.253
3675.000 3.793
3680.000 4.491
3685.000 4.983
3690.000 6.117
3695.000 7.710
3700.000 10.890
3705.000 22.269
3710.000 39.007
3715.000 42.276
3720.000 28.892
3725.000 16.096
3730.000 10.510
3735.000 7.263
3740.000 5.344
3745.000 4.667
3750.000 3.660
3755.000 2.958
3760.000 2.455
3765.000 2.090
3770.000 1.808
3775.000 1.596
3780.000 1.426
3785.000 1.283
3790.000 1.173
3795.000 1.076
3800.000 0.996
3805.000 0.932
3810.000 0.899
3815.000 0.844
3820.000 0.798
3825.000 0.757
3830.000 0.719
3835.000 0.686
3840.000 0.656
3845.000 0.628
3850.000 0.605
3855.000 0.582
3860.000 0.562
3865.000 0.544
3870.000 0.536
3875.000 0.520
3880.000 0.503
3885.000 0.489
3890.000 0.475
3895.000 0.463
3900.000 0.451
3905.000 0.441
3910.000 0.432
3915.000 0.421
3920.000 0.414
3925.000 0.413
3930.000 0.404
3935.000 0.395
3940.000 0.386
3945.000 0.381
3950.000 0.373
3955.000 0.371
3960.000 0.363
3965.000 0.361
3970.000 0.350
3975.000 0.352
3980.000 0.347
3985.000 0.337
3990.000 0.341
3995.000 0.335
4000.000 0.335
4005.000 0.324
4010.000 0.321
4015.000 0.318
4020.000 0.320
4025.000 0.321
4030.000 0.315
4035.000 0.311
4040.000 0.304
4045.000 0.304
4050.000 0.308
4055.000 0.300
4060.000 0.297
4065.000 0.299
4070.000 0.295
4075.000 0.293
4080.000 0.292
4085.000 0.291
4090.000 0.290
4095.000 0.288
4100.000 0.289
4105.000 0.286
4110.000 0.282
4115.000 0.284
4120.000 0.284
4125.000 0.282
4130.000 0.281
4135.000 0.280
4140.000 0.278
4145.000 0.275
4150.000 0.277
4155.000 0.274
4160.000 0.273
4165.000 0.271
4170.000 0.270
4175.000 0.271
4180.000 0.269
4185.000 0.267
4190.000 0.268
4195.000 0.265
4200.000 0.265
4205.000 0.261
4210.000 0.259
4215.000 0.258
4220.000 0.255
4225.000 0.251
4230.000 0.251
4235.000 0.251
4240.000 0.247
4245.000 0.246
4250.000 0.242
4255.000 0.241
4260.000 0.241
4265.000 0.239
4270.000 0.237
4275.000 0.237
4280.000 0.235
4285.000 0.235
4290.000 0.232
4295.000 0.234
4300.000 0.234
4305.000 0.233
4310.000 0.230
4315.000 0.232
4320.000 0.232
4325.000 0.232
4330.000 0.232
4335.000 0.232
4340.000 0.230
4345.000 0.231
4350.000 0.229
4355.000 0.231
4360.000 0.230
4365.000 0.230
4370.000 0.230
4375.000 0.231
4380.000 0.232
4385.000 0.230
4390.000 0.230
4395.000 0.233
4400.000 0.230
4405.000 0.230
4410.000 0.231
4415.000 0.230
4420.000 0.231
4425.000 0.231
4430.000 0.230
4435.000 0.231
4440.000 0.232
4445.000 0.229
4450.000 0.231
4455.000 0.229
4460.000 0.228
4465.000 0.230
4470.000 0.230
4475.000 0.229
4480.000 0.229
4485.000 0.231
4490.000 0.228
4495.000 0.232
4500.000 0.227
4505.000 0.230
4510.000 0.230
4515.000 0.229
4520.000 0.230
4525.000 0.229
4530.000 0.229
4535.000 0.229
4540.000 0.231
4545.000 0.230
4550.000 0.230
4555.000 0.231
4560.000 0.229
4565.000 0.231
4570.000 0.228
4575.000 0.231
4580.000 0.231
4585.000 0.230
4590.000 0.230
4595.000 0.229
4600.000 0.230
4605.000 0.229
4610.000 0.231
4615.000 0.231
4620.000 0.231
4625.000 0.231
4630.000 0.230
4635.000 0.229
4640.000 0.232
4645.000 0.231
4650.000 0.232
4655.000 0.231
4660.000 0.233
4665.000 0.230
4670.000 0.231
4675.000 0.230
4680.000 0.231
4685.000 0.232
4690.000 0.230
4695.000 0.232
4700.000 0.229
4705.000 0.232
4710.000 0.232
4715.000 0.231
4720.000 0.232
4725.000 0.230
4730.000 0.233
4735.000 0.230
4740.000 0.231
4745.000 0.232
4750.000 0.231
4755.000 0.234
4760.000 0.232
4765.000 0.233
4770.000 0.234
4775.000 0.233
4780.000 0.233
4785.000 0.234
4790.000 0.235
4795.000 0.234
4800.000 0.235
4805.000 0.234
4810.000 0.234
4815.000 0.234
4820.000 0.236
4825.000 0.237
4830.000 0.236
4835.000 0.236
4840.000 0.236
4845.000 0.238
4850.000 0.237
4855.000 0.238
4860.000 0.240
4865.000 0.239
4870.000 0.243
4875.000 0.240
4880.000 0.245
4885.000 0.247
4890.000 0.247
4895.000 0.252
4900.000 0.248
4905.000 0.253
4910.000 0.255
4915.000 0.259
4920.000 0.266
4925.000 0.270
4930.000 0.280
4935.000 0.288
4940.000 0.301
4945.000 0.320
4950.000 0.348
4955.000 0.387
4960.000 0.419
4965.000 0.530
4970.000 0.783
4975.000 1.628
4980.000 3.938
4985.000 8.635
4990.000 8.496
4995.000 4.873
5000.000 3.118
5005.000 1.947
5010.000 1.531
5015.000 0.638
5020.000 0.576
5025.000 0.414
5030.000 0.359
5035.000 0.291
5040.000 0.255
5045.000 0.237
5050.000 0.221
5055.000 0.220
5060.000 0.212
5065.000 0.205
5070.000 0.203
5075.000 0.201
5080.000 0.199
5085.000 0.198
5090.000 0.196
5095.000 0.197
5100.000 0.194
5105.000 0.196
5110.000 0.192
5115.000 0.195
5120.000 0.196
5125.000 0.197
5130.000 0.198
5135.000 0.197
5140.000 0.196
5145.000 0.197
5150.000 0.197
5155.000 0.199
5160.000 0.199
5165.000 0.201
5170.000 0.200
5175.000 0.202
5180.000 0.201
5185.000 0.201
5190.000 0.201
5195.000 0.201
5200.000 0.204
5205.000 0.204
5210.000 0.204
5215.000 0.205
5220.000 0.204
5225.000 0.206
5230.000 0.208
5235.000 0.208
5240.000 0.210
5245.000 0.209
5250.000 0.210
5255.000 0.211
5260.000 0.212
5265.000 0.214
5270.000 0.214
5275.000 0.215
5280.000 0.219
5285.000 0.219
5290.000 0.220
5295.000 0.221
5300.000 0.224
5305.000 0.225
5310.000 0.226
5315.000 0.230
5320.000 0.230
5325.000 0.233
5330.000 0.235
5335.000 0.239
5340.000 0.238
5345.000 0.242
5350.000 0.246
5355.000 0.246
5360.000 0.251
5365.000 0.256
5370.000 0.257
5375.000 0.263
5380.000 0.265
5385.000 0.265
5390.000 0.270
5395.000 0.271
5400.000 0.275
5405.000 0.278
5410.000 0.281
5415.000 0.286
5420.000 0.291
5425.000 0.293
5430.000 0.300
5435.000 0.303
5440.000 0.307
5445.000 0.312
5450.000 0.312
5455.000 0.319
5460.000 0.324
5465.000 0.327
5470.000 0.333
5475.000 0.336
5480.000 0.341
5485.000 0.346
5490.000 0.353
5495.000 0.357
5500.000 0.363
5505.000 0.366
5510.000 0.371
5515.000 0.376
5520.000 0.385
5525.000 0.391
5530.000 0.404
5535.000 0.403
5540.000 0.400
5545.000 0.401
5550.000 0.405
5555.000 0.403
5560.000 0.408
5565.000 0.410
5570.000 0.409
5575.000 0.412
5580.000 0.418
5585.000 0.417
5590.000 0.420
5595.000 0.423
5600.000 0.427
5605.000 0.429
5610.000 0.431
5615.000 0.434
5620.000 0.437
5625.000 0.442
5630.000 0.439
5635.000 0.442
5640.000 0.448
5645.000 0.449
5650.000 0.451
5655.000 0.454
5660.000 0.456
5665.000 0.459
5670.000 0.458
5675.000 0.459
5680.000 0.461
5685.000 0.468
5690.000 0.468
5695.000 0.476
5700.000 0.476
5705.000 0.480
5710.000 0.487
5715.000 0.486
5720.000 0.489
5725.000 0.490
5730.000 0.497
5735.000 0.498
5740.000 0.500
5745.000 0.507
5750.000 0.507
5755.000 0.511
5760.000 0.513
5765.000 0.517
5770.000 0.524
5775.000 0.526
5780.000 0.528
5785.000 0.532
5790.000 0.538
5795.000 0.537
5800.000 0.545
5805.000 0.546
5810.000 0.550
5815.000 0.551
5820.000 0.555
5825.000 0.562
5830.000 0.565
5835.000 0.570
5840.000 0.573
5845.000 0.577
5850.000 0.586
5855.000 0.592
5860.000 0.598
5865.000 0.602
5870.000 0.610
5875.000 0.613
5880.000 0.622
5885.000 0.625
5890.000 0.637
5895.000 0.646
5900.000 0.646
5905.000 0.655
5910.000 0.661
5915.000 0.669
5920.000 0.675
5925.000 0.682
5930.000 0.692
5935.000 0.691
5940.000 0.708
5945.000 0.713
5950.000 0.727
5955.000 0.726
5960.000 0.738
5965.000 0.748
5970.000 0.763
5975.000 0.763
5980.000 0.778
5985.000 0.795
5990.000 0.799
5995.000 0.809
6000.000 0.814
6005.000 0.837
6010.000 0.841
6015.000 0.867
6020.000 0.861
6025.000 0.883
6030.000 0.886
6035.000 0.913
6040.000 0.922
6045.000 0.935
6050.000 0.949
6055.000 0.963
6060.000 0.973
6065.000 0.990
6070.000 1.005
6075.000 1.018
6080.000 1.042
6085.000 1.065
6090.000 1.080
6095.000 1.102
6100.000 1.120
6105.000 1.149
6110.000 1.179
6115.000 1.186
6120.000 1.218
6125.000 1.238
6130.000 1.272
6135.000 1.293
6140.000 1.334
6145.000 1.367
6150.000 1.406
6155.000 1.450
6160.000 1.488
6165.000 1.538
6170.000 1.596
6175.000 1.621
6180.000 1.673
6185.000 1.746
6190.000 1.831
6195.000 1.897
6200.000 1.998
6205.000 2.096
6210.000 2.221
6215.000 2.373
6220.000 2.526
6225.000 2.723
6230.000 2.980
6235.000 3.354
6240.000 3.590
6245.000 4.206
6250.000 4.865
6255.000 4.880
6260.000 3.413
6265.000 2.189
6270.000 2.771
6275.000 3.271
6280.000 3.507
6285.000 3.516
6290.000 3.335
6295.000 3.134
6300.000 3.046
6305.000 2.920
6310.000 2.743
6315.000 2.597
6320.000 2.436
6325.000 2.241
6330.000 2.095
6335.000 1.942
6340.000 1.824
6345.000 1.715
6350.000 1.609
6355.000 1.514
6360.000 1.468
6365.000 1.396
6370.000 1.314
6375.000 1.255
6380.000 1.190
6385.000 1.131
6390.000 1.091
6395.000 1.036
6400.000 0.995
6405.000 0.969
6410.000 0.919
6415.000 0.889
6420.000 0.869
6425.000 0.841
6430.000 0.803
6435.000 0.780
6440.000 0.748
6445.000 0.725
6450.000 0.709
6455.000 0.685
6460.000 0.667
6465.000 0.642
6470.000 0.628
6475.000 0.612
6480.000 0.590
6485.000 0.581
6490.000 0.562
6495.000 0.545
6500.000 0.523
6505.000 0.513
6510.000 0.497
6515.000 0.483
6520.000 0.473
6525.000 0.458
6530.000 0.450
6535.000 0.440
6540.000 0.429
6545.000 0.423
6550.000 0.415
6555.000 0.411
6560.000 0.401
6565.000 0.403
6570.000 0.441
6575.000 0.711
6580.000 2.319
6585.000 6.611
6590.000 12.008
6595.000 10.611
6600.000 2.116
6605.000 1.399
6610.000 0.580
6615.000 0.323
6620.000 0.364
6625.000 0.363
6630.000 0.346
6635.000 0.327
6640.000 0.317
6645.000 0.306
6650.000 0.300
6655.000 0.291
6660.000 0.288
6665.000 0.285
6670.000 0.283
6675.000 0.277
6680.000 0.276
6685.000 0.275
6690.000 0.270
6695.000 0.270
6700.000 0.269
6705.000 0.265
6710.000 0.264
6715.000 0.262
6720.000 0.264
6725.000 0.263
6730.000 0.261
6735.000 0.259
6740.000 0.258
6745.000 0.260
6750.000 0.258
6755.000 0.257
6760.000 0.255
6765.000 0.256
6770.000 0.257
6775.000 0.254
6780.000 0.255
6785.000 0.253
6790.000 0.256
6795.000 0.254
6800.000 0.255
6805.000 0.253
6810.000 0.252
6815.000 0.251
6820.000 0.249
6825.000 0.253
6830.000 0.249
6835.000 0.252
6840.000 0.250
6845.000 0.247
6850.000 0.250
6855.000 0.247
6860.000 0.248
6865.000 0.247
6870.000 0.252
6875.000 0.251
6880.000 0.248
6885.000 0.250
6890.000 0.246
6895.000 0.248
6900.000 0.248
6905.000 0.248
6910.000 0.247
6915.000 0.248
6920.000 0.249
6925.000 0.245
6930.000 0.246
6935.000 0.245
6940.000 0.246
6945.000 0.249
6950.000 0.246
6955.000 0.248
6960.000 0.244
6965.000 0.247
6970.000 0.242
6975.000 0.248
6980.000 0.246
6985.000 0.242
6990.000 0.250
6995.000 0.248
7000.000 0.245
7005.000 0.249
7010.000 0.248
7015.000 0.251
7020.000 0.243
7025.000 0.242
7030.000 0.248
7035.000 0.242
7040.000 0.244
7045.000 0.245
7050.000 0.242
7055.000 0.244
7060.000 0.244
7065.000 0.244
7070.000 0.244
7075.000 0.241
7080.000 0.243
7085.000 0.246
7090.000 0.243
7095.000 0.244
7100.000 0.244
7105.000 0.243
7110.000 0.241
7115.000 0.243
7120.000 0.242
7125.000 0.268
7130.000 0.260
7135.000 0.253
7140.000 0.248
7145.000 0.247
7150.000 0.246
7155.000 0.243
7160.000 0.241
7165.000 0.239
7170.000 0.241
7175.000 0.239
7180.000 0.239
7185.000 0.238
7190.000 0.239
7195.000 0.235
7200.000 0.238
7205.000 0.237
7210.000 0.240
7215.000 0.237
7220.000 0.240
7225.000 0.238
7230.000 0.238
7235.000 0.238
7240.000 0.237
7245.000 0.237
7250.000 0.235
7255.000 0.239
7260.000 0.237
7265.000 0.236
7270.000 0.238
7275.000 0.236
7280.000 0.240
7285.000 0.236
7290.000 0.238
7295.000 0.236
7300.000 0.237
7305.000 0.238
7310.000 0.237
7315.000 0.240
7320.000 0.238
7325.000 0.239
7330.000 0.237
7335.000 0.239
7340.000 0.237
7345.000 0.237
7350.000 0.242
7355.000 0.243
7360.000 0.243
7365.000 0.256
7370.000 0.255
7375.000 0.252
7380.000 0.255
7385.000 0.254
7390.000 0.257
7395.000 0.248
7400.000 0.268
7405.000 0.257
7410.000 0.245
7415.000 0.239
7420.000 0.234
7425.000 0.224
7430.000 0.217
7435.000 0.210
7440.000 0.198
7445.000 0.182
7450.000 0.160
7455.000 0.147
7460.000 0.111
7465.000 0.088
7470.000 0.124
7475.000 0.176
7480.000 0.164
7485.000 0.732
7490.000 2.269
7495.000 2.183
7500.000 1.258
7505.000 0.795
7510.000 0.565
7515.000 0.437
7520.000 0.396
7525.000 0.337
7530.000 0.300
7535.000 0.276
7540.000 0.260
7545.000 0.252
7550.000 0.242
7555.000 0.236
7560.000 0.232
7565.000 0.227
7570.000 0.227
7575.000 0.222
7580.000 0.223
7585.000 0.223
7590.000 0.224
7595.000 0.223
7600.000 0.224
7605.000 0.223
7610.000 0.229
7615.000 0.233
7620.000 0.231
7625.000 0.228
7630.000 0.226
7635.000 0.224
7640.000 0.221
7645.000 0.221
7650.000 0.222
7655.000 0.220
7660.000 0.220
7665.000 0.221
7670.000 0.220
7675.000 0.219
7680.000 0.220
7685.000 0.219
7690.000 0.218
7695.000 0.218
7700.000 0.220
7705.000 0.216
7710.000 0.218
7715.000 0.216
7720.000 0.216
7725.000 0.216
7730.000 0.219
7735.000 0.217
7740.000 0.216
7745.000 0.217
7750.000 0.214
7755.000 0.214
7760.000 0.213
7765.000 0.215
7770.000 0.214
7775.000 0.213
7780.000 0.214
7785.000 0.212
7790.000 0.210
7795.000 0.210
7800.000 0.211
7805.000 0.211
7810.000 0.206
7815.000 0.208
7820.000 0.206
7825.000 0.207
7830.000 0.208
7835.000 0.206
7840.000 0.205
7845.000 0.204
7850.000 0.204
7855.000 0.204
7860.000 0.203
7865.000 0.200
7870.000 0.199
7875.000 0.201
7880.000 0.198
7885.000 0.199
7890.000 0.198
7895.000 0.197
7900.000 0.195
7905.000 0.197
7910.000 0.195
7915.000 0.195
7920.000 0.194
7925.000 0.195
7930.000 0.194
7935.000 0.195
7940.000 0.194
7945.000 0.193
7950.000 0.194
7955.000 0.197
7960.000 0.197
7965.000 0.203
7970.000 0.203
7975.000 0.209
7980.000 0.214
7985.000 0.220
7990.000 0.233
7995.000 0.244
8000.000 0.255
8005.000 0.267
8010.000 0.291
8015.000 0.311
8020.000 0.325
8025.000 0.361
8030.000 0.405
8035.000 0.482
8040.000 0.571
8045.000 0.731
8050.000 0.973
8055.000 1.362
8060.000 1.999
8065.000 2.448
8070.000 3.841
8075.000 6.137
8080.000 9.394
8085.000 12.574
8090.000 3.525
8095.000 2.761
8100.000 1.839
8105.000 1.430
8110.000 1.108
8115.000 0.901
8120.000 0.761
8125.000 0.705
8130.000 0.617
8135.000 0.547
8140.000 0.497
8145.000 0.457
8150.000 0.423
8155.000 0.401
8160.000 0.376
8165.000 0.357
8170.000 0.342
8175.000 0.330
8180.000 0.319
8185.000 0.315
8190.000 0.303
8195.000 0.297
8200.000 0.291
8205.000 0.282
8210.000 0.278
8215.000 0.271
8220.000 0.266
8225.000 0.264
8230.000 0.255
8235.000 0.253
8240.000 0.247
8245.000 0.244
8250.000 0.244
8255.000 0.241
8260.000 0.237
8265.000 0.233
8270.000 0.232
8275.000 0.226
8280.000 0.224
8285.000 0.221
8290.000 0.217
8295.000 0.219
8300.000 0.212
8305.000 0.211
8310.000 0.210
8315.000 0.207
8320.000 0.202
8325.000 0.201
8330.000 0.198
8335.000 0.196
8340.000 0.193
8345.000 0.190
8350.000 0.188
8355.000 0.186
8360.000 0.183
8365.000 0.180
8370.000 0.179
8375.000 0.175
8380.000 0.173
8385.000 0.173
8390.000 0.169
8395.000 0.166
8400.000 0.162
8405.000 0.162
8410.000 0.159
8415.000 0.154
8420.000 0.152
8425.000 0.151
8430.000 0.148
8435.000 0.145
8440.000 0.144
8445.000 0.142
8450.000 0.138
8455.000 0.135
8460.000 0.131
8465.000 0.130
8470.000 0.127
8475.000 0.123
8480.000 0.123
8485.000 0.121
8490.000 0.120
8495.000 0.117
8500.000 0.115
8505.000 0.113
8510.000 0.112
8515.000 0.113
8520.000 0.111
8525.000 0.116
8530.000 0.126
8535.000 0.152
8540.000 0.215
8545.000 0.363
8550.000 0.838
8555.000 1.564
8560.000 4.626
8565.000 7.757
8570.000 3.657
8575.000 3.217
8580.000 1.968
8585.000 1.607
8590.000 1.404
8595.000 1.426
8600.000 1.500
8605.000 1.602
8610.000 1.685
8615.000 1.879
8620.000 2.130
8625.000 2.414
8630.000 2.800
8635.000 3.308
8640.000 3.979
8645.000 4.906
8650.000 6.058
8655.000 7.426
8660.000 8.707
8665.000 9.452
8670.000 9.417
8675.000 8.292
8680.000 6.363
8685.000 4.550
8690.000 3.374
8695.000 3.012
8700.000 3.056
8705.000 2.942
8710.000 2.624
8715.000 2.346
8720.000 2.098
8725.000 1.911
8730.000 1.751
8735.000 1.680
8740.000 1.560
8745.000 1.489
8750.000 1.426
8755.000 1.361
8760.000 1.311
8765.000 1.264
8770.000 1.226
8775.000 1.191
8780.000 1.148
8785.000 1.122
8790.000 1.086
8795.000 1.079
8800.000 1.045
8805.000 1.030
8810.000 1.008
8815.000 0.989
8820.000 0.989
8825.000 0.973
8830.000 0.946
8835.000 0.933
8840.000 0.917
8845.000 0.899
8850.000 0.884
8855.000 0.865
8860.000 0.847
8865.000 0.836
8870.000 0.820
8875.000 0.813
8880.000 0.799
8885.000 0.790
8890.000 0.781
8895.000 0.772
8900.000 0.761
8905.000 0.754
8910.000 0.746
8915.000 0.742
8920.000 0.736
8925.000 0.732
8930.000 0.722
8935.000 0.715
8940.000 0.705
8945.000 0.701
8950.000 0.700
8955.000 0.692
8960.000 0.685
8965.000 0.676
8970.000 0.674
8975.000 0.673
8980.000 0.671
8985.000 0.656
8990.000 0.662
8995.000 0.660
9000.000 0.651
9005.000 0.644
9010.000 0.635
9015.000 0.638
9020.000 0.637
9025.000 0.632
9030.000 0.626
9035.000 0.627
9040.000 0.628
9045.000 0.622
9050.000 0.621
9055.000 0.614
9060.000 0.614
9065.000 0.612
9070.000 0.608
9075.000 0.604
9080.000 0.598
9085.000 0.600
9090.000 0.597
9095.000 0.593
9100.000 0.599
9105.000 0.593
9110.000 0.591
9115.000 0.584
9120.000 0.588
9125.000 0.587
9130.000 0.587
9135.000 0.584
9140.000 0.578
9145.000 0.580
9150.000 0.574
9155.000 0.570
9160.000 0.574
9165.000 0.572
9170.000 0.574
9175.000 0.569
9180.000 0.568
9185.000 0.565
9190.000 0.565
9195.000 0.565
9200.000 0.564
9205.000 0.563
9210.000 0.557
9215.000 0.558
9220.000 0.554
9225.000 0.555
9230.000 0.560
9235.000 0.559
9240.000 0.558
9245.000 0.553
9250.000 0.552
9255.000 0.552
9260.000 0.545
9265.000 0.552
9270.000 0.548
9275.000 0.547
9280.000 0.550
9285.000 0.548
9290.000 0.547
9295.000 0.546
9300.000 0.547
9305.000 0.542
9310.000 0.543
9315.000 0.541
9320.000 0.535
9325.000 0.539
9330.000 0.539
9335.000 0.537
9340.000 0.536
9345.000 0.535
9350.000 0.530
9355.000 0.536
9360.000 0.530
9365.000 0.529
9370.000 0.532
9375.000 0.533
9380.000 0.535
9385.000 0.533
9390.000 0.531
9395.000 0.535
9400.000 0.531
9405.000 0.531
9410.000 0.530
9415.000 0.534
9420.000 0.531
9425.000 0.528
9430.000 0.532
9435.000 0.536
9440.000 0.539
9445.000 0.536
9450.000 0.539
9455.000 0.542
9460.000 0.548
9465.000 0.551
9470.000 0.560
9475.000 0.577
9480.000 0.601
9485.000 0.647
9490.000 0.733
9495.000 0.943
9500.000 1.270
9505.000 1.358
9510.000 1.395
9515.000 1.342
9520.000 1.189
9525.000 0.692
9530.000 0.643
9535.000 0.593
9540.000 0.564
9545.000 0.551
9550.000 0.533
9555.000 0.532
9560.000 0.526
9565.000 0.526
9570.000 0.527
9575.000 0.520
9580.000 0.524
9585.000 0.517
9590.000 0.519
9595.000 0.516
9600.000 0.518
9605.000 0.519
9610.000 0.510
9615.000 0.513
9620.000 0.513
9625.000 0.513
9630.000 0.518
9635.000 0.511
9640.000 0.510
9645.000 0.507
9650.000 0.511
9655.000 0.504
9660.000 0.505
9665.000 0.504
9670.000 0.506
9675.000 0.507
9680.000 0.505
9685.000 0.507
9690.000 0.508
9695.000 0.510
9700.000 0.509
9705.000 0.513
9710.000 0.507
9715.000 0.507
9720.000 0.510
9725.000 0.506
9730.000 0.510
9735.000 0.510
9740.000 0.516
9745.000 0.515
9750.000 0.509
9755.000 0.515
9760.000 0.515
9765.000 0.516
9770.000 0.519
9775.000 0.524
9780.000 0.526
9785.000 0.537
9790.000 0.543
9795.000 0.551
9800.000 0.565
9805.000 0.571
9810.000 0.592
9815.000 0.615
9820.000 0.624
9825.000 0.632
9830.000 0.646
9835.000 0.647
9840.000 0.615
9845.000 0.543
9850.000 0.417
9855.000 0.275
9860.000 0.162
9865.000 0.092
9870.000 0.096
9875.000 0.164
9880.000 0.269
9885.000 0.338
9890.000 0.541
9895.000 0.865
9900.000 1.339
9905.000 1.792
9910.000 1.975
9915.000 1.886
9920.000 1.727
9925.000 1.549
9930.000 1.385
9935.000 1.234
9940.000 1.085
9945.000 0.970
9950.000 0.917
9955.000 0.831
9960.000 0.753
9965.000 0.695
9970.000 0.651
9975.000 0.633
9980.000 0.621
9985.000 0.600
9990.000 0.603
9995.000 0.595
10000.000 0.587
