105.000 0.030
110.000 0.763
115.000 2.474
120.000 2.838
125.000 3.177
130.000 3.370
135.000 3.583
140.000 3.583
145.000 3.696
150.000 3.620
155.000 3.554
160.000 3.616
165.000 3.402
170.000 3.420
175.000 3.422
180.000 3.330
185.000 3.347
190.000 3.371
195.000 3.445
200.000 3.454
205.000 3.438
210.000 3.532
215.000 3.542
220.000 3.715
225.000 3.701
230.000 3.761
235.000 3.816
240.000 3.856
245.000 3.756
250.000 4.225
255.000 4.430
260.000 5.295
265.000 4.149
270.000 4.001
275.000 4.255
280.000 4.260
285.000 4.287
290.000 4.290
295.000 4.287
300.000 4.280
305.000 4.209
310.000 4.263
315.000 4.289
320.000 4.315
325.000 4.408
330.000 4.512
335.000 4.652
340.000 4.714
345.000 4.994
350.000 5.077
355.000 5.319
360.000 5.495
365.000 5.813
370.000 6.102
375.000 6.350
380.000 6.715
385.000 7.020
390.000 7.375
395.000 7.684
400.000 7.893
405.000 8.045
410.000 8.083
415.000 8.052
420.000 7.830
425.000 7.421
430.000 6.780
435.000 5.948
440.000 5.211
445.000 4.518
450.000 3.923
455.000 3.650
460.000 3.017
465.000 2.868
470.000 2.595
475.000 2.414
480.000 2.241
485.000 2.115
490.000 1.970
495.000 1.861
500.000 1.754
505.000 1.654
510.000 1.576
515.000 1.496
520.000 1.454
525.000 1.375
530.000 1.276
535.000 1.240
540.000 1.188
545.000 1.148
550.000 1.095
555.000 1.052
560.000 0.973
565.000 0.936
570.000 0.880
575.000 0.841
580.000 0.835
585.000 0.780
590.000 0.756
595.000 0.725
600.000 0.693
605.000 0.671
610.000 0.650
615.000 0.625
620.000 0.611
625.000 0.587
630.000 0.580
635.000 0.559
640.000 0.542
645.000 0.523
650.000 0.512
655.000 0.511
660.000 0.499
665.000 0.481
670.000 0.483
675.000 0.467
680.000 0.458
685.000 0.447
690.000 0.431
695.000 0.437
700.000 0.430
705.000 0.419
710.000 0.412
715.000 0.410
720.000 0.409
725.000 0.397
730.000 0.391
735.000 0.383
740.000 0.387
745.000 0.381
750.000 0.370
755.000 0.363
760.000 0.388
765.000 0.365
770.000 0.354
775.000 0.361
780.000 0.360
785.000 0.357
790.000 0.355
795.000 0.368
800.000 0.357
805.000 0.354
810.000 0.346
815.000 0.342
820.000 0.343
825.000 0.346
830.000 0.334
835.000 0.335
840.000 0.336
845.000 0.326
850.000 0.327
855.000 0.326
860.000 0.325
865.000 0.345
870.000 0.323
875.000 0.327
880.000 0.315
885.000 0.322
890.000 0.312
895.000 0.316
900.000 0.296
905.000 0.315
910.000 0.311
915.000 0.311
920.000 0.324
925.000 0.312
930.000 0.323
935.000 0.309
940.000 0.309
945.000 0.310
950.000 0.310
955.000 0.309
960.000 0.301
965.000 0.320
970.000 0.306
975.000 0.308
980.000 0.301
985.000 0.307
990.000 0.299
995.000 0.295
1000.000 0.305
1005.000 0.302
1010.000 0.297
1015.000 0.301
1020.000 0.308
1025.000 0.322
1030.000 0.307
1035.000 0.300
1040.000 0.301
1045.000 0.297
1050.000 0.323
1055.000 0.304
1060.000 0.316
1065.000 0.298
1070.000 0.305
1075.000 0.303
1080.000 0.304
1085.000 0.306
1090.000 0.304
1095.000 0.305
1100.000 0.299
1105.000 0.301
1110.000 0.300
1115.000 0.301
1120.000 0.323
1125.000 0.306
1130.000 0.302
1135.000 0.305
1140.000 0.301
1145.000 0.301
1150.000 0.302
1155.000 0.301
1160.000 0.302
1165.000 0.317
1170.000 0.304
1175.000 0.303
1180.000 0.306
1185.000 0.310
1190.000 0.301
1195.000 0.305
1200.000 0.305
1205.000 0.302
1210.000 0.304
1215.000 0.303
1220.000 0.309
1225.000 0.309
1230.000 0.302
1235.000 0.308
1240.000 0.307
1245.000 0.316
1250.000 0.310
1255.000 0.308
1260.000 0.311
1265.000 0.309
1270.000 0.325
1275.000 0.310
1280.000 0.312
1285.000 0.308
1290.000 0.315
1295.000 0.322
1300.000 0.314
1305.000 0.314
1310.000 0.314
1315.000 0.320
1320.000 0.315
1325.000 0.313
1330.000 0.314
1335.000 0.316
1340.000 0.325
1345.000 0.316
1350.000 0.320
1355.000 0.314
1360.000 0.317
1365.000 0.317
1370.000 0.316
1375.000 0.317
1380.000 0.320
1385.000 0.319
1390.000 0.316
1395.000 0.322
1400.000 0.318
1405.000 0.321
1410.000 0.325
1415.000 0.319
1420.000 0.316
1425.000 0.313
1430.000 0.317
1435.000 0.309
1440.000 0.311
1445.000 0.317
1450.000 0.310
1455.000 0.316
1460.000 0.312
1465.000 0.317
1470.000 0.321
1475.000 0.314
1480.000 0.323
1485.000 0.321
1490.000 0.325
1495.000 0.327
1500.000 0.330
1505.000 0.333
1510.000 0.335
1515.000 0.347
1520.000 0.340
1525.000 0.346
1530.000 0.343
1535.000 0.350
1540.000 0.359
1545.000 0.355
1550.000 0.356
1555.000 0.358
1560.000 0.361
1565.000 0.359
1570.000 0.365
1575.000 0.385
1580.000 0.370
1585.000 0.376
1590.000 0.373
1595.000 0.375
1600.000 0.378
1605.000 0.383
1610.000 0.389
1615.000 0.387
1620.000 0.393
1625.000 0.396
1630.000 0.403
1635.000 0.397
1640.000 0.407
1645.000 0.408
1650.000 0.407
1655.000 0.416
1660.000 0.416
1665.000 0.423
1670.000 0.435
1675.000 0.433
1680.000 0.429
1685.000 0.453
1690.000 0.455
1695.000 0.456
1700.000 0.461
1705.000 0.481
1710.000 0.471
1715.000 0.487
1720.000 0.481
1725.000 0.489
1730.000 0.508
1735.000 0.502
1740.000 0.503
1745.000 0.513
1750.000 0.527
1755.000 0.524
1760.000 0.535
1765.000 0.539
1770.000 0.556
1775.000 0.569
1780.000 0.566
1785.000 0.576
1790.000 0.577
1795.000 0.591
1800.000 0.587
1805.000 0.597
1810.000 0.612
1815.000 0.613
1820.000 0.621
1825.000 0.622
1830.000 0.635
1835.000 0.632
1840.000 0.635
1845.000 0.634
1850.000 0.642
1855.000 0.651
1860.000 0.647
1865.000 0.651
1870.000 0.645
1875.000 0.648
1880.000 0.645
1885.000 0.648
1890.000 0.653
1895.000 0.643
1900.000 0.644
1905.000 0.634
1910.000 0.634
1915.000 0.639
1920.000 0.626
1925.000 0.623
1930.000 0.625
1935.000 0.624
1940.000 0.604
1945.000 0.603
1950.000 0.592
1955.000 0.592
1960.000 0.583
1965.000 0.582
1970.000 0.576
1975.000 0.557
1980.000 0.555
1985.000 0.556
1990.000 0.549
1995.000 0.534
2000.000 0.529
2005.000 0.535
2010.000 0.524
2015.000 0.515
2020.000 0.514
2025.000 0.512
2030.000 0.511
2035.000 0.491
2040.000 0.491
2045.000 0.482
2050.000 0.488
2055.000 0.470
2060.000 0.469
2065.000 0.467
2070.000 0.460
2075.000 0.462
2080.000 0.451
2085.000 0.442
2090.000 0.446
2095.000 0.436
2100.000 0.435
2105.000 0.430
2110.000 0.440
2115.000 0.479
2120.000 0.489
2125.000 0.485
2130.000 0.517
2135.000 0.492
2140.000 0.444
2145.000 0.422
2150.000 0.409
2155.000 0.394
2160.000 0.388
2165.000 0.372
2170.000 0.368
2175.000 0.364
2180.000 0.359
2185.000 0.351
2190.000 0.348
2195.000 0.344
2200.000 0.338
2205.000 0.334
2210.000 0.327
2215.000 0.324
2220.000 0.318
2225.000 0.314
2230.000 0.305
2235.000 0.296
2240.000 0.293
2245.000 0.284
2250.000 0.277
2255.000 0.262
2260.000 0.246
2265.000 0.230
2270.000 0.208
2275.000 0.191
2280.000 0.191
2285.000 0.206
2290.000 0.335
2295.000 1.304
2300.000 2.002
2305.000 5.132
2310.000 11.268
2315.000 21.025
2320.000 25.228
2325.000 4.820
2330.000 1.053
2335.000 0.324
2340.000 0.086
2345.000 0.069
2350.000 0.137
2355.000 0.177
2360.000 0.199
2365.000 0.212
2370.000 0.217
2375.000 0.221
2380.000 0.225
2385.000 0.226
2390.000 0.226
2395.000 0.227
2400.000 0.226
2405.000 0.227
2410.000 0.227
2415.000 0.227
2420.000 0.227
2425.000 0.228
2430.000 0.230
2435.000 0.231
2440.000 0.232
2445.000 0.232
2450.000 0.232
2455.000 0.232
2460.000 0.233
2465.000 0.234
2470.000 0.234
2475.000 0.237
2480.000 0.234
2485.000 0.238
2490.000 0.238
2495.000 0.238
2500.000 0.239
2505.000 0.240
2510.000 0.240
2515.000 0.241
2520.000 0.242
2525.000 0.245
2530.000 0.246
2535.000 0.245
2540.000 0.246
2545.000 0.246
2550.000 0.248
2555.000 0.249
2560.000 0.250
2565.000 0.253
2570.000 0.254
2575.000 0.255
2580.000 0.257
2585.000 0.258
2590.000 0.259
2595.000 0.260
2600.000 0.262
2605.000 0.265
2610.000 0.265
2615.000 0.268
2620.000 0.271
2625.000 0.273
2630.000 0.274
2635.000 0.276
2640.000 0.280
2645.000 0.281
2650.000 0.284
2655.000 0.284
2660.000 0.288
2665.000 0.291
2670.000 0.295
2675.000 0.298
2680.000 0.300
2685.000 0.305
2690.000 0.307
2695.000 0.310
2700.000 0.315
2705.000 0.319
2710.000 0.322
2715.000 0.326
2720.000 0.327
2725.000 0.333
2730.000 0.338
2735.000 0.345
2740.000 0.348
2745.000 0.355
2750.000 0.360
2755.000 0.366
2760.000 0.369
2765.000 0.375
2770.000 0.378
2775.000 0.383
2780.000 0.390
2785.000 0.392
2790.000 0.396
2795.000 0.399
2800.000 0.403
2805.000 0.408
2810.000 0.412
2815.000 0.418
2820.000 0.423
2825.000 0.427
2830.000 0.433
2835.000 0.434
2840.000 0.442
2845.000 0.444
2850.000 0.450
2855.000 0.454
2860.000 0.457
2865.000 0.460
2870.000 0.465
2875.000 0.469
2880.000 0.471
2885.000 0.477
2890.000 0.481
2895.000 0.485
2900.000 0.491
2905.000 0.490
2910.000 0.491
2915.000 0.495
2920.000 0.501
2925.000 0.502
2930.000 0.505
2935.000 0.508
2940.000 0.510
2945.000 0.510
2950.000 0.512
2955.000 0.522
2960.000 0.516
2965.000 0.517
2970.000 0.519
2975.000 0.526
2980.000 0.527
2985.000 0.517
2990.000 0.527
2995.000 0.525
3000.000 0.516
3005.000 0.527
3010.000 0.526
3015.000 0.520
3020.000 0.527
3025.000 0.528
3030.000 0.524
3035.000 0.526
3040.000 0.527
3045.000 0.526
3050.000 0.519
3055.000 0.521
3060.000 0.516
3065.000 0.520
3070.000 0.517
3075.000 0.519
3080.000 0.522
3085.000 0.519
3090.000 0.518
3095.000 0.520
3100.000 0.518
3105.000 0.517
3110.000 0.515
3115.000 0.516
3120.000 0.515
3125.000 0.514
3130.000 0.513
3135.000 0.512
3140.000 0.515
3145.000 0.514
3150.000 0.513
3155.000 0.514
3160.000 0.512
3165.000 0.517
3170.000 0.516
3175.000 0.516
3180.000 0.516
3185.000 0.512
3190.000 0.515
3195.000 0.514
3200.000 0.513
3205.000 0.511
3210.000 0.515
3215.000 0.515
3220.000 0.516
3225.000 0.517
3230.000 0.516
3235.000 0.519
3240.000 0.517
3245.000 0.520
3250.000 0.522
3255.000 0.521
3260.000 0.519
3265.000 0.522
3270.000 0.527
3275.000 0.527
3280.000 0.524
3285.000 0.526
3290.000 0.533
3295.000 0.536
3300.000 0.534
3305.000 0.539
3310.000 0.542
3315.000 0.542
3320.000 0.543
3325.000 0.546
3330.000 0.552
3335.000 0.551
3340.000 0.556
3345.000 0.558
3350.000 0.565
3355.000 0.565
3360.000 0.572
3365.000 0.574
3370.000 0.576
3375.000 0.582
3380.000 0.585
3385.000 0.591
3390.000 0.593
3395.000 0.600
3400.000 0.606
3405.000 0.615
3410.000 0.624
3415.000 0.624
3420.000 0.632
3425.000 0.636
3430.000 0.645
3435.000 0.657
3440.000 0.657
3445.000 0.667
3450.000 0.675
3455.000 0.687
3460.000 0.694
3465.000 0.708
3470.000 0.723
3475.000 0.727
3480.000 0.745
3485.000 0.756
3490.000 0.775
3495.000 0.791
3500.000 0.800
3505.000 0.814
3510.000 0.837
3515.000 0.863
3520.000 0.879
3525.000 0.903
3530.000 0.932
3535.000 0.953
3540.000 0.978
3545.000 0.992
3550.000 1.020
3555.000 1.029
3560.000 1.065
3565.000 1.075
3570.000 1.120
3575.000 1.146
3580.000 1.171
3585.000 1.214
3590.000 1.256
3595.000 1.307
3600.000 1.365
3605.000 1.411
3610.000 1.479
3615.000 1.529
3620.000 1.616
3625.000 1.651
3630.000 1.745
3635.000 1.901
3640.000 1.959
3645.000 2.105
3650.000 2.274
3655.000 2.501
3660.000 2.788
3665.000 3.152
3670.000 3.678
3675.000 4.400
3680.000 4.910
3685.000 7.112
3690.000 9.425
3695.000 10.982
3700.000 15.063
3705.000 22.908
3710.000 34.440
3715.000 33.539
3720.000 23.275
3725.000 13.760
3730.000 9.143
3735.000 6.455
3740.000 4.886
3745.000 4.320
3750.000 3.476
3755.000 2.850
3760.000 2.404
3765.000 2.057
3770.000 1.794
3775.000 1.592
3780.000 1.423
3785.000 1.291
3790.000 1.178
3795.000 1.085
3800.000 1.008
3805.000 0.974
3810.000 0.913
3815.000 0.857
3820.000 0.811
3825.000 0.767
3830.000 0.733
3835.000 0.703
3840.000 0.670
3845.000 0.645
3850.000 0.618
3855.000 0.597
3860.000 0.578
3865.000 0.557
3870.000 0.550
3875.000 0.534
3880.000 0.519
3885.000 0.503
3890.000 0.491
3895.000 0.478
3900.000 0.466
3905.000 0.456
3910.000 0.444
3915.000 0.436
3920.000 0.424
3925.000 0.422
3930.000 0.414
3935.000 0.406
3940.000 0.397
3945.000 0.394
3950.000 0.387
3955.000 0.380
3960.000 0.374
3965.000 0.369
3970.000 0.365
3975.000 0.363
3980.000 0.358
3985.000 0.352
3990.000 0.351
3995.000 0.347
4000.000 0.346
4005.000 0.331
4010.000 0.331
4015.000 0.328
4020.000 0.324
4025.000 0.325
4030.000 0.318
4035.000 0.322
4040.000 0.316
4045.000 0.317
4050.000 0.313
4055.000 0.313
4060.000 0.307
4065.000 0.308
4070.000 0.305
4075.000 0.303
4080.000 0.304
4085.000 0.300
4090.000 0.297
4095.000 0.297
4100.000 0.294
4105.000 0.294
4110.000 0.293
4115.000 0.293
4120.000 0.291
4125.000 0.291
4130.000 0.289
4135.000 0.287
4140.000 0.288
4145.000 0.283
4150.000 0.285
4155.000 0.283
4160.000 0.282
4165.000 0.280
4170.000 0.281
4175.000 0.278
4180.000 0.277
4185.000 0.276
4190.000 0.273
4195.000 0.272
4200.000 0.271
4205.000 0.270
4210.000 0.266
4215.000 0.265
4220.000 0.262
4225.000 0.260
4230.000 0.258
4235.000 0.256
4240.000 0.253
4245.000 0.253
4250.000 0.250
4255.000 0.249
4260.000 0.246
4265.000 0.243
4270.000 0.245
4275.000 0.242
4280.000 0.242
4285.000 0.240
4290.000 0.240
4295.000 0.240
4300.000 0.239
4305.000 0.240
4310.000 0.238
4315.000 0.239
4320.000 0.236
4325.000 0.238
4330.000 0.237
4335.000 0.237
4340.000 0.238
4345.000 0.238
4350.000 0.237
4355.000 0.235
4360.000 0.237
4365.000 0.236
4370.000 0.236
4375.000 0.237
4380.000 0.236
4385.000 0.237
4390.000 0.234
4395.000 0.235
4400.000 0.235
4405.000 0.236
4410.000 0.234
4415.000 0.235
4420.000 0.239
4425.000 0.237
4430.000 0.237
4435.000 0.238
4440.000 0.236
4445.000 0.236
4450.000 0.236
4455.000 0.236
4460.000 0.237
4465.000 0.236
4470.000 0.237
4475.000 0.234
4480.000 0.238
4485.000 0.235
4490.000 0.236
4495.000 0.235
4500.000 0.236
4505.000 0.235
4510.000 0.235
4515.000 0.235
4520.000 0.234
4525.000 0.235
4530.000 0.237
4535.000 0.236
4540.000 0.236
4545.000 0.235
4550.000 0.236
4555.000 0.236
4560.000 0.237
4565.000 0.237
4570.000 0.238
4575.000 0.237
4580.000 0.238
4585.000 0.236
4590.000 0.236
4595.000 0.237
4600.000 0.235
4605.000 0.237
4610.000 0.237
4615.000 0.238
4620.000 0.238
4625.000 0.236
4630.000 0.237
4635.000 0.239
4640.000 0.237
4645.000 0.238
4650.000 0.237
4655.000 0.238
4660.000 0.238
4665.000 0.238
4670.000 0.237
4675.000 0.239
4680.000 0.238
4685.000 0.237
4690.000 0.240
4695.000 0.238
4700.000 0.239
4705.000 0.241
4710.000 0.239
4715.000 0.239
4720.000 0.239
4725.000 0.240
4730.000 0.239
4735.000 0.240
4740.000 0.238
4745.000 0.240
4750.000 0.241
4755.000 0.240
4760.000 0.242
4765.000 0.239
4770.000 0.241
4775.000 0.244
4780.000 0.242
4785.000 0.244
4790.000 0.242
4795.000 0.243
4800.000 0.243
4805.000 0.246
4810.000 0.245
4815.000 0.245
4820.000 0.246
4825.000 0.245
4830.000 0.246
4835.000 0.245
4840.000 0.248
4845.000 0.249
4850.000 0.250
4855.000 0.249
4860.000 0.252
4865.000 0.253
4870.000 0.254
4875.000 0.255
4880.000 0.257
4885.000 0.261
4890.000 0.263
4895.000 0.264
4900.000 0.269
4905.000 0.270
4910.000 0.275
4915.000 0.280
4920.000 0.284
4925.000 0.294
4930.000 0.298
4935.000 0.315
4940.000 0.324
4945.000 0.351
4950.000 0.387
4955.000 0.447
4960.000 0.490
4965.000 0.794
4970.000 1.046
4975.000 2.021
4980.000 4.246
4985.000 8.873
4990.000 8.332
4995.000 3.627
5000.000 1.575
5005.000 2.287
5010.000 5.124
5015.000 1.803
5020.000 1.233
5025.000 0.747
5030.000 0.686
5035.000 0.508
5040.000 0.428
5045.000 0.362
5050.000 0.325
5055.000 0.294
5060.000 0.276
5065.000 0.267
5070.000 0.248
5075.000 0.241
5080.000 0.233
5085.000 0.230
5090.000 0.225
5095.000 0.221
5100.000 0.217
5105.000 0.216
5110.000 0.213
5115.000 0.210
5120.000 0.211
5125.000 0.210
5130.000 0.209
5135.000 0.208
5140.000 0.209
5145.000 0.209
5150.000 0.210
5155.000 0.209
5160.000 0.210
5165.000 0.209
5170.000 0.210
5175.000 0.211
5180.000 0.211
5185.000 0.211
5190.000 0.212
5195.000 0.211
5200.000 0.213
5205.000 0.212
5210.000 0.212
5215.000 0.214
5220.000 0.214
5225.000 0.214
5230.000 0.213
5235.000 0.216
5240.000 0.216
5245.000 0.215
5250.000 0.218
5255.000 0.218
5260.000 0.219
5265.000 0.218
5270.000 0.219
5275.000 0.221
5280.000 0.221
5285.000 0.225
5290.000 0.226
5295.000 0.226
5300.000 0.228
5305.000 0.231
5310.000 0.232
5315.000 0.235
5320.000 0.236
5325.000 0.239
5330.000 0.240
5335.000 0.242
5340.000 0.244
5345.000 0.247
5350.000 0.248
5355.000 0.253
5360.000 0.254
5365.000 0.258
5370.000 0.260
5375.000 0.261
5380.000 0.267
5385.000 0.268
5390.000 0.271
5395.000 0.275
5400.000 0.277
5405.000 0.285
5410.000 0.284
5415.000 0.291
5420.000 0.293
5425.000 0.299
5430.000 0.303
5435.000 0.304
5440.000 0.312
5445.000 0.316
5450.000 0.318
5455.000 0.322
5460.000 0.325
5465.000 0.332
5470.000 0.337
5475.000 0.341
5480.000 0.345
5485.000 0.353
5490.000 0.357
5495.000 0.362
5500.000 0.369
5505.000 0.372
5510.000 0.376
5515.000 0.385
5520.000 0.388
5525.000 0.393
5530.000 0.405
5535.000 0.403
5540.000 0.397
5545.000 0.398
5550.000 0.401
5555.000 0.401
5560.000 0.406
5565.000 0.406
5570.000 0.409
5575.000 0.410
5580.000 0.417
5585.000 0.413
5590.000 0.418
5595.000 0.422
5600.000 0.424
5605.000 0.428
5610.000 0.427
5615.000 0.429
5620.000 0.429
5625.000 0.432
5630.000 0.437
5635.000 0.439
5640.000 0.442
5645.000 0.443
5650.000 0.448
5655.000 0.451
5660.000 0.450
5665.000 0.453
5670.000 0.454
5675.000 0.459
5680.000 0.461
5685.000 0.465
5690.000 0.465
5695.000 0.469
5700.000 0.470
5705.000 0.473
5710.000 0.478
5715.000 0.479
5720.000 0.482
5725.000 0.485
5730.000 0.490
5735.000 0.491
5740.000 0.497
5745.000 0.501
5750.000 0.499
5755.000 0.504
5760.000 0.506
5765.000 0.506
5770.000 0.511
5775.000 0.514
5780.000 0.520
5785.000 0.519
5790.000 0.526
5795.000 0.529
5800.000 0.539
5805.000 0.541
5810.000 0.542
5815.000 0.546
5820.000 0.548
5825.000 0.554
5830.000 0.555
5835.000 0.559
5840.000 0.566
5845.000 0.573
5850.000 0.581
5855.000 0.582
5860.000 0.589
5865.000 0.592
5870.000 0.598
5875.000 0.604
5880.000 0.611
5885.000 0.618
5890.000 0.620
5895.000 0.632
5900.000 0.635
5905.000 0.643
5910.000 0.653
5915.000 0.654
5920.000 0.669
5925.000 0.670
5930.000 0.675
5935.000 0.677
5940.000 0.697
5945.000 0.701
5950.000 0.714
5955.000 0.722
5960.000 0.731
5965.000 0.737
5970.000 0.744
5975.000 0.755
5980.000 0.768
5985.000 0.787
5990.000 0.795
5995.000 0.799
6000.000 0.807
6005.000 0.826
6010.000 0.846
6015.000 0.851
6020.000 0.855
6025.000 0.872
6030.000 0.885
6035.000 0.907
6040.000 0.915
6045.000 0.930
6050.000 0.948
6055.000 0.958
6060.000 0.977
6065.000 0.979
6070.000 1.010
6075.000 1.018
6080.000 1.035
6085.000 1.048
6090.000 1.070
6095.000 1.096
6100.000 1.105
6105.000 1.132
6110.000 1.151
6115.000 1.175
6120.000 1.188
6125.000 1.220
6130.000 1.255
6135.000 1.277
6140.000 1.315
6145.000 1.347
6150.000 1.397
6155.000 1.441
6160.000 1.478
6165.000 1.537
6170.000 1.581
6175.000 1.620
6180.000 1.678
6185.000 1.752
6190.000 1.875
6195.000 1.919
6200.000 2.025
6205.000 2.124
6210.000 2.262
6215.000 2.404
6220.000 2.585
6225.000 2.805
6230.000 3.056
6235.000 3.377
6240.000 3.714
6245.000 4.130
6250.000 4.531
6255.000 6.485
6260.000 7.055
6265.000 4.560
6270.000 3.088
6275.000 2.845
6280.000 2.828
6285.000 2.857
6290.000 2.894
6295.000 2.886
6300.000 2.849
6305.000 2.742
6310.000 2.591
6315.000 2.559
6320.000 2.348
6325.000 2.172
6330.000 2.012
6335.000 1.876
6340.000 1.774
6345.000 1.649
6350.000 1.561
6355.000 1.464
6360.000 1.395
6365.000 1.353
6370.000 1.285
6375.000 1.213
6380.000 1.159
6385.000 1.111
6390.000 1.056
6395.000 1.014
6400.000 0.972
6405.000 0.932
6410.000 0.898
6415.000 0.863
6420.000 0.847
6425.000 0.781
6430.000 0.769
6435.000 0.724
6440.000 0.695
6445.000 0.663
6450.000 0.638
6455.000 0.617
6460.000 0.588
6465.000 0.571
6470.000 0.549
6475.000 0.534
6480.000 0.520
6485.000 0.512
6490.000 0.496
6495.000 0.484
6500.000 0.475
6505.000 0.459
6510.000 0.451
6515.000 0.439
6520.000 0.432
6525.000 0.426
6530.000 0.414
6535.000 0.412
6540.000 0.401
6545.000 0.402
6550.000 0.397
6555.000 0.393
6560.000 0.394
6565.000 0.396
6570.000 0.431
6575.000 0.565
6580.000 1.437
6585.000 4.715
6590.000 9.733
6595.000 9.884
6600.000 1.563
6605.000 1.001
6610.000 0.691
6615.000 0.330
6620.000 0.398
6625.000 0.351
6630.000 0.342
6635.000 0.323
6640.000 0.317
6645.000 0.305
6650.000 0.299
6655.000 0.290
6660.000 0.287
6665.000 0.284
6670.000 0.280
6675.000 0.279
6680.000 0.277
6685.000 0.277
6690.000 0.270
6695.000 0.269
6700.000 0.266
6705.000 0.265
6710.000 0.266
6715.000 0.263
6720.000 0.263
6725.000 0.262
6730.000 0.261
6735.000 0.260
6740.000 0.260
6745.000 0.259
6750.000 0.258
6755.000 0.259
6760.000 0.258
6765.000 0.257
6770.000 0.257
6775.000 0.256
6780.000 0.257
6785.000 0.256
6790.000 0.257
6795.000 0.256
6800.000 0.257
6805.000 0.254
6810.000 0.254
6815.000 0.252
6820.000 0.251
6825.000 0.252
6830.000 0.251
6835.000 0.251
6840.000 0.251
6845.000 0.250
6850.000 0.251
6855.000 0.252
6860.000 0.249
6865.000 0.250
6870.000 0.254
6875.000 0.251
6880.000 0.249
6885.000 0.248
6890.000 0.249
6895.000 0.252
6900.000 0.247
6905.000 0.248
6910.000 0.248
6915.000 0.249
6920.000 0.248
6925.000 0.250
6930.000 0.247
6935.000 0.249
6940.000 0.251
6945.000 0.248
6950.000 0.250
6955.000 0.245
6960.000 0.244
6965.000 0.249
6970.000 0.247
6975.000 0.252
6980.000 0.252
6985.000 0.245
6990.000 0.250
6995.000 0.252
7000.000 0.247
7005.000 0.251
7010.000 0.252
7015.000 0.247
7020.000 0.249
7025.000 0.295
7030.000 0.332
7035.000 0.321
7040.000 0.293
7045.000 0.282
7050.000 0.281
7055.000 0.270
7060.000 0.262
7065.000 0.259
7070.000 0.257
7075.000 0.251
7080.000 0.251
7085.000 0.247
7090.000 0.247
7095.000 0.244
7100.000 0.247
7105.000 0.245
7110.000 0.245
7115.000 0.246
7120.000 0.242
7125.000 0.245
7130.000 0.243
7135.000 0.244
7140.000 0.246
7145.000 0.246
7150.000 0.246
7155.000 0.245
7160.000 0.243
7165.000 0.245
7170.000 0.244
7175.000 0.248
7180.000 0.242
7185.000 0.246
7190.000 0.244
7195.000 0.246
7200.000 0.245
7205.000 0.244
7210.000 0.243
7215.000 0.243
7220.000 0.242
7225.000 0.242
7230.000 0.244
7235.000 0.242
7240.000 0.245
7245.000 0.245
7250.000 0.243
7255.000 0.242
7260.000 0.242
7265.000 0.242
7270.000 0.243
7275.000 0.241
7280.000 0.242
7285.000 0.239
7290.000 0.240
7295.000 0.240
7300.000 0.240
7305.000 0.240
7310.000 0.239
7315.000 0.241
7320.000 0.237
7325.000 0.237
7330.000 0.237
7335.000 0.238
7340.000 0.234
7345.000 0.235
7350.000 0.239
7355.000 0.238
7360.000 0.238
7365.000 0.255
7370.000 0.253
7375.000 0.241
7380.000 0.235
7385.000 0.229
7390.000 0.226
7395.000 0.214
7400.000 0.215
7405.000 0.212
7410.000 0.206
7415.000 0.199
7420.000 0.201
7425.000 0.190
7430.000 0.187
7435.000 0.178
7440.000 0.182
7445.000 0.207
7450.000 0.276
7455.000 0.348
7460.000 0.720
7465.000 2.061
7470.000 2.551
7475.000 3.308
7480.000 3.124
7485.000 2.318
7490.000 1.957
7495.000 1.615
7500.000 1.117
7505.000 0.686
7510.000 0.489
7515.000 0.397
7520.000 0.367
7525.000 0.327
7530.000 0.298
7535.000 0.286
7540.000 0.277
7545.000 0.268
7550.000 0.261
7555.000 0.253
7560.000 0.254
7565.000 0.251
7570.000 0.252
7575.000 0.250
7580.000 0.252
7585.000 0.250
7590.000 0.283
7595.000 0.277
7600.000 0.266
7605.000 0.260
7610.000 0.261
7615.000 0.263
7620.000 0.259
7625.000 0.255
7630.000 0.254
7635.000 0.251
7640.000 0.254
7645.000 0.248
7650.000 0.248
7655.000 0.248
7660.000 0.247
7665.000 0.250
7670.000 0.247
7675.000 0.246
7680.000 0.249
7685.000 0.246
7690.000 0.266
7695.000 0.273
7700.000 0.261
7705.000 0.254
7710.000 0.251
7715.000 0.249
7720.000 0.245
7725.000 0.244
7730.000 0.242
7735.000 0.242
7740.000 0.243
7745.000 0.242
7750.000 0.241
7755.000 0.237
7760.000 0.247
7765.000 0.244
7770.000 0.246
7775.000 0.243
7780.000 0.239
7785.000 0.241
7790.000 0.237
7795.000 0.234
7800.000 0.238
7805.000 0.232
7810.000 0.231
7815.000 0.231
7820.000 0.232
7825.000 0.230
7830.000 0.229
7835.000 0.228
7840.000 0.226
7845.000 0.228
7850.000 0.225
7855.000 0.224
7860.000 0.224
7865.000 0.222
7870.000 0.224
7875.000 0.220
7880.000 0.222
7885.000 0.220
7890.000 0.216
7895.000 0.215
7900.000 0.212
7905.000 0.216
7910.000 0.212
7915.000 0.212
7920.000 0.208
7925.000 0.207
7930.000 0.209
7935.000 0.207
7940.000 0.205
7945.000 0.207
7950.000 0.206
7955.000 0.208
7960.000 0.205
7965.000 0.210
7970.000 0.216
7975.000 0.218
7980.000 0.226
7985.000 0.225
7990.000 0.238
7995.000 0.247
8000.000 0.248
8005.000 0.271
8010.000 0.283
8015.000 0.299
8020.000 0.325
8025.000 0.353
8030.000 0.412
8035.000 0.494
8040.000 0.608
8045.000 0.778
8050.000 1.040
8055.000 1.495
8060.000 2.213
8065.000 2.780
8070.000 4.440
8075.000 6.882
8080.000 7.891
8085.000 9.547
8090.000 4.670
8095.000 2.952
8100.000 1.952
8105.000 1.496
8110.000 1.145
8115.000 0.935
8120.000 0.856
8125.000 0.687
8130.000 0.645
8135.000 0.590
8140.000 0.536
8145.000 0.497
8150.000 0.462
8155.000 0.432
8160.000 0.409
8165.000 0.388
8170.000 0.372
8175.000 0.356
8180.000 0.346
8185.000 0.336
8190.000 0.324
8195.000 0.322
8200.000 0.313
8205.000 0.306
8210.000 0.299
8215.000 0.295
8220.000 0.287
8225.000 0.285
8230.000 0.282
8235.000 0.275
8240.000 0.272
8245.000 0.268
8250.000 0.267
8255.000 0.262
8260.000 0.259
8265.000 0.255
8270.000 0.252
8275.000 0.252
8280.000 0.246
8285.000 0.243
8290.000 0.240
8295.000 0.235
8300.000 0.237
8305.000 0.232
8310.000 0.231
8315.000 0.228
8320.000 0.226
8325.000 0.223
8330.000 0.220
8335.000 0.218
8340.000 0.215
8345.000 0.213
8350.000 0.210
8355.000 0.208
8360.000 0.208
8365.000 0.204
8370.000 0.200
8375.000 0.197
8380.000 0.266
8385.000 0.251
8390.000 0.228
8395.000 0.213
8400.000 0.197
8405.000 0.188
8410.000 0.180
8415.000 0.174
8420.000 0.171
8425.000 0.166
8430.000 0.161
8435.000 0.159
8440.000 0.154
8445.000 0.153
8450.000 0.151
8455.000 0.147
8460.000 0.144
8465.000 0.141
8470.000 0.136
8475.000 0.135
8480.000 0.131
8485.000 0.129
8490.000 0.129
8495.000 0.125
8500.000 0.122
8505.000 0.123
8510.000 0.122
8515.000 0.120
8520.000 0.119
8525.000 0.122
8530.000 0.132
8535.000 0.155
8540.000 0.212
8545.000 0.358
8550.000 0.528
8555.000 3.007
8560.000 4.507
8565.000 7.590
8570.000 3.433
8575.000 3.144
8580.000 1.966
8585.000 1.626
8590.000 1.503
8595.000 1.547
8600.000 1.647
8605.000 1.788
8610.000 1.873
8615.000 2.100
8620.000 2.369
8625.000 2.713
8630.000 3.194
8635.000 3.817
8640.000 4.688
8645.000 5.829
8650.000 7.242
8655.000 8.800
8660.000 10.070
8665.000 10.559
8670.000 9.636
8675.000 7.726
8680.000 5.839
8685.000 5.007
8690.000 3.643
8695.000 2.730
8700.000 2.260
8705.000 2.144
8710.000 2.090
8715.000 1.984
8720.000 1.842
8725.000 1.721
8730.000 1.658
8735.000 1.567
8740.000 1.473
8745.000 1.436
8750.000 1.371
8755.000 1.322
8760.000 1.280
8765.000 1.229
8770.000 1.196
8775.000 1.166
8780.000 1.126
8785.000 1.103
8790.000 1.068
8795.000 1.050
8800.000 1.035
8805.000 1.014
8810.000 0.992
8815.000 0.981
8820.000 0.969
8825.000 0.953
8830.000 0.952
8835.000 0.932
8840.000 0.916
8845.000 0.896
8850.000 0.867
8855.000 0.865
8860.000 0.843
8865.000 0.834
8870.000 0.815
8875.000 0.807
8880.000 0.797
8885.000 0.784
8890.000 0.778
8895.000 0.760
8900.000 0.751
8905.000 0.743
8910.000 0.735
8915.000 0.729
8920.000 0.722
8925.000 0.710
8930.000 0.703
8935.000 0.696
8940.000 0.690
8945.000 0.688
8950.000 0.685
8955.000 0.671
8960.000 0.668
8965.000 0.660
8970.000 0.660
8975.000 0.658
8980.000 0.656
8985.000 0.642
8990.000 0.637
8995.000 0.646
9000.000 0.635
9005.000 0.637
9010.000 0.631
9015.000 0.634
9020.000 0.620
9025.000 0.614
9030.000 0.617
9035.000 0.617
9040.000 0.618
9045.000 0.608
9050.000 0.607
9055.000 0.608
9060.000 0.602
9065.000 0.603
9070.000 0.601
9075.000 0.596
9080.000 0.596
9085.000 0.595
9090.000 0.592
9095.000 0.587
9100.000 0.585
9105.000 0.585
9110.000 0.583
9115.000 0.587
9120.000 0.582
9125.000 0.582
9130.000 0.579
9135.000 0.579
9140.000 0.586
9145.000 0.578
9150.000 0.576
9155.000 0.578
9160.000 0.578
9165.000 0.573
9170.000 0.571
9175.000 0.568
9180.000 0.569
9185.000 0.570
9190.000 0.566
9195.000 0.570
9200.000 0.565
9205.000 0.568
9210.000 0.568
9215.000 0.569
9220.000 0.566
9225.000 0.563
9230.000 0.561
9235.000 0.561
9240.000 0.566
9245.000 0.561
9250.000 0.562
9255.000 0.560
9260.000 0.560
9265.000 0.563
9270.000 0.559
9275.000 0.562
9280.000 0.558
9285.000 0.561
9290.000 0.560
9295.000 0.561
9300.000 0.559
9305.000 0.555
9310.000 0.561
9315.000 0.555
9320.000 0.557
9325.000 0.554
9330.000 0.554
9335.000 0.555
9340.000 0.554
9345.000 0.551
9350.000 0.551
9355.000 0.552
9360.000 0.551
9365.000 0.550
9370.000 0.548
9375.000 0.551
9380.000 0.553
9385.000 0.549
9390.000 0.551
9395.000 0.550
9400.000 0.550
9405.000 0.551
9410.000 0.553
9415.000 0.557
9420.000 0.552
9425.000 0.555
9430.000 0.551
9435.000 0.555
9440.000 0.563
9445.000 0.559
9450.000 0.561
9455.000 0.564
9460.000 0.569
9465.000 0.578
9470.000 0.581
9475.000 0.593
9480.000 0.612
9485.000 0.642
9490.000 0.683
9495.000 0.770
9500.000 0.810
9505.000 0.612
9510.000 0.615
9515.000 2.427
9520.000 1.975
9525.000 0.925
9530.000 0.980
9535.000 0.748
9540.000 0.645
9545.000 0.619
9550.000 0.578
9555.000 0.549
9560.000 0.532
9565.000 0.527
9570.000 0.525
9575.000 0.526
9580.000 0.525
9585.000 0.526
9590.000 0.525
9595.000 0.525
9600.000 0.528
9605.000 0.529
9610.000 0.524
9615.000 0.531
9620.000 0.527
9625.000 0.528
9630.000 0.522
9635.000 0.522
9640.000 0.523
9645.000 0.526
9650.000 0.525
9655.000 0.526
9660.000 0.525
9665.000 0.525
9670.000 0.520
9675.000 0.521
9680.000 0.525
9685.000 0.529
9690.000 0.527
9695.000 0.528
9700.000 0.530
9705.000 0.532
9710.000 0.529
9715.000 0.529
9720.000 0.529
9725.000 0.529
9730.000 0.536
9735.000 0.534
9740.000 0.538
9745.000 0.535
9750.000 0.543
9755.000 0.545
9760.000 0.546
9765.000 0.550
9770.000 0.553
9775.000 0.561
9780.000 0.565
9785.000 0.568
9790.000 0.578
9795.000 0.583
9800.000 0.600
9805.000 0.612
9810.000 0.621
9815.000 0.643
9820.000 0.651
9825.000 0.657
9830.000 0.653
9835.000 0.639
9840.000 0.581
9845.000 0.469
9850.000 0.322
9855.000 0.205
9860.000 0.155
9865.000 0.151
9870.000 0.182
9875.000 0.222
9880.000 0.263
9885.000 0.276
9890.000 0.251
9895.000 0.180
9900.000 0.254
9905.000 0.682
9910.000 1.175
9915.000 1.273
9920.000 1.209
9925.000 1.096
9930.000 0.990
9935.000 0.893
9940.000 0.801
9945.000 0.733
9950.000 0.697
9955.000 0.647
9960.000 0.598
9965.000 0.577
9970.000 0.568
9975.000 0.556
9980.000 0.547
9985.000 0.538
9990.000 0.543
