105.000 0.012
110.000 0.134
115.000 2.702
120.000 2.861
125.000 3.191
130.000 3.470
135.000 3.594
140.000 3.726
145.000 3.713
150.000 3.695
155.000 3.688
160.000 3.652
165.000 3.541
170.000 3.448
175.000 3.336
180.000 3.394
185.000 3.379
190.000 3.397
195.000 3.466
200.000 3.530
205.000 3.521
210.000 3.614
215.000 3.643
220.000 3.716
225.000 3.794
230.000 3.799
235.000 3.896
240.000 3.973
245.000 4.022
250.000 4.086
255.000 4.133
260.000 4.279
265.000 4.292
270.000 4.473
275.000 4.412
280.000 4.460
285.000 4.465
290.000 4.588
295.000 4.584
300.000 4.702
305.000 4.679
310.000 4.805
315.000 4.874
320.000 4.905
325.000 4.967
330.000 5.024
335.000 5.106
340.000 5.268
345.000 5.311
350.000 5.533
355.000 5.712
360.000 5.947
365.000 6.275
370.000 6.594
375.000 6.855
380.000 7.213
385.000 7.548
390.000 7.913
395.000 8.176
400.000 8.486
405.000 8.635
410.000 8.694
415.000 8.744
420.000 8.629
425.000 8.371
430.000 7.900
435.000 7.253
440.000 6.372
445.000 5.546
450.000 4.766
455.000 4.094
460.000 3.532
465.000 3.075
470.000 2.889
475.000 2.465
480.000 2.376
485.000 2.205
490.000 2.086
495.000 1.934
500.000 1.852
505.000 1.750
510.000 1.649
515.000 1.576
520.000 1.492
525.000 1.451
530.000 1.366
535.000 1.313
540.000 1.258
545.000 1.192
550.000 1.137
555.000 1.091
560.000 1.045
565.000 0.987
570.000 0.933
575.000 0.892
580.000 0.846
585.000 0.808
590.000 0.795
595.000 0.766
600.000 0.733
605.000 0.703
610.000 0.686
615.000 0.656
620.000 0.640
625.000 0.619
630.000 0.606
635.000 0.584
640.000 0.568
645.000 0.553
650.000 0.546
655.000 0.528
660.000 0.526
665.000 0.507
670.000 0.494
675.000 0.494
680.000 0.618
685.000 0.633
690.000 0.744
695.000 0.854
700.000 0.642
705.000 0.563
710.000 0.505
715.000 0.476
720.000 0.463
725.000 0.434
730.000 0.436
735.000 0.418
740.000 0.413
745.000 0.403
750.000 0.398
755.000 0.392
760.000 0.387
765.000 0.380
770.000 0.375
775.000 0.374
780.000 0.371
785.000 0.358
790.000 0.366
795.000 0.368
800.000 0.363
805.000 0.357
810.000 0.356
815.000 0.350
820.000 0.347
825.000 0.344
830.000 0.333
835.000 0.340
840.000 0.337
845.000 0.332
850.000 0.332
855.000 0.339
860.000 0.327
865.000 0.332
870.000 0.325
875.000 0.323
880.000 0.338
885.000 0.324
890.000 0.321
895.000 0.323
900.000 0.324
905.000 0.318
910.000 0.316
915.000 0.322
920.000 0.316
925.000 0.318
930.000 0.315
935.000 0.318
940.000 0.305
945.000 0.308
950.000 0.311
955.000 0.310
960.000 0.313
965.000 0.327
970.000 0.312
975.000 0.302
980.000 0.304
985.000 0.309
990.000 0.304
995.000 0.302
1000.000 0.315
1005.000 0.306
1010.000 0.307
1015.000 0.303
1020.000 0.319
1025.000 0.313
1030.000 0.315
1035.000 0.299
1040.000 0.308
1045.000 0.287
1050.000 0.304
1055.000 0.296
1060.000 0.297
1065.000 0.304
1070.000 0.294
1075.000 0.303
1080.000 0.304
1085.000 0.301
1090.000 0.298
1095.000 0.306
1100.000 0.302
1105.000 0.302
1110.000 0.303
1115.000 0.304
1120.000 0.302
1125.000 0.308
1130.000 0.301
1135.000 0.305
1140.000 0.303
1145.000 0.307
1150.000 0.306
1155.000 0.306
1160.000 0.303
1165.000 0.301
1170.000 0.303
1175.000 0.303
1180.000 0.308
1185.000 0.314
1190.000 0.306
1195.000 0.307
1200.000 0.305
1205.000 0.305
1210.000 0.307
1215.000 0.307
1220.000 0.306
1225.000 0.309
1230.000 0.311
1235.000 0.307
1240.000 0.317
1245.000 0.313
1250.000 0.316
1255.000 0.314
1260.000 0.317
1265.000 0.321
1270.000 0.320
1275.000 0.318
1280.000 0.318
1285.000 0.314
1290.000 0.323
1295.000 0.323
1300.000 0.322
1305.000 0.324
1310.000 0.324
1315.000 0.333
1320.000 0.327
1325.000 0.333
1330.000 0.331
1335.000 0.330
1340.000 0.328
1345.000 0.334
1350.000 0.335
1355.000 0.334
1360.000 0.339
1365.000 0.337
1370.000 0.337
1375.000 0.338
1380.000 0.335
1385.000 0.337
1390.000 0.334
1395.000 0.338
1400.000 0.338
1405.000 0.337
1410.000 0.339
1415.000 0.337
1420.000 0.340
1425.000 0.334
1430.000 0.334
1435.000 0.330
1440.000 0.332
1445.000 0.331
1450.000 0.334
1455.000 0.334
1460.000 0.341
1465.000 0.352
1470.000 0.349
1475.000 0.359
1480.000 0.361
1485.000 0.363
1490.000 0.379
1495.000 0.379
1500.000 0.377
1505.000 0.385
1510.000 0.391
1515.000 0.392
1520.000 0.399
1525.000 0.415
1530.000 0.407
1535.000 0.419
1540.000 0.418
1545.000 0.427
1550.000 0.430
1555.000 0.437
1560.000 0.438
1565.000 0.441
1570.000 0.455
1575.000 0.456
1580.000 0.465
1585.000 0.468
1590.000 0.476
1595.000 0.485
1600.000 0.492
1605.000 0.502
1610.000 0.509
1615.000 0.513
1620.000 0.525
1625.000 0.531
1630.000 0.534
1635.000 0.542
1640.000 0.554
1645.000 0.561
1650.000 0.570
1655.000 0.579
1660.000 0.591
1665.000 0.605
1670.000 0.617
1675.000 0.621
1680.000 0.643
1685.000 0.647
1690.000 0.668
1695.000 0.671
1700.000 0.682
1705.000 0.695
1710.000 0.713
1715.000 0.714
1720.000 0.741
1725.000 0.756
1730.000 0.774
1735.000 0.792
1740.000 0.821
1745.000 0.825
1750.000 0.848
1755.000 0.854
1760.000 0.880
1765.000 0.895
1770.000 0.913
1775.000 0.939
1780.000 0.955
1785.000 0.977
1790.000 0.993
1795.000 1.016
1800.000 1.047
1805.000 1.047
1810.000 1.067
1815.000 1.086
1820.000 1.106
1825.000 1.121
1830.000 1.141
1835.000 1.161
1840.000 1.178
1845.000 1.197
1850.000 1.213
1855.000 1.227
1860.000 1.229
1865.000 1.238
1870.000 1.248
1875.000 1.256
1880.000 1.271
1885.000 1.275
1890.000 1.286
1895.000 1.284
1900.000 1.288
1905.000 1.284
1910.000 1.289
1915.000 1.287
1920.000 1.283
1925.000 1.276
1930.000 1.274
1935.000 1.275
1940.000 1.263
1945.000 1.259
1950.000 1.259
1955.000 1.249
1960.000 1.246
1965.000 1.235
1970.000 1.238
1975.000 1.239
1980.000 1.221
1985.000 1.202
1990.000 1.201
1995.000 1.187
2000.000 1.184
2005.000 1.182
2010.000 1.185
2015.000 1.170
2020.000 1.178
2025.000 1.160
2030.000 1.163
2035.000 1.141
2040.000 1.143
2045.000 1.141
2050.000 1.132
2055.000 1.141
2060.000 1.129
2065.000 1.120
2070.000 1.119
2075.000 1.118
2080.000 1.116
2085.000 1.115
2090.000 1.119
2095.000 1.113
2100.000 1.118
2105.000 1.126
2110.000 1.124
2115.000 1.128
2120.000 1.132
2125.000 1.131
2130.000 1.130
2135.000 1.142
2140.000 1.154
2145.000 1.155
2150.000 1.165
2155.000 1.170
2160.000 1.181
2165.000 1.188
2170.000 1.210
2175.000 1.218
2180.000 1.235
2185.000 1.263
2190.000 1.278
2195.000 1.294
2200.000 1.316
2205.000 1.344
2210.000 1.381
2215.000 1.419
2220.000 1.459
2225.000 1.498
2230.000 1.552
2235.000 1.573
2240.000 1.640
2245.000 1.707
2250.000 1.794
2255.000 1.901
2260.000 2.011
2265.000 2.156
2270.000 2.335
2275.000 2.576
2280.000 2.935
2285.000 3.455
2290.000 3.861
2295.000 4.987
2300.000 6.960
2305.000 10.243
2310.000 14.742
2315.000 18.882
2320.000 20.739
2325.000 21.614
2330.000 10.006
2335.000 6.200
2340.000 4.061
2345.000 2.918
2350.000 2.204
2355.000 1.939
2360.000 1.528
2365.000 1.238
2370.000 1.023
2375.000 0.852
2380.000 0.721
2385.000 0.620
2390.000 0.537
2395.000 0.469
2400.000 0.409
2405.000 0.363
2410.000 0.323
2415.000 0.287
2420.000 0.256
2425.000 0.227
2430.000 0.214
2435.000 0.191
2440.000 0.171
2445.000 0.150
2450.000 0.135
2455.000 0.118
2460.000 0.105
2465.000 0.090
2470.000 0.080
2475.000 0.067
2480.000 0.064
2485.000 0.056
2490.000 0.044
2495.000 0.037
2500.000 0.029
2505.000 0.024
2510.000 0.017
2515.000 0.013
2520.000 0.011
2525.000 0.013
2530.000 0.015
2535.000 0.018
2540.000 0.019
2545.000 0.024
2550.000 0.028
2555.000 0.032
2560.000 0.035
2565.000 0.039
2570.000 0.042
2575.000 0.044
2580.000 0.047
2585.000 0.050
2590.000 0.052
2595.000 0.053
2600.000 0.056
2605.000 0.060
2610.000 0.063
2615.000 0.062
2620.000 0.064
2625.000 0.066
2630.000 0.069
2635.000 0.070
2640.000 0.072
2645.000 0.072
2650.000 0.074
2655.000 0.076
2660.000 0.077
2665.000 0.078
2670.000 0.079
2675.000 0.079
2680.000 0.080
2685.000 0.081
2690.000 0.083
2695.000 0.082
2700.000 0.083
2705.000 0.083
2710.000 0.084
2715.000 0.085
2720.000 0.085
2725.000 0.085
2730.000 0.086
2735.000 0.085
2740.000 0.087
2745.000 0.086
2750.000 0.084
2755.000 0.086
2760.000 0.086
2765.000 0.088
2770.000 0.087
2775.000 0.088
2780.000 0.087
2785.000 0.087
2790.000 0.086
2795.000 0.086
2800.000 0.087
2805.000 0.088
2810.000 0.088
2815.000 0.087
2820.000 0.088
2825.000 0.089
2830.000 0.090
2835.000 0.090
2840.000 0.092
2845.000 0.092
2850.000 0.092
2855.000 0.095
2860.000 0.096
2865.000 0.096
2870.000 0.098
2875.000 0.102
2880.000 0.102
2885.000 0.103
2890.000 0.107
2895.000 0.111
2900.000 0.112
2905.000 0.113
2910.000 0.118
2915.000 0.119
2920.000 0.122
2925.000 0.123
2930.000 0.128
2935.000 0.129
2940.000 0.134
2945.000 0.134
2950.000 0.140
2955.000 0.137
2960.000 0.144
2965.000 0.147
2970.000 0.149
2975.000 0.152
2980.000 0.155
2985.000 0.160
2990.000 0.158
2995.000 0.156
3000.000 0.168
3005.000 0.161
3010.000 0.162
3015.000 0.173
3020.000 0.179
3025.000 0.176
3030.000 0.180
3035.000 0.176
3040.000 0.184
3045.000 0.185
3050.000 0.181
3055.000 0.187
3060.000 0.188
3065.000 0.186
3070.000 0.191
3075.000 0.192
3080.000 0.193
3085.000 0.195
3090.000 0.197
3095.000 0.200
3100.000 0.199
3105.000 0.203
3110.000 0.202
3115.000 0.204
3120.000 0.207
3125.000 0.208
3130.000 0.209
3135.000 0.211
3140.000 0.212
3145.000 0.212
3150.000 0.213
3155.000 0.214
3160.000 0.216
3165.000 0.219
3170.000 0.219
3175.000 0.218
3180.000 0.220
3185.000 0.220
3190.000 0.222
3195.000 0.222
3200.000 0.223
3205.000 0.224
3210.000 0.223
3215.000 0.228
3220.000 0.227
3225.000 0.226
3230.000 0.227
3235.000 0.230
3240.000 0.228
3245.000 0.228
3250.000 0.232
3255.000 0.230
3260.000 0.231
3265.000 0.232
3270.000 0.232
3275.000 0.233
3280.000 0.232
3285.000 0.233
3290.000 0.233
3295.000 0.234
3300.000 0.233
3305.000 0.237
3310.000 0.234
3315.000 0.236
3320.000 0.239
3325.000 0.237
3330.000 0.239
3335.000 0.238
3340.000 0.239
3345.000 0.239
3350.000 0.241
3355.000 0.242
3360.000 0.242
3365.000 0.242
3370.000 0.242
3375.000 0.243
3380.000 0.242
3385.000 0.243
3390.000 0.245
3395.000 0.245
3400.000 0.246
3405.000 0.248
3410.000 0.249
3415.000 0.246
3420.000 0.247
3425.000 0.245
3430.000 0.246
3435.000 0.250
3440.000 0.250
3445.000 0.251
3450.000 0.251
3455.000 0.251
3460.000 0.251
3465.000 0.250
3470.000 0.252
3475.000 0.254
3480.000 0.255
3485.000 0.254
3490.000 0.256
3495.000 0.256
3500.000 0.255
3505.000 0.258
3510.000 0.259
3515.000 0.260
3520.000 0.258
3525.000 0.258
3530.000 0.262
3535.000 0.260
3540.000 0.261
3545.000 0.263
3550.000 0.266
3555.000 0.263
3560.000 0.268
3565.000 0.267
3570.000 0.268
3575.000 0.268
3580.000 0.268
3585.000 0.270
3590.000 0.270
3595.000 0.270
3600.000 0.272
3605.000 0.271
3610.000 0.276
3615.000 0.277
3620.000 0.274
3625.000 0.277
3630.000 0.276
3635.000 0.276
3640.000 0.275
3645.000 0.273
3650.000 0.274
3655.000 0.271
3660.000 0.266
3665.000 0.255
3670.000 0.240
3675.000 0.219
3680.000 0.202
3685.000 0.239
3690.000 0.604
3695.000 1.177
3700.000 4.254
3705.000 10.315
3710.000 18.142
3715.000 18.052
3720.000 11.217
3725.000 4.955
3730.000 2.628
3735.000 1.539
3740.000 0.995
3745.000 0.714
3750.000 0.626
3755.000 0.492
3760.000 0.410
3765.000 0.355
3770.000 0.313
3775.000 0.288
3780.000 0.264
3785.000 0.251
3790.000 0.241
3795.000 0.230
3800.000 0.226
3805.000 0.221
3810.000 0.215
3815.000 0.214
3820.000 0.213
3825.000 0.211
3830.000 0.207
3835.000 0.208
3840.000 0.206
3845.000 0.206
3850.000 0.203
3855.000 0.207
3860.000 0.205
3865.000 0.204
3870.000 0.204
3875.000 0.204
3880.000 0.203
3885.000 0.208
3890.000 0.205
3895.000 0.204
3900.000 0.205
3905.000 0.205
3910.000 0.204
3915.000 0.204
3920.000 0.208
3925.000 0.207
3930.000 0.206
3935.000 0.207
3940.000 0.211
3945.000 0.206
3950.000 0.209
3955.000 0.206
3960.000 0.212
3965.000 0.210
3970.000 0.204
3975.000 0.210
3980.000 0.207
3985.000 0.203
3990.000 0.210
3995.000 0.208
4000.000 0.214
4005.000 0.205
4010.000 0.210
4015.000 0.208
4020.000 0.219
4025.000 0.216
4030.000 0.219
4035.000 0.208
4040.000 0.211
4045.000 0.211
4050.000 0.220
4055.000 0.216
4060.000 0.215
4065.000 0.215
4070.000 0.218
4075.000 0.221
4080.000 0.218
4085.000 0.221
4090.000 0.220
4095.000 0.221
4100.000 0.219
4105.000 0.224
4110.000 0.222
4115.000 0.226
4120.000 0.225
4125.000 0.227
4130.000 0.227
4135.000 0.228
4140.000 0.229
4145.000 0.229
4150.000 0.226
4155.000 0.227
4160.000 0.228
4165.000 0.227
4170.000 0.229
4175.000 0.230
4180.000 0.228
4185.000 0.232
4190.000 0.229
4195.000 0.231
4200.000 0.231
4205.000 0.231
4210.000 0.231
4215.000 0.231
4220.000 0.232
4225.000 0.229
4230.000 0.231
4235.000 0.229
4240.000 0.231
4245.000 0.229
4250.000 0.227
4255.000 0.229
4260.000 0.229
4265.000 0.229
4270.000 0.229
4275.000 0.229
4280.000 0.228
4285.000 0.228
4290.000 0.230
4295.000 0.228
4300.000 0.229
4305.000 0.228
4310.000 0.228
4315.000 0.228
4320.000 0.230
4325.000 0.231
4330.000 0.231
4335.000 0.231
4340.000 0.230
4345.000 0.232
4350.000 0.234
4355.000 0.231
4360.000 0.234
4365.000 0.234
4370.000 0.234
4375.000 0.234
4380.000 0.236
4385.000 0.235
4390.000 0.236
4395.000 0.239
4400.000 0.237
4405.000 0.238
4410.000 0.240
4415.000 0.241
4420.000 0.240
4425.000 0.242
4430.000 0.244
4435.000 0.242
4440.000 0.243
4445.000 0.242
4450.000 0.242
4455.000 0.245
4460.000 0.244
4465.000 0.247
4470.000 0.246
4475.000 0.246
4480.000 0.247
4485.000 0.248
4490.000 0.250
4495.000 0.251
4500.000 0.252
4505.000 0.252
4510.000 0.252
4515.000 0.256
4520.000 0.254
4525.000 0.256
4530.000 0.257
4535.000 0.256
4540.000 0.259
4545.000 0.258
4550.000 0.260
4555.000 0.263
4560.000 0.265
4565.000 0.264
4570.000 0.264
4575.000 0.267
4580.000 0.269
4585.000 0.270
4590.000 0.271
4595.000 0.273
4600.000 0.276
4605.000 0.276
4610.000 0.275
4615.000 0.278
4620.000 0.280
4625.000 0.282
4630.000 0.285
4635.000 0.284
4640.000 0.287
4645.000 0.289
4650.000 0.291
4655.000 0.295
4660.000 0.297
4665.000 0.299
4670.000 0.300
4675.000 0.304
4680.000 0.305
4685.000 0.311
4690.000 0.314
4695.000 0.314
4700.000 0.323
4705.000 0.325
4710.000 0.329
4715.000 0.334
4720.000 0.337
4725.000 0.346
4730.000 0.347
4735.000 0.349
4740.000 0.349
4745.000 0.357
4750.000 0.360
4755.000 0.363
4760.000 0.369
4765.000 0.372
4770.000 0.379
4775.000 0.385
4780.000 0.390
4785.000 0.391
4790.000 0.400
4795.000 0.412
4800.000 0.411
4805.000 0.424
4810.000 0.431
4815.000 0.443
4820.000 0.458
4825.000 0.464
4830.000 0.475
4835.000 0.491
4840.000 0.509
4845.000 0.524
4850.000 0.534
4855.000 0.564
4860.000 0.574
4865.000 0.603
4870.000 0.626
4875.000 0.659
4880.000 0.698
4885.000 0.734
4890.000 0.785
4895.000 0.837
4900.000 0.903
4905.000 0.994
4910.000 1.013
4915.000 1.106
4920.000 1.205
4925.000 1.315
4930.000 1.433
4935.000 1.608
4940.000 1.816
4945.000 2.125
4950.000 2.538
4955.000 3.112
4960.000 3.958
4965.000 5.245
4970.000 7.222
4975.000 8.554
4980.000 12.527
4985.000 17.493
4990.000 14.417
4995.000 14.361
5000.000 17.648
5005.000 21.200
5010.000 16.559
5015.000 9.025
5020.000 7.141
5025.000 5.167
5030.000 4.613
5035.000 3.695
5040.000 3.086
5045.000 2.634
5050.000 2.316
5055.000 2.102
5060.000 1.902
5065.000 1.735
5070.000 1.590
5075.000 1.471
5080.000 1.375
5085.000 1.284
5090.000 1.248
5095.000 1.175
5100.000 1.122
5105.000 1.066
5110.000 1.026
5115.000 0.991
5120.000 0.953
5125.000 0.926
5130.000 0.897
5135.000 0.875
5140.000 0.855
5145.000 0.832
5150.000 0.816
5155.000 0.807
5160.000 0.785
5165.000 0.778
5170.000 0.764
5175.000 0.753
5180.000 0.743
5185.000 0.733
5190.000 0.721
5195.000 0.715
5200.000 0.708
5205.000 0.697
5210.000 0.693
5215.000 0.687
5220.000 0.683
5225.000 0.674
5230.000 0.671
5235.000 0.663
5240.000 0.661
5245.000 0.658
5250.000 0.650
5255.000 0.649
5260.000 0.643
5265.000 0.641
5270.000 0.639
5275.000 0.637
5280.000 0.637
5285.000 0.629
5290.000 0.627
5295.000 0.623
5300.000 0.623
5305.000 0.623
5310.000 0.618
5315.000 0.616
5320.000 0.612
5325.000 0.611
5330.000 0.607
5335.000 0.606
5340.000 0.605
5345.000 0.599
5350.000 0.600
5355.000 0.595
5360.000 0.595
5365.000 0.591
5370.000 0.587
5375.000 0.587
5380.000 0.584
5385.000 0.580
5390.000 0.581
5395.000 0.575
5400.000 0.571
5405.000 0.569
5410.000 0.567
5415.000 0.561
5420.000 0.562
5425.000 0.557
5430.000 0.556
5435.000 0.552
5440.000 0.548
5445.000 0.546
5450.000 0.543
5455.000 0.539
5460.000 0.538
5465.000 0.535
5470.000 0.531
5475.000 0.526
5480.000 0.528
5485.000 0.522
5490.000 0.519
5495.000 0.519
5500.000 0.515
5505.000 0.512
5510.000 0.507
5515.000 0.508
5520.000 0.506
5525.000 0.509
5530.000 0.516
5535.000 0.507
5540.000 0.504
5545.000 0.492
5550.000 0.488
5555.000 0.484
5560.000 0.483
5565.000 0.482
5570.000 0.478
5575.000 0.478
5580.000 0.475
5585.000 0.472
5590.000 0.471
5595.000 0.471
5600.000 0.466
5605.000 0.466
5610.000 0.462
5615.000 0.460
5620.000 0.460
5625.000 0.459
5630.000 0.457
5635.000 0.455
5640.000 0.456
5645.000 0.454
5650.000 0.453
5655.000 0.448
5660.000 0.448
5665.000 0.450
5670.000 0.447
5675.000 0.448
5680.000 0.445
5685.000 0.448
5690.000 0.446
5695.000 0.443
5700.000 0.444
5705.000 0.441
5710.000 0.443
5715.000 0.443
5720.000 0.443
5725.000 0.442
5730.000 0.440
5735.000 0.442
5740.000 0.442
5745.000 0.442
5750.000 0.442
5755.000 0.441
5760.000 0.441
5765.000 0.443
5770.000 0.444
5775.000 0.443
5780.000 0.447
5785.000 0.446
5790.000 0.448
5795.000 0.450
5800.000 0.450
5805.000 0.451
5810.000 0.451
5815.000 0.453
5820.000 0.455
5825.000 0.455
5830.000 0.459
5835.000 0.460
5840.000 0.461
5845.000 0.464
5850.000 0.467
5855.000 0.467
5860.000 0.471
5865.000 0.474
5870.000 0.479
5875.000 0.480
5880.000 0.484
5885.000 0.487
5890.000 0.491
5895.000 0.499
5900.000 0.498
5905.000 0.505
5910.000 0.509
5915.000 0.513
5920.000 0.520
5925.000 0.523
5930.000 0.532
5935.000 0.537
5940.000 0.545
5945.000 0.550
5950.000 0.556
5955.000 0.564
5960.000 0.570
5965.000 0.580
5970.000 0.596
5975.000 0.602
5980.000 0.614
5985.000 0.632
5990.000 0.639
5995.000 0.654
6000.000 0.668
6005.000 0.679
6010.000 0.687
6015.000 0.701
6020.000 0.710
6025.000 0.734
6030.000 0.740
6035.000 0.742
6040.000 0.757
6045.000 0.769
6050.000 0.798
6055.000 0.807
6060.000 0.825
6065.000 0.846
6070.000 0.859
6075.000 0.895
6080.000 0.899
6085.000 0.927
6090.000 0.946
6095.000 0.980
6100.000 1.008
6105.000 1.045
6110.000 1.083
6115.000 1.118
6120.000 1.166
6125.000 1.205
6130.000 1.227
6135.000 1.275
6140.000 1.339
6145.000 1.407
6150.000 1.469
6155.000 1.554
6160.000 1.632
6165.000 1.725
6170.000 1.837
6175.000 1.969
6180.000 2.124
6185.000 2.309
6190.000 2.434
6195.000 2.706
6200.000 3.304
6205.000 3.573
6210.000 4.277
6215.000 5.380
6220.000 6.902
6225.000 9.202
6230.000 12.395
6235.000 16.528
6240.000 21.131
6245.000 25.198
6250.000 26.268
6255.000 22.450
6260.000 19.563
6265.000 12.063
6270.000 8.111
6275.000 6.041
6280.000 4.744
6285.000 3.862
6290.000 3.227
6295.000 2.788
6300.000 2.482
6305.000 2.367
6310.000 2.119
6315.000 1.951
6320.000 1.743
6325.000 1.587
6330.000 1.459
6335.000 1.346
6340.000 1.249
6345.000 1.163
6350.000 1.093
6355.000 1.031
6360.000 0.974
6365.000 0.924
6370.000 0.901
6375.000 0.860
6380.000 0.820
6385.000 0.787
6390.000 0.754
6395.000 0.728
6400.000 0.702
6405.000 0.677
6410.000 0.653
6415.000 0.632
6420.000 0.612
6425.000 0.593
6430.000 0.584
6435.000 0.565
6440.000 0.549
6445.000 0.525
6450.000 0.517
6455.000 0.503
6460.000 0.486
6465.000 0.470
6470.000 0.456
6475.000 0.441
6480.000 0.427
6485.000 0.410
6490.000 0.404
6495.000 0.381
6500.000 0.372
6505.000 0.356
6510.000 0.338
6515.000 0.321
6520.000 0.301
6525.000 0.280
6530.000 0.259
6535.000 0.238
6540.000 0.221
6545.000 0.208
6550.000 0.206
6555.000 0.223
6560.000 0.284
6565.000 0.411
6570.000 0.665
6575.000 1.339
6580.000 4.218
6585.000 10.987
6590.000 14.625
6595.000 2.622
6600.000 5.632
6605.000 2.412
6610.000 2.376
6615.000 2.041
6620.000 1.620
6625.000 1.222
6630.000 1.155
6635.000 1.026
6640.000 0.937
6645.000 0.871
6650.000 0.815
6655.000 0.773
6660.000 0.741
6665.000 0.709
6670.000 0.684
6675.000 0.673
6680.000 0.657
6685.000 0.637
6690.000 0.616
6695.000 0.612
6700.000 0.597
6705.000 0.589
6710.000 0.580
6715.000 0.572
6720.000 0.567
6725.000 0.557
6730.000 0.554
6735.000 0.550
6740.000 0.547
6745.000 0.539
6750.000 0.536
6755.000 0.532
6760.000 0.528
6765.000 0.525
6770.000 0.519
6775.000 0.517
6780.000 0.514
6785.000 0.511
6790.000 0.510
6795.000 0.506
6800.000 0.506
6805.000 0.502
6810.000 0.500
6815.000 0.495
6820.000 0.494
6825.000 0.494
6830.000 0.490
6835.000 0.489
6840.000 0.487
6845.000 0.486
6850.000 0.483
6855.000 0.483
6860.000 0.483
6865.000 0.481
6870.000 0.479
6875.000 0.477
6880.000 0.476
6885.000 0.476
6890.000 0.474
6895.000 0.474
6900.000 0.472
6905.000 0.470
6910.000 0.470
6915.000 0.469
6920.000 0.469
6925.000 0.469
6930.000 0.466
6935.000 0.468
6940.000 0.469
6945.000 0.468
6950.000 0.467
6955.000 0.464
6960.000 0.466
6965.000 0.465
6970.000 0.463
6975.000 0.461
6980.000 0.463
6985.000 0.466
6990.000 0.459
6995.000 0.459
7000.000 0.460
7005.000 0.465
7010.000 0.467
7015.000 0.461
7020.000 0.468
7025.000 0.466
7030.000 0.467
7035.000 0.463
7040.000 0.462
7045.000 0.463
7050.000 0.467
7055.000 0.463
7060.000 0.464
7065.000 0.470
7070.000 0.468
7075.000 0.467
7080.000 0.472
7085.000 0.469
7090.000 0.470
7095.000 0.472
7100.000 0.473
7105.000 0.475
7110.000 0.475
7115.000 0.476
7120.000 0.478
7125.000 0.479
7130.000 0.482
7135.000 0.481
7140.000 0.484
7145.000 0.486
7150.000 0.487
7155.000 0.492
7160.000 0.492
7165.000 0.491
7170.000 0.495
7175.000 0.499
7180.000 0.498
7185.000 0.504
7190.000 0.503
7195.000 0.508
7200.000 0.510
7205.000 0.513
7210.000 0.518
7215.000 0.519
7220.000 0.522
7225.000 0.525
7230.000 0.531
7235.000 0.533
7240.000 0.539
7245.000 0.543
7250.000 0.547
7255.000 0.555
7260.000 0.563
7265.000 0.566
7270.000 0.573
7275.000 0.579
7280.000 0.584
7285.000 0.590
7290.000 0.604
7295.000 0.608
7300.000 0.618
7305.000 0.630
7310.000 0.639
7315.000 0.653
7320.000 0.664
7325.000 0.685
7330.000 0.701
7335.000 0.720
7340.000 0.743
7345.000 0.765
7350.000 0.782
7355.000 0.815
7360.000 0.868
7365.000 0.913
7370.000 0.931
7375.000 0.941
7380.000 0.943
7385.000 0.969
7390.000 0.989
7395.000 1.035
7400.000 1.085
7405.000 1.136
7410.000 1.165
7415.000 1.273
7420.000 1.322
7425.000 1.423
7430.000 1.555
7435.000 1.741
7440.000 2.000
7445.000 2.397
7450.000 2.948
7455.000 3.750
7460.000 4.571
7465.000 4.809
7470.000 4.255
7475.000 2.876
7480.000 1.978
7485.000 1.558
7490.000 1.273
7495.000 1.636
7500.000 1.392
7505.000 1.176
7510.000 0.952
7515.000 0.793
7520.000 0.673
7525.000 0.620
7530.000 0.529
7535.000 0.460
7540.000 0.406
7545.000 0.361
7550.000 0.327
7555.000 0.300
7560.000 0.281
7565.000 0.266
7570.000 0.252
7575.000 0.245
7580.000 0.235
7585.000 0.234
7590.000 0.229
7595.000 0.226
7600.000 0.225
7605.000 0.223
7610.000 0.223
7615.000 0.223
7620.000 0.226
7625.000 0.226
7630.000 0.227
7635.000 0.230
7640.000 0.230
7645.000 0.230
7650.000 0.232
7655.000 0.235
7660.000 0.237
7665.000 0.242
7670.000 0.244
7675.000 0.247
7680.000 0.248
7685.000 0.248
7690.000 0.253
7695.000 0.256
7700.000 0.259
7705.000 0.260
7710.000 0.261
7715.000 0.264
7720.000 0.265
7725.000 0.267
7730.000 0.270
7735.000 0.271
7740.000 0.274
7745.000 0.274
7750.000 0.280
7755.000 0.279
7760.000 0.283
7765.000 0.284
7770.000 0.287
7775.000 0.292
7780.000 0.291
7785.000 0.292
7790.000 0.295
7795.000 0.298
7800.000 0.301
7805.000 0.299
7810.000 0.299
7815.000 0.303
7820.000 0.305
7825.000 0.309
7830.000 0.309
7835.000 0.314
7840.000 0.314
7845.000 0.317
7850.000 0.316
7855.000 0.319
7860.000 0.319
7865.000 0.321
7870.000 0.325
7875.000 0.326
7880.000 0.330
7885.000 0.331
7890.000 0.331
7895.000 0.333
7900.000 0.335
7905.000 0.339
7910.000 0.340
7915.000 0.341
7920.000 0.345
7925.000 0.346
7930.000 0.350
7935.000 0.352
7940.000 0.357
7945.000 0.354
7950.000 0.363
7955.000 0.356
7960.000 0.365
7965.000 0.367
7970.000 0.366
7975.000 0.369
7980.000 0.369
7985.000 0.378
7990.000 0.377
7995.000 0.377
8000.000 0.389
8005.000 0.380
8010.000 0.388
8015.000 0.382
8020.000 0.391
8025.000 0.399
8030.000 0.407
8035.000 0.398
8040.000 0.395
8045.000 0.388
8050.000 0.369
8055.000 0.340
8060.000 0.278
8065.000 0.149
8070.000 0.359
8075.000 1.449
8080.000 5.960
8085.000 9.797
8090.000 3.757
8095.000 0.838
8100.000 1.036
8105.000 0.293
8110.000 0.390
8115.000 0.355
8120.000 0.333
8125.000 0.335
8130.000 0.327
8135.000 0.323
8140.000 0.319
8145.000 0.317
8150.000 0.320
8155.000 0.318
8160.000 0.322
8165.000 0.325
8170.000 0.326
8175.000 0.329
8180.000 0.332
8185.000 0.337
8190.000 0.341
8195.000 0.342
8200.000 0.343
8205.000 0.348
8210.000 0.354
8215.000 0.357
8220.000 0.364
8225.000 0.365
8230.000 0.371
8235.000 0.375
8240.000 0.376
8245.000 0.381
8250.000 0.383
8255.000 0.382
8260.000 0.385
8265.000 0.392
8270.000 0.395
8275.000 0.395
8280.000 0.400
8285.000 0.402
8290.000 0.405
8295.000 0.412
8300.000 0.413
8305.000 0.418
8310.000 0.419
8315.000 0.422
8320.000 0.426
8325.000 0.430
8330.000 0.437
8335.000 0.437
8340.000 0.442
8345.000 0.445
8350.000 0.452
8355.000 0.453
8360.000 0.461
8365.000 0.468
8370.000 0.474
8375.000 0.479
8380.000 0.482
8385.000 0.492
8390.000 0.503
8395.000 0.504
8400.000 0.512
8405.000 0.517
8410.000 0.528
8415.000 0.538
8420.000 0.549
8425.000 0.561
8430.000 0.570
8435.000 0.584
8440.000 0.597
8445.000 0.608
8450.000 0.618
8455.000 0.633
8460.000 0.643
8465.000 0.652
8470.000 0.668
8475.000 0.680
8480.000 0.699
8485.000 0.715
8490.000 0.738
8495.000 0.745
8500.000 0.770
8505.000 0.812
8510.000 0.828
8515.000 0.864
8520.000 0.904
8525.000 0.958
8530.000 1.016
8535.000 1.107
8540.000 1.241
8545.000 1.465
8550.000 1.932
8555.000 2.774
8560.000 3.775
8565.000 6.453
8570.000 6.564
8575.000 1.941
8580.000 0.838
8585.000 0.935
8590.000 0.661
8595.000 0.823
8600.000 0.995
8605.000 1.204
8610.000 1.421
8615.000 1.660
8620.000 1.808
8625.000 2.126
8630.000 2.560
8635.000 3.114
8640.000 3.866
8645.000 4.818
8650.000 5.936
8655.000 7.149
8660.000 8.099
8665.000 8.320
8670.000 7.380
8675.000 5.657
8680.000 4.106
8685.000 2.917
8690.000 2.457
8695.000 1.662
8700.000 1.079
8705.000 0.566
8710.000 0.146
8715.000 0.318
8720.000 0.488
8725.000 0.549
8730.000 0.540
8735.000 0.508
8740.000 0.497
8745.000 0.459
8750.000 0.447
8755.000 0.416
8760.000 0.392
8765.000 0.365
8770.000 0.342
8775.000 0.323
8780.000 0.304
8785.000 0.288
8790.000 0.272
8795.000 0.259
8800.000 0.252
8805.000 0.234
8810.000 0.232
8815.000 0.225
8820.000 0.223
8825.000 0.216
8830.000 0.195
8835.000 0.186
8840.000 0.193
8845.000 0.181
8850.000 0.173
8855.000 0.171
8860.000 0.167
8865.000 0.164
8870.000 0.162
8875.000 0.156
8880.000 0.156
8885.000 0.154
8890.000 0.151
8895.000 0.151
8900.000 0.151
8905.000 0.151
8910.000 0.147
8915.000 0.149
8920.000 0.147
8925.000 0.148
8930.000 0.147
8935.000 0.147
8940.000 0.147
8945.000 0.148
8950.000 0.149
8955.000 0.150
8960.000 0.147
8965.000 0.151
8970.000 0.151
8975.000 0.155
8980.000 0.155
8985.000 0.150
8990.000 0.157
8995.000 0.156
9000.000 0.159
9005.000 0.154
9010.000 0.157
9015.000 0.159
9020.000 0.160
9025.000 0.164
9030.000 0.161
9035.000 0.166
9040.000 0.164
9045.000 0.165
9050.000 0.169
9055.000 0.169
9060.000 0.166
9065.000 0.172
9070.000 0.169
9075.000 0.170
9080.000 0.174
9085.000 0.172
9090.000 0.174
9095.000 0.175
9100.000 0.178
9105.000 0.177
9110.000 0.178
9115.000 0.179
9120.000 0.180
9125.000 0.179
9130.000 0.179
9135.000 0.184
9140.000 0.183
9145.000 0.185
9150.000 0.188
9155.000 0.185
9160.000 0.188
9165.000 0.189
9170.000 0.188
9175.000 0.189
9180.000 0.190
9185.000 0.191
9190.000 0.192
9195.000 0.193
9200.000 0.193
9205.000 0.193
9210.000 0.196
9215.000 0.196
9220.000 0.199
9225.000 0.196
9230.000 0.199
9235.000 0.200
9240.000 0.200
9245.000 0.199
9250.000 0.202
9255.000 0.205
9260.000 0.204
9265.000 0.204
9270.000 0.207
9275.000 0.208
9280.000 0.210
9285.000 0.211
9290.000 0.210
9295.000 0.213
9300.000 0.214
9305.000 0.217
9310.000 0.218
9315.000 0.219
9320.000 0.221
9325.000 0.223
9330.000 0.226
9335.000 0.229
9340.000 0.228
9345.000 0.233
9350.000 0.231
9355.000 0.236
9360.000 0.240
9365.000 0.243
9370.000 0.248
9375.000 0.252
9380.000 0.258
9385.000 0.265
9390.000 0.269
9395.000 0.274
9400.000 0.284
9405.000 0.294
9410.000 0.303
9415.000 0.308
9420.000 0.324
9425.000 0.340
9430.000 0.356
9435.000 0.378
9440.000 0.399
9445.000 0.421
9450.000 0.449
9455.000 0.495
9460.000 0.544
9465.000 0.616
9470.000 0.660
9475.000 0.898
9480.000 1.033
9485.000 1.484
9490.000 2.376
9495.000 3.948
9500.000 6.362
9505.000 8.986
9510.000 7.767
9515.000 1.353
9520.000 0.964
9525.000 0.857
9530.000 0.604
9535.000 0.509
9540.000 0.425
9545.000 0.351
9550.000 0.295
9555.000 0.257
9560.000 0.228
9565.000 0.206
9570.000 0.190
9575.000 0.173
9580.000 0.165
9585.000 0.157
9590.000 0.150
9595.000 0.148
9600.000 0.145
9605.000 0.141
9610.000 0.141
9615.000 0.142
9620.000 0.140
9625.000 0.141
9630.000 0.143
9635.000 0.146
9640.000 0.150
9645.000 0.154
9650.000 0.159
9655.000 0.162
9660.000 0.168
9665.000 0.180
9670.000 0.184
9675.000 0.193
9680.000 0.204
9685.000 0.214
9690.000 0.226
9695.000 0.241
9700.000 0.257
9705.000 0.274
9710.000 0.286
9715.000 0.318
9720.000 0.332
9725.000 0.359
9730.000 0.394
9735.000 0.437
9740.000 0.486
9745.000 0.543
9750.000 0.595
9755.000 0.662
9760.000 0.742
9765.000 0.819
9770.000 0.907
9775.000 0.959
9780.000 1.080
9785.000 1.317
9790.000 1.538
9795.000 1.668
9800.000 2.003
9805.000 2.431
9810.000 3.016
9815.000 3.806
9820.000 4.780
9825.000 5.961
9830.000 7.284
9835.000 8.570
9840.000 9.102
9845.000 9.692
9850.000 9.304
9855.000 7.930
9860.000 6.312
9865.000 4.954
9870.000 3.923
9875.000 3.171
9880.000 2.625
9885.000 2.227
9890.000 1.912
9895.000 1.656
9900.000 1.559
9905.000 1.469
9910.000 1.384
9915.000 1.227
9920.000 1.163
9925.000 1.132
9930.000 1.105
9935.000 1.077
9940.000 1.051
9945.000 1.028
9950.000 0.998
9955.000 0.984
9960.000 0.964
9965.000 0.942
9970.000 0.907
9975.000 0.895
9980.000 0.875
9985.000 0.849
9990.000 0.840
9995.000 0.822
10000.000 0.802
