105.000 0.012
110.000 1.081
115.000 1.981
120.000 2.430
125.000 2.667
130.000 2.722
135.000 2.882
140.000 3.075
145.000 3.079
150.000 3.124
155.000 3.165
160.000 3.101
165.000 3.076
170.000 3.044
175.000 2.984
180.000 3.036
185.000 3.042
190.000 3.016
195.000 3.099
200.000 3.074
205.000 3.060
210.000 3.034
215.000 3.195
220.000 3.243
225.000 3.273
230.000 3.351
235.000 3.387
240.000 3.405
245.000 3.423
250.000 3.517
255.000 3.522
260.000 3.549
265.000 3.566
270.000 3.696
275.000 3.692
280.000 3.735
285.000 3.767
290.000 3.877
295.000 3.965
300.000 4.024
305.000 4.084
310.000 4.167
315.000 4.115
320.000 4.321
325.000 4.452
330.000 4.619
335.000 4.788
340.000 4.942
345.000 5.186
350.000 5.412
355.000 5.612
360.000 5.889
365.000 6.234
370.000 6.382
375.000 6.748
380.000 7.075
385.000 7.443
390.000 7.758
395.000 8.107
400.000 8.351
405.000 8.559
410.000 8.629
415.000 8.648
420.000 8.438
425.000 8.052
430.000 7.494
435.000 7.128
440.000 6.307
445.000 5.454
450.000 4.694
455.000 4.039
460.000 3.483
465.000 3.046
470.000 2.702
475.000 2.463
480.000 2.280
485.000 2.152
490.000 2.014
495.000 1.969
500.000 1.853
505.000 1.758
510.000 1.654
515.000 1.581
520.000 1.502
525.000 1.426
530.000 1.361
535.000 1.301
540.000 1.260
545.000 1.184
550.000 1.140
555.000 1.087
560.000 1.063
565.000 1.000
570.000 0.953
575.000 0.903
580.000 0.864
585.000 0.823
590.000 0.785
595.000 0.758
600.000 0.715
605.000 0.704
610.000 0.674
615.000 0.668
620.000 0.646
625.000 0.630
630.000 0.608
635.000 0.592
640.000 0.582
645.000 0.558
650.000 0.556
655.000 0.539
660.000 0.523
665.000 0.516
670.000 0.513
675.000 0.497
680.000 0.489
685.000 0.484
690.000 0.469
695.000 0.468
700.000 0.453
705.000 0.445
710.000 0.442
715.000 0.423
720.000 0.420
725.000 0.418
730.000 0.414
735.000 0.406
740.000 0.404
745.000 0.396
750.000 0.393
755.000 0.384
760.000 0.377
765.000 0.383
770.000 0.377
775.000 0.372
780.000 0.367
785.000 0.372
790.000 0.348
795.000 0.366
800.000 0.361
805.000 0.359
810.000 0.367
815.000 0.350
820.000 0.349
825.000 0.344
830.000 0.343
835.000 0.331
840.000 0.335
845.000 0.332
850.000 0.335
855.000 0.334
860.000 0.333
865.000 0.326
870.000 0.331
875.000 0.326
880.000 0.325
885.000 0.322
890.000 0.325
895.000 0.319
900.000 0.318
905.000 0.319
910.000 0.322
915.000 0.322
920.000 0.320
925.000 0.315
930.000 0.310
935.000 0.314
940.000 0.311
945.000 0.317
950.000 0.313
955.000 0.317
960.000 0.306
965.000 0.316
970.000 0.316
975.000 0.315
980.000 0.315
985.000 0.316
990.000 0.310
995.000 0.311
1000.000 0.316
1005.000 0.297
1010.000 0.300
1015.000 0.302
1020.000 0.305
1025.000 0.310
1030.000 0.300
1035.000 0.306
1040.000 0.313
1045.000 0.310
1050.000 0.311
1055.000 0.309
1060.000 0.307
1065.000 0.306
1070.000 0.305
1075.000 0.305
1080.000 0.310
1085.000 0.303
1090.000 0.306
1095.000 0.302
1100.000 0.307
1105.000 0.304
1110.000 0.306
1115.000 0.313
1120.000 0.308
1125.000 0.305
1130.000 0.301
1135.000 0.302
1140.000 0.308
1145.000 0.306
1150.000 0.306
1155.000 0.308
1160.000 0.306
1165.000 0.309
1170.000 0.307
1175.000 0.310
1180.000 0.308
1185.000 0.308
1190.000 0.306
1195.000 0.313
1200.000 0.310
1205.000 0.312
1210.000 0.316
1215.000 0.312
1220.000 0.311
1225.000 0.309
1230.000 0.312
1235.000 0.312
1240.000 0.312
1245.000 0.315
1250.000 0.316
1255.000 0.323
1260.000 0.318
1265.000 0.319
1270.000 0.319
1275.000 0.323
1280.000 0.320
1285.000 0.317
1290.000 0.324
1295.000 0.325
1300.000 0.323
1305.000 0.325
1310.000 0.327
1315.000 0.326
1320.000 0.326
1325.000 0.333
1330.000 0.331
1335.000 0.334
1340.000 0.334
1345.000 0.335
1350.000 0.340
1355.000 0.337
1360.000 0.342
1365.000 0.341
1370.000 0.344
1375.000 0.343
1380.000 0.343
1385.000 0.346
1390.000 0.345
1395.000 0.343
1400.000 0.342
1405.000 0.346
1410.000 0.344
1415.000 0.341
1420.000 0.342
1425.000 0.342
1430.000 0.339
1435.000 0.332
1440.000 0.332
1445.000 0.342
1450.000 0.339
1455.000 0.341
1460.000 0.347
1465.000 0.354
1470.000 0.357
1475.000 0.364
1480.000 0.368
1485.000 0.372
1490.000 0.375
1495.000 0.383
1500.000 0.386
1505.000 0.393
1510.000 0.401
1515.000 0.400
1520.000 0.411
1525.000 0.421
1530.000 0.418
1535.000 0.427
1540.000 0.429
1545.000 0.437
1550.000 0.436
1555.000 0.448
1560.000 0.452
1565.000 0.458
1570.000 0.471
1575.000 0.471
1580.000 0.475
1585.000 0.495
1590.000 0.496
1595.000 0.502
1600.000 0.509
1605.000 0.513
1610.000 0.519
1615.000 0.529
1620.000 0.539
1625.000 0.547
1630.000 0.564
1635.000 0.571
1640.000 0.578
1645.000 0.589
1650.000 0.598
1655.000 0.610
1660.000 0.622
1665.000 0.635
1670.000 0.639
1675.000 0.652
1680.000 0.659
1685.000 0.675
1690.000 0.691
1695.000 0.706
1700.000 0.720
1705.000 0.731
1710.000 0.749
1715.000 0.766
1720.000 0.781
1725.000 0.807
1730.000 0.810
1735.000 0.830
1740.000 0.847
1745.000 0.872
1750.000 0.887
1755.000 0.909
1760.000 0.930
1765.000 0.950
1770.000 0.969
1775.000 0.991
1780.000 1.016
1785.000 1.036
1790.000 1.057
1795.000 1.065
1800.000 1.091
1805.000 1.103
1810.000 1.134
1815.000 1.157
1820.000 1.174
1825.000 1.196
1830.000 1.222
1835.000 1.236
1840.000 1.255
1845.000 1.268
1850.000 1.280
1855.000 1.289
1860.000 1.306
1865.000 1.314
1870.000 1.329
1875.000 1.337
1880.000 1.347
1885.000 1.354
1890.000 1.350
1895.000 1.370
1900.000 1.374
1905.000 1.368
1910.000 1.370
1915.000 1.367
1920.000 1.361
1925.000 1.361
1930.000 1.360
1935.000 1.358
1940.000 1.350
1945.000 1.347
1950.000 1.345
1955.000 1.333
1960.000 1.327
1965.000 1.324
1970.000 1.320
1975.000 1.316
1980.000 1.308
1985.000 1.285
1990.000 1.295
1995.000 1.285
2000.000 1.267
2005.000 1.280
2010.000 1.270
2015.000 1.253
2020.000 1.257
2025.000 1.252
2030.000 1.235
2035.000 1.237
2040.000 1.244
2045.000 1.229
2050.000 1.213
2055.000 1.224
2060.000 1.212
2065.000 1.214
2070.000 1.210
2075.000 1.210
2080.000 1.214
2085.000 1.211
2090.000 1.217
2095.000 1.209
2100.000 1.211
2105.000 1.215
2110.000 1.222
2115.000 1.222
2120.000 1.229
2125.000 1.234
2130.000 1.242
2135.000 1.246
2140.000 1.254
2145.000 1.265
2150.000 1.271
2155.000 1.280
2160.000 1.290
2165.000 1.308
2170.000 1.317
2175.000 1.342
2180.000 1.368
2185.000 1.383
2190.000 1.410
2195.000 1.442
2200.000 1.468
2205.000 1.511
2210.000 1.541
2215.000 1.589
2220.000 1.612
2225.000 1.659
2230.000 1.715
2235.000 1.783
2240.000 1.858
2245.000 1.947
2250.000 2.048
2255.000 2.168
2260.000 2.311
2265.000 2.481
2270.000 2.723
2275.000 3.054
2280.000 3.265
2285.000 3.848
2290.000 4.813
2295.000 6.439
2300.000 9.173
2305.000 13.480
2310.000 18.852
2315.000 23.420
2320.000 25.028
2325.000 18.978
2330.000 9.504
2335.000 7.214
2340.000 4.797
2345.000 3.440
2350.000 2.604
2355.000 2.033
2360.000 1.631
2365.000 1.337
2370.000 1.112
2375.000 0.938
2380.000 0.804
2385.000 0.697
2390.000 0.609
2395.000 0.535
2400.000 0.505
2405.000 0.448
2410.000 0.403
2415.000 0.359
2420.000 0.325
2425.000 0.293
2430.000 0.263
2435.000 0.239
2440.000 0.216
2445.000 0.195
2450.000 0.176
2455.000 0.160
2460.000 0.152
2465.000 0.136
2470.000 0.124
2475.000 0.112
2480.000 0.098
2485.000 0.090
2490.000 0.083
2495.000 0.075
2500.000 0.069
2505.000 0.061
2510.000 0.057
2515.000 0.053
2520.000 0.049
2525.000 0.049
2530.000 0.046
2535.000 0.048
2540.000 0.045
2545.000 0.047
2550.000 0.046
2555.000 0.049
2560.000 0.051
2565.000 0.054
2570.000 0.057
2575.000 0.059
2580.000 0.061
2585.000 0.062
2590.000 0.065
2595.000 0.068
2600.000 0.070
2605.000 0.074
2610.000 0.076
2615.000 0.077
2620.000 0.081
2625.000 0.084
2630.000 0.086
2635.000 0.088
2640.000 0.091
2645.000 0.092
2650.000 0.094
2655.000 0.095
2660.000 0.098
2665.000 0.101
2670.000 0.103
2675.000 0.105
2680.000 0.107
2685.000 0.108
2690.000 0.111
2695.000 0.115
2700.000 0.116
2705.000 0.116
2710.000 0.119
2715.000 0.122
2720.000 0.125
2725.000 0.126
2730.000 0.129
2735.000 0.131
2740.000 0.134
2745.000 0.134
2750.000 0.136
2755.000 0.137
2760.000 0.142
2765.000 0.142
2770.000 0.145
2775.000 0.147
2780.000 0.148
2785.000 0.152
2790.000 0.154
2795.000 0.156
2800.000 0.159
2805.000 0.162
2810.000 0.164
2815.000 0.167
2820.000 0.167
2825.000 0.171
2830.000 0.172
2835.000 0.174
2840.000 0.176
2845.000 0.180
2850.000 0.183
2855.000 0.185
2860.000 0.187
2865.000 0.191
2870.000 0.194
2875.000 0.198
2880.000 0.202
2885.000 0.203
2890.000 0.208
2895.000 0.209
2900.000 0.213
2905.000 0.216
2910.000 0.218
2915.000 0.223
2920.000 0.224
2925.000 0.225
2930.000 0.228
2935.000 0.229
2940.000 0.231
2945.000 0.235
2950.000 0.236
2955.000 0.241
2960.000 0.239
2965.000 0.245
2970.000 0.244
2975.000 0.250
2980.000 0.251
2985.000 0.247
2990.000 0.249
2995.000 0.246
3000.000 0.257
3005.000 0.251
3010.000 0.252
3015.000 0.256
3020.000 0.258
3025.000 0.263
3030.000 0.260
3035.000 0.267
3040.000 0.263
3045.000 0.270
3050.000 0.264
3055.000 0.268
3060.000 0.265
3065.000 0.271
3070.000 0.273
3075.000 0.271
3080.000 0.271
3085.000 0.271
3090.000 0.271
3095.000 0.273
3100.000 0.272
3105.000 0.275
3110.000 0.273
3115.000 0.274
3120.000 0.275
3125.000 0.275
3130.000 0.277
3135.000 0.276
3140.000 0.276
3145.000 0.276
3150.000 0.277
3155.000 0.279
3160.000 0.282
3165.000 0.283
3170.000 0.281
3175.000 0.280
3180.000 0.279
3185.000 0.280
3190.000 0.282
3195.000 0.281
3200.000 0.282
3205.000 0.281
3210.000 0.282
3215.000 0.281
3220.000 0.282
3225.000 0.284
3230.000 0.284
3235.000 0.281
3240.000 0.285
3245.000 0.286
3250.000 0.286
3255.000 0.286
3260.000 0.288
3265.000 0.289
3270.000 0.288
3275.000 0.291
3280.000 0.290
3285.000 0.291
3290.000 0.293
3295.000 0.292
3300.000 0.293
3305.000 0.295
3310.000 0.297
3315.000 0.295
3320.000 0.299
3325.000 0.298
3330.000 0.298
3335.000 0.301
3340.000 0.301
3345.000 0.300
3350.000 0.304
3355.000 0.304
3360.000 0.303
3365.000 0.308
3370.000 0.308
3375.000 0.307
3380.000 0.313
3385.000 0.313
3390.000 0.314
3395.000 0.315
3400.000 0.321
3405.000 0.321
3410.000 0.324
3415.000 0.323
3420.000 0.327
3425.000 0.323
3430.000 0.329
3435.000 0.329
3440.000 0.334
3445.000 0.336
3450.000 0.338
3455.000 0.339
3460.000 0.342
3465.000 0.344
3470.000 0.350
3475.000 0.353
3480.000 0.358
3485.000 0.360
3490.000 0.362
3495.000 0.366
3500.000 0.369
3505.000 0.373
3510.000 0.379
3515.000 0.388
3520.000 0.393
3525.000 0.398
3530.000 0.400
3535.000 0.410
3540.000 0.419
3545.000 0.424
3550.000 0.434
3555.000 0.444
3560.000 0.450
3565.000 0.460
3570.000 0.471
3575.000 0.483
3580.000 0.497
3585.000 0.514
3590.000 0.529
3595.000 0.547
3600.000 0.568
3605.000 0.585
3610.000 0.613
3615.000 0.624
3620.000 0.660
3625.000 0.693
3630.000 0.736
3635.000 0.783
3640.000 0.839
3645.000 0.904
3650.000 0.959
3655.000 1.029
3660.000 1.115
3665.000 1.210
3670.000 1.346
3675.000 1.506
3680.000 1.612
3685.000 1.856
3690.000 2.193
3695.000 2.554
3700.000 3.536
3705.000 10.775
3710.000 23.223
3715.000 25.632
3720.000 16.077
3725.000 8.463
3730.000 5.322
3735.000 3.581
3740.000 3.011
3745.000 2.230
3750.000 1.719
3755.000 1.377
3760.000 1.137
3765.000 0.963
3770.000 0.838
3775.000 0.741
3780.000 0.662
3785.000 0.600
3790.000 0.549
3795.000 0.512
3800.000 0.475
3805.000 0.462
3810.000 0.433
3815.000 0.408
3820.000 0.390
3825.000 0.372
3830.000 0.356
3835.000 0.343
3840.000 0.332
3845.000 0.323
3850.000 0.313
3855.000 0.306
3860.000 0.302
3865.000 0.295
3870.000 0.287
3875.000 0.283
3880.000 0.276
3885.000 0.274
3890.000 0.268
3895.000 0.265
3900.000 0.262
3905.000 0.256
3910.000 0.254
3915.000 0.251
3920.000 0.250
3925.000 0.246
3930.000 0.245
3935.000 0.242
3940.000 0.242
3945.000 0.240
3950.000 0.236
3955.000 0.236
3960.000 0.235
3965.000 0.236
3970.000 0.227
3975.000 0.227
3980.000 0.225
3985.000 0.228
3990.000 0.223
3995.000 0.222
4000.000 0.224
4005.000 0.222
4010.000 0.222
4015.000 0.218
4020.000 0.224
4025.000 0.225
4030.000 0.219
4035.000 0.224
4040.000 0.223
4045.000 0.223
4050.000 0.216
4055.000 0.220
4060.000 0.215
4065.000 0.221
4070.000 0.215
4075.000 0.216
4080.000 0.219
4085.000 0.216
4090.000 0.217
4095.000 0.218
4100.000 0.217
4105.000 0.217
4110.000 0.217
4115.000 0.217
4120.000 0.218
4125.000 0.216
4130.000 0.217
4135.000 0.216
4140.000 0.217
4145.000 0.217
4150.000 0.216
4155.000 0.217
4160.000 0.217
4165.000 0.216
4170.000 0.216
4175.000 0.216
4180.000 0.216
4185.000 0.214
4190.000 0.216
4195.000 0.216
4200.000 0.217
4205.000 0.217
4210.000 0.215
4215.000 0.215
4220.000 0.216
4225.000 0.217
4230.000 0.216
4235.000 0.217
4240.000 0.217
4245.000 0.217
4250.000 0.217
4255.000 0.219
4260.000 0.218
4265.000 0.217
4270.000 0.215
4275.000 0.218
4280.000 0.216
4285.000 0.218
4290.000 0.218
4295.000 0.217
4300.000 0.220
4305.000 0.218
4310.000 0.218
4315.000 0.218
4320.000 0.219
4325.000 0.220
4330.000 0.218
4335.000 0.218
4340.000 0.219
4345.000 0.220
4350.000 0.220
4355.000 0.220
4360.000 0.217
4365.000 0.219
4370.000 0.219
4375.000 0.220
4380.000 0.222
4385.000 0.218
4390.000 0.219
4395.000 0.222
4400.000 0.220
4405.000 0.220
4410.000 0.221
4415.000 0.221
4420.000 0.220
4425.000 0.226
4430.000 0.225
4435.000 0.222
4440.000 0.223
4445.000 0.222
4450.000 0.222
4455.000 0.221
4460.000 0.221
4465.000 0.223
4470.000 0.223
4475.000 0.223
4480.000 0.224
4485.000 0.223
4490.000 0.223
4495.000 0.223
4500.000 0.224
4505.000 0.225
4510.000 0.224
4515.000 0.222
4520.000 0.225
4525.000 0.223
4530.000 0.225
4535.000 0.223
4540.000 0.225
4545.000 0.225
4550.000 0.225
4555.000 0.224
4560.000 0.225
4565.000 0.225
4570.000 0.227
4575.000 0.224
4580.000 0.225
4585.000 0.227
4590.000 0.227
4595.000 0.227
4600.000 0.229
4605.000 0.228
4610.000 0.228
4615.000 0.231
4620.000 0.230
4625.000 0.231
4630.000 0.228
4635.000 0.229
4640.000 0.232
4645.000 0.232
4650.000 0.232
4655.000 0.232
4660.000 0.233
4665.000 0.233
4670.000 0.234
4675.000 0.236
4680.000 0.235
4685.000 0.235
4690.000 0.237
4695.000 0.237
4700.000 0.237
4705.000 0.236
4710.000 0.240
4715.000 0.240
4720.000 0.242
4725.000 0.242
4730.000 0.244
4735.000 0.243
4740.000 0.245
4745.000 0.248
4750.000 0.247
4755.000 0.249
4760.000 0.251
4765.000 0.252
4770.000 0.254
4775.000 0.254
4780.000 0.260
4785.000 0.261
4790.000 0.265
4795.000 0.266
4800.000 0.270
4805.000 0.277
4810.000 0.279
4815.000 0.285
4820.000 0.291
4825.000 0.297
4830.000 0.303
4835.000 0.313
4840.000 0.324
4845.000 0.338
4850.000 0.354
4855.000 0.371
4860.000 0.390
4865.000 0.418
4870.000 0.434
4875.000 0.456
4880.000 0.472
4885.000 0.497
4890.000 0.528
4895.000 0.545
4900.000 0.578
4905.000 0.622
4910.000 0.683
4915.000 0.733
4920.000 0.796
4925.000 0.876
4930.000 0.984
4935.000 1.131
4940.000 1.315
4945.000 1.593
4950.000 1.983
4955.000 2.258
4960.000 2.955
4965.000 4.005
4970.000 5.638
4975.000 8.067
4980.000 12.119
4985.000 16.548
4990.000 7.142
4995.000 17.205
5000.000 18.955
5005.000 18.048
5010.000 6.231
5015.000 4.413
5020.000 4.336
5025.000 3.506
5030.000 2.805
5035.000 2.342
5040.000 2.003
5045.000 1.764
5050.000 1.572
5055.000 1.428
5060.000 1.302
5065.000 1.201
5070.000 1.112
5075.000 1.079
5080.000 1.013
5085.000 0.962
5090.000 0.909
5095.000 0.869
5100.000 0.836
5105.000 0.805
5110.000 0.782
5115.000 0.756
5120.000 0.737
5125.000 0.720
5130.000 0.701
5135.000 0.699
5140.000 0.680
5145.000 0.668
5150.000 0.657
5155.000 0.646
5160.000 0.638
5165.000 0.627
5170.000 0.618
5175.000 0.611
5180.000 0.607
5185.000 0.601
5190.000 0.592
5195.000 0.593
5200.000 0.588
5205.000 0.585
5210.000 0.579
5215.000 0.575
5220.000 0.570
5225.000 0.568
5230.000 0.566
5235.000 0.561
5240.000 0.560
5245.000 0.555
5250.000 0.557
5255.000 0.554
5260.000 0.552
5265.000 0.549
5270.000 0.550
5275.000 0.550
5280.000 0.544
5285.000 0.546
5290.000 0.543
5295.000 0.542
5300.000 0.540
5305.000 0.538
5310.000 0.539
5315.000 0.536
5320.000 0.538
5325.000 0.532
5330.000 0.534
5335.000 0.532
5340.000 0.528
5345.000 0.530
5350.000 0.526
5355.000 0.524
5360.000 0.523
5365.000 0.520
5370.000 0.522
5375.000 0.517
5380.000 0.519
5385.000 0.514
5390.000 0.515
5395.000 0.510
5400.000 0.510
5405.000 0.509
5410.000 0.505
5415.000 0.505
5420.000 0.499
5425.000 0.499
5430.000 0.499
5435.000 0.494
5440.000 0.492
5445.000 0.493
5450.000 0.490
5455.000 0.487
5460.000 0.485
5465.000 0.483
5470.000 0.481
5475.000 0.481
5480.000 0.478
5485.000 0.476
5490.000 0.473
5495.000 0.472
5500.000 0.470
5505.000 0.467
5510.000 0.466
5515.000 0.467
5520.000 0.471
5525.000 0.465
5530.000 0.464
5535.000 0.459
5540.000 0.456
5545.000 0.456
5550.000 0.451
5555.000 0.450
5560.000 0.447
5565.000 0.448
5570.000 0.446
5575.000 0.445
5580.000 0.444
5585.000 0.441
5590.000 0.441
5595.000 0.437
5600.000 0.438
5605.000 0.439
5610.000 0.436
5615.000 0.434
5620.000 0.433
5625.000 0.435
5630.000 0.432
5635.000 0.432
5640.000 0.432
5645.000 0.430
5650.000 0.431
5655.000 0.428
5660.000 0.429
5665.000 0.427
5670.000 0.429
5675.000 0.430
5680.000 0.428
5685.000 0.427
5690.000 0.428
5695.000 0.430
5700.000 0.427
5705.000 0.430
5710.000 0.428
5715.000 0.430
5720.000 0.433
5725.000 0.429
5730.000 0.431
5735.000 0.432
5740.000 0.434
5745.000 0.437
5750.000 0.436
5755.000 0.436
5760.000 0.437
5765.000 0.441
5770.000 0.442
5775.000 0.445
5780.000 0.444
5785.000 0.448
5790.000 0.448
5795.000 0.447
5800.000 0.454
5805.000 0.452
5810.000 0.458
5815.000 0.457
5820.000 0.463
5825.000 0.463
5830.000 0.468
5835.000 0.472
5840.000 0.473
5845.000 0.481
5850.000 0.487
5855.000 0.489
5860.000 0.494
5865.000 0.495
5870.000 0.501
5875.000 0.506
5880.000 0.511
5885.000 0.517
5890.000 0.525
5895.000 0.534
5900.000 0.540
5905.000 0.545
5910.000 0.553
5915.000 0.564
5920.000 0.573
5925.000 0.577
5930.000 0.584
5935.000 0.584
5940.000 0.594
5945.000 0.596
5950.000 0.606
5955.000 0.607
5960.000 0.615
5965.000 0.623
5970.000 0.634
5975.000 0.640
5980.000 0.649
5985.000 0.651
5990.000 0.662
5995.000 0.668
6000.000 0.689
6005.000 0.688
6010.000 0.701
6015.000 0.719
6020.000 0.728
6025.000 0.746
6030.000 0.752
6035.000 0.779
6040.000 0.799
6045.000 0.807
6050.000 0.817
6055.000 0.842
6060.000 0.858
6065.000 0.883
6070.000 0.914
6075.000 0.927
6080.000 0.962
6085.000 0.995
6090.000 1.016
6095.000 1.051
6100.000 1.083
6105.000 1.117
6110.000 1.136
6115.000 1.187
6120.000 1.223
6125.000 1.277
6130.000 1.336
6135.000 1.395
6140.000 1.468
6145.000 1.537
6150.000 1.625
6155.000 1.714
6160.000 1.819
6165.000 1.944
6170.000 2.009
6175.000 2.164
6180.000 2.348
6185.000 2.592
6190.000 2.883
6195.000 3.280
6200.000 3.817
6205.000 4.565
6210.000 5.655
6215.000 7.208
6220.000 9.504
6225.000 12.730
6230.000 16.965
6235.000 19.380
6240.000 24.614
6245.000 29.356
6250.000 30.783
6255.000 25.658
6260.000 18.231
6265.000 11.773
6270.000 8.523
6275.000 6.539
6280.000 5.230
6285.000 4.295
6290.000 3.898
6295.000 3.308
6300.000 2.889
6305.000 2.532
6310.000 2.232
6315.000 1.976
6320.000 1.762
6325.000 1.587
6330.000 1.445
6335.000 1.322
6340.000 1.231
6345.000 1.147
6350.000 1.080
6355.000 1.048
6360.000 0.994
6365.000 0.944
6370.000 0.902
6375.000 0.864
6380.000 0.828
6385.000 0.795
6390.000 0.769
6395.000 0.741
6400.000 0.717
6405.000 0.691
6410.000 0.670
6415.000 0.660
6420.000 0.642
6425.000 0.620
6430.000 0.603
6435.000 0.589
6440.000 0.569
6445.000 0.554
6450.000 0.537
6455.000 0.522
6460.000 0.506
6465.000 0.488
6470.000 0.474
6475.000 0.459
6480.000 0.452
6485.000 0.434
6490.000 0.420
6495.000 0.401
6500.000 0.385
6505.000 0.367
6510.000 0.346
6515.000 0.326
6520.000 0.305
6525.000 0.281
6530.000 0.256
6535.000 0.231
6540.000 0.220
6545.000 0.203
6550.000 0.207
6555.000 0.249
6560.000 0.353
6565.000 0.548
6570.000 0.947
6575.000 2.207
6580.000 7.817
6585.000 15.521
6590.000 14.169
6595.000 5.274
6600.000 6.217
6605.000 2.740
6610.000 2.834
6615.000 2.008
6620.000 1.672
6625.000 1.372
6630.000 1.219
6635.000 1.097
6640.000 1.009
6645.000 0.948
6650.000 0.898
6655.000 0.852
6660.000 0.834
6665.000 0.798
6670.000 0.777
6675.000 0.752
6680.000 0.734
6685.000 0.715
6690.000 0.700
6695.000 0.689
6700.000 0.674
6705.000 0.667
6710.000 0.655
6715.000 0.647
6720.000 0.643
6725.000 0.637
6730.000 0.630
6735.000 0.625
6740.000 0.620
6745.000 0.612
6750.000 0.609
6755.000 0.605
6760.000 0.601
6765.000 0.598
6770.000 0.594
6775.000 0.590
6780.000 0.587
6785.000 0.586
6790.000 0.583
6795.000 0.585
6800.000 0.581
6805.000 0.577
6810.000 0.575
6815.000 0.571
6820.000 0.569
6825.000 0.565
6830.000 0.566
6835.000 0.564
6840.000 0.563
6845.000 0.561
6850.000 0.560
6855.000 0.560
6860.000 0.558
6865.000 0.559
6870.000 0.559
6875.000 0.554
6880.000 0.557
6885.000 0.553
6890.000 0.554
6895.000 0.555
6900.000 0.553
6905.000 0.552
6910.000 0.552
6915.000 0.551
6920.000 0.550
6925.000 0.549
6930.000 0.551
6935.000 0.552
6940.000 0.549
6945.000 0.548
6950.000 0.549
6955.000 0.553
6960.000 0.551
6965.000 0.552
6970.000 0.554
6975.000 0.558
6980.000 0.557
6985.000 0.553
6990.000 0.557
6995.000 0.559
7000.000 0.553
7005.000 0.561
7010.000 0.563
7015.000 0.556
7020.000 0.563
7025.000 0.559
7030.000 0.567
7035.000 0.565
7040.000 0.570
7045.000 0.569
7050.000 0.571
7055.000 0.570
7060.000 0.577
7065.000 0.579
7070.000 0.583
7075.000 0.582
7080.000 0.584
7085.000 0.586
7090.000 0.589
7095.000 0.592
7100.000 0.594
7105.000 0.598
7110.000 0.597
7115.000 0.605
7120.000 0.606
7125.000 0.610
7130.000 0.615
7135.000 0.619
7140.000 0.623
7145.000 0.627
7150.000 0.632
7155.000 0.636
7160.000 0.643
7165.000 0.651
7170.000 0.655
7175.000 0.663
7180.000 0.667
7185.000 0.674
7190.000 0.683
7195.000 0.690
7200.000 0.700
7205.000 0.705
7210.000 0.711
7215.000 0.719
7220.000 0.733
7225.000 0.741
7230.000 0.754
7235.000 0.767
7240.000 0.776
7245.000 0.793
7250.000 0.805
7255.000 0.824
7260.000 0.842
7265.000 0.861
7270.000 0.871
7275.000 0.893
7280.000 0.918
7285.000 0.940
7290.000 0.967
7295.000 1.004
7300.000 1.035
7305.000 1.069
7310.000 1.086
7315.000 1.120
7320.000 1.147
7325.000 1.159
7330.000 1.194
7335.000 1.222
7340.000 1.264
7345.000 1.302
7350.000 1.364
7355.000 1.461
7360.000 1.472
7365.000 1.583
7370.000 1.617
7375.000 1.646
7380.000 1.693
7385.000 1.768
7390.000 1.815
7395.000 1.905
7400.000 2.024
7405.000 2.155
7410.000 2.321
7415.000 2.526
7420.000 2.806
7425.000 3.198
7430.000 3.720
7435.000 4.497
7440.000 5.646
7445.000 7.375
7450.000 8.495
7455.000 11.315
7460.000 14.252
7465.000 15.780
7470.000 13.623
7475.000 9.092
7480.000 5.989
7485.000 4.360
7490.000 3.458
7495.000 3.072
7500.000 2.481
7505.000 2.117
7510.000 1.856
7515.000 1.755
7520.000 1.576
7525.000 1.412
7530.000 1.248
7535.000 1.110
7540.000 0.999
7545.000 0.888
7550.000 0.799
7555.000 0.723
7560.000 0.655
7565.000 0.603
7570.000 0.577
7575.000 0.533
7580.000 0.494
7585.000 0.461
7590.000 0.431
7595.000 0.404
7600.000 0.381
7605.000 0.360
7610.000 0.343
7615.000 0.326
7620.000 0.311
7625.000 0.296
7630.000 0.289
7635.000 0.278
7640.000 0.267
7645.000 0.257
7650.000 0.249
7655.000 0.242
7660.000 0.233
7665.000 0.228
7670.000 0.221
7675.000 0.214
7680.000 0.211
7685.000 0.205
7690.000 0.201
7695.000 0.199
7700.000 0.198
7705.000 0.194
7710.000 0.191
7715.000 0.188
7720.000 0.185
7725.000 0.183
7730.000 0.183
7735.000 0.181
7740.000 0.181
7745.000 0.180
7750.000 0.178
7755.000 0.178
7760.000 0.178
7765.000 0.177
7770.000 0.178
7775.000 0.177
7780.000 0.176
7785.000 0.176
7790.000 0.179
7795.000 0.178
7800.000 0.179
7805.000 0.179
7810.000 0.179
7815.000 0.180
7820.000 0.181
7825.000 0.183
7830.000 0.183
7835.000 0.184
7840.000 0.185
7845.000 0.186
7850.000 0.186
7855.000 0.188
7860.000 0.190
7865.000 0.191
7870.000 0.192
7875.000 0.193
7880.000 0.194
7885.000 0.194
7890.000 0.198
7895.000 0.198
7900.000 0.199
7905.000 0.203
7910.000 0.203
7915.000 0.205
7920.000 0.208
7925.000 0.209
7930.000 0.214
7935.000 0.214
7940.000 0.217
7945.000 0.217
7950.000 0.222
7955.000 0.221
7960.000 0.226
7965.000 0.227
7970.000 0.236
7975.000 0.236
7980.000 0.242
7985.000 0.245
7990.000 0.254
7995.000 0.255
8000.000 0.260
8005.000 0.260
8010.000 0.270
8015.000 0.277
8020.000 0.292
8025.000 0.303
8030.000 0.311
8035.000 0.339
8040.000 0.352
8045.000 0.380
8050.000 0.404
8055.000 0.430
8060.000 0.479
8065.000 0.542
8070.000 0.636
8075.000 1.226
8080.000 5.557
8085.000 8.187
8090.000 2.143
8095.000 1.092
8100.000 0.385
8105.000 0.516
8110.000 0.304
8115.000 0.264
8120.000 0.245
8125.000 0.216
8130.000 0.196
8135.000 0.185
8140.000 0.178
8145.000 0.174
8150.000 0.175
8155.000 0.173
8160.000 0.172
8165.000 0.173
8170.000 0.176
8175.000 0.177
8180.000 0.177
8185.000 0.179
8190.000 0.177
8195.000 0.180
8200.000 0.180
8205.000 0.183
8210.000 0.184
8215.000 0.184
8220.000 0.187
8225.000 0.187
8230.000 0.188
8235.000 0.189
8240.000 0.189
8245.000 0.191
8250.000 0.192
8255.000 0.196
8260.000 0.196
8265.000 0.195
8270.000 0.195
8275.000 0.198
8280.000 0.196
8285.000 0.199
8290.000 0.200
8295.000 0.198
8300.000 0.200
8305.000 0.201
8310.000 0.202
8315.000 0.202
8320.000 0.202
8325.000 0.204
8330.000 0.203
8335.000 0.207
8340.000 0.204
8345.000 0.205
8350.000 0.207
8355.000 0.206
8360.000 0.208
8365.000 0.207
8370.000 0.207
8375.000 0.209
8380.000 0.210
8385.000 0.211
8390.000 0.210
8395.000 0.211
8400.000 0.211
8405.000 0.212
8410.000 0.212
8415.000 0.210
8420.000 0.214
8425.000 0.211
8430.000 0.213
8435.000 0.214
8440.000 0.216
8445.000 0.216
8450.000 0.219
8455.000 0.224
8460.000 0.222
8465.000 0.227
8470.000 0.227
8475.000 0.231
8480.000 0.234
8485.000 0.238
8490.000 0.245
8495.000 0.246
8500.000 0.259
8505.000 0.266
8510.000 0.280
8515.000 0.296
8520.000 0.319
8525.000 0.353
8530.000 0.398
8535.000 0.475
8540.000 0.535
8545.000 0.709
8550.000 1.158
8555.000 2.291
8560.000 4.489
8565.000 7.254
8570.000 4.935
8575.000 2.244
8580.000 1.188
8585.000 0.463
8590.000 0.459
8595.000 0.344
8600.000 0.277
8605.000 0.270
8610.000 0.247
8615.000 0.244
8620.000 0.247
8625.000 0.267
8630.000 0.304
8635.000 0.358
8640.000 0.438
8645.000 0.568
8650.000 0.780
8655.000 1.061
8660.000 1.259
8665.000 1.292
8670.000 1.192
8675.000 1.057
8680.000 0.995
8685.000 1.068
8690.000 1.303
8695.000 1.610
8700.000 1.959
8705.000 2.294
8710.000 2.142
8715.000 1.694
8720.000 1.315
8725.000 1.065
8730.000 0.974
8735.000 0.844
8740.000 0.745
8745.000 0.679
8750.000 0.628
8755.000 0.589
8760.000 0.563
8765.000 0.538
8770.000 0.515
8775.000 0.493
8780.000 0.475
8785.000 0.465
8790.000 0.452
8795.000 0.440
8800.000 0.423
8805.000 0.415
8810.000 0.405
8815.000 0.403
8820.000 0.397
8825.000 0.403
8830.000 0.416
8835.000 0.394
8840.000 0.388
8845.000 0.392
8850.000 0.386
8855.000 0.376
8860.000 0.369
8865.000 0.364
8870.000 0.354
8875.000 0.349
8880.000 0.346
8885.000 0.346
8890.000 0.343
8895.000 0.340
8900.000 0.343
8905.000 0.342
8910.000 0.338
8915.000 0.331
8920.000 0.328
8925.000 0.324
8930.000 0.323
8935.000 0.321
8940.000 0.322
8945.000 0.320
8950.000 0.318
8955.000 0.321
8960.000 0.320
8965.000 0.323
8970.000 0.319
8975.000 0.315
8980.000 0.313
8985.000 0.320
8990.000 0.314
8995.000 0.314
9000.000 0.322
9005.000 0.314
9010.000 0.312
9015.000 0.321
9020.000 0.312
9025.000 0.314
9030.000 0.318
9035.000 0.313
9040.000 0.315
9045.000 0.312
9050.000 0.319
9055.000 0.316
9060.000 0.317
9065.000 0.315
9070.000 0.319
9075.000 0.318
9080.000 0.317
9085.000 0.318
9090.000 0.320
9095.000 0.321
9100.000 0.320
9105.000 0.320
9110.000 0.320
9115.000 0.322
9120.000 0.321
9125.000 0.321
9130.000 0.321
9135.000 0.324
9140.000 0.325
9145.000 0.323
9150.000 0.323
9155.000 0.322
9160.000 0.326
9165.000 0.323
9170.000 0.324
9175.000 0.325
9180.000 0.324
9185.000 0.327
9190.000 0.327
9195.000 0.328
9200.000 0.330
9205.000 0.330
9210.000 0.334
9215.000 0.329
9220.000 0.334
9225.000 0.330
9230.000 0.331
9235.000 0.331
9240.000 0.332
9245.000 0.334
9250.000 0.331
9255.000 0.331
9260.000 0.333
9265.000 0.328
9270.000 0.329
9275.000 0.333
9280.000 0.332
9285.000 0.334
9290.000 0.337
9295.000 0.333
9300.000 0.340
9305.000 0.340
9310.000 0.337
9315.000 0.338
9320.000 0.339
9325.000 0.341
9330.000 0.339
9335.000 0.341
9340.000 0.344
9345.000 0.344
9350.000 0.345
9355.000 0.346
9360.000 0.346
9365.000 0.350
9370.000 0.354
9375.000 0.362
9380.000 0.361
9385.000 0.363
9390.000 0.366
9395.000 0.368
9400.000 0.373
9405.000 0.380
9410.000 0.386
9415.000 0.393
9420.000 0.403
9425.000 0.410
9430.000 0.422
9435.000 0.433
9440.000 0.450
9445.000 0.467
9450.000 0.491
9455.000 0.523
9460.000 0.542
9465.000 0.589
9470.000 0.656
9475.000 0.757
9480.000 0.939
9485.000 1.306
9490.000 2.120
9495.000 3.785
9500.000 5.906
9505.000 6.912
9510.000 3.004
9515.000 1.249
9520.000 0.662
9525.000 0.299
9530.000 0.235
9535.000 0.169
9540.000 0.115
9545.000 0.093
9550.000 0.077
9555.000 0.067
9560.000 0.060
9565.000 0.059
9570.000 0.057
9575.000 0.055
9580.000 0.055
9585.000 0.053
9590.000 0.055
9595.000 0.051
9600.000 0.051
9605.000 0.047
9610.000 0.046
9615.000 0.050
9620.000 0.047
9625.000 0.043
9630.000 0.040
9635.000 0.037
9640.000 0.036
9645.000 0.033
9650.000 0.031
9655.000 0.026
9660.000 0.024
9665.000 0.021
9670.000 0.021
9675.000 0.021
9680.000 0.025
9685.000 0.029
9690.000 0.037
9695.000 0.044
9700.000 0.050
