105.000 0.037
110.000 2.016
115.000 2.485
120.000 2.812
125.000 3.179
130.000 3.411
135.000 3.565
140.000 3.665
145.000 3.668
150.000 3.662
155.000 3.627
160.000 3.524
165.000 3.515
170.000 3.464
175.000 3.448
180.000 3.490
185.000 3.341
190.000 3.403
195.000 3.389
200.000 3.468
205.000 3.572
210.000 3.547
215.000 3.648
220.000 3.749
225.000 3.797
230.000 3.849
235.000 3.904
240.000 3.934
245.000 3.987
250.000 4.027
255.000 4.165
260.000 4.244
265.000 4.315
270.000 4.293
275.000 4.409
280.000 4.421
285.000 4.470
290.000 4.471
295.000 4.464
300.000 4.492
305.000 4.508
310.000 4.529
315.000 4.545
320.000 4.591
325.000 4.688
330.000 4.796
335.000 4.881
340.000 5.085
345.000 5.314
350.000 5.517
355.000 5.654
360.000 5.898
365.000 6.186
370.000 6.482
375.000 6.833
380.000 7.146
385.000 7.514
390.000 7.901
395.000 8.175
400.000 8.412
405.000 8.624
410.000 8.673
415.000 8.636
420.000 8.541
425.000 8.188
430.000 7.610
435.000 6.852
440.000 5.989
445.000 5.172
450.000 4.451
455.000 3.825
460.000 3.332
465.000 2.962
470.000 2.648
475.000 2.542
480.000 2.382
485.000 2.213
490.000 2.090
495.000 1.966
500.000 1.853
505.000 1.760
510.000 1.659
515.000 1.575
520.000 1.487
525.000 1.425
530.000 1.357
535.000 1.326
540.000 1.255
545.000 1.208
550.000 1.160
555.000 1.104
560.000 1.044
565.000 0.994
570.000 0.941
575.000 0.895
580.000 0.858
585.000 0.817
590.000 0.785
595.000 0.744
600.000 0.745
605.000 0.716
610.000 0.687
615.000 0.661
620.000 0.648
625.000 0.623
630.000 0.606
635.000 0.589
640.000 0.581
645.000 0.564
650.000 0.551
655.000 0.539
660.000 0.527
665.000 0.512
670.000 0.509
675.000 0.498
680.000 0.489
685.000 0.480
690.000 0.474
695.000 0.467
700.000 0.450
705.000 0.442
710.000 0.436
715.000 0.432
720.000 0.432
725.000 0.416
730.000 0.414
735.000 0.410
740.000 0.398
745.000 0.396
750.000 0.392
755.000 0.385
760.000 0.384
765.000 0.377
770.000 0.367
775.000 0.372
780.000 0.366
785.000 0.372
790.000 0.373
795.000 0.363
800.000 0.367
805.000 0.361
810.000 0.355
815.000 0.353
820.000 0.345
825.000 0.342
830.000 0.355
835.000 0.340
840.000 0.334
845.000 0.334
850.000 0.322
855.000 0.324
860.000 0.329
865.000 0.331
870.000 0.327
875.000 0.326
880.000 0.324
885.000 0.323
890.000 0.319
895.000 0.320
900.000 0.312
905.000 0.312
910.000 0.320
915.000 0.313
920.000 0.317
925.000 0.309
930.000 0.309
935.000 0.315
940.000 0.308
945.000 0.321
950.000 0.310
955.000 0.307
960.000 0.309
965.000 0.314
970.000 0.307
975.000 0.305
980.000 0.317
985.000 0.315
990.000 0.301
995.000 0.301
1000.000 0.310
1005.000 0.297
1010.000 0.295
1015.000 0.313
1020.000 0.298
1025.000 0.323
1030.000 0.307
1035.000 0.298
1040.000 0.300
1045.000 0.299
1050.000 0.313
1055.000 0.300
1060.000 0.300
1065.000 0.302
1070.000 0.304
1075.000 0.302
1080.000 0.299
1085.000 0.299
1090.000 0.295
1095.000 0.309
1100.000 0.303
1105.000 0.303
1110.000 0.298
1115.000 0.297
1120.000 0.302
1125.000 0.298
1130.000 0.302
1135.000 0.305
1140.000 0.304
1145.000 0.305
1150.000 0.299
1155.000 0.311
1160.000 0.302
1165.000 0.303
1170.000 0.306
1175.000 0.306
1180.000 0.306
1185.000 0.304
1190.000 0.304
1195.000 0.305
1200.000 0.310
1205.000 0.305
1210.000 0.308
1215.000 0.310
1220.000 0.308
1225.000 0.309
1230.000 0.310
1235.000 0.307
1240.000 0.312
1245.000 0.309
1250.000 0.313
1255.000 0.316
1260.000 0.316
1265.000 0.315
1270.000 0.318
1275.000 0.320
1280.000 0.313
1285.000 0.317
1290.000 0.324
1295.000 0.325
1300.000 0.320
1305.000 0.322
1310.000 0.325
1315.000 0.324
1320.000 0.326
1325.000 0.328
1330.000 0.324
1335.000 0.330
1340.000 0.334
1345.000 0.337
1350.000 0.333
1355.000 0.344
1360.000 0.337
1365.000 0.341
1370.000 0.338
1375.000 0.341
1380.000 0.341
1385.000 0.347
1390.000 0.340
1395.000 0.343
1400.000 0.342
1405.000 0.344
1410.000 0.343
1415.000 0.341
1420.000 0.342
1425.000 0.339
1430.000 0.337
1435.000 0.334
1440.000 0.339
1445.000 0.336
1450.000 0.335
1455.000 0.340
1460.000 0.349
1465.000 0.350
1470.000 0.361
1475.000 0.364
1480.000 0.370
1485.000 0.377
1490.000 0.379
1495.000 0.387
1500.000 0.389
1505.000 0.398
1510.000 0.399
1515.000 0.410
1520.000 0.405
1525.000 0.422
1530.000 0.429
1535.000 0.436
1540.000 0.436
1545.000 0.436
1550.000 0.450
1555.000 0.460
1560.000 0.463
1565.000 0.474
1570.000 0.476
1575.000 0.481
1580.000 0.489
1585.000 0.496
1590.000 0.502
1595.000 0.514
1600.000 0.525
1605.000 0.531
1610.000 0.544
1615.000 0.546
1620.000 0.562
1625.000 0.576
1630.000 0.584
1635.000 0.580
1640.000 0.602
1645.000 0.615
1650.000 0.623
1655.000 0.639
1660.000 0.650
1665.000 0.663
1670.000 0.677
1675.000 0.689
1680.000 0.706
1685.000 0.722
1690.000 0.733
1695.000 0.744
1700.000 0.760
1705.000 0.776
1710.000 0.793
1715.000 0.819
1720.000 0.830
1725.000 0.850
1730.000 0.872
1735.000 0.892
1740.000 0.912
1745.000 0.932
1750.000 0.943
1755.000 0.969
1760.000 0.994
1765.000 1.015
1770.000 1.037
1775.000 1.064
1780.000 1.088
1785.000 1.113
1790.000 1.133
1795.000 1.158
1800.000 1.186
1805.000 1.212
1810.000 1.237
1815.000 1.245
1820.000 1.263
1825.000 1.287
1830.000 1.312
1835.000 1.334
1840.000 1.353
1845.000 1.369
1850.000 1.384
1855.000 1.410
1860.000 1.417
1865.000 1.434
1870.000 1.440
1875.000 1.451
1880.000 1.456
1885.000 1.476
1890.000 1.479
1895.000 1.491
1900.000 1.506
1905.000 1.490
1910.000 1.499
1915.000 1.493
1920.000 1.489
1925.000 1.496
1930.000 1.481
1935.000 1.476
1940.000 1.477
1945.000 1.476
1950.000 1.471
1955.000 1.456
1960.000 1.460
1965.000 1.435
1970.000 1.438
1975.000 1.413
1980.000 1.412
1985.000 1.408
1990.000 1.404
1995.000 1.388
2000.000 1.387
2005.000 1.402
2010.000 1.391
2015.000 1.370
2020.000 1.373
2025.000 1.357
2030.000 1.362
2035.000 1.338
2040.000 1.343
2045.000 1.327
2050.000 1.341
2055.000 1.334
2060.000 1.332
2065.000 1.331
2070.000 1.330
2075.000 1.340
2080.000 1.338
2085.000 1.346
2090.000 1.348
2095.000 1.357
2100.000 1.364
2105.000 1.362
2110.000 1.372
2115.000 1.381
2120.000 1.386
2125.000 1.388
2130.000 1.400
2135.000 1.410
2140.000 1.421
2145.000 1.439
2150.000 1.445
2155.000 1.459
2160.000 1.479
2165.000 1.499
2170.000 1.523
2175.000 1.546
2180.000 1.578
2185.000 1.591
2190.000 1.630
2195.000 1.658
2200.000 1.697
2205.000 1.736
2210.000 1.786
2215.000 1.833
2220.000 1.892
2225.000 1.963
2230.000 2.034
2235.000 2.119
2240.000 2.161
2245.000 2.277
2250.000 2.401
2255.000 2.545
2260.000 2.730
2265.000 2.941
2270.000 3.261
2275.000 3.678
2280.000 4.290
2285.000 5.280
2290.000 6.884
2295.000 9.624
2300.000 11.607
2305.000 17.147
2310.000 23.996
2315.000 29.327
2320.000 25.023
2325.000 23.414
2330.000 11.608
2335.000 7.608
2340.000 5.133
2345.000 3.808
2350.000 2.950
2355.000 2.357
2360.000 1.924
2365.000 1.747
2370.000 1.461
2375.000 1.239
2380.000 1.062
2385.000 0.927
2390.000 0.814
2395.000 0.725
2400.000 0.645
2405.000 0.582
2410.000 0.523
2415.000 0.474
2420.000 0.433
2425.000 0.413
2430.000 0.381
2435.000 0.347
2440.000 0.320
2445.000 0.297
2450.000 0.271
2455.000 0.253
2460.000 0.234
2465.000 0.217
2470.000 0.203
2475.000 0.189
2480.000 0.184
2485.000 0.171
2490.000 0.162
2495.000 0.151
2500.000 0.141
2505.000 0.134
2510.000 0.128
2515.000 0.125
2520.000 0.117
2525.000 0.115
2530.000 0.112
2535.000 0.110
2540.000 0.108
2545.000 0.108
2550.000 0.107
2555.000 0.106
2560.000 0.109
2565.000 0.111
2570.000 0.110
2575.000 0.109
2580.000 0.112
2585.000 0.115
2590.000 0.116
2595.000 0.120
2600.000 0.123
2605.000 0.126
2610.000 0.130
2615.000 0.130
2620.000 0.136
2625.000 0.139
2630.000 0.142
2635.000 0.146
2640.000 0.150
2645.000 0.155
2650.000 0.159
2655.000 0.162
2660.000 0.166
2665.000 0.171
2670.000 0.172
2675.000 0.174
2680.000 0.179
2685.000 0.185
2690.000 0.190
2695.000 0.192
2700.000 0.197
2705.000 0.201
2710.000 0.205
2715.000 0.211
2720.000 0.215
2725.000 0.217
2730.000 0.224
2735.000 0.227
2740.000 0.231
2745.000 0.236
2750.000 0.242
2755.000 0.247
2760.000 0.253
2765.000 0.260
2770.000 0.264
2775.000 0.268
2780.000 0.275
2785.000 0.279
2790.000 0.283
2795.000 0.289
2800.000 0.293
2805.000 0.300
2810.000 0.304
2815.000 0.310
2820.000 0.315
2825.000 0.322
2830.000 0.326
2835.000 0.333
2840.000 0.338
2845.000 0.345
2850.000 0.347
2855.000 0.352
2860.000 0.358
2865.000 0.365
2870.000 0.372
2875.000 0.379
2880.000 0.386
2885.000 0.389
2890.000 0.393
2895.000 0.399
2900.000 0.402
2905.000 0.405
2910.000 0.411
2915.000 0.412
2920.000 0.415
2925.000 0.420
2930.000 0.421
2935.000 0.426
2940.000 0.425
2945.000 0.426
2950.000 0.432
2955.000 0.441
2960.000 0.443
2965.000 0.442
2970.000 0.445
2975.000 0.438
2980.000 0.440
2985.000 0.448
2990.000 0.443
2995.000 0.443
3000.000 0.451
3005.000 0.443
3010.000 0.442
3015.000 0.454
3020.000 0.444
3025.000 0.443
3030.000 0.454
3035.000 0.443
3040.000 0.448
3045.000 0.449
3050.000 0.449
3055.000 0.445
3060.000 0.445
3065.000 0.449
3070.000 0.447
3075.000 0.446
3080.000 0.449
3085.000 0.448
3090.000 0.448
3095.000 0.447
3100.000 0.446
3105.000 0.444
3110.000 0.445
3115.000 0.445
3120.000 0.445
3125.000 0.442
3130.000 0.445
3135.000 0.445
3140.000 0.445
3145.000 0.447
3150.000 0.446
3155.000 0.447
3160.000 0.448
3165.000 0.449
3170.000 0.448
3175.000 0.450
3180.000 0.451
3185.000 0.452
3190.000 0.450
3195.000 0.452
3200.000 0.448
3205.000 0.450
3210.000 0.451
3215.000 0.451
3220.000 0.454
3225.000 0.454
3230.000 0.456
3235.000 0.456
3240.000 0.458
3245.000 0.459
3250.000 0.457
3255.000 0.460
3260.000 0.462
3265.000 0.464
3270.000 0.468
3275.000 0.468
3280.000 0.472
3285.000 0.469
3290.000 0.474
3295.000 0.477
3300.000 0.478
3305.000 0.481
3310.000 0.484
3315.000 0.486
3320.000 0.485
3325.000 0.494
3330.000 0.495
3335.000 0.495
3340.000 0.498
3345.000 0.501
3350.000 0.506
3355.000 0.509
3360.000 0.514
3365.000 0.515
3370.000 0.520
3375.000 0.523
3380.000 0.530
3385.000 0.536
3390.000 0.541
3395.000 0.545
3400.000 0.554
3405.000 0.556
3410.000 0.566
3415.000 0.570
3420.000 0.572
3425.000 0.580
3430.000 0.586
3435.000 0.592
3440.000 0.603
3445.000 0.611
3450.000 0.618
3455.000 0.623
3460.000 0.635
3465.000 0.639
3470.000 0.656
3475.000 0.666
3480.000 0.678
3485.000 0.692
3490.000 0.703
3495.000 0.720
3500.000 0.735
3505.000 0.749
3510.000 0.766
3515.000 0.778
3520.000 0.800
3525.000 0.821
3530.000 0.846
3535.000 0.873
3540.000 0.900
3545.000 0.930
3550.000 0.962
3555.000 1.005
3560.000 1.041
3565.000 1.086
3570.000 1.118
3575.000 1.154
3580.000 1.179
3585.000 1.216
3590.000 1.264
3595.000 1.310
3600.000 1.363
3605.000 1.429
3610.000 1.485
3615.000 1.566
3620.000 1.640
3625.000 1.735
3630.000 1.847
3635.000 1.957
3640.000 2.104
3645.000 2.171
3650.000 2.354
3655.000 2.571
3660.000 2.876
3665.000 3.249
3670.000 3.825
3675.000 4.605
3680.000 5.746
3685.000 7.547
3690.000 10.327
3695.000 14.622
3700.000 17.478
3705.000 25.005
3710.000 34.699
3715.000 39.916
3720.000 32.932
3725.000 18.137
3730.000 11.938
3735.000 8.267
3740.000 6.099
3745.000 4.763
3750.000 3.835
3755.000 3.167
3760.000 2.900
3765.000 2.477
3770.000 2.148
3775.000 1.903
3780.000 1.696
3785.000 1.536
3790.000 1.394
3795.000 1.285
3800.000 1.189
3805.000 1.108
3810.000 1.038
3815.000 0.976
3820.000 0.927
3825.000 0.904
3830.000 0.860
3835.000 0.820
3840.000 0.785
3845.000 0.754
3850.000 0.725
3855.000 0.698
3860.000 0.673
3865.000 0.652
3870.000 0.630
3875.000 0.612
3880.000 0.592
3885.000 0.586
3890.000 0.571
3895.000 0.555
3900.000 0.539
3905.000 0.528
3910.000 0.517
3915.000 0.501
3920.000 0.492
3925.000 0.482
3930.000 0.472
3935.000 0.463
3940.000 0.457
3945.000 0.452
3950.000 0.442
3955.000 0.434
3960.000 0.424
3965.000 0.416
3970.000 0.416
3975.000 0.409
3980.000 0.405
3985.000 0.392
3990.000 0.393
3995.000 0.386
4000.000 0.374
4005.000 0.374
4010.000 0.373
4015.000 0.364
4020.000 0.369
4025.000 0.363
4030.000 0.359
4035.000 0.348
4040.000 0.345
4045.000 0.339
4050.000 0.343
4055.000 0.337
4060.000 0.334
4065.000 0.328
4070.000 0.328
4075.000 0.325
4080.000 0.320
4085.000 0.319
4090.000 0.316
4095.000 0.312
4100.000 0.309
4105.000 0.306
4110.000 0.303
4115.000 0.301
4120.000 0.298
4125.000 0.295
4130.000 0.294
4135.000 0.289
4140.000 0.288
4145.000 0.285
4150.000 0.282
4155.000 0.279
4160.000 0.276
4165.000 0.273
4170.000 0.271
4175.000 0.269
4180.000 0.267
4185.000 0.266
4190.000 0.263
4195.000 0.262
4200.000 0.260
4205.000 0.258
4210.000 0.256
4215.000 0.254
4220.000 0.254
4225.000 0.253
4230.000 0.254
4235.000 0.255
4240.000 0.253
4245.000 0.253
4250.000 0.254
4255.000 0.255
4260.000 0.258
4265.000 0.256
4270.000 0.259
4275.000 0.258
4280.000 0.259
4285.000 0.258
4290.000 0.259
4295.000 0.259
4300.000 0.259
4305.000 0.259
4310.000 0.260
4315.000 0.259
4320.000 0.260
4325.000 0.260
4330.000 0.259
4335.000 0.259
4340.000 0.260
4345.000 0.259
4350.000 0.261
4355.000 0.258
4360.000 0.259
4365.000 0.259
4370.000 0.258
4375.000 0.258
4380.000 0.258
4385.000 0.258
4390.000 0.258
4395.000 0.257
4400.000 0.258
4405.000 0.257
4410.000 0.258
4415.000 0.259
4420.000 0.258
4425.000 0.260
4430.000 0.260
4435.000 0.258
4440.000 0.255
4445.000 0.257
4450.000 0.257
4455.000 0.257
4460.000 0.256
4465.000 0.256
4470.000 0.257
4475.000 0.256
4480.000 0.256
4485.000 0.255
4490.000 0.256
4495.000 0.257
4500.000 0.256
4505.000 0.256
4510.000 0.256
4515.000 0.258
4520.000 0.256
4525.000 0.256
4530.000 0.256
4535.000 0.255
4540.000 0.257
4545.000 0.257
4550.000 0.258
4555.000 0.257
4560.000 0.258
4565.000 0.258
4570.000 0.259
4575.000 0.259
4580.000 0.258
4585.000 0.258
4590.000 0.259
4595.000 0.259
4600.000 0.258
4605.000 0.259
4610.000 0.258
4615.000 0.260
4620.000 0.261
4625.000 0.262
4630.000 0.260
4635.000 0.262
4640.000 0.262
4645.000 0.261
4650.000 0.262
4655.000 0.264
4660.000 0.261
4665.000 0.264
4670.000 0.263
4675.000 0.264
4680.000 0.265
4685.000 0.265
4690.000 0.265
4695.000 0.275
4700.000 0.271
4705.000 0.271
4710.000 0.273
4715.000 0.274
4720.000 0.273
4725.000 0.272
4730.000 0.271
4735.000 0.271
4740.000 0.271
4745.000 0.271
4750.000 0.270
4755.000 0.271
4760.000 0.272
4765.000 0.273
4770.000 0.272
4775.000 0.275
4780.000 0.275
4785.000 0.275
4790.000 0.276
4795.000 0.278
4800.000 0.279
4805.000 0.279
4810.000 0.281
4815.000 0.282
4820.000 0.284
4825.000 0.285
4830.000 0.287
4835.000 0.288
4840.000 0.289
4845.000 0.291
4850.000 0.294
4855.000 0.295
4860.000 0.296
4865.000 0.299
4870.000 0.302
4875.000 0.303
4880.000 0.306
4885.000 0.307
4890.000 0.311
4895.000 0.315
4900.000 0.317
4905.000 0.321
4910.000 0.326
4915.000 0.330
4920.000 0.330
4925.000 0.331
4930.000 0.332
4935.000 0.333
4940.000 0.329
4945.000 0.322
4950.000 0.310
4955.000 0.288
4960.000 0.252
4965.000 0.196
4970.000 0.272
4975.000 0.484
4980.000 3.022
4985.000 10.565
4990.000 17.365
4995.000 2.027
5000.000 6.935
5005.000 12.801
5010.000 12.877
5015.000 6.576
5020.000 3.715
5025.000 2.130
5030.000 1.461
5035.000 1.033
5040.000 0.903
5045.000 0.699
5050.000 0.570
5055.000 0.471
5060.000 0.407
5065.000 0.367
5070.000 0.327
5075.000 0.302
5080.000 0.285
5085.000 0.268
5090.000 0.259
5095.000 0.250
5100.000 0.244
5105.000 0.240
5110.000 0.234
5115.000 0.231
5120.000 0.228
5125.000 0.224
5130.000 0.224
5135.000 0.224
5140.000 0.223
5145.000 0.223
5150.000 0.222
5155.000 0.221
5160.000 0.222
5165.000 0.222
5170.000 0.221
5175.000 0.222
5180.000 0.222
5185.000 0.224
5190.000 0.222
5195.000 0.224
5200.000 0.226
5205.000 0.226
5210.000 0.226
5215.000 0.227
5220.000 0.227
5225.000 0.230
5230.000 0.229
5235.000 0.231
5240.000 0.233
5245.000 0.232
5250.000 0.232
5255.000 0.234
5260.000 0.235
5265.000 0.236
5270.000 0.236
5275.000 0.238
5280.000 0.237
5285.000 0.238
5290.000 0.239
5295.000 0.241
5300.000 0.241
5305.000 0.242
5310.000 0.244
5315.000 0.244
5320.000 0.245
5325.000 0.245
5330.000 0.245
5335.000 0.246
5340.000 0.246
5345.000 0.246
5350.000 0.248
5355.000 0.248
5360.000 0.248
5365.000 0.248
5370.000 0.248
5375.000 0.250
5380.000 0.251
5385.000 0.250
5390.000 0.250
5395.000 0.251
5400.000 0.249
5405.000 0.250
5410.000 0.251
5415.000 0.252
5420.000 0.253
5425.000 0.253
5430.000 0.253
5435.000 0.253
5440.000 0.253
5445.000 0.254
5450.000 0.253
5455.000 0.254
5460.000 0.255
5465.000 0.255
5470.000 0.253
5475.000 0.253
5480.000 0.255
5485.000 0.255
5490.000 0.255
5495.000 0.255
5500.000 0.255
5505.000 0.254
5510.000 0.257
5515.000 0.257
5520.000 0.257
5525.000 0.257
5530.000 0.259
5535.000 0.258
5540.000 0.257
5545.000 0.256
5550.000 0.256
5555.000 0.256
5560.000 0.256
5565.000 0.256
5570.000 0.258
5575.000 0.257
5580.000 0.257
5585.000 0.258
5590.000 0.258
5595.000 0.256
5600.000 0.257
5605.000 0.257
5610.000 0.256
5615.000 0.258
5620.000 0.257
5625.000 0.256
5630.000 0.258
5635.000 0.256
5640.000 0.257
5645.000 0.257
5650.000 0.257
5655.000 0.257
5660.000 0.258
5665.000 0.256
5670.000 0.258
5675.000 0.257
5680.000 0.257
5685.000 0.257
5690.000 0.257
5695.000 0.260
5700.000 0.259
5705.000 0.259
5710.000 0.258
5715.000 0.258
5720.000 0.259
5725.000 0.260
5730.000 0.259
5735.000 0.259
5740.000 0.259
5745.000 0.261
5750.000 0.261
5755.000 0.262
5760.000 0.261
5765.000 0.261
5770.000 0.262
5775.000 0.263
5780.000 0.262
5785.000 0.263
5790.000 0.263
5795.000 0.262
5800.000 0.263
5805.000 0.263
5810.000 0.264
5815.000 0.265
5820.000 0.265
5825.000 0.264
5830.000 0.265
5835.000 0.267
5840.000 0.266
5845.000 0.267
5850.000 0.269
5855.000 0.268
5860.000 0.271
5865.000 0.271
5870.000 0.271
5875.000 0.271
5880.000 0.273
5885.000 0.273
5890.000 0.276
5895.000 0.276
5900.000 0.276
5905.000 0.277
5910.000 0.279
5915.000 0.281
5920.000 0.280
5925.000 0.283
5930.000 0.286
5935.000 0.285
5940.000 0.288
5945.000 0.292
5950.000 0.292
5955.000 0.290
5960.000 0.297
5965.000 0.298
5970.000 0.300
5975.000 0.301
5980.000 0.302
5985.000 0.315
5990.000 0.311
5995.000 0.316
6000.000 0.330
6005.000 0.326
6010.000 0.328
6015.000 0.341
6020.000 0.343
6025.000 0.356
6030.000 0.355
6035.000 0.365
6040.000 0.367
6045.000 0.381
6050.000 0.394
6055.000 0.402
6060.000 0.408
6065.000 0.408
6070.000 0.419
6075.000 0.422
6080.000 0.429
6085.000 0.439
6090.000 0.449
6095.000 0.460
6100.000 0.472
6105.000 0.485
6110.000 0.497
6115.000 0.515
6120.000 0.532
6125.000 0.551
6130.000 0.577
6135.000 0.588
6140.000 0.616
6145.000 0.645
6150.000 0.686
6155.000 0.729
6160.000 0.778
6165.000 0.838
6170.000 0.903
6175.000 0.994
6180.000 1.100
6185.000 1.241
6190.000 1.323
6195.000 1.538
6200.000 1.830
6205.000 2.246
6210.000 2.870
6215.000 3.788
6220.000 5.135
6225.000 7.030
6230.000 9.643
6235.000 13.083
6240.000 17.175
6245.000 21.091
6250.000 21.700
6255.000 19.797
6260.000 13.543
6265.000 8.406
6270.000 5.502
6275.000 4.366
6280.000 3.536
6285.000 2.907
6290.000 2.428
6295.000 2.045
6300.000 1.742
6305.000 1.480
6310.000 1.243
6315.000 1.073
6320.000 0.989
6325.000 0.851
6330.000 0.744
6335.000 0.662
6340.000 0.597
6345.000 0.550
6350.000 0.511
6355.000 0.477
6360.000 0.453
6365.000 0.430
6370.000 0.414
6375.000 0.399
6380.000 0.390
6385.000 0.379
6390.000 0.366
6395.000 0.357
6400.000 0.347
6405.000 0.339
6410.000 0.331
6415.000 0.322
6420.000 0.316
6425.000 0.307
6430.000 0.303
6435.000 0.299
6440.000 0.293
6445.000 0.287
6450.000 0.279
6455.000 0.273
6460.000 0.269
6465.000 0.263
6470.000 0.258
6475.000 0.252
6480.000 0.248
6485.000 0.242
6490.000 0.237
6495.000 0.233
6500.000 0.233
6505.000 0.228
6510.000 0.227
6515.000 0.230
6520.000 0.236
6525.000 0.246
6530.000 0.266
6535.000 0.297
6540.000 0.341
6545.000 0.405
6550.000 0.501
6555.000 0.645
6560.000 0.757
6565.000 1.144
6570.000 2.274
6575.000 5.595
6580.000 11.028
6585.000 18.456
6590.000 20.144
6595.000 3.565
6600.000 3.253
6605.000 3.425
6610.000 2.240
6615.000 1.791
6620.000 1.481
6625.000 1.386
6630.000 1.175
6635.000 1.036
6640.000 0.936
6645.000 0.857
6650.000 0.793
6655.000 0.748
6660.000 0.706
6665.000 0.678
6670.000 0.653
6675.000 0.631
6680.000 0.620
6685.000 0.603
6690.000 0.589
6695.000 0.575
6700.000 0.564
6705.000 0.554
6710.000 0.547
6715.000 0.537
6720.000 0.532
6725.000 0.526
6730.000 0.520
6735.000 0.516
6740.000 0.512
6745.000 0.509
6750.000 0.506
6755.000 0.504
6760.000 0.500
6765.000 0.496
6770.000 0.494
6775.000 0.490
6780.000 0.490
6785.000 0.489
6790.000 0.486
6795.000 0.485
6800.000 0.483
6805.000 0.484
6810.000 0.483
6815.000 0.483
6820.000 0.481
6825.000 0.481
6830.000 0.481
6835.000 0.480
6840.000 0.481
6845.000 0.479
6850.000 0.480
6855.000 0.479
6860.000 0.478
6865.000 0.480
6870.000 0.480
6875.000 0.481
6880.000 0.480
6885.000 0.482
6890.000 0.483
6895.000 0.485
6900.000 0.489
6905.000 0.484
6910.000 0.487
6915.000 0.486
6920.000 0.487
6925.000 0.487
6930.000 0.489
6935.000 0.488
6940.000 0.487
6945.000 0.488
6950.000 0.488
6955.000 0.493
6960.000 0.494
6965.000 0.494
6970.000 0.492
6975.000 0.490
6980.000 0.493
6985.000 0.496
6990.000 0.495
6995.000 0.493
7000.000 0.496
7005.000 0.501
7010.000 0.507
7015.000 0.502
7020.000 0.511
7025.000 0.512
7030.000 0.513
7035.000 0.511
7040.000 0.513
7045.000 0.514
7050.000 0.521
7055.000 0.519
7060.000 0.523
7065.000 0.525
7070.000 0.527
7075.000 0.531
7080.000 0.535
7085.000 0.537
7090.000 0.539
7095.000 0.542
7100.000 0.548
7105.000 0.552
7110.000 0.551
7115.000 0.558
7120.000 0.564
7125.000 0.566
7130.000 0.573
7135.000 0.573
7140.000 0.583
7145.000 0.587
7150.000 0.593
7155.000 0.599
7160.000 0.606
7165.000 0.610
7170.000 0.614
7175.000 0.624
7180.000 0.629
7185.000 0.636
7190.000 0.648
7195.000 0.654
7200.000 0.665
7205.000 0.673
7210.000 0.688
7215.000 0.698
7220.000 0.711
7225.000 0.724
7230.000 0.732
7235.000 0.745
7240.000 0.757
7245.000 0.775
7250.000 0.791
7255.000 0.814
7260.000 0.836
7265.000 0.857
7270.000 0.883
7275.000 0.907
7280.000 0.939
7285.000 0.974
7290.000 0.988
7295.000 1.006
7300.000 1.032
7305.000 1.058
7310.000 1.078
7315.000 1.106
7320.000 1.134
7325.000 1.162
7330.000 1.199
7335.000 1.233
7340.000 1.284
7345.000 1.328
7350.000 1.397
7355.000 1.424
7360.000 1.485
7365.000 1.707
7370.000 1.759
7375.000 1.791
7380.000 1.836
7385.000 1.912
7390.000 1.983
7395.000 2.099
7400.000 2.234
7405.000 2.417
7410.000 2.522
7415.000 2.797
7420.000 3.155
7425.000 3.659
7430.000 4.370
7435.000 5.403
7440.000 6.969
7445.000 9.256
7450.000 12.451
7455.000 16.233
7460.000 19.504
7465.000 20.552
7470.000 19.584
7475.000 14.428
7480.000 9.335
7485.000 5.551
7490.000 3.215
7495.000 2.384
7500.000 2.129
7505.000 1.915
7510.000 1.720
7515.000 1.538
7520.000 1.374
7525.000 1.223
7530.000 1.090
7535.000 1.033
7540.000 0.934
7545.000 0.853
7550.000 0.779
7555.000 0.719
7560.000 0.665
7565.000 0.618
7570.000 0.580
7575.000 0.542
7580.000 0.511
7585.000 0.483
7590.000 0.457
7595.000 0.444
7600.000 0.424
7605.000 0.403
7610.000 0.385
7615.000 0.369
7620.000 0.353
7625.000 0.339
7630.000 0.325
7635.000 0.312
7640.000 0.301
7645.000 0.289
7650.000 0.286
7655.000 0.275
7660.000 0.268
7665.000 0.258
7670.000 0.252
7675.000 0.244
7680.000 0.237
7685.000 0.231
7690.000 0.224
7695.000 0.221
7700.000 0.216
7705.000 0.211
7710.000 0.207
7715.000 0.204
7720.000 0.200
7725.000 0.196
7730.000 0.194
7735.000 0.190
7740.000 0.187
7745.000 0.185
7750.000 0.184
7755.000 0.180
7760.000 0.181
7765.000 0.177
7770.000 0.175
7775.000 0.176
7780.000 0.172
7785.000 0.172
7790.000 0.170
7795.000 0.170
7800.000 0.168
7805.000 0.168
7810.000 0.166
7815.000 0.167
7820.000 0.167
7825.000 0.166
7830.000 0.166
7835.000 0.168
7840.000 0.166
7845.000 0.167
7850.000 0.167
7855.000 0.168
7860.000 0.168
7865.000 0.168
7870.000 0.169
7875.000 0.169
7880.000 0.170
7885.000 0.172
7890.000 0.173
7895.000 0.174
7900.000 0.176
7905.000 0.176
7910.000 0.178
7915.000 0.181
7920.000 0.183
7925.000 0.186
7930.000 0.190
7935.000 0.190
7940.000 0.196
7945.000 0.199
7950.000 0.203
7955.000 0.204
7960.000 0.212
7965.000 0.218
7970.000 0.219
7975.000 0.227
7980.000 0.236
7985.000 0.245
7990.000 0.253
7995.000 0.263
8000.000 0.282
8005.000 0.295
8010.000 0.316
8015.000 0.346
8020.000 0.364
8025.000 0.399
8030.000 0.448
8035.000 0.509
8040.000 0.596
8045.000 0.710
8050.000 0.899
8055.000 1.259
8060.000 2.081
8065.000 3.917
8070.000 6.817
8075.000 9.425
8080.000 9.113
8085.000 4.948
8090.000 6.492
8095.000 2.296
8100.000 1.776
8105.000 1.097
8110.000 0.970
8115.000 0.773
8120.000 0.633
8125.000 0.539
8130.000 0.475
8135.000 0.425
8140.000 0.407
8145.000 0.369
8150.000 0.342
8155.000 0.317
8160.000 0.299
8165.000 0.284
8170.000 0.271
8175.000 0.259
8180.000 0.248
8185.000 0.241
8190.000 0.235
8195.000 0.227
8200.000 0.226
8205.000 0.219
8210.000 0.218
8215.000 0.211
8220.000 0.209
8225.000 0.205
8230.000 0.204
8235.000 0.201
8240.000 0.196
8245.000 0.197
8250.000 0.195
8255.000 0.193
8260.000 0.193
8265.000 0.192
8270.000 0.190
8275.000 0.189
8280.000 0.191
8285.000 0.190
8290.000 0.189
8295.000 0.190
8300.000 0.188
8305.000 0.189
8310.000 0.188
8315.000 0.189
8320.000 0.193
8325.000 0.192
8330.000 0.190
8335.000 0.194
8340.000 0.194
8345.000 0.195
8350.000 0.198
8355.000 0.201
8360.000 0.202
8365.000 0.203
8370.000 0.206
8375.000 0.209
8380.000 0.210
8385.000 0.212
8390.000 0.215
8395.000 0.219
8400.000 0.222
8405.000 0.223
8410.000 0.228
8415.000 0.230
8420.000 0.235
8425.000 0.241
8430.000 0.247
8435.000 0.251
8440.000 0.254
8445.000 0.259
8450.000 0.263
8455.000 0.270
8460.000 0.276
8465.000 0.283
8470.000 0.292
8475.000 0.296
8480.000 0.306
8485.000 0.313
8490.000 0.322
8495.000 0.333
8500.000 0.341
8505.000 0.346
8510.000 0.353
8515.000 0.361
8520.000 0.363
8525.000 0.366
8530.000 0.356
8535.000 0.343
8540.000 0.305
8545.000 0.245
8550.000 0.244
8555.000 0.957
8560.000 4.723
8565.000 8.254
8570.000 7.107
8575.000 4.019
8580.000 3.647
8585.000 3.493
8590.000 3.530
8595.000 3.678
8600.000 3.889
8605.000 4.214
8610.000 4.608
8615.000 5.090
8620.000 5.731
8625.000 6.140
8630.000 7.037
8635.000 8.129
8640.000 9.539
8645.000 11.232
8650.000 13.238
8655.000 15.261
8660.000 16.655
8665.000 16.763
8670.000 15.180
8675.000 12.926
8680.000 10.847
8685.000 9.914
8690.000 8.135
8695.000 6.399
8700.000 4.780
8705.000 3.805
8710.000 3.077
8715.000 2.424
8720.000 2.071
8725.000 1.877
8730.000 1.739
8735.000 1.648
8740.000 1.556
8745.000 1.506
8750.000 1.470
8755.000 1.409
8760.000 1.344
8765.000 1.290
8770.000 1.249
8775.000 1.199
8780.000 1.163
8785.000 1.118
8790.000 1.082
8795.000 1.040
8800.000 1.006
8805.000 0.978
8810.000 0.962
8815.000 0.939
8820.000 0.898
8825.000 0.884
8830.000 0.861
8835.000 0.858
8840.000 0.829
8845.000 0.815
8850.000 0.798
8855.000 0.779
8860.000 0.765
8865.000 0.758
8870.000 0.741
8875.000 0.736
8880.000 0.722
8885.000 0.715
8890.000 0.706
8895.000 0.696
8900.000 0.688
8905.000 0.677
8910.000 0.675
8915.000 0.664
8920.000 0.653
8925.000 0.650
8930.000 0.645
8935.000 0.638
8940.000 0.633
8945.000 0.631
8950.000 0.621
8955.000 0.620
8960.000 0.609
8965.000 0.611
8970.000 0.607
8975.000 0.604
8980.000 0.598
8985.000 0.589
8990.000 0.587
8995.000 0.588
9000.000 0.586
9005.000 0.581
9010.000 0.574
9015.000 0.580
9020.000 0.571
9025.000 0.572
9030.000 0.565
9035.000 0.569
9040.000 0.570
9045.000 0.566
9050.000 0.559
9055.000 0.561
9060.000 0.560
9065.000 0.556
9070.000 0.558
9075.000 0.556
9080.000 0.554
9085.000 0.553
9090.000 0.551
9095.000 0.554
9100.000 0.549
9105.000 0.549
9110.000 0.550
9115.000 0.548
9120.000 0.550
9125.000 0.547
9130.000 0.549
9135.000 0.545
9140.000 0.547
9145.000 0.545
9150.000 0.544
9155.000 0.548
9160.000 0.544
9165.000 0.546
9170.000 0.546
9175.000 0.547
9180.000 0.547
9185.000 0.547
9190.000 0.548
9195.000 0.548
9200.000 0.549
9205.000 0.548
9210.000 0.548
9215.000 0.547
9220.000 0.548
9225.000 0.550
9230.000 0.547
9235.000 0.547
9240.000 0.546
9245.000 0.546
9250.000 0.543
9255.000 0.544
9260.000 0.543
9265.000 0.543
9270.000 0.545
9275.000 0.542
9280.000 0.545
9285.000 0.543
9290.000 0.543
9295.000 0.545
9300.000 0.544
9305.000 0.545
9310.000 0.541
9315.000 0.544
9320.000 0.541
9325.000 0.546
9330.000 0.542
9335.000 0.540
9340.000 0.542
9345.000 0.539
9350.000 0.541
9355.000 0.541
9360.000 0.543
9365.000 0.542
9370.000 0.538
9375.000 0.542
9380.000 0.538
9385.000 0.539
9390.000 0.538
9395.000 0.536
9400.000 0.538
9405.000 0.532
9410.000 0.532
9415.000 0.530
9420.000 0.529
9425.000 0.525
9430.000 0.524
9435.000 0.525
9440.000 0.518
9445.000 0.514
9450.000 0.507
9455.000 0.501
9460.000 0.493
9465.000 0.479
9470.000 0.464
9475.000 0.444
9480.000 0.435
9485.000 0.401
9490.000 0.363
9495.000 0.305
9500.000 0.166
9505.000 0.351
9510.000 3.086
9515.000 4.332
9520.000 1.956
9525.000 1.744
9530.000 1.734
9535.000 1.502
9540.000 1.459
9545.000 1.339
9550.000 1.257
9555.000 1.177
9560.000 1.122
9565.000 1.072
9570.000 1.021
9575.000 0.986
9580.000 0.944
9585.000 0.916
9590.000 0.892
9595.000 0.873
9600.000 0.876
9605.000 0.876
9610.000 0.873
9615.000 0.859
9620.000 0.855
9625.000 0.851
9630.000 0.855
9635.000 0.859
9640.000 0.866
9645.000 0.873
9650.000 0.875
9655.000 0.892
9660.000 0.894
9665.000 0.909
9670.000 0.917
9675.000 0.926
9680.000 0.943
9685.000 0.949
9690.000 0.963
9695.000 0.985
9700.000 1.003
9705.000 1.021
9710.000 1.042
9715.000 1.071
9720.000 1.082
9725.000 1.114
9730.000 1.143
9735.000 1.173
9740.000 1.213
9745.000 1.248
9750.000 1.291
9755.000 1.336
9760.000 1.392
9765.000 1.454
9770.000 1.522
9775.000 1.609
9780.000 1.697
9785.000 1.755
9790.000 1.876
9795.000 2.027
9800.000 2.217
9805.000 2.459
9810.000 2.748
9815.000 3.256
9820.000 3.889
9825.000 4.684
9830.000 5.551
9835.000 6.226
9840.000 6.190
9845.000 5.843
9850.000 4.763
9855.000 3.644
9860.000 2.762
9865.000 2.095
9870.000 1.659
9875.000 1.366
9880.000 1.160
9885.000 1.024
9890.000 0.940
9895.000 0.892
9900.000 0.944
9905.000 0.963
9910.000 0.902
9915.000 0.801
9920.000 0.713
9925.000 0.637
9930.000 0.563
9935.000 0.494
9940.000 0.429
9945.000 0.377
9950.000 0.333
9955.000 0.300
9960.000 0.268
9965.000 0.250
9970.000 0.226
9975.000 0.202
9980.000 0.182
9985.000 0.166
9990.000 0.148
9995.000 0.134
10000.000 0.125
