105.000 0.049
110.000 2.080
115.000 2.450
120.000 2.868
125.000 3.160
130.000 3.385
135.000 3.536
140.000 3.697
145.000 3.684
150.000 3.709
155.000 3.653
160.000 3.679
165.000 3.547
170.000 3.477
175.000 3.496
180.000 3.451
185.000 3.386
190.000 3.484
195.000 3.579
200.000 3.457
205.000 3.494
210.000 3.582
215.000 3.671
220.000 3.859
225.000 3.815
230.000 3.876
235.000 3.936
240.000 4.020
245.000 4.037
250.000 4.142
255.000 4.119
260.000 4.272
265.000 4.351
270.000 4.345
275.000 4.414
280.000 4.518
285.000 4.513
290.000 4.575
295.000 4.621
300.000 4.579
305.000 4.652
310.000 4.695
315.000 4.734
320.000 4.734
325.000 4.803
330.000 4.896
335.000 5.006
340.000 5.157
345.000 5.378
350.000 5.455
355.000 5.818
360.000 5.951
365.000 6.232
370.000 6.554
375.000 6.870
380.000 7.270
385.000 7.597
390.000 7.952
395.000 8.266
400.000 8.537
405.000 8.756
410.000 8.826
415.000 8.832
420.000 8.652
425.000 8.266
430.000 8.027
435.000 7.309
440.000 6.461
445.000 5.595
450.000 4.835
455.000 4.158
460.000 3.587
465.000 3.349
470.000 2.783
475.000 2.649
480.000 2.322
485.000 2.262
490.000 2.111
495.000 1.995
500.000 1.888
505.000 1.789
510.000 1.692
515.000 1.596
520.000 1.531
525.000 1.457
530.000 1.415
535.000 1.355
540.000 1.259
545.000 1.238
550.000 1.186
555.000 1.118
560.000 1.071
565.000 1.007
570.000 0.963
575.000 0.917
580.000 0.874
585.000 0.840
590.000 0.795
595.000 0.765
600.000 0.749
605.000 0.737
610.000 0.699
615.000 0.680
620.000 0.662
625.000 0.636
630.000 0.616
635.000 0.604
640.000 0.593
645.000 0.570
650.000 0.560
655.000 0.547
660.000 0.537
665.000 0.522
670.000 0.515
675.000 0.504
680.000 0.491
685.000 0.492
690.000 0.475
695.000 0.469
700.000 0.459
705.000 0.454
710.000 0.442
715.000 0.437
720.000 0.429
725.000 0.426
730.000 0.418
735.000 0.414
740.000 0.403
745.000 0.406
750.000 0.400
755.000 0.385
760.000 0.402
765.000 0.382
770.000 0.382
775.000 0.375
780.000 0.386
785.000 0.373
790.000 0.372
795.000 0.373
800.000 0.367
805.000 0.364
810.000 0.359
815.000 0.362
820.000 0.359
825.000 0.349
830.000 0.347
835.000 0.342
840.000 0.344
845.000 0.340
850.000 0.338
855.000 0.334
860.000 0.337
865.000 0.339
870.000 0.335
875.000 0.333
880.000 0.329
885.000 0.325
890.000 0.324
895.000 0.323
900.000 0.323
905.000 0.320
910.000 0.318
915.000 0.320
920.000 0.319
925.000 0.319
930.000 0.319
935.000 0.310
940.000 0.314
945.000 0.319
950.000 0.311
955.000 0.316
960.000 0.309
965.000 0.317
970.000 0.317
975.000 0.308
980.000 0.308
985.000 0.313
990.000 0.316
995.000 0.303
1000.000 0.323
1005.000 0.305
1010.000 0.303
1015.000 0.303
1020.000 0.304
1025.000 0.332
1030.000 0.310
1035.000 0.305
1040.000 0.314
1045.000 0.313
1050.000 0.315
1055.000 0.306
1060.000 0.307
1065.000 0.304
1070.000 0.303
1075.000 0.305
1080.000 0.307
1085.000 0.308
1090.000 0.304
1095.000 0.308
1100.000 0.302
1105.000 0.305
1110.000 0.304
1115.000 0.308
1120.000 0.303
1125.000 0.302
1130.000 0.308
1135.000 0.308
1140.000 0.309
1145.000 0.304
1150.000 0.467
1155.000 0.483
1160.000 0.467
1165.000 0.496
1170.000 0.428
1175.000 0.388
1180.000 0.364
1185.000 0.344
1190.000 0.327
1195.000 0.328
1200.000 0.320
1205.000 0.316
1210.000 0.313
1215.000 0.318
1220.000 0.314
1225.000 0.313
1230.000 0.313
1235.000 0.320
1240.000 0.314
1245.000 0.317
1250.000 0.320
1255.000 0.319
1260.000 0.320
1265.000 0.323
1270.000 0.323
1275.000 0.320
1280.000 0.327
1285.000 0.328
1290.000 0.327
1295.000 0.326
1300.000 0.323
1305.000 0.327
1310.000 0.331
1315.000 0.335
1320.000 0.344
1325.000 0.337
1330.000 0.340
1335.000 0.337
1340.000 0.343
1345.000 0.340
1350.000 0.338
1355.000 0.342
1360.000 0.345
1365.000 0.354
1370.000 0.348
1375.000 0.347
1380.000 0.349
1385.000 0.354
1390.000 0.356
1395.000 0.353
1400.000 0.352
1405.000 0.351
1410.000 0.352
1415.000 0.348
1420.000 0.352
1425.000 0.347
1430.000 0.346
1435.000 0.349
1440.000 0.341
1445.000 0.343
1450.000 0.343
1455.000 0.348
1460.000 0.352
1465.000 0.355
1470.000 0.363
1475.000 0.372
1480.000 0.381
1485.000 0.386
1490.000 0.389
1495.000 0.397
1500.000 0.399
1505.000 0.406
1510.000 0.411
1515.000 0.421
1520.000 0.421
1525.000 0.435
1530.000 0.439
1535.000 0.445
1540.000 0.468
1545.000 0.459
1550.000 0.465
1555.000 0.468
1560.000 0.478
1565.000 0.480
1570.000 0.493
1575.000 0.494
1580.000 0.509
1585.000 0.511
1590.000 0.520
1595.000 0.529
1600.000 0.541
1605.000 0.551
1610.000 0.560
1615.000 0.571
1620.000 0.580
1625.000 0.591
1630.000 0.603
1635.000 0.608
1640.000 0.619
1645.000 0.640
1650.000 0.646
1655.000 0.658
1660.000 0.672
1665.000 0.689
1670.000 0.708
1675.000 0.723
1680.000 0.740
1685.000 0.745
1690.000 0.760
1695.000 0.777
1700.000 0.798
1705.000 0.821
1710.000 0.833
1715.000 0.852
1720.000 0.869
1725.000 0.898
1730.000 0.919
1735.000 0.938
1740.000 0.964
1745.000 0.975
1750.000 1.009
1755.000 1.019
1760.000 1.049
1765.000 1.073
1770.000 1.097
1775.000 1.133
1780.000 1.155
1785.000 1.177
1790.000 1.207
1795.000 1.234
1800.000 1.263
1805.000 1.290
1810.000 1.296
1815.000 1.323
1820.000 1.353
1825.000 1.373
1830.000 1.399
1835.000 1.414
1840.000 1.449
1845.000 1.476
1850.000 1.495
1855.000 1.506
1860.000 1.518
1865.000 1.532
1870.000 1.536
1875.000 1.549
1880.000 1.561
1885.000 1.566
1890.000 1.580
1895.000 1.582
1900.000 1.588
1905.000 1.598
1910.000 1.598
1915.000 1.592
1920.000 1.583
1925.000 1.590
1930.000 1.584
1935.000 1.588
1940.000 1.581
1945.000 1.583
1950.000 1.574
1955.000 1.572
1960.000 1.558
1965.000 1.562
1970.000 1.553
1975.000 1.544
1980.000 1.536
1985.000 1.525
1990.000 1.516
1995.000 1.524
2000.000 1.517
2005.000 1.516
2010.000 1.514
2015.000 1.496
2020.000 1.508
2025.000 1.481
2030.000 1.490
2035.000 1.481
2040.000 1.481
2045.000 1.470
2050.000 1.463
2055.000 1.477
2060.000 1.475
2065.000 1.470
2070.000 1.480
2075.000 1.476
2080.000 1.478
2085.000 1.478
2090.000 1.473
2095.000 1.489
2100.000 1.491
2105.000 1.501
2110.000 1.511
2115.000 1.514
2120.000 1.528
2125.000 1.528
2130.000 1.537
2135.000 1.552
2140.000 1.567
2145.000 1.578
2150.000 1.593
2155.000 1.613
2160.000 1.631
2165.000 1.659
2170.000 1.670
2175.000 1.710
2180.000 1.739
2185.000 1.770
2190.000 1.791
2195.000 1.833
2200.000 1.874
2205.000 1.923
2210.000 1.983
2215.000 2.052
2220.000 2.113
2225.000 2.181
2230.000 2.223
2235.000 2.356
2240.000 2.419
2245.000 2.530
2250.000 2.682
2255.000 2.855
2260.000 3.047
2265.000 3.314
2270.000 3.646
2275.000 4.148
2280.000 4.846
2285.000 5.942
2290.000 7.783
2295.000 9.118
2300.000 15.940
2305.000 19.235
2310.000 26.863
2315.000 33.144
2320.000 29.095
2325.000 25.089
2330.000 12.730
2335.000 8.565
2340.000 5.861
2345.000 4.384
2350.000 3.417
2355.000 2.730
2360.000 2.463
2365.000 2.030
2370.000 1.711
2375.000 1.453
2380.000 1.257
2385.000 1.098
2390.000 0.965
2395.000 0.864
2400.000 0.774
2405.000 0.699
2410.000 0.632
2415.000 0.602
2420.000 0.548
2425.000 0.482
2430.000 0.468
2435.000 0.430
2440.000 0.398
2445.000 0.366
2450.000 0.342
2455.000 0.320
2460.000 0.298
2465.000 0.281
2470.000 0.264
2475.000 0.255
2480.000 0.242
2485.000 0.230
2490.000 0.218
2495.000 0.207
2500.000 0.197
2505.000 0.188
2510.000 0.181
2515.000 0.178
2520.000 0.173
2525.000 0.169
2530.000 0.165
2535.000 0.162
2540.000 0.159
2545.000 0.159
2550.000 0.158
2555.000 0.156
2560.000 0.158
2565.000 0.159
2570.000 0.160
2575.000 0.162
2580.000 0.162
2585.000 0.167
2590.000 0.168
2595.000 0.172
2600.000 0.172
2605.000 0.176
2610.000 0.179
2615.000 0.184
2620.000 0.188
2625.000 0.191
2630.000 0.196
2635.000 0.201
2640.000 0.205
2645.000 0.211
2650.000 0.214
2655.000 0.219
2660.000 0.223
2665.000 0.228
2670.000 0.232
2675.000 0.239
2680.000 0.245
2685.000 0.250
2690.000 0.256
2695.000 0.261
2700.000 0.267
2705.000 0.273
2710.000 0.278
2715.000 0.285
2720.000 0.288
2725.000 0.294
2730.000 0.302
2735.000 0.308
2740.000 0.315
2745.000 0.322
2750.000 0.329
2755.000 0.335
2760.000 0.343
2765.000 0.351
2770.000 0.359
2775.000 0.367
2780.000 0.373
2785.000 0.376
2790.000 0.388
2795.000 0.391
2800.000 0.397
2805.000 0.409
2810.000 0.415
2815.000 0.421
2820.000 0.432
2825.000 0.441
2830.000 0.447
2835.000 0.458
2840.000 0.465
2845.000 0.472
2850.000 0.478
2855.000 0.489
2860.000 0.496
2865.000 0.505
2870.000 0.518
2875.000 0.527
2880.000 0.534
2885.000 0.539
2890.000 0.547
2895.000 0.552
2900.000 0.559
2905.000 0.562
2910.000 0.567
2915.000 0.572
2920.000 0.576
2925.000 0.580
2930.000 0.583
2935.000 0.585
2940.000 0.595
2945.000 0.597
2950.000 0.603
2955.000 0.603
2960.000 0.610
2965.000 0.612
2970.000 0.613
2975.000 0.616
2980.000 0.616
2985.000 0.618
2990.000 0.620
2995.000 0.621
3000.000 0.624
3005.000 0.617
3010.000 0.616
3015.000 0.629
3020.000 0.618
3025.000 0.621
3030.000 0.631
3035.000 0.622
3040.000 0.628
3045.000 0.629
3050.000 0.621
3055.000 0.628
3060.000 0.630
3065.000 0.623
3070.000 0.624
3075.000 0.626
3080.000 0.623
3085.000 0.627
3090.000 0.625
3095.000 0.626
3100.000 0.624
3105.000 0.626
3110.000 0.625
3115.000 0.626
3120.000 0.627
3125.000 0.624
3130.000 0.625
3135.000 0.624
3140.000 0.628
3145.000 0.627
3150.000 0.625
3155.000 0.625
3160.000 0.627
3165.000 0.634
3170.000 0.632
3175.000 0.628
3180.000 0.629
3185.000 0.630
3190.000 0.631
3195.000 0.631
3200.000 0.633
3205.000 0.636
3210.000 0.635
3215.000 0.637
3220.000 0.636
3225.000 0.638
3230.000 0.640
3235.000 0.642
3240.000 0.641
3245.000 0.645
3250.000 0.645
3255.000 0.650
3260.000 0.653
3265.000 0.653
3270.000 0.658
3275.000 0.662
3280.000 0.664
3285.000 0.666
3290.000 0.672
3295.000 0.674
3300.000 0.676
3305.000 0.680
3310.000 0.684
3315.000 0.688
3320.000 0.698
3325.000 0.699
3330.000 0.708
3335.000 0.707
3340.000 0.717
3345.000 0.725
3350.000 0.727
3355.000 0.736
3360.000 0.739
3365.000 0.747
3370.000 0.753
3375.000 0.764
3380.000 0.774
3385.000 0.778
3390.000 0.788
3395.000 0.798
3400.000 0.809
3405.000 0.821
3410.000 0.835
3415.000 0.840
3420.000 0.850
3425.000 0.863
3430.000 0.874
3435.000 0.892
3440.000 0.907
3445.000 0.920
3450.000 0.935
3455.000 0.946
3460.000 0.966
3465.000 0.986
3470.000 1.011
3475.000 1.029
3480.000 1.055
3485.000 1.078
3490.000 1.105
3495.000 1.138
3500.000 1.167
3505.000 1.204
3510.000 1.240
3515.000 1.263
3520.000 1.322
3525.000 1.341
3530.000 1.377
3535.000 1.404
3540.000 1.442
3545.000 1.478
3550.000 1.521
3555.000 1.568
3560.000 1.608
3565.000 1.661
3570.000 1.717
3575.000 1.753
3580.000 1.806
3585.000 1.875
3590.000 1.952
3595.000 2.032
3600.000 2.121
3605.000 2.210
3610.000 2.325
3615.000 2.456
3620.000 2.582
3625.000 2.735
3630.000 2.894
3635.000 2.993
3640.000 3.187
3645.000 3.443
3650.000 3.932
3655.000 4.154
3660.000 4.673
3665.000 5.347
3670.000 6.307
3675.000 7.650
3680.000 9.704
3685.000 12.795
3690.000 17.351
3695.000 20.231
3700.000 30.727
3705.000 34.435
3710.000 40.501
3715.000 44.387
3720.000 40.693
3725.000 24.040
3730.000 16.216
3735.000 11.494
3740.000 8.702
3745.000 6.895
3750.000 5.671
3755.000 4.803
3760.000 4.445
3765.000 3.854
3770.000 3.377
3775.000 3.003
3780.000 2.683
3785.000 2.433
3790.000 2.218
3795.000 2.035
3800.000 1.884
3805.000 1.753
3810.000 1.642
3815.000 1.542
3820.000 1.458
3825.000 1.382
3830.000 1.346
3835.000 1.282
3840.000 1.224
3845.000 1.173
3850.000 1.121
3855.000 1.082
3860.000 1.044
3865.000 1.007
3870.000 0.975
3875.000 0.943
3880.000 0.929
3885.000 0.900
3890.000 0.875
3895.000 0.851
3900.000 0.828
3905.000 0.808
3910.000 0.787
3915.000 0.767
3920.000 0.753
3925.000 0.734
3930.000 0.720
3935.000 0.712
3940.000 0.700
3945.000 0.684
3950.000 0.666
3955.000 0.661
3960.000 0.647
3965.000 0.638
3970.000 0.624
3975.000 0.618
3980.000 0.607
3985.000 0.591
3990.000 0.589
3995.000 0.580
4000.000 0.563
4005.000 0.562
4010.000 0.553
4015.000 0.545
4020.000 0.547
4025.000 0.536
4030.000 0.533
4035.000 0.519
4040.000 0.517
4045.000 0.508
4050.000 0.502
4055.000 0.492
4060.000 0.489
4065.000 0.487
4070.000 0.479
4075.000 0.477
4080.000 0.474
4085.000 0.465
4090.000 0.462
4095.000 0.456
4100.000 0.452
4105.000 0.446
4110.000 0.442
4115.000 0.437
4120.000 0.432
4125.000 0.430
4130.000 0.420
4135.000 0.417
4140.000 0.413
4145.000 0.408
4150.000 0.403
4155.000 0.398
4160.000 0.392
4165.000 0.389
4170.000 0.384
4175.000 0.380
4180.000 0.376
4185.000 0.372
4190.000 0.366
4195.000 0.364
4200.000 0.360
4205.000 0.355
4210.000 0.351
4215.000 0.349
4220.000 0.346
4225.000 0.344
4230.000 0.341
4235.000 0.340
4240.000 0.340
4245.000 0.340
4250.000 0.342
4255.000 0.342
4260.000 0.343
4265.000 0.344
4270.000 0.344
4275.000 0.345
4280.000 0.345
4285.000 0.346
4290.000 0.346
4295.000 0.349
4300.000 0.347
4305.000 0.349
4310.000 0.350
4315.000 0.350
4320.000 0.350
4325.000 0.350
4330.000 0.351
4335.000 0.351
4340.000 0.350
4345.000 0.351
4350.000 0.350
4355.000 0.351
4360.000 0.350
4365.000 0.352
4370.000 0.351
4375.000 0.352
4380.000 0.351
4385.000 0.352
4390.000 0.351
4395.000 0.353
4400.000 0.353
4405.000 0.353
4410.000 0.354
4415.000 0.354
4420.000 0.356
4425.000 0.354
4430.000 0.355
4435.000 0.354
4440.000 0.354
4445.000 0.356
4450.000 0.355
4455.000 0.355
4460.000 0.356
4465.000 0.355
4470.000 0.357
4475.000 0.356
4480.000 0.358
4485.000 0.358
4490.000 0.359
4495.000 0.361
4500.000 0.360
4505.000 0.361
4510.000 0.361
4515.000 0.363
4520.000 0.364
4525.000 0.367
4530.000 0.366
4535.000 0.369
4540.000 0.371
4545.000 0.369
4550.000 0.371
4555.000 0.372
4560.000 0.373
4565.000 0.376
4570.000 0.377
4575.000 0.378
4580.000 0.379
4585.000 0.380
4590.000 0.382
4595.000 0.383
4600.000 0.386
4605.000 0.388
4610.000 0.390
4615.000 0.392
4620.000 0.394
4625.000 0.395
4630.000 0.400
4635.000 0.400
4640.000 0.403
4645.000 0.408
4650.000 0.408
4655.000 0.414
4660.000 0.416
4665.000 0.419
4670.000 0.422
4675.000 0.424
4680.000 0.429
4685.000 0.433
4690.000 0.438
4695.000 0.441
4700.000 0.447
4705.000 0.451
4710.000 0.455
4715.000 0.461
4720.000 0.466
4725.000 0.471
4730.000 0.475
4735.000 0.482
4740.000 0.490
4745.000 0.494
4750.000 0.503
4755.000 0.510
4760.000 0.518
4765.000 0.528
4770.000 0.540
4775.000 0.552
4780.000 0.561
4785.000 0.575
4790.000 0.582
4795.000 0.595
4800.000 0.618
4805.000 0.626
4810.000 0.644
4815.000 0.660
4820.000 0.684
4825.000 0.706
4830.000 0.732
4835.000 0.762
4840.000 0.793
4845.000 0.830
4850.000 0.851
4855.000 0.918
4860.000 0.942
4865.000 1.000
4870.000 1.015
4875.000 1.053
4880.000 1.094
4885.000 1.132
4890.000 1.185
4895.000 1.237
4900.000 1.302
4905.000 1.334
4910.000 1.444
4915.000 1.519
4920.000 1.600
4925.000 1.683
4930.000 1.773
4935.000 1.896
4940.000 2.050
4945.000 2.242
4950.000 2.488
4955.000 2.776
4960.000 3.163
4965.000 3.549
4970.000 3.936
4975.000 4.033
4980.000 3.982
4985.000 8.249
4990.000 27.003
4995.000 23.325
5000.000 29.723
5005.000 29.928
5010.000 27.291
5015.000 16.858
5020.000 11.405
5025.000 7.905
5030.000 6.779
5035.000 4.573
5040.000 4.112
5045.000 3.373
5050.000 2.870
5055.000 2.492
5060.000 2.177
5065.000 1.935
5070.000 1.731
5075.000 1.574
5080.000 1.438
5085.000 1.323
5090.000 1.231
5095.000 1.185
5100.000 1.075
5105.000 1.014
5110.000 0.956
5115.000 0.933
5120.000 0.889
5125.000 0.851
5130.000 0.814
5135.000 0.783
5140.000 0.752
5145.000 0.727
5150.000 0.705
5155.000 0.692
5160.000 0.672
5165.000 0.643
5170.000 0.636
5175.000 0.618
5180.000 0.605
5185.000 0.593
5190.000 0.578
5195.000 0.569
5200.000 0.557
5205.000 0.548
5210.000 0.539
5215.000 0.534
5220.000 0.527
5225.000 0.514
5230.000 0.507
5235.000 0.503
5240.000 0.499
5245.000 0.492
5250.000 0.486
5255.000 0.485
5260.000 0.481
5265.000 0.479
5270.000 0.474
5275.000 0.473
5280.000 0.472
5285.000 0.467
5290.000 0.466
5295.000 0.465
5300.000 0.463
5305.000 0.461
5310.000 0.461
5315.000 0.461
5320.000 0.460
5325.000 0.457
5330.000 0.455
5335.000 0.456
5340.000 0.456
5345.000 0.455
5350.000 0.457
5355.000 0.454
5360.000 0.455
5365.000 0.454
5370.000 0.454
5375.000 0.456
5380.000 0.454
5385.000 0.453
5390.000 0.452
5395.000 0.454
5400.000 0.456
5405.000 0.452
5410.000 0.455
5415.000 0.453
5420.000 0.454
5425.000 0.456
5430.000 0.453
5435.000 0.454
5440.000 0.454
5445.000 0.455
5450.000 0.453
5455.000 0.454
5460.000 0.454
5465.000 0.454
5470.000 0.456
5475.000 0.456
5480.000 0.458
5485.000 0.455
5490.000 0.454
5495.000 0.455
5500.000 0.457
5505.000 0.456
5510.000 0.456
5515.000 0.461
5520.000 0.458
5525.000 0.471
5530.000 0.472
5535.000 0.466
5540.000 0.460
5545.000 0.459
5550.000 0.458
5555.000 0.457
5560.000 0.459
5565.000 0.456
5570.000 0.457
5575.000 0.458
5580.000 0.457
5585.000 0.458
5590.000 0.457
5595.000 0.459
5600.000 0.458
5605.000 0.459
5610.000 0.460
5615.000 0.461
5620.000 0.463
5625.000 0.460
5630.000 0.462
5635.000 0.464
5640.000 0.464
5645.000 0.466
5650.000 0.465
5655.000 0.469
5660.000 0.468
5665.000 0.467
5670.000 0.468
5675.000 0.469
5680.000 0.473
5685.000 0.473
5690.000 0.474
5695.000 0.473
5700.000 0.475
5705.000 0.477
5710.000 0.476
5715.000 0.480
5720.000 0.481
5725.000 0.483
5730.000 0.485
5735.000 0.485
5740.000 0.486
5745.000 0.490
5750.000 0.493
5755.000 0.491
5760.000 0.496
5765.000 0.496
5770.000 0.499
5775.000 0.504
5780.000 0.502
5785.000 0.503
5790.000 0.508
5795.000 0.511
5800.000 0.514
5805.000 0.517
5810.000 0.517
5815.000 0.523
5820.000 0.527
5825.000 0.527
5830.000 0.534
5835.000 0.537
5840.000 0.542
5845.000 0.542
5850.000 0.548
5855.000 0.553
5860.000 0.558
5865.000 0.564
5870.000 0.567
5875.000 0.574
5880.000 0.579
5885.000 0.586
5890.000 0.593
5895.000 0.600
5900.000 0.603
5905.000 0.614
5910.000 0.618
5915.000 0.624
5920.000 0.631
5925.000 0.640
5930.000 0.650
5935.000 0.662
5940.000 0.667
5945.000 0.680
5950.000 0.693
5955.000 0.703
5960.000 0.710
5965.000 0.727
5970.000 0.740
5975.000 0.762
5980.000 0.773
5985.000 0.780
5990.000 0.806
5995.000 0.830
6000.000 0.834
6005.000 0.872
6010.000 0.898
6015.000 0.912
6020.000 0.938
6025.000 0.935
6030.000 0.943
6035.000 0.973
6040.000 0.984
6045.000 0.999
6050.000 1.015
6055.000 1.038
6060.000 1.056
6065.000 1.070
6070.000 1.096
6075.000 1.119
6080.000 1.141
6085.000 1.169
6090.000 1.182
6095.000 1.211
6100.000 1.258
6105.000 1.275
6110.000 1.315
6115.000 1.355
6120.000 1.397
6125.000 1.448
6130.000 1.494
6135.000 1.557
6140.000 1.607
6145.000 1.676
6150.000 1.705
6155.000 1.785
6160.000 1.861
6165.000 1.951
6170.000 2.058
6175.000 2.165
6180.000 2.299
6185.000 2.452
6190.000 2.633
6195.000 2.871
6200.000 3.170
6205.000 3.352
6210.000 3.835
6215.000 4.506
6220.000 5.456
6225.000 6.898
6230.000 9.036
6235.000 12.080
6240.000 15.540
6245.000 17.874
6250.000 16.696
6255.000 13.229
6260.000 10.805
6265.000 8.248
6270.000 6.895
6275.000 5.030
6280.000 3.984
6285.000 3.370
6290.000 3.018
6295.000 2.840
6300.000 2.731
6305.000 2.671
6310.000 2.527
6315.000 2.472
6320.000 2.308
6325.000 2.157
6330.000 2.095
6335.000 1.978
6340.000 1.875
6345.000 1.776
6350.000 1.691
6355.000 1.577
6360.000 1.471
6365.000 1.374
6370.000 1.282
6375.000 1.207
6380.000 1.147
6385.000 1.088
6390.000 1.060
6395.000 1.018
6400.000 0.958
6405.000 0.940
6410.000 0.918
6415.000 0.882
6420.000 0.857
6425.000 0.837
6430.000 0.818
6435.000 0.801
6440.000 0.786
6445.000 0.774
6450.000 0.768
6455.000 0.758
6460.000 0.749
6465.000 0.745
6470.000 0.744
6475.000 0.740
6480.000 0.742
6485.000 0.747
6490.000 0.756
6495.000 0.764
6500.000 0.775
6505.000 0.794
6510.000 0.802
6515.000 0.846
6520.000 0.863
6525.000 0.910
6530.000 0.964
6535.000 1.045
6540.000 1.163
6545.000 1.322
6550.000 1.582
6555.000 1.920
6560.000 2.496
6565.000 3.656
6570.000 5.971
6575.000 7.857
6580.000 13.291
6585.000 20.552
6590.000 21.692
6595.000 2.146
6600.000 2.583
6605.000 2.181
6610.000 1.522
6615.000 1.154
6620.000 0.857
6625.000 0.716
6630.000 0.637
6635.000 0.515
6640.000 0.482
6645.000 0.429
6650.000 0.387
6655.000 0.358
6660.000 0.331
6665.000 0.315
6670.000 0.298
6675.000 0.285
6680.000 0.277
6685.000 0.267
6690.000 0.266
6695.000 0.256
6700.000 0.255
6705.000 0.248
6710.000 0.246
6715.000 0.242
6720.000 0.239
6725.000 0.237
6730.000 0.235
6735.000 0.233
6740.000 0.231
6745.000 0.231
6750.000 0.229
6755.000 0.227
6760.000 0.228
6765.000 0.227
6770.000 0.227
6775.000 0.223
6780.000 0.225
6785.000 0.224
6790.000 0.224
6795.000 0.223
6800.000 0.223
6805.000 0.221
6810.000 0.222
6815.000 0.221
6820.000 0.221
6825.000 0.221
6830.000 0.221
6835.000 0.221
6840.000 0.220
6845.000 0.220
6850.000 0.219
6855.000 0.220
6860.000 0.219
6865.000 0.217
6870.000 0.217
6875.000 0.218
6880.000 0.218
6885.000 0.218
6890.000 0.219
6895.000 0.218
6900.000 0.218
6905.000 0.218
6910.000 0.217
6915.000 0.216
6920.000 0.217
6925.000 0.217
6930.000 0.217
6935.000 0.217
6940.000 0.217
6945.000 0.216
6950.000 0.218
6955.000 0.216
6960.000 0.219
6965.000 0.217
6970.000 0.216
6975.000 0.214
6980.000 0.212
6985.000 0.219
6990.000 0.216
6995.000 0.216
7000.000 0.211
7005.000 0.221
7010.000 0.220
7015.000 0.220
7020.000 0.215
7025.000 0.211
7030.000 0.217
7035.000 0.217
7040.000 0.218
7045.000 0.215
7050.000 0.216
7055.000 0.214
7060.000 0.217
7065.000 0.214
7070.000 0.217
7075.000 0.217
7080.000 0.215
7085.000 0.216
7090.000 0.215
7095.000 0.217
7100.000 0.216
7105.000 0.216
7110.000 0.215
7115.000 0.214
7120.000 0.216
7125.000 0.214
7130.000 0.212
7135.000 0.212
7140.000 0.213
7145.000 0.212
7150.000 0.210
7155.000 0.212
7160.000 0.210
7165.000 0.210
7170.000 0.211
7175.000 0.209
7180.000 0.208
7185.000 0.210
7190.000 0.208
7195.000 0.209
7200.000 0.208
7205.000 0.210
7210.000 0.209
7215.000 0.208
7220.000 0.209
7225.000 0.210
7230.000 0.210
7235.000 0.211
7240.000 0.210
7245.000 0.211
7250.000 0.213
7255.000 0.213
7260.000 0.215
7265.000 0.216
7270.000 0.220
7275.000 0.219
7280.000 0.222
7285.000 0.227
7290.000 0.230
7295.000 0.233
7300.000 0.236
7305.000 0.244
7310.000 0.246
7315.000 0.254
7320.000 0.260
7325.000 0.270
7330.000 0.276
7335.000 0.289
7340.000 0.303
7345.000 0.316
7350.000 0.336
7355.000 0.357
7360.000 0.373
7365.000 0.411
7370.000 0.436
7375.000 0.462
7380.000 0.497
7385.000 0.536
7390.000 0.584
7395.000 0.648
7400.000 0.725
7405.000 0.836
7410.000 0.984
7415.000 1.200
7420.000 1.336
7425.000 1.663
7430.000 2.047
7435.000 2.570
7440.000 3.302
7445.000 4.272
7450.000 5.554
7455.000 7.093
7460.000 8.394
7465.000 8.115
7470.000 5.751
7475.000 3.995
7480.000 3.874
7485.000 3.966
7490.000 4.064
7495.000 3.817
7500.000 3.120
7505.000 2.551
7510.000 2.177
7515.000 1.899
7520.000 1.701
7525.000 1.562
7530.000 1.458
7535.000 1.383
7540.000 1.309
7545.000 1.280
7550.000 1.187
7555.000 1.168
7560.000 1.118
7565.000 1.082
7570.000 1.045
7575.000 1.015
7580.000 0.988
7585.000 0.958
7590.000 0.937
7595.000 0.912
7600.000 0.890
7605.000 0.875
7610.000 0.855
7615.000 0.840
7620.000 0.828
7625.000 0.816
7630.000 0.799
7635.000 0.796
7640.000 0.786
7645.000 0.774
7650.000 0.763
7655.000 0.754
7660.000 0.749
7665.000 0.745
7670.000 0.732
7675.000 0.730
7680.000 0.725
7685.000 0.718
7690.000 0.712
7695.000 0.707
7700.000 0.697
7705.000 0.696
7710.000 0.693
7715.000 0.689
7720.000 0.684
7725.000 0.680
7730.000 0.680
7735.000 0.677
7740.000 0.674
7745.000 0.666
7750.000 0.664
7755.000 0.671
7760.000 0.663
7765.000 0.663
7770.000 0.667
7775.000 0.662
7780.000 0.662
7785.000 0.660
7790.000 0.661
7795.000 0.657
7800.000 0.660
7805.000 0.664
7810.000 0.657
7815.000 0.659
7820.000 0.657
7825.000 0.660
7830.000 0.663
7835.000 0.664
7840.000 0.668
7845.000 0.670
7850.000 0.669
7855.000 0.670
7860.000 0.670
7865.000 0.672
7870.000 0.681
7875.000 0.679
7880.000 0.678
7885.000 0.686
7890.000 0.687
7895.000 0.695
7900.000 0.695
7905.000 0.702
7910.000 0.701
7915.000 0.712
7920.000 0.717
7925.000 0.724
7930.000 0.737
7935.000 0.743
7940.000 0.750
7945.000 0.766
7950.000 0.769
7955.000 0.787
7960.000 0.800
7965.000 0.820
7970.000 0.835
7975.000 0.840
7980.000 0.856
7985.000 0.890
7990.000 0.908
7995.000 0.936
8000.000 0.981
8005.000 1.011
8010.000 1.060
8015.000 1.123
8020.000 1.188
8025.000 1.281
8030.000 1.377
8035.000 1.462
8040.000 1.768
8045.000 1.920
8050.000 2.353
8055.000 3.185
8060.000 4.768
8065.000 7.754
8070.000 12.381
8075.000 16.674
8080.000 11.238
8085.000 8.157
8090.000 3.537
8095.000 2.492
8100.000 1.692
8105.000 1.115
8110.000 0.849
8115.000 0.647
8120.000 0.502
8125.000 0.404
8130.000 0.333
8135.000 0.278
8140.000 0.239
8145.000 0.210
8150.000 0.197
8155.000 0.173
8160.000 0.163
8165.000 0.160
8170.000 0.156
8175.000 0.153
8180.000 0.154
8185.000 0.155
8190.000 0.156
8195.000 0.159
8200.000 0.163
8205.000 0.166
8210.000 0.170
8215.000 0.171
8220.000 0.176
8225.000 0.179
8230.000 0.182
8235.000 0.187
8240.000 0.191
8245.000 0.195
8250.000 0.199
8255.000 0.201
8260.000 0.205
8265.000 0.209
8270.000 0.212
8275.000 0.213
8280.000 0.217
8285.000 0.220
8290.000 0.225
8295.000 0.226
8300.000 0.230
8305.000 0.233
8310.000 0.237
8315.000 0.240
8320.000 0.242
8325.000 0.244
8330.000 0.247
8335.000 0.252
8340.000 0.253
8345.000 0.258
8350.000 0.258
8355.000 0.261
8360.000 0.262
8365.000 0.267
8370.000 0.268
8375.000 0.273
8380.000 0.277
8385.000 0.277
8390.000 0.281
8395.000 0.283
8400.000 0.287
8405.000 0.293
8410.000 0.294
8415.000 0.298
8420.000 0.301
8425.000 0.307
8430.000 0.309
8435.000 0.313
8440.000 0.317
8445.000 0.322
8450.000 0.330
8455.000 0.334
8460.000 0.339
8465.000 0.343
8470.000 0.352
8475.000 0.356
8480.000 0.368
8485.000 0.378
8490.000 0.388
8495.000 0.400
8500.000 0.414
8505.000 0.431
8510.000 0.455
8515.000 0.482
8520.000 0.518
8525.000 0.564
8530.000 0.627
8535.000 0.666
8540.000 0.786
8545.000 1.012
8550.000 1.615
8555.000 3.343
8560.000 6.183
8565.000 7.394
8570.000 1.316
8575.000 0.804
8580.000 0.913
8585.000 0.355
8590.000 0.334
8595.000 0.262
8600.000 0.213
8605.000 0.203
8610.000 0.189
8615.000 0.173
8620.000 0.154
8625.000 0.131
8630.000 0.095
8635.000 0.057
8640.000 0.056
8645.000 0.133
8650.000 0.437
8655.000 0.611
8660.000 1.232
8665.000 2.099
8670.000 2.746
8675.000 3.123
8680.000 3.393
8685.000 3.595
8690.000 3.663
8695.000 3.560
8700.000 3.333
8705.000 3.112
8710.000 2.422
8715.000 1.935
8720.000 1.179
8725.000 0.743
8730.000 0.476
8735.000 0.303
8740.000 0.213
8745.000 0.140
8750.000 0.095
8755.000 0.070
8760.000 0.066
8765.000 0.074
8770.000 0.077
8775.000 0.096
8780.000 0.108
8785.000 0.112
8790.000 0.125
8795.000 0.134
8800.000 0.144
8805.000 0.152
8810.000 0.160
8815.000 0.171
8820.000 0.184
8825.000 0.164
8830.000 0.175
8835.000 0.186
8840.000 0.197
8845.000 0.203
8850.000 0.204
8855.000 0.206
8860.000 0.212
8865.000 0.216
8870.000 0.219
8875.000 0.219
8880.000 0.223
8885.000 0.225
8890.000 0.230
8895.000 0.237
8900.000 0.237
8905.000 0.239
8910.000 0.240
8915.000 0.239
8920.000 0.240
8925.000 0.239
8930.000 0.241
8935.000 0.244
8940.000 0.244
8945.000 0.246
8950.000 0.247
8955.000 0.244
8960.000 0.249
8965.000 0.251
8970.000 0.247
8975.000 0.248
8980.000 0.246
8985.000 0.253
8990.000 0.251
8995.000 0.250
9000.000 0.260
9005.000 0.254
9010.000 0.252
9015.000 0.259
9020.000 0.252
9025.000 0.256
9030.000 0.254
9035.000 0.259
9040.000 0.255
9045.000 0.259
9050.000 0.257
9055.000 0.259
9060.000 0.258
9065.000 0.256
9070.000 0.255
9075.000 0.256
9080.000 0.258
9085.000 0.256
9090.000 0.259
9095.000 0.256
9100.000 0.256
9105.000 0.259
9110.000 0.255
9115.000 0.257
9120.000 0.258
9125.000 0.255
9130.000 0.257
9135.000 0.255
9140.000 0.259
9145.000 0.261
9150.000 0.259
9155.000 0.257
9160.000 0.256
9165.000 0.254
9170.000 0.250
9175.000 0.254
9180.000 0.250
9185.000 0.252
9190.000 0.250
9195.000 0.246
9200.000 0.247
9205.000 0.247
9210.000 0.246
9215.000 0.244
9220.000 0.243
9225.000 0.241
9230.000 0.240
9235.000 0.240
9240.000 0.235
9245.000 0.235
9250.000 0.231
9255.000 0.231
9260.000 0.229
9265.000 0.225
9270.000 0.225
9275.000 0.221
9280.000 0.221
9285.000 0.217
9290.000 0.216
9295.000 0.218
9300.000 0.211
9305.000 0.206
9310.000 0.206
9315.000 0.200
9320.000 0.196
9325.000 0.190
9330.000 0.188
9335.000 0.183
9340.000 0.179
9345.000 0.170
9350.000 0.166
9355.000 0.159
9360.000 0.153
9365.000 0.150
9370.000 0.143
9375.000 0.132
9380.000 0.124
9385.000 0.115
9390.000 0.104
9395.000 0.091
9400.000 0.078
9405.000 0.067
9410.000 0.053
9415.000 0.039
9420.000 0.036
9425.000 0.047
9430.000 0.069
9435.000 0.085
9440.000 0.121
9445.000 0.167
9450.000 0.228
9455.000 0.312
9460.000 0.441
9465.000 0.657
9470.000 1.045
9475.000 1.665
9480.000 2.509
9485.000 3.675
9490.000 4.509
9495.000 6.976
9505.000 12.076
9510.000 4.739
9515.000 6.579
9520.000 3.901
9525.000 2.901
9530.000 2.436
9535.000 1.928
9540.000 1.780
9545.000 1.513
9550.000 1.323
9560.000 1.237
9565.000 1.109
9570.000 1.051
9575.000 0.968
9580.000 0.901
9585.000 0.851
9590.000 0.814
9595.000 0.785
9600.000 0.764
9605.000 0.743
9610.000 0.726
9615.000 0.717
9620.000 0.709
9625.000 0.699
9630.000 0.692
9635.000 0.688
9640.000 0.683
9645.000 0.687
9650.000 0.700
9655.000 0.691
9660.000 0.688
9665.000 0.687
9670.000 0.690
9675.000 0.690
9680.000 0.694
9685.000 0.696
9690.000 0.708
9695.000 0.711
9700.000 0.726
9705.000 0.733
9710.000 0.744
9715.000 0.762
9720.000 0.770
9725.000 0.788
9730.000 0.805
9735.000 0.823
9740.000 0.847
9745.000 0.867
9750.000 0.898
9755.000 0.930
9760.000 0.964
9765.000 0.982
9770.000 1.021
9775.000 1.069
9780.000 1.120
9785.000 1.186
9790.000 1.262
9795.000 1.348
9800.000 1.473
9805.000 1.636
9810.000 1.850
9815.000 1.990
9820.000 2.347
9825.000 2.807
9830.000 3.346
9835.000 3.767
9840.000 3.771
9845.000 3.300
9850.000 2.627
9855.000 2.050
9860.000 1.623
9865.000 1.340
9870.000 1.165
9875.000 1.048
9880.000 0.965
9885.000 0.934
9890.000 0.878
9895.000 0.805
9900.000 0.700
9905.000 0.604
9910.000 0.541
9915.000 0.463
9920.000 0.379
9925.000 0.324
9930.000 0.285
9935.000 0.261
9940.000 0.250
9945.000 0.233
9950.000 0.213
9955.000 0.213
9960.000 0.207
9965.000 0.203
9970.000 0.197
9975.000 0.195
9980.000 0.191
9985.000 0.193
9990.000 0.188
9995.000 0.189
10000.000 0.187
