105.000 0.026
110.000 1.883
115.000 2.588
120.000 2.974
125.000 3.259
130.000 3.480
135.000 3.603
140.000 3.660
145.000 3.633
150.000 3.673
155.000 3.691
160.000 3.569
165.000 3.567
170.000 3.390
175.000 3.424
180.000 3.438
185.000 3.422
190.000 3.480
195.000 3.388
200.000 3.433
205.000 3.560
210.000 3.586
215.000 3.706
220.000 3.714
225.000 3.819
230.000 3.925
235.000 3.958
240.000 4.032
245.000 4.075
250.000 4.143
255.000 4.199
260.000 4.319
265.000 4.323
270.000 4.387
275.000 4.437
280.000 4.485
285.000 4.530
290.000 4.535
295.000 4.565
300.000 4.533
305.000 4.555
310.000 4.578
315.000 4.577
320.000 4.672
325.000 4.721
330.000 4.820
335.000 4.940
340.000 5.156
345.000 5.305
350.000 5.601
355.000 5.845
360.000 6.088
365.000 6.401
370.000 6.724
375.000 7.050
380.000 7.222
385.000 7.616
390.000 7.943
395.000 8.249
400.000 8.525
405.000 8.724
410.000 8.844
415.000 8.801
420.000 8.648
425.000 8.263
430.000 7.677
435.000 6.862
440.000 5.974
445.000 5.601
450.000 4.815
455.000 4.158
460.000 3.592
465.000 3.147
470.000 2.788
475.000 2.536
480.000 2.372
485.000 2.221
490.000 2.087
495.000 1.967
500.000 1.847
505.000 1.804
510.000 1.721
515.000 1.626
520.000 1.543
525.000 1.461
530.000 1.405
535.000 1.329
540.000 1.270
545.000 1.210
550.000 1.165
555.000 1.110
560.000 1.051
565.000 1.005
570.000 0.972
575.000 0.924
580.000 0.881
585.000 0.840
590.000 0.811
595.000 0.773
600.000 0.735
605.000 0.719
610.000 0.697
615.000 0.675
620.000 0.656
625.000 0.641
630.000 0.635
635.000 0.621
640.000 0.584
645.000 0.579
650.000 0.567
655.000 0.549
660.000 0.536
665.000 0.530
670.000 0.524
675.000 0.499
680.000 0.493
685.000 0.493
690.000 0.482
695.000 0.474
700.000 0.459
705.000 0.452
710.000 0.446
715.000 0.442
720.000 0.435
725.000 0.424
730.000 0.433
735.000 0.418
740.000 0.414
745.000 0.407
750.000 0.403
755.000 0.391
760.000 0.389
765.000 0.385
770.000 0.386
775.000 0.375
780.000 0.377
785.000 0.376
790.000 0.373
795.000 0.372
800.000 0.359
805.000 0.361
810.000 0.373
815.000 0.360
820.000 0.357
825.000 0.352
830.000 0.353
835.000 0.347
840.000 0.347
845.000 0.340
850.000 0.338
855.000 0.337
860.000 0.338
865.000 0.335
870.000 0.327
875.000 0.328
880.000 0.327
885.000 0.331
890.000 0.327
895.000 0.319
900.000 0.326
905.000 0.323
910.000 0.319
915.000 0.322
920.000 0.328
925.000 0.316
930.000 0.319
935.000 0.320
940.000 0.314
945.000 0.314
950.000 0.316
955.000 0.319
960.000 0.315
965.000 0.314
970.000 0.315
975.000 0.317
980.000 0.314
985.000 0.308
990.000 0.307
995.000 0.316
1000.000 0.302
1005.000 0.302
1010.000 0.302
1015.000 0.306
1020.000 0.310
1025.000 0.309
1030.000 0.304
1035.000 0.315
1040.000 0.311
1045.000 0.310
1050.000 0.303
1055.000 0.303
1060.000 0.303
1065.000 0.304
1070.000 0.310
1075.000 0.307
1080.000 0.308
1085.000 0.305
1090.000 0.304
1095.000 0.315
1100.000 0.303
1105.000 0.307
1110.000 0.308
1115.000 0.309
1120.000 0.306
1125.000 0.306
1130.000 0.303
1135.000 0.311
1140.000 0.307
1145.000 0.309
1150.000 0.312
1155.000 0.310
1160.000 0.306
1165.000 0.308
1170.000 0.306
1175.000 0.313
1180.000 0.311
1185.000 0.308
1190.000 0.314
1195.000 0.310
1200.000 0.315
1205.000 0.315
1210.000 0.316
1215.000 0.311
1220.000 0.313
1225.000 0.321
1230.000 0.317
1235.000 0.317
1240.000 0.315
1245.000 0.324
1250.000 0.318
1255.000 0.318
1260.000 0.323
1265.000 0.324
1270.000 0.325
1275.000 0.327
1280.000 0.327
1285.000 0.328
1290.000 0.327
1295.000 0.333
1300.000 0.329
1305.000 0.333
1310.000 0.330
1315.000 0.337
1320.000 0.334
1325.000 0.336
1330.000 0.339
1335.000 0.339
1340.000 0.342
1345.000 0.342
1350.000 0.345
1355.000 0.341
1360.000 0.345
1365.000 0.347
1370.000 0.348
1375.000 0.354
1380.000 0.351
1385.000 0.357
1390.000 0.354
1395.000 0.351
1400.000 0.354
1405.000 0.351
1410.000 0.362
1415.000 0.354
1420.000 0.351
1425.000 0.347
1430.000 0.343
1435.000 0.348
1440.000 0.347
1445.000 0.342
1450.000 0.344
1455.000 0.353
1460.000 0.356
1465.000 0.359
1470.000 0.367
1475.000 0.376
1480.000 0.381
1485.000 0.388
1490.000 0.380
1495.000 0.399
1500.000 0.408
1505.000 0.411
1510.000 0.419
1515.000 0.424
1520.000 0.431
1525.000 0.444
1530.000 0.446
1535.000 0.453
1540.000 0.453
1545.000 0.461
1550.000 0.475
1555.000 0.475
1560.000 0.484
1565.000 0.496
1570.000 0.500
1575.000 0.508
1580.000 0.516
1585.000 0.527
1590.000 0.529
1595.000 0.534
1600.000 0.545
1605.000 0.557
1610.000 0.563
1615.000 0.579
1620.000 0.588
1625.000 0.600
1630.000 0.611
1635.000 0.619
1640.000 0.636
1645.000 0.649
1650.000 0.659
1655.000 0.682
1660.000 0.684
1665.000 0.697
1670.000 0.718
1675.000 0.737
1680.000 0.753
1685.000 0.769
1690.000 0.782
1695.000 0.804
1700.000 0.832
1705.000 0.833
1710.000 0.859
1715.000 0.875
1720.000 0.888
1725.000 0.906
1730.000 0.941
1735.000 0.954
1740.000 0.977
1745.000 1.003
1750.000 1.024
1755.000 1.048
1760.000 1.066
1765.000 1.102
1770.000 1.128
1775.000 1.158
1780.000 1.184
1785.000 1.198
1790.000 1.232
1795.000 1.257
1800.000 1.284
1805.000 1.312
1810.000 1.341
1815.000 1.368
1820.000 1.395
1825.000 1.415
1830.000 1.438
1835.000 1.473
1840.000 1.497
1845.000 1.508
1850.000 1.520
1855.000 1.534
1860.000 1.563
1865.000 1.577
1870.000 1.591
1875.000 1.609
1880.000 1.615
1885.000 1.628
1890.000 1.634
1895.000 1.647
1900.000 1.645
1905.000 1.653
1910.000 1.664
1915.000 1.662
1920.000 1.660
1925.000 2.463
1930.000 2.687
1935.000 2.649
1940.000 2.313
1945.000 2.065
1950.000 1.878
1955.000 1.744
1960.000 1.648
1965.000 1.624
1970.000 1.598
1975.000 1.592
1980.000 1.563
1985.000 1.574
1990.000 1.568
1995.000 1.564
2000.000 1.544
2005.000 1.553
2010.000 1.545
2015.000 1.530
2020.000 1.544
2025.000 1.535
2030.000 1.515
2035.000 1.521
2040.000 1.514
2045.000 1.517
2050.000 1.523
2055.000 1.519
2060.000 1.517
2065.000 1.513
2070.000 1.516
2075.000 1.520
2080.000 1.517
2085.000 1.522
2090.000 1.521
2095.000 1.528
2100.000 1.533
2105.000 1.541
2110.000 1.551
2115.000 1.564
2120.000 1.571
2125.000 1.578
2130.000 1.595
2135.000 1.604
2140.000 1.615
2145.000 1.626
2150.000 1.639
2155.000 1.662
2160.000 1.678
2165.000 1.707
2170.000 1.735
2175.000 1.765
2180.000 1.798
2185.000 1.831
2190.000 1.873
2195.000 1.914
2200.000 1.960
2205.000 2.021
2210.000 2.052
2215.000 2.140
2220.000 2.215
2225.000 2.257
2230.000 2.341
2235.000 2.438
2240.000 2.556
2245.000 2.693
2250.000 2.856
2255.000 3.029
2260.000 3.256
2265.000 3.556
2270.000 3.757
2275.000 4.234
2280.000 4.916
2285.000 6.770
2290.000 7.745
2295.000 10.710
2300.000 15.499
2305.000 22.871
2310.000 30.776
2315.000 35.268
2320.000 27.213
2325.000 25.818
2330.000 12.249
2335.000 9.384
2340.000 5.575
2345.000 4.822
2350.000 3.754
2355.000 2.991
2360.000 2.448
2365.000 2.027
2370.000 1.714
2375.000 1.470
2380.000 1.278
2385.000 1.123
2390.000 0.992
2395.000 0.940
2400.000 0.844
2405.000 0.763
2410.000 0.694
2415.000 0.632
2420.000 0.581
2425.000 0.535
2430.000 0.495
2435.000 0.459
2440.000 0.425
2445.000 0.396
2450.000 0.382
2455.000 0.357
2460.000 0.338
2465.000 0.316
2470.000 0.298
2475.000 0.282
2480.000 0.269
2485.000 0.253
2490.000 0.241
2495.000 0.230
2500.000 0.221
2505.000 0.213
2510.000 0.207
2515.000 0.207
2520.000 0.199
2525.000 0.196
2530.000 0.189
2535.000 0.188
2540.000 0.184
2545.000 0.182
2550.000 0.181
2555.000 0.179
2560.000 0.182
2565.000 0.184
2570.000 0.183
2575.000 0.187
2580.000 0.187
2585.000 0.189
2590.000 0.192
2595.000 0.193
2600.000 0.197
2605.000 0.200
2610.000 0.205
2615.000 0.209
2620.000 0.214
2625.000 0.216
2630.000 0.221
2635.000 0.229
2640.000 0.232
2645.000 0.239
2650.000 0.241
2655.000 0.246
2660.000 0.252
2665.000 0.257
2670.000 0.264
2675.000 0.270
2680.000 0.277
2685.000 0.282
2690.000 0.291
2695.000 0.294
2700.000 0.299
2705.000 0.308
2710.000 0.312
2715.000 0.320
2720.000 0.326
2725.000 0.335
2730.000 0.343
2735.000 0.349
2740.000 0.357
2745.000 0.365
2750.000 0.374
2755.000 0.376
2760.000 0.387
2765.000 0.400
2770.000 0.405
2775.000 0.410
2780.000 0.422
2785.000 0.430
2790.000 0.438
2795.000 0.448
2800.000 0.455
2805.000 0.466
2810.000 0.475
2815.000 0.481
2820.000 0.489
2825.000 0.499
2830.000 0.510
2835.000 0.520
2840.000 0.529
2845.000 0.537
2850.000 0.547
2855.000 0.561
2860.000 0.568
2865.000 0.584
2870.000 0.595
2875.000 0.598
2880.000 0.604
2885.000 0.617
2890.000 0.627
2895.000 0.630
2900.000 0.638
2905.000 0.642
2910.000 0.649
2915.000 0.654
2920.000 0.658
2925.000 0.665
2930.000 0.670
2935.000 0.673
2940.000 0.675
2945.000 0.678
2950.000 0.685
2955.000 0.687
2960.000 0.695
2965.000 0.694
2970.000 0.692
2975.000 0.692
2980.000 0.695
2985.000 0.707
2990.000 0.697
2995.000 0.702
3000.000 0.705
3005.000 0.710
3010.000 0.706
3015.000 0.711
3020.000 0.706
3025.000 0.715
3030.000 0.708
3035.000 0.712
3040.000 0.708
3045.000 0.715
3050.000 0.708
3055.000 0.711
3060.000 0.711
3065.000 0.715
3070.000 0.710
3075.000 0.712
3080.000 0.714
3085.000 0.711
3090.000 0.713
3095.000 0.709
3100.000 0.712
3105.000 0.712
3110.000 0.714
3115.000 0.714
3120.000 0.712
3125.000 0.715
3130.000 0.713
3135.000 0.717
3140.000 0.716
3145.000 0.717
3150.000 0.718
3155.000 0.719
3160.000 0.723
3165.000 0.723
3170.000 0.723
3175.000 0.724
3180.000 0.726
3185.000 0.726
3190.000 0.727
3195.000 0.730
3200.000 0.730
3205.000 0.733
3210.000 0.735
3215.000 0.741
3220.000 0.745
3225.000 0.744
3230.000 0.748
3235.000 0.752
3240.000 0.754
3245.000 0.757
3250.000 0.759
3255.000 0.762
3260.000 0.763
3265.000 0.766
3270.000 0.772
3275.000 0.777
3280.000 0.781
3285.000 0.785
3290.000 0.786
3295.000 0.794
3300.000 0.795
3305.000 0.804
3310.000 0.808
3315.000 0.814
3320.000 0.821
3325.000 0.825
3330.000 0.834
3335.000 0.843
3340.000 0.848
3345.000 0.857
3350.000 0.864
3355.000 0.870
3360.000 0.879
3365.000 0.883
3370.000 0.893
3375.000 0.905
3380.000 0.914
3385.000 0.929
3390.000 0.938
3395.000 0.954
3400.000 0.969
3405.000 0.980
3410.000 0.998
3415.000 1.008
3420.000 1.019
3425.000 1.025
3430.000 1.048
3435.000 1.063
3440.000 1.092
3445.000 1.100
3450.000 1.125
3455.000 1.148
3460.000 1.168
3465.000 1.193
3470.000 1.220
3475.000 1.251
3480.000 1.283
3485.000 1.298
3490.000 1.331
3495.000 1.368
3500.000 1.411
3505.000 1.437
3510.000 1.469
3515.000 1.506
3520.000 1.537
3525.000 1.578
3530.000 1.606
3535.000 1.650
3540.000 1.694
3545.000 1.717
3550.000 1.764
3555.000 1.817
3560.000 1.878
3565.000 1.930
3570.000 1.994
3575.000 2.055
3580.000 2.140
3585.000 2.227
3590.000 2.306
3595.000 2.412
3600.000 2.509
3605.000 2.577
3610.000 2.690
3615.000 2.841
3620.000 2.984
3625.000 3.154
3630.000 3.349
3635.000 3.547
3640.000 3.809
3645.000 4.107
3650.000 4.503
3655.000 5.000
3660.000 5.631
3665.000 6.031
3670.000 7.057
3675.000 8.540
3680.000 10.723
3685.000 14.105
3690.000 18.998
3695.000 25.797
3700.000 33.868
3705.000 41.608
3710.000 47.038
3715.000 51.478
3720.000 41.353
3725.000 24.689
3730.000 16.914
3735.000 14.264
3740.000 10.676
3745.000 8.422
3750.000 6.890
3755.000 5.815
3760.000 4.971
3765.000 4.325
3770.000 3.812
3775.000 3.390
3780.000 3.051
3785.000 2.762
3790.000 2.514
3795.000 2.410
3800.000 2.229
3805.000 2.076
3810.000 1.938
3815.000 1.823
3820.000 1.720
3825.000 1.630
3830.000 1.557
3835.000 1.482
3840.000 1.420
3845.000 1.358
3850.000 1.333
3855.000 1.280
3860.000 1.238
3865.000 1.193
3870.000 1.152
3875.000 1.119
3880.000 1.081
3885.000 1.054
3890.000 1.023
3895.000 0.994
3900.000 0.970
3905.000 0.946
3910.000 0.935
3915.000 0.915
3920.000 0.891
3925.000 0.864
3930.000 0.853
3935.000 0.837
3940.000 0.818
3945.000 0.803
3950.000 0.784
3955.000 0.777
3960.000 0.762
3965.000 0.750
3970.000 0.731
3975.000 0.725
3980.000 0.713
3985.000 0.705
3990.000 0.691
3995.000 0.681
4000.000 0.672
4005.000 0.665
4010.000 0.659
4015.000 0.642
4020.000 0.642
4025.000 0.635
4030.000 0.625
4035.000 0.623
4040.000 0.612
4045.000 0.608
4050.000 0.599
4055.000 0.596
4060.000 0.589
4065.000 0.578
4070.000 0.576
4075.000 0.569
4080.000 0.560
4085.000 0.557
4090.000 0.554
4095.000 0.548
4100.000 0.544
4105.000 0.537
4110.000 0.531
4115.000 0.524
4120.000 0.519
4125.000 0.511
4130.000 0.505
4135.000 0.497
4140.000 0.493
4145.000 0.486
4150.000 0.479
4155.000 0.477
4160.000 0.469
4165.000 0.466
4170.000 0.460
4175.000 0.454
4180.000 0.448
4185.000 0.443
4190.000 0.438
4195.000 0.431
4200.000 0.424
4205.000 0.420
4210.000 0.417
4215.000 0.416
4220.000 0.411
4225.000 0.408
4230.000 0.405
4235.000 0.404
4240.000 0.402
4245.000 0.402
4250.000 0.401
4255.000 0.403
4260.000 0.404
4265.000 0.404
4270.000 0.405
4275.000 0.405
4280.000 0.409
4285.000 0.409
4290.000 0.410
4295.000 0.410
4300.000 0.411
4305.000 0.411
4310.000 0.412
4315.000 0.415
4320.000 0.413
4325.000 0.414
4330.000 0.415
4335.000 0.414
4340.000 0.415
4345.000 0.413
4350.000 0.415
4355.000 0.418
4360.000 0.416
4365.000 0.415
4370.000 0.416
4375.000 0.418
4380.000 0.417
4385.000 0.417
4390.000 0.420
4395.000 0.418
4400.000 0.419
4405.000 0.420
4410.000 0.420
4415.000 0.420
4420.000 0.422
4425.000 0.429
4430.000 0.429
4435.000 0.427
4440.000 0.425
4445.000 0.426
4450.000 0.426
4455.000 0.426
4460.000 0.426
4465.000 0.426
4470.000 0.428
4475.000 0.429
4480.000 0.431
4485.000 0.431
4490.000 0.433
4495.000 0.434
4500.000 0.436
4505.000 0.438
4510.000 0.437
4515.000 0.439
4520.000 0.442
4525.000 0.444
4530.000 0.444
4535.000 0.447
4540.000 0.450
4545.000 0.450
4550.000 0.453
4555.000 0.455
4560.000 0.456
4565.000 0.459
4570.000 0.461
4575.000 0.464
4580.000 0.468
4585.000 0.469
4590.000 0.472
4595.000 0.475
4600.000 0.478
4605.000 0.482
4610.000 0.484
4615.000 0.487
4620.000 0.491
4625.000 0.495
4630.000 0.497
4635.000 0.505
4640.000 0.508
4645.000 0.511
4650.000 0.516
4655.000 0.522
4660.000 0.526
4665.000 0.531
4670.000 0.536
4675.000 0.541
4680.000 0.548
4685.000 0.554
4690.000 0.562
4695.000 0.569
4700.000 0.575
4705.000 0.580
4710.000 0.587
4715.000 0.600
4720.000 0.604
4725.000 0.615
4730.000 0.623
4735.000 0.635
4740.000 0.648
4745.000 0.660
4750.000 0.673
4755.000 0.685
4760.000 0.699
4765.000 0.715
4770.000 0.722
4775.000 0.742
4780.000 0.758
4785.000 0.783
4790.000 0.801
4795.000 0.828
4800.000 0.857
4805.000 0.885
4810.000 0.919
4815.000 0.952
4820.000 0.990
4825.000 1.011
4830.000 1.058
4835.000 1.110
4840.000 1.170
4845.000 1.232
4850.000 1.275
4855.000 1.317
4860.000 1.364
4865.000 1.416
4870.000 1.470
4875.000 1.522
4880.000 1.590
4885.000 1.627
4890.000 1.744
4895.000 1.788
4900.000 1.894
4905.000 2.014
4910.000 2.142
4915.000 2.324
4920.000 2.466
4925.000 2.633
4930.000 2.834
4935.000 3.075
4940.000 3.366
4945.000 3.801
4950.000 4.045
4955.000 4.517
4960.000 5.626
4965.000 6.099
4970.000 7.189
4975.000 8.410
4980.000 9.347
4985.000 18.198
4990.000 36.367
4995.000 33.578
5000.000 38.445
5005.000 37.666
5010.000 33.408
5015.000 23.517
5020.000 15.673
5025.000 11.231
5030.000 8.298
5035.000 6.593
5040.000 5.389
5045.000 4.574
5050.000 3.963
5055.000 3.499
5060.000 3.113
5065.000 2.796
5070.000 2.534
5075.000 2.417
5080.000 2.224
5085.000 2.045
5090.000 1.906
5095.000 1.785
5100.000 1.675
5105.000 1.579
5110.000 1.497
5115.000 1.422
5120.000 1.359
5125.000 1.326
5130.000 1.272
5135.000 1.197
5140.000 1.176
5145.000 1.133
5150.000 1.096
5155.000 1.067
5160.000 1.033
5165.000 1.007
5170.000 0.980
5175.000 0.956
5180.000 0.937
5185.000 0.917
5190.000 0.907
5195.000 0.880
5200.000 0.875
5205.000 0.852
5210.000 0.850
5215.000 0.837
5220.000 0.827
5225.000 0.814
5230.000 0.806
5235.000 0.800
5240.000 0.790
5245.000 0.786
5250.000 0.781
5255.000 0.777
5260.000 0.769
5265.000 0.764
5270.000 0.762
5275.000 0.755
5280.000 0.753
5285.000 0.748
5290.000 0.746
5295.000 0.745
5300.000 0.742
5305.000 0.742
5310.000 0.740
5315.000 0.741
5320.000 0.738
5325.000 0.739
5330.000 0.735
5335.000 0.736
5340.000 0.735
5345.000 0.735
5350.000 0.735
5355.000 0.733
5360.000 0.735
5365.000 0.736
5370.000 0.735
5375.000 0.734
5380.000 0.734
5385.000 0.733
5390.000 0.732
5395.000 0.733
5400.000 0.734
5405.000 0.732
5410.000 0.733
5415.000 0.731
5420.000 0.732
5425.000 0.736
5430.000 0.732
5435.000 0.730
5440.000 0.730
5445.000 0.731
5450.000 0.728
5455.000 0.728
5460.000 0.726
5465.000 0.726
5470.000 0.727
5475.000 0.724
5480.000 0.725
5485.000 0.723
5490.000 0.722
5495.000 0.721
5500.000 0.722
5505.000 0.726
5510.000 0.723
5515.000 0.725
5520.000 0.727
5525.000 0.729
5530.000 0.731
5535.000 0.723
5540.000 0.722
5545.000 0.720
5550.000 0.722
5555.000 0.720
5560.000 0.721
5565.000 0.718
5570.000 0.719
5575.000 0.722
5580.000 0.721
5585.000 0.722
5590.000 0.719
5595.000 0.722
5600.000 0.721
5605.000 0.720
5610.000 0.722
5615.000 0.722
5620.000 0.725
5625.000 0.725
5630.000 0.725
5635.000 0.730
5640.000 0.729
5645.000 0.733
5650.000 0.731
5655.000 0.734
5660.000 0.737
5665.000 0.737
5670.000 0.741
5675.000 0.739
5680.000 0.743
5685.000 0.743
5690.000 0.747
5695.000 0.748
5700.000 0.751
5705.000 0.755
5710.000 0.757
5715.000 0.761
5720.000 0.762
5725.000 0.768
5730.000 0.772
5735.000 0.773
5740.000 0.777
5745.000 0.779
5750.000 0.785
5755.000 0.786
5760.000 0.793
5765.000 0.796
5770.000 0.802
5775.000 0.809
5780.000 0.814
5785.000 0.821
5790.000 0.824
5795.000 0.829
5800.000 0.833
5805.000 0.842
5810.000 0.850
5815.000 0.855
5820.000 0.863
5825.000 0.869
5830.000 0.880
5835.000 0.887
5840.000 0.897
5845.000 0.909
5850.000 0.919
5855.000 0.926
5860.000 0.934
5865.000 0.946
5870.000 0.969
5875.000 0.974
5880.000 0.989
5885.000 0.999
5890.000 1.019
5895.000 1.036
5900.000 1.052
5905.000 1.074
5910.000 1.087
5915.000 1.106
5920.000 1.114
5925.000 1.142
5930.000 1.160
5935.000 1.190
5940.000 1.212
5945.000 1.236
5950.000 1.269
5955.000 1.305
5960.000 1.344
5965.000 1.384
5970.000 1.412
5975.000 1.441
5980.000 1.448
5985.000 1.480
5990.000 1.497
5995.000 1.532
6000.000 1.546
6005.000 1.588
6010.000 1.617
6015.000 1.641
6020.000 1.675
6025.000 1.703
6030.000 1.747
6035.000 1.772
6040.000 1.788
6045.000 1.822
6050.000 1.871
6055.000 1.919
6060.000 1.954
6065.000 2.015
6070.000 2.061
6075.000 2.124
6080.000 2.198
6085.000 2.251
6090.000 2.325
6095.000 2.391
6100.000 2.429
6105.000 2.505
6110.000 2.629
6115.000 2.670
6120.000 2.768
6125.000 2.882
6130.000 2.981
6135.000 3.113
6140.000 3.235
6145.000 3.380
6150.000 3.551
6155.000 3.722
6160.000 3.819
6165.000 4.035
6170.000 4.287
6175.000 4.545
6180.000 4.882
6185.000 5.274
6190.000 5.781
6195.000 6.442
6200.000 7.281
6205.000 8.454
6210.000 10.065
6215.000 12.412
6220.000 15.822
6225.000 18.023
6230.000 23.602
6235.000 30.519
6240.000 37.730
6245.000 43.392
6250.000 44.323
6255.000 34.916
6260.000 24.250
6265.000 17.129
6270.000 12.708
6275.000 9.922
6280.000 8.921
6285.000 7.448
6290.000 6.413
6295.000 5.721
6300.000 5.342
6305.000 5.081
6310.000 4.739
6315.000 4.361
6320.000 3.995
6325.000 3.663
6330.000 3.363
6335.000 3.108
6340.000 2.994
6345.000 2.794
6350.000 2.611
6355.000 2.459
6360.000 2.322
6365.000 2.201
6370.000 2.096
6375.000 1.995
6380.000 1.916
6385.000 1.839
6390.000 1.769
6395.000 1.710
6400.000 1.649
6405.000 1.626
6410.000 1.579
6415.000 1.533
6420.000 1.474
6425.000 1.454
6430.000 1.417
6435.000 1.390
6440.000 1.366
6445.000 1.336
6450.000 1.314
6455.000 1.293
6460.000 1.275
6465.000 1.264
6470.000 1.247
6475.000 1.245
6480.000 1.232
6485.000 1.227
6490.000 1.222
6495.000 1.223
6500.000 1.227
6505.000 1.232
6510.000 1.245
6515.000 1.259
6520.000 1.285
6525.000 1.300
6530.000 1.339
6535.000 1.388
6540.000 1.457
6545.000 1.553
6550.000 1.687
6555.000 1.896
6560.000 2.243
6565.000 2.894
6570.000 4.363
6575.000 8.601
6580.000 17.252
6585.000 21.584
6590.000 24.209
6595.000 2.703
6600.000 3.435
6605.000 1.224
6610.000 1.135
6615.000 0.746
6620.000 0.479
6625.000 0.339
6630.000 0.278
6635.000 0.255
6640.000 0.254
6645.000 0.251
6650.000 0.256
6655.000 0.258
6660.000 0.264
6665.000 0.270
6670.000 0.277
6675.000 0.284
6680.000 0.289
6685.000 0.293
6690.000 0.299
6695.000 0.302
6700.000 0.307
6705.000 0.311
6710.000 0.314
6715.000 0.316
6720.000 0.320
6725.000 0.322
6730.000 0.325
6735.000 0.327
6740.000 0.331
6745.000 0.332
6750.000 0.333
6755.000 0.335
6760.000 0.337
6765.000 0.338
6770.000 0.338
6775.000 0.341
6780.000 0.342
6785.000 0.343
6790.000 0.344
6795.000 0.345
6800.000 0.348
6805.000 0.348
6810.000 0.348
6815.000 0.349
6820.000 0.350
6825.000 0.352
6830.000 0.353
6835.000 0.355
6840.000 0.355
6845.000 0.355
6850.000 0.356
6855.000 0.356
6860.000 0.359
6865.000 0.357
6870.000 0.360
6875.000 0.362
6880.000 0.363
6885.000 0.365
6890.000 0.365
6895.000 0.367
6900.000 0.368
6905.000 0.370
6910.000 0.371
6915.000 0.373
6920.000 0.374
6925.000 0.377
6930.000 0.378
6935.000 0.380
6940.000 0.379
6945.000 0.383
6950.000 0.386
6955.000 0.390
6960.000 0.391
6965.000 0.391
6970.000 0.396
6975.000 0.399
6980.000 0.402
6985.000 0.404
6990.000 0.408
6995.000 0.410
7000.000 0.411
7005.000 0.417
7010.000 0.419
7015.000 0.423
7020.000 0.417
7025.000 0.425
7030.000 0.428
7035.000 0.437
7040.000 0.439
7045.000 0.445
7050.000 0.449
7055.000 0.456
7060.000 0.459
7065.000 0.462
7070.000 0.470
7075.000 0.473
7080.000 0.478
7085.000 0.488
7090.000 0.493
7095.000 0.502
7100.000 0.509
7105.000 0.516
7110.000 0.526
7115.000 0.534
7120.000 0.544
7125.000 0.552
7130.000 0.562
7135.000 0.566
7140.000 0.584
7145.000 0.590
7150.000 0.601
7155.000 0.611
7160.000 0.623
7165.000 0.631
7170.000 0.644
7175.000 0.654
7180.000 0.669
7185.000 0.681
7190.000 0.695
7195.000 0.710
7200.000 0.724
7205.000 0.733
7210.000 0.756
7215.000 0.766
7220.000 0.785
7225.000 0.806
7230.000 0.828
7235.000 0.847
7240.000 0.874
7245.000 0.897
7250.000 0.926
7255.000 0.957
7260.000 0.973
7265.000 1.006
7270.000 1.044
7275.000 1.082
7280.000 1.125
7285.000 1.173
7290.000 1.224
7295.000 1.288
7300.000 1.354
7305.000 1.425
7310.000 1.509
7315.000 1.554
7320.000 1.659
7325.000 1.777
7330.000 1.876
7335.000 1.964
7340.000 2.075
7345.000 2.187
7350.000 2.331
7355.000 2.503
7360.000 2.757
7365.000 2.928
7370.000 3.120
7375.000 3.282
7380.000 3.390
7385.000 3.615
7390.000 3.891
7395.000 4.208
7400.000 4.644
7405.000 5.175
7410.000 5.847
7415.000 6.736
7420.000 7.896
7425.000 9.501
7430.000 11.659
7435.000 14.574
7440.000 18.372
7445.000 20.579
7450.000 25.451
7455.000 30.328
7460.000 34.295
7465.000 35.371
7470.000 31.078
7475.000 22.964
7480.000 16.702
7485.000 12.766
7490.000 10.453
7495.000 8.840
7500.000 7.419
7505.000 6.306
7510.000 5.884
7515.000 5.273
7520.000 4.904
7525.000 4.578
7530.000 4.307
7535.000 4.067
7540.000 3.859
7545.000 3.669
7550.000 3.420
7555.000 3.204
7560.000 3.096
7565.000 2.917
7570.000 2.734
7575.000 2.571
7580.000 2.424
7585.000 2.295
7590.000 2.203
7595.000 2.102
7600.000 2.022
7605.000 1.951
7610.000 1.876
7615.000 1.820
7620.000 1.790
7625.000 1.733
7630.000 1.676
7635.000 1.628
7640.000 1.582
7645.000 1.544
7650.000 1.503
7655.000 1.471
7660.000 1.442
7665.000 1.410
7670.000 1.384
7675.000 1.360
7680.000 1.337
7685.000 1.323
7690.000 1.304
7695.000 1.282
7700.000 1.256
7705.000 1.249
7710.000 1.231
7715.000 1.216
7720.000 1.199
7725.000 1.187
7730.000 1.176
7735.000 1.161
7740.000 1.150
7745.000 1.145
7750.000 1.136
7755.000 1.124
7760.000 1.118
7765.000 1.106
7770.000 1.099
7775.000 1.093
7780.000 1.086
7785.000 1.081
7790.000 1.074
7795.000 1.072
7800.000 1.070
7805.000 1.066
7810.000 1.059
7815.000 1.056
7820.000 1.053
7825.000 1.047
7830.000 1.046
7835.000 1.042
7840.000 1.042
7845.000 1.042
7850.000 1.041
7855.000 1.041
7860.000 1.040
7865.000 1.045
7870.000 1.042
7875.000 1.046
7880.000 1.048
7885.000 1.050
7890.000 1.057
7895.000 1.060
7900.000 1.065
7905.000 1.075
7910.000 1.080
7915.000 1.088
7920.000 1.095
7925.000 1.105
7930.000 1.113
7935.000 1.128
7940.000 1.139
7945.000 1.156
7950.000 1.175
7955.000 1.191
7960.000 1.210
7965.000 1.239
7970.000 1.268
7975.000 1.304
7980.000 1.336
7985.000 1.360
7990.000 1.380
7995.000 1.419
8000.000 1.476
8005.000 1.519
8010.000 1.592
8015.000 1.667
8020.000 1.779
8025.000 1.918
8030.000 2.091
8035.000 2.324
8040.000 2.639
8045.000 3.030
8050.000 3.317
8055.000 4.189
8060.000 6.009
8065.000 9.552
8070.000 15.380
8075.000 20.878
8080.000 15.983
8085.000 7.241
8090.000 3.405
8095.000 2.257
8100.000 1.187
8105.000 0.927
8110.000 0.606
8115.000 0.400
8120.000 0.240
8125.000 0.223
8130.000 0.214
8135.000 0.231
8140.000 0.258
8145.000 0.286
8150.000 0.313
8155.000 0.338
8160.000 0.362
8165.000 0.383
8170.000 0.401
8175.000 0.409
8180.000 0.435
8185.000 0.445
8190.000 0.460
8195.000 0.477
8200.000 0.490
8205.000 0.507
8210.000 0.522
8215.000 0.534
8220.000 0.547
8225.000 0.561
8230.000 0.575
8235.000 0.581
8240.000 0.597
8245.000 0.617
8250.000 0.632
8255.000 0.657
8260.000 0.673
8265.000 0.688
8270.000 0.703
8275.000 0.711
8280.000 0.718
8285.000 0.727
8290.000 0.732
8295.000 0.744
8300.000 0.756
8305.000 0.768
8310.000 0.783
8315.000 0.799
8320.000 0.813
8325.000 0.830
8330.000 0.849
8335.000 0.867
8340.000 0.887
8345.000 0.907
8350.000 0.919
8355.000 0.954
8360.000 0.967
8365.000 1.006
8370.000 1.016
8375.000 1.038
8380.000 1.058
8385.000 1.085
8390.000 1.103
8395.000 1.129
8400.000 1.152
8405.000 1.180
8410.000 1.213
8415.000 1.226
8420.000 1.258
8425.000 1.310
8430.000 1.335
8435.000 1.371
8440.000 1.416
8445.000 1.464
8450.000 1.510
8455.000 1.564
8460.000 1.622
8465.000 1.669
8470.000 1.710
8475.000 1.734
8480.000 1.779
8485.000 1.828
8490.000 1.885
8495.000 1.947
8500.000 2.014
8505.000 2.081
8510.000 2.161
8515.000 2.255
8520.000 2.354
8525.000 2.476
8530.000 2.541
8535.000 2.707
8540.000 2.918
8545.000 3.514
8550.000 3.893
8555.000 5.247
8560.000 7.368
8565.000 5.553
8570.000 2.814
8575.000 1.919
8580.000 3.003
8585.000 3.505
8590.000 3.926
8595.000 4.410
8600.000 4.662
8605.000 5.279
8610.000 5.993
8615.000 6.887
8620.000 8.005
8625.000 9.421
8630.000 11.226
8635.000 13.450
8640.000 16.100
8645.000 19.042
8650.000 21.958
8655.000 23.242
8660.000 24.858
8665.000 24.416
8670.000 20.828
8675.000 16.141
8680.000 12.211
8685.000 9.337
8690.000 7.455
8695.000 6.283
8700.000 5.668
8705.000 5.274
8710.000 4.792
8715.000 4.361
8720.000 4.163
8725.000 3.824
8730.000 3.533
8735.000 3.286
8740.000 3.068
8745.000 2.871
8750.000 2.708
8755.000 2.552
8760.000 2.410
8765.000 2.246
8770.000 2.108
8775.000 2.041
8780.000 1.914
8785.000 1.719
8790.000 1.610
8795.000 1.565
8800.000 1.472
8805.000 1.394
8810.000 1.321
8815.000 1.265
8820.000 1.191
8825.000 1.156
8830.000 1.096
8835.000 1.077
8840.000 1.029
8845.000 0.996
8850.000 0.967
8855.000 0.933
8860.000 0.905
8865.000 0.874
8870.000 0.848
8875.000 0.824
8880.000 0.800
8885.000 0.781
8890.000 0.763
8895.000 0.746
8900.000 0.730
8905.000 0.721
8910.000 0.693
8915.000 0.685
8920.000 0.667
8925.000 0.648
8930.000 0.635
8935.000 0.620
8940.000 0.607
8945.000 0.597
8950.000 0.582
8955.000 0.572
8960.000 0.566
8965.000 0.557
8970.000 0.545
8975.000 0.536
8980.000 0.527
8985.000 0.517
8990.000 0.510
8995.000 0.501
9000.000 0.493
9005.000 0.485
9010.000 0.480
9015.000 0.475
9020.000 0.472
9025.000 0.464
9030.000 0.458
9035.000 0.455
9040.000 0.449
9045.000 0.445
9050.000 0.435
9055.000 0.433
9060.000 0.428
9065.000 0.422
9070.000 0.419
9075.000 0.415
9080.000 0.413
9085.000 0.411
9090.000 0.406
9095.000 0.406
9100.000 0.401
9105.000 0.401
9110.000 0.397
9115.000 0.394
9120.000 0.393
9125.000 0.390
9130.000 0.388
9135.000 0.388
9140.000 0.386
9145.000 0.385
9150.000 0.384
9155.000 0.384
9160.000 0.383
9165.000 0.382
9170.000 0.381
9175.000 0.382
9180.000 0.381
9185.000 0.381
9190.000 0.382
9195.000 0.382
9200.000 0.384
9205.000 0.384
9210.000 0.384
9215.000 0.386
9220.000 0.388
9225.000 0.391
9230.000 0.393
9235.000 0.396
9240.000 0.397
9245.000 0.400
9250.000 0.403
9255.000 0.407
9260.000 0.409
9265.000 0.412
9270.000 0.420
9275.000 0.421
9280.000 0.428
9285.000 0.434
9290.000 0.439
9295.000 0.445
9300.000 0.452
9305.000 0.461
9310.000 0.467
9315.000 0.476
9320.000 0.487
9325.000 0.491
9330.000 0.509
9335.000 0.515
9340.000 0.530
9345.000 0.544
9350.000 0.559
9355.000 0.578
9360.000 0.593
9365.000 0.617
9370.000 0.637
9375.000 0.667
9380.000 0.695
9385.000 0.709
9390.000 0.753
9395.000 0.771
9400.000 0.802
9405.000 0.838
9410.000 0.880
9415.000 0.926
9420.000 0.975
9425.000 1.037
9430.000 1.112
9435.000 1.203
9440.000 1.318
9445.000 1.460
9450.000 1.608
9455.000 1.693
9460.000 1.906
9465.000 2.221
9470.000 2.703
9475.000 3.480
9480.000 4.797
9485.000 7.202
9490.000 10.711
9495.000 15.526
9500.000 20.204
9505.000 20.617
9510.000 10.452
9515.000 7.289
9520.000 3.441
9525.000 2.768
9530.000 1.947
9535.000 1.482
9540.000 1.128
9545.000 0.888
9550.000 0.705
9555.000 0.571
9560.000 0.463
9565.000 0.416
9570.000 0.336
9575.000 0.269
9580.000 0.211
9585.000 0.161
9590.000 0.116
9595.000 0.075
9600.000 0.035
9605.000 0.003
9610.000 0.035
9615.000 0.065
9620.000 0.097
9625.000 0.127
9630.000 0.143
9635.000 0.172
9640.000 0.201
9645.000 0.231
9650.000 0.261
9655.000 0.291
9660.000 0.323
9665.000 0.353
9670.000 0.388
9675.000 0.422
9680.000 0.456
9685.000 0.495
9690.000 0.534
9695.000 0.559
9700.000 0.628
9705.000 0.651
9710.000 0.703
9715.000 0.764
9720.000 0.833
9725.000 0.908
9730.000 1.000
9735.000 1.115
9740.000 1.250
9745.000 1.328
9750.000 1.628
9755.000 1.766
9760.000 2.171
9765.000 2.325
9770.000 2.659
9775.000 3.077
9780.000 3.594
9785.000 4.200
9790.000 4.926
9795.000 5.750
9800.000 6.736
9805.000 7.890
9810.000 8.521
9815.000 10.842
9820.000 12.662
9825.000 13.678
9830.000 15.673
9835.000 17.450
9840.000 18.401
9845.000 18.031
9850.000 16.047
9855.000 13.332
9860.000 10.802
9865.000 8.588
9870.000 7.665
9875.000 6.154
9880.000 4.593
9885.000 4.240
9890.000 3.758
9895.000 3.616
9900.000 3.688
9905.000 3.732
9910.000 3.609
9915.000 3.393
9920.000 3.182
9925.000 2.999
9930.000 2.842
9935.000 2.770
9940.000 2.632
9945.000 2.517
9950.000 2.409
9955.000 2.317
9960.000 2.220
9965.000 2.148
9970.000 2.080
9975.000 2.014
9980.000 1.956
9985.000 1.902
9990.000 1.876
9995.000 1.823
10000.000 1.750
