105.000 0.020
110.000 0.039
115.000 2.358
120.000 2.785
125.000 3.168
130.000 3.392
135.000 3.568
140.000 3.648
145.000 3.709
150.000 3.659
155.000 3.548
160.000 3.526
165.000 3.498
170.000 3.458
175.000 3.351
180.000 3.320
185.000 3.390
190.000 3.372
195.000 3.373
200.000 3.484
205.000 3.515
210.000 3.894
215.000 4.767
220.000 4.059
225.000 2.826
230.000 5.893
235.000 5.992
240.000 4.193
245.000 3.996
250.000 3.911
255.000 3.958
260.000 3.997
265.000 4.036
270.000 4.140
275.000 4.108
280.000 4.191
285.000 4.205
290.000 4.262
295.000 4.310
300.000 4.400
305.000 4.373
310.000 4.406
315.000 4.457
320.000 4.488
325.000 4.578
330.000 4.608
335.000 4.720
340.000 4.917
345.000 5.087
350.000 5.222
355.000 5.432
360.000 5.667
365.000 5.906
370.000 6.206
375.000 6.548
380.000 6.840
385.000 7.218
390.000 7.519
395.000 7.829
400.000 8.075
405.000 8.261
410.000 8.350
415.000 8.342
420.000 8.236
425.000 7.916
430.000 7.420
435.000 6.759
440.000 5.951
445.000 5.159
450.000 4.420
455.000 3.816
460.000 3.309
465.000 2.890
470.000 2.747
475.000 2.473
480.000 2.277
485.000 2.116
490.000 1.998
495.000 1.880
500.000 1.779
505.000 1.671
510.000 1.590
515.000 1.508
520.000 1.427
525.000 1.359
530.000 1.309
535.000 1.258
540.000 1.201
545.000 1.146
550.000 1.106
555.000 1.054
560.000 0.999
565.000 0.938
570.000 0.895
575.000 0.852
580.000 0.815
585.000 0.779
590.000 0.731
595.000 0.731
600.000 0.702
605.000 0.683
610.000 0.656
615.000 0.635
620.000 0.614
625.000 0.595
630.000 0.577
635.000 0.565
640.000 0.552
645.000 0.536
650.000 0.521
655.000 0.509
660.000 0.505
665.000 0.493
670.000 0.478
675.000 0.469
680.000 0.465
685.000 0.452
690.000 0.449
695.000 0.445
700.000 0.426
705.000 0.423
710.000 0.415
715.000 0.415
720.000 0.407
725.000 0.405
730.000 0.396
735.000 0.392
740.000 0.392
745.000 0.381
750.000 0.375
755.000 0.376
760.000 0.376
765.000 0.369
770.000 0.360
775.000 0.366
780.000 0.360
785.000 0.368
790.000 0.360
795.000 0.356
800.000 0.377
805.000 0.351
810.000 0.352
815.000 0.345
820.000 0.340
825.000 0.339
830.000 0.338
835.000 0.333
840.000 0.333
845.000 0.342
850.000 0.331
855.000 0.330
860.000 0.330
865.000 0.328
870.000 0.336
875.000 0.320
880.000 0.323
885.000 0.321
890.000 0.320
895.000 0.312
900.000 0.315
905.000 0.319
910.000 0.317
915.000 0.323
920.000 0.316
925.000 0.314
930.000 0.309
935.000 0.312
940.000 0.310
945.000 0.307
950.000 0.309
955.000 0.308
960.000 0.310
965.000 0.304
970.000 0.315
975.000 0.320
980.000 0.309
985.000 0.313
990.000 0.307
995.000 0.308
1000.000 0.333
1005.000 0.306
1010.000 0.309
1015.000 0.311
1020.000 0.310
1025.000 0.308
1030.000 0.321
1035.000 0.306
1040.000 0.314
1045.000 0.329
1050.000 0.301
1055.000 0.309
1060.000 0.306
1065.000 0.302
1070.000 0.303
1075.000 0.302
1080.000 0.300
1085.000 0.304
1090.000 0.302
1095.000 0.303
1100.000 0.306
1105.000 0.301
1110.000 0.305
1115.000 0.303
1120.000 0.305
1125.000 0.311
1130.000 0.302
1135.000 0.310
1140.000 0.304
1145.000 0.308
1150.000 0.301
1155.000 0.304
1160.000 0.307
1165.000 0.309
1170.000 0.307
1175.000 0.310
1180.000 0.306
1185.000 0.309
1190.000 0.303
1195.000 0.315
1200.000 0.304
1205.000 0.304
1210.000 0.308
1215.000 0.308
1220.000 0.308
1225.000 0.308
1230.000 0.316
1235.000 0.312
1240.000 0.312
1245.000 0.309
1250.000 0.311
1255.000 0.318
1260.000 0.313
1265.000 0.313
1270.000 0.318
1275.000 0.320
1280.000 0.318
1285.000 0.319
1290.000 0.317
1295.000 0.314
1300.000 0.321
1305.000 0.317
1310.000 0.317
1315.000 0.319
1320.000 0.318
1325.000 0.320
1330.000 0.321
1335.000 0.337
1340.000 0.324
1345.000 0.324
1350.000 0.324
1355.000 0.323
1360.000 0.327
1365.000 0.322
1370.000 0.328
1375.000 0.332
1380.000 0.326
1385.000 0.326
1390.000 0.326
1395.000 0.330
1400.000 0.327
1405.000 0.329
1410.000 0.338
1415.000 0.325
1420.000 0.324
1425.000 0.319
1430.000 0.320
1435.000 0.321
1440.000 0.317
1445.000 0.319
1450.000 0.317
1455.000 0.314
1460.000 0.318
1465.000 0.327
1470.000 0.326
1475.000 0.331
1480.000 0.333
1485.000 0.334
1490.000 0.340
1495.000 0.344
1500.000 0.349
1505.000 0.348
1510.000 0.349
1515.000 0.351
1520.000 0.353
1525.000 0.367
1530.000 0.361
1535.000 0.361
1540.000 0.367
1545.000 0.372
1550.000 0.378
1555.000 0.376
1560.000 0.377
1565.000 0.382
1570.000 0.385
1575.000 0.385
1580.000 0.390
1585.000 0.399
1590.000 0.397
1595.000 0.403
1600.000 0.401
1605.000 0.408
1610.000 0.423
1615.000 0.416
1620.000 0.424
1625.000 0.421
1630.000 0.435
1635.000 0.431
1640.000 0.437
1645.000 0.442
1650.000 0.450
1655.000 0.458
1660.000 0.459
1665.000 0.466
1670.000 0.472
1675.000 0.481
1680.000 0.497
1685.000 0.489
1690.000 0.486
1695.000 0.503
1700.000 0.512
1705.000 0.517
1710.000 0.527
1715.000 0.531
1720.000 0.542
1725.000 0.546
1730.000 0.555
1735.000 0.563
1740.000 0.571
1745.000 0.579
1750.000 0.583
1755.000 0.595
1760.000 0.608
1765.000 0.619
1770.000 0.615
1775.000 0.636
1780.000 0.651
1785.000 0.656
1790.000 0.669
1795.000 0.677
1800.000 0.686
1805.000 0.701
1810.000 0.701
1815.000 0.714
1820.000 0.720
1825.000 0.731
1830.000 0.737
1835.000 0.747
1840.000 0.754
1845.000 0.755
1850.000 0.765
1855.000 0.766
1860.000 0.770
1865.000 0.780
1870.000 0.775
1875.000 0.773
1880.000 0.777
1885.000 0.784
1890.000 0.779
1895.000 0.779
1900.000 0.775
1905.000 0.772
1910.000 0.775
1915.000 0.761
1920.000 0.762
1925.000 0.753
1930.000 0.761
1935.000 0.751
1940.000 0.744
1945.000 0.742
1950.000 0.725
1955.000 0.730
1960.000 0.710
1965.000 0.715
1970.000 0.711
1975.000 0.705
1980.000 0.705
1985.000 0.680
1990.000 0.685
1995.000 0.668
2000.000 0.673
2005.000 0.655
2010.000 0.665
2015.000 0.648
2020.000 0.648
2025.000 0.634
2030.000 0.634
2035.000 0.620
2040.000 0.630
2045.000 0.609
2050.000 0.609
2055.000 0.607
2060.000 0.606
2065.000 0.593
2070.000 0.598
2075.000 0.588
2080.000 0.582
2085.000 0.577
2090.000 0.570
2095.000 0.570
2100.000 0.560
2105.000 0.557
2110.000 0.558
2115.000 0.556
2120.000 0.552
2125.000 0.547
2130.000 0.545
2135.000 0.541
2140.000 0.541
2145.000 0.548
2150.000 0.536
2155.000 0.536
2160.000 0.529
2165.000 0.531
2170.000 0.529
2175.000 0.530
2180.000 0.533
2185.000 0.527
2190.000 0.530
2195.000 0.528
2200.000 0.532
2205.000 0.531
2210.000 0.537
2215.000 0.543
2220.000 0.539
2225.000 0.543
2230.000 0.543
2235.000 0.552
2240.000 0.548
2245.000 0.557
2250.000 0.565
2255.000 0.566
2260.000 0.576
2265.000 0.577
2270.000 0.587
2275.000 0.587
2280.000 0.581
2285.000 0.570
2290.000 0.522
2295.000 0.484
2300.000 0.350
2305.000 0.640
2310.000 4.641
2315.000 13.234
2320.000 21.667
2325.000 10.025
2330.000 3.456
2335.000 1.269
2340.000 0.842
2345.000 0.464
2350.000 0.271
2355.000 0.168
2360.000 0.142
2365.000 0.105
2370.000 0.096
2375.000 0.100
2380.000 0.108
2385.000 0.116
2390.000 0.123
2395.000 0.133
2400.000 0.137
2405.000 0.144
2410.000 0.150
2415.000 0.153
2420.000 0.160
2425.000 0.162
2430.000 0.165
2435.000 0.171
2440.000 0.173
2445.000 0.176
2450.000 0.180
2455.000 0.182
2460.000 0.185
2465.000 0.187
2470.000 0.190
2475.000 0.191
2480.000 0.192
2485.000 0.194
2490.000 0.196
2495.000 0.201
2500.000 0.200
2505.000 0.203
2510.000 0.205
2515.000 0.206
2520.000 0.206
2525.000 0.209
2530.000 0.212
2535.000 0.213
2540.000 0.213
2545.000 0.215
2550.000 0.217
2555.000 0.217
2560.000 0.221
2565.000 0.222
2570.000 0.224
2575.000 0.225
2580.000 0.226
2585.000 0.229
2590.000 0.231
2595.000 0.233
2600.000 0.236
2605.000 0.235
2610.000 0.237
2615.000 0.238
2620.000 0.241
2625.000 0.242
2630.000 0.244
2635.000 0.248
2640.000 0.248
2645.000 0.253
2650.000 0.254
2655.000 0.256
2660.000 0.260
2665.000 0.263
2670.000 0.264
2675.000 0.266
2680.000 0.269
2685.000 0.272
2690.000 0.276
2695.000 0.276
2700.000 0.278
2705.000 0.281
2710.000 0.282
2715.000 0.285
2720.000 0.287
2725.000 0.289
2730.000 0.293
2735.000 0.295
2740.000 0.297
2745.000 0.301
2750.000 0.305
2755.000 0.307
2760.000 0.310
2765.000 0.314
2770.000 0.319
2775.000 0.321
2780.000 0.326
2785.000 0.329
2790.000 0.330
2795.000 0.333
2800.000 0.336
2805.000 0.340
2810.000 0.346
2815.000 0.351
2820.000 0.351
2825.000 0.357
2830.000 0.363
2835.000 0.366
2840.000 0.368
2845.000 0.373
2850.000 0.376
2855.000 0.382
2860.000 0.385
2865.000 0.386
2870.000 0.391
2875.000 0.393
2880.000 0.399
2885.000 0.404
2890.000 0.407
2895.000 0.412
2900.000 0.411
2905.000 0.415
2910.000 0.416
2915.000 0.423
2920.000 0.422
2925.000 0.427
2930.000 0.433
2935.000 0.432
2940.000 0.435
2945.000 0.435
2950.000 0.443
2955.000 0.449
2960.000 0.452
2965.000 0.445
2970.000 0.454
2975.000 0.449
2980.000 0.447
2985.000 0.456
2990.000 0.447
2995.000 0.451
3000.000 0.454
3005.000 0.456
3010.000 0.462
3015.000 0.454
3020.000 0.468
3025.000 0.469
3030.000 0.463
3035.000 0.467
3040.000 0.462
3045.000 0.465
3050.000 0.468
3055.000 0.468
3060.000 0.466
3065.000 0.468
3070.000 0.468
3075.000 0.467
3080.000 0.469
3085.000 0.468
3090.000 0.468
3095.000 0.470
3100.000 0.468
3105.000 0.464
3110.000 0.466
3115.000 0.471
3120.000 0.469
3125.000 0.471
3130.000 0.470
3135.000 0.470
3140.000 0.472
3145.000 0.470
3150.000 0.471
3155.000 0.477
3160.000 0.476
3165.000 0.476
3170.000 0.474
3175.000 0.474
3180.000 0.474
3185.000 0.477
3190.000 0.478
3195.000 0.479
3200.000 0.480
3205.000 0.479
3210.000 0.481
3215.000 0.483
3220.000 0.484
3225.000 0.488
3230.000 0.485
3235.000 0.488
3240.000 0.488
3245.000 0.493
3250.000 0.494
3255.000 0.494
3260.000 0.493
3265.000 0.498
3270.000 0.499
3275.000 0.500
3280.000 0.505
3285.000 0.504
3290.000 0.506
3295.000 0.505
3300.000 0.512
3305.000 0.514
3310.000 0.518
3315.000 0.522
3320.000 0.523
3325.000 0.530
3330.000 0.531
3335.000 0.537
3340.000 0.543
3345.000 0.546
3350.000 0.554
3355.000 0.552
3360.000 0.558
3365.000 0.559
3370.000 0.569
3375.000 0.577
3380.000 0.579
3385.000 0.589
3390.000 0.593
3395.000 0.600
3400.000 0.610
3405.000 0.620
3410.000 0.626
3415.000 0.629
3420.000 0.642
3425.000 0.646
3430.000 0.656
3435.000 0.665
3440.000 0.680
3445.000 0.690
3450.000 0.699
3455.000 0.712
3460.000 0.727
3465.000 0.729
3470.000 0.732
3475.000 0.746
3480.000 0.755
3485.000 0.763
3490.000 0.783
3495.000 0.798
3500.000 0.802
3505.000 0.819
3510.000 0.830
3515.000 0.850
3520.000 0.870
3525.000 0.883
3530.000 0.908
3535.000 0.914
3540.000 0.939
3545.000 0.954
3550.000 0.977
3555.000 1.000
3560.000 1.030
3565.000 1.063
3570.000 1.089
3575.000 1.125
3580.000 1.159
3585.000 1.201
3590.000 1.255
3595.000 1.274
3600.000 1.329
3605.000 1.384
3610.000 1.452
3615.000 1.510
3620.000 1.589
3625.000 1.668
3630.000 1.769
3635.000 1.887
3640.000 2.008
3645.000 2.175
3650.000 2.264
3655.000 2.489
3660.000 2.770
3665.000 3.161
3670.000 3.691
3675.000 4.446
3680.000 5.564
3685.000 7.241
3690.000 9.762
3695.000 13.234
3700.000 17.015
3705.000 18.448
3710.000 12.828
3715.000 12.418
3720.000 19.993
3725.000 13.308
3730.000 9.035
3735.000 6.433
3740.000 4.878
3745.000 3.868
3750.000 3.188
3755.000 2.686
3760.000 2.350
3765.000 2.122
3770.000 1.950
3775.000 1.874
3780.000 1.734
3785.000 1.590
3790.000 1.438
3795.000 1.310
3800.000 1.194
3805.000 1.104
3810.000 1.021
3815.000 0.953
3820.000 0.897
3825.000 0.841
3830.000 0.798
3835.000 0.758
3840.000 0.742
3845.000 0.707
3850.000 0.679
3855.000 0.643
3860.000 0.628
3865.000 0.610
3870.000 0.586
3875.000 0.570
3880.000 0.551
3885.000 0.534
3890.000 0.524
3895.000 0.516
3900.000 0.506
3905.000 0.490
3910.000 0.480
3915.000 0.469
3920.000 0.458
3925.000 0.449
3930.000 0.444
3935.000 0.434
3940.000 0.428
3945.000 0.422
3950.000 0.414
3955.000 0.407
3960.000 0.403
3965.000 0.399
3970.000 0.393
3975.000 0.384
3980.000 0.382
3985.000 0.379
3990.000 0.369
3995.000 0.366
4000.000 0.368
4005.000 0.359
4010.000 0.353
4015.000 0.360
4020.000 0.357
4025.000 0.358
4030.000 0.354
4035.000 0.343
4040.000 0.342
4045.000 0.336
4050.000 0.342
4055.000 0.336
4060.000 0.335
4065.000 0.334
4070.000 0.333
4075.000 0.331
4080.000 0.328
4085.000 0.330
4090.000 0.324
4095.000 0.326
4100.000 0.324
4105.000 0.321
4110.000 0.323
4115.000 0.320
4120.000 0.319
4125.000 0.319
4130.000 0.316
4135.000 0.317
4140.000 0.314
4145.000 0.313
4150.000 0.310
4155.000 0.309
4160.000 0.307
4165.000 0.305
4170.000 0.306
4175.000 0.302
4180.000 0.302
4185.000 0.300
4190.000 0.296
4195.000 0.296
4200.000 0.294
4205.000 0.293
4210.000 0.291
4215.000 0.287
4220.000 0.285
4225.000 0.283
4230.000 0.280
4235.000 0.276
4240.000 0.274
4245.000 0.270
4250.000 0.269
4255.000 0.268
4260.000 0.264
4265.000 0.262
4270.000 0.264
4275.000 0.262
4280.000 0.262
4285.000 0.261
4290.000 0.258
4295.000 0.259
4300.000 0.259
4305.000 0.257
4310.000 0.260
4315.000 0.260
4320.000 0.260
4325.000 0.257
4330.000 0.259
4335.000 0.258
4340.000 0.260
4345.000 0.257
4350.000 0.258
4355.000 0.260
4360.000 0.258
4365.000 0.260
4370.000 0.260
4375.000 0.260
4380.000 0.260
4385.000 0.259
4390.000 0.260
4395.000 0.260
4400.000 0.260
4405.000 0.259
4410.000 0.262
4415.000 0.261
4420.000 0.263
4425.000 0.269
4430.000 0.265
4435.000 0.264
4440.000 0.265
4445.000 0.264
4450.000 0.261
4455.000 0.264
4460.000 0.267
4465.000 0.265
4470.000 0.267
4475.000 0.265
4480.000 0.267
4485.000 0.268
4490.000 0.268
4495.000 0.270
4500.000 0.267
4505.000 0.271
4510.000 0.269
4515.000 0.270
4520.000 0.269
4525.000 0.272
4530.000 0.273
4535.000 0.274
4540.000 0.274
4545.000 0.274
4550.000 0.274
4555.000 0.276
4560.000 0.277
4565.000 0.278
4570.000 0.277
4575.000 0.280
4580.000 0.280
4585.000 0.282
4590.000 0.281
4595.000 0.282
4600.000 0.285
4605.000 0.283
4610.000 0.288
4615.000 0.286
4620.000 0.287
4625.000 0.287
4630.000 0.288
4635.000 0.291
4640.000 0.291
4645.000 0.293
4650.000 0.293
4655.000 0.297
4660.000 0.299
4665.000 0.297
4670.000 0.301
4675.000 0.301
4680.000 0.304
4685.000 0.304
4690.000 0.307
4695.000 0.309
4700.000 0.309
4705.000 0.312
4710.000 0.313
4715.000 0.316
4720.000 0.319
4725.000 0.318
4730.000 0.323
4735.000 0.325
4740.000 0.330
4745.000 0.332
4750.000 0.336
4755.000 0.337
4760.000 0.342
4765.000 0.344
4770.000 0.349
4775.000 0.354
4780.000 0.357
4785.000 0.364
4790.000 0.371
4795.000 0.372
4800.000 0.382
4805.000 0.382
4810.000 0.386
4815.000 0.389
4820.000 0.398
4825.000 0.398
4830.000 0.406
4835.000 0.411
4840.000 0.416
4845.000 0.424
4850.000 0.429
4855.000 0.440
4860.000 0.450
4865.000 0.458
4870.000 0.470
4875.000 0.476
4880.000 0.493
4885.000 0.503
4890.000 0.524
4895.000 0.543
4900.000 0.569
4905.000 0.600
4910.000 0.640
4915.000 0.679
4920.000 0.705
4925.000 0.752
4930.000 0.778
4935.000 0.848
4940.000 0.935
4945.000 1.052
4950.000 1.223
4955.000 1.452
4960.000 1.810
4965.000 2.426
4970.000 3.566
4975.000 5.829
4980.000 9.626
4985.000 12.932
4990.000 10.447
4995.000 6.775
5000.000 6.979
5005.000 15.739
5010.000 16.241
5015.000 8.209
5020.000 5.117
5025.000 3.648
5030.000 2.636
5035.000 2.072
5040.000 1.653
5045.000 1.395
5050.000 1.188
5055.000 1.120
5060.000 0.983
5065.000 0.880
5070.000 0.799
5075.000 0.733
5080.000 0.680
5085.000 0.631
5090.000 0.594
5095.000 0.560
5100.000 0.531
5105.000 0.508
5110.000 0.485
5115.000 0.467
5120.000 0.456
5125.000 0.440
5130.000 0.426
5135.000 0.414
5140.000 0.403
5145.000 0.390
5150.000 0.382
5155.000 0.373
5160.000 0.365
5165.000 0.360
5170.000 0.351
5175.000 0.351
5180.000 0.343
5185.000 0.338
5190.000 0.333
5195.000 0.328
5200.000 0.326
5205.000 0.320
5210.000 0.319
5215.000 0.313
5220.000 0.310
5225.000 0.307
5230.000 0.304
5235.000 0.303
5240.000 0.300
5245.000 0.298
5250.000 0.297
5255.000 0.292
5260.000 0.290
5265.000 0.289
5270.000 0.289
5275.000 0.285
5280.000 0.284
5285.000 0.281
5290.000 0.279
5295.000 0.277
5300.000 0.277
5305.000 0.276
5310.000 0.274
5315.000 0.272
5320.000 0.270
5325.000 0.270
5330.000 0.268
5335.000 0.266
5340.000 0.266
5345.000 0.264
5350.000 0.263
5355.000 0.262
5360.000 0.261
5365.000 0.261
5370.000 0.260
5375.000 0.259
5380.000 0.256
5385.000 0.257
5390.000 0.257
5395.000 0.256
5400.000 0.256
5405.000 0.255
5410.000 0.254
5415.000 0.254
5420.000 0.254
5425.000 0.253
5430.000 0.255
5435.000 0.255
5440.000 0.254
5445.000 0.254
5450.000 0.254
5455.000 0.253
5460.000 0.255
5465.000 0.256
5470.000 0.255
5475.000 0.255
5480.000 0.256
5485.000 0.256
5490.000 0.257
5495.000 0.259
5500.000 0.256
5505.000 0.258
5510.000 0.258
5515.000 0.260
5520.000 0.266
5525.000 0.264
5530.000 0.265
5535.000 0.262
5540.000 0.264
5545.000 0.264
5550.000 0.267
5555.000 0.267
5560.000 0.268
5565.000 0.269
5570.000 0.269
5575.000 0.271
5580.000 0.271
5585.000 0.272
5590.000 0.275
5595.000 0.277
5600.000 0.277
5605.000 0.277
5610.000 0.279
5615.000 0.281
5620.000 0.280
5625.000 0.283
5630.000 0.287
5635.000 0.289
5640.000 0.286
5645.000 0.290
5650.000 0.292
5655.000 0.293
5660.000 0.294
5665.000 0.295
5670.000 0.297
5675.000 0.298
5680.000 0.302
5685.000 0.303
5690.000 0.306
5695.000 0.306
5700.000 0.308
5705.000 0.313
5710.000 0.312
5715.000 0.316
5720.000 0.315
5725.000 0.318
5730.000 0.320
5735.000 0.323
5740.000 0.326
5745.000 0.328
5750.000 0.330
5755.000 0.334
5760.000 0.335
5765.000 0.338
5770.000 0.341
5775.000 0.342
5780.000 0.347
5785.000 0.348
5790.000 0.355
5795.000 0.358
5800.000 0.359
5805.000 0.363
5810.000 0.367
5815.000 0.372
5820.000 0.374
5825.000 0.380
5830.000 0.384
5835.000 0.390
5840.000 0.394
5845.000 0.396
5850.000 0.401
5855.000 0.405
5860.000 0.412
5865.000 0.421
5870.000 0.424
5875.000 0.432
5880.000 0.437
5885.000 0.449
5890.000 0.459
5895.000 0.461
5900.000 0.471
5905.000 0.475
5910.000 0.485
5915.000 0.493
5920.000 0.505
5925.000 0.510
5930.000 0.517
5935.000 0.526
5940.000 0.526
5945.000 0.532
5950.000 0.540
5955.000 0.548
5960.000 0.558
5965.000 0.558
5970.000 0.571
5975.000 0.576
5980.000 0.588
5985.000 0.589
5990.000 0.604
5995.000 0.613
6000.000 0.614
6005.000 0.630
6010.000 0.644
6015.000 0.651
6020.000 0.658
6025.000 0.672
6030.000 0.676
6035.000 0.692
6040.000 0.700
6045.000 0.714
6050.000 0.741
6055.000 0.750
6060.000 0.771
6065.000 0.788
6070.000 0.809
6075.000 0.830
6080.000 0.843
6085.000 0.867
6090.000 0.874
6095.000 0.902
6100.000 0.923
6105.000 0.953
6110.000 0.991
6115.000 1.016
6120.000 1.058
6125.000 1.090
6130.000 1.135
6135.000 1.182
6140.000 1.230
6145.000 1.259
6150.000 1.318
6155.000 1.389
6160.000 1.451
6165.000 1.535
6170.000 1.619
6175.000 1.735
6180.000 1.865
6185.000 2.010
6190.000 2.206
6195.000 2.440
6200.000 2.764
6205.000 3.208
6210.000 3.486
6215.000 4.248
6220.000 5.362
6225.000 7.052
6230.000 9.486
6235.000 12.733
6240.000 16.254
6245.000 18.779
6250.000 18.564
6255.000 15.536
6260.000 11.152
6265.000 7.956
6270.000 6.747
6275.000 4.990
6280.000 3.885
6285.000 3.143
6290.000 2.646
6295.000 2.304
6300.000 2.076
6305.000 1.946
6310.000 1.800
6315.000 1.686
6320.000 1.525
6325.000 1.376
6330.000 1.269
6335.000 1.212
6340.000 1.128
6345.000 1.016
6350.000 0.981
6355.000 0.923
6360.000 0.868
6365.000 0.827
6370.000 0.783
6375.000 0.749
6380.000 0.719
6385.000 0.687
6390.000 0.674
6395.000 0.651
6400.000 0.631
6405.000 0.609
6410.000 0.597
6415.000 0.575
6420.000 0.559
6425.000 0.545
6430.000 0.531
6435.000 0.520
6440.000 0.506
6445.000 0.497
6450.000 0.490
6455.000 0.482
6460.000 0.473
6465.000 0.465
6470.000 0.459
6475.000 0.450
6480.000 0.446
6485.000 0.438
6490.000 0.433
6495.000 0.431
6500.000 0.427
6505.000 0.424
6510.000 0.419
6515.000 0.421
6520.000 0.417
6525.000 0.416
6530.000 0.416
6535.000 0.414
6540.000 0.420
6545.000 0.420
6550.000 0.431
6555.000 0.440
6560.000 0.456
6565.000 0.484
6570.000 0.533
6575.000 0.578
6580.000 0.726
6585.000 0.901
6590.000 0.997
6595.000 7.260
6600.000 1.387
6605.000 1.157
6610.000 0.698
6615.000 0.502
6620.000 0.328
6625.000 0.347
6630.000 0.313
6635.000 0.302
6640.000 0.294
6645.000 0.285
6650.000 0.282
6655.000 0.278
6660.000 0.274
6665.000 0.268
6670.000 0.268
6675.000 0.265
6680.000 0.265
6685.000 0.262
6690.000 0.260
6695.000 0.261
6700.000 0.259
6705.000 0.259
6710.000 0.258
6715.000 0.258
6720.000 0.255
6725.000 0.255
6730.000 0.256
6735.000 0.255
6740.000 0.254
6745.000 0.255
6750.000 0.254
6755.000 0.253
6760.000 0.253
6765.000 0.253
6770.000 0.252
6775.000 0.253
6780.000 0.254
6785.000 0.252
6790.000 0.255
6795.000 0.252
6800.000 0.253
6805.000 0.254
6810.000 0.252
6815.000 0.251
6820.000 0.252
6825.000 0.252
6830.000 0.250
6835.000 0.250
6840.000 0.248
6845.000 0.249
6850.000 0.250
6855.000 0.248
6860.000 0.247
6865.000 0.246
6870.000 0.250
6875.000 0.247
6880.000 0.247
6885.000 0.245
6890.000 0.245
6895.000 0.245
6900.000 0.244
6905.000 0.244
6910.000 0.243
6915.000 0.242
6920.000 0.243
6925.000 0.241
6930.000 0.240
6935.000 0.243
6940.000 0.242
6945.000 0.240
6950.000 0.244
6955.000 0.249
6960.000 0.252
6965.000 0.255
6970.000 0.251
6975.000 0.248
6980.000 0.244
6985.000 0.248
6990.000 0.243
6995.000 0.243
7000.000 0.237
7005.000 0.246
7010.000 0.245
7015.000 0.243
7020.000 0.238
7025.000 0.237
7030.000 0.239
7035.000 0.240
7040.000 0.241
7045.000 0.240
7050.000 0.239
7055.000 0.238
7060.000 0.239
7065.000 0.237
7070.000 0.242
7075.000 0.239
7080.000 0.240
7085.000 0.239
7090.000 0.239
7095.000 0.243
7100.000 0.242
7105.000 0.242
7110.000 0.239
7115.000 0.239
7120.000 0.241
7125.000 0.243
7130.000 0.240
7135.000 0.243
7140.000 0.243
7145.000 0.243
7150.000 0.242
7155.000 0.244
7160.000 0.243
7165.000 0.247
7170.000 0.246
7175.000 0.249
7180.000 0.249
7185.000 0.248
7190.000 0.249
7195.000 0.250
7200.000 0.251
7205.000 0.250
7210.000 0.254
7215.000 0.254
7220.000 0.256
7225.000 0.258
7230.000 0.259
7235.000 0.262
7240.000 0.264
7245.000 0.266
7250.000 0.267
7255.000 0.271
7260.000 0.273
7265.000 0.278
7270.000 0.281
7275.000 0.285
7280.000 0.291
7285.000 0.294
7290.000 0.299
7295.000 0.307
7300.000 0.312
7305.000 0.317
7310.000 0.328
7315.000 0.338
7320.000 0.347
7325.000 0.359
7330.000 0.372
7335.000 0.389
7340.000 0.409
7345.000 0.429
7350.000 0.463
7355.000 0.494
7360.000 0.519
7365.000 0.568
7370.000 0.618
7375.000 0.660
7380.000 0.689
7385.000 0.726
7390.000 0.764
7395.000 0.829
7400.000 0.901
7405.000 0.991
7410.000 1.116
7415.000 1.266
7420.000 1.490
7425.000 1.630
7430.000 1.973
7435.000 2.484
7440.000 3.235
7445.000 4.294
7450.000 5.773
7455.000 7.736
7460.000 9.792
7465.000 10.740
7470.000 9.222
7475.000 6.096
7480.000 3.505
7485.000 2.518
7490.000 1.708
7495.000 2.019
7500.000 1.891
7505.000 1.700
7510.000 1.501
7515.000 1.334
7520.000 1.219
7525.000 1.131
7530.000 1.060
7535.000 1.003
7540.000 0.953
7545.000 0.901
7550.000 0.875
7555.000 0.824
7560.000 0.775
7565.000 0.734
7570.000 0.700
7575.000 0.673
7580.000 0.640
7585.000 0.619
7590.000 0.595
7595.000 0.574
7600.000 0.559
7605.000 0.551
7610.000 0.536
7615.000 0.520
7620.000 0.509
7625.000 0.496
7630.000 0.486
7635.000 0.475
7640.000 0.466
7645.000 0.459
7650.000 0.450
7655.000 0.441
7660.000 0.434
7665.000 0.432
7670.000 0.424
7675.000 0.418
7680.000 0.410
7685.000 0.407
7690.000 0.402
7695.000 0.395
7700.000 0.394
7705.000 0.386
7710.000 0.382
7715.000 0.380
7720.000 0.371
7725.000 0.371
7730.000 0.365
7735.000 0.364
7740.000 0.360
7745.000 0.356
7750.000 0.352
7755.000 0.350
7760.000 0.344
7765.000 0.341
7770.000 0.339
7775.000 0.338
7780.000 0.333
7785.000 0.329
7790.000 0.325
7795.000 0.329
7800.000 0.321
7805.000 0.318
7810.000 0.315
7815.000 0.312
7820.000 0.309
7825.000 0.306
7830.000 0.302
7835.000 0.302
7840.000 0.297
7845.000 0.298
7850.000 0.297
7855.000 0.291
7860.000 0.284
7865.000 0.282
7870.000 0.283
7875.000 0.277
7880.000 0.277
7885.000 0.270
7890.000 0.267
7895.000 0.262
7900.000 0.258
7905.000 0.256
7910.000 0.254
7915.000 0.251
7920.000 0.247
7925.000 0.243
7930.000 0.236
7935.000 0.234
7940.000 0.228
7945.000 0.222
7950.000 0.218
7955.000 0.215
7960.000 0.210
7965.000 0.205
7970.000 0.195
7975.000 0.194
7980.000 0.185
7985.000 0.185
7990.000 0.174
7995.000 0.173
8000.000 0.171
8005.000 0.167
8010.000 0.171
8015.000 0.169
8020.000 0.188
8025.000 0.207
8030.000 0.233
8035.000 0.260
8040.000 0.320
8045.000 0.431
8050.000 0.653
8055.000 1.147
8060.000 2.134
8065.000 3.781
8070.000 6.653
8075.000 10.617
8080.000 10.558
8085.000 3.332
8090.000 4.332
8095.000 2.611
8100.000 1.966
8105.000 1.528
8110.000 1.317
8115.000 1.092
8120.000 0.918
8125.000 0.811
8130.000 0.739
8135.000 0.681
8140.000 0.638
8145.000 0.601
8150.000 0.572
8155.000 0.556
8160.000 0.531
8165.000 0.510
8170.000 0.494
8175.000 0.480
8180.000 0.463
8185.000 0.455
8190.000 0.443
8195.000 0.436
8200.000 0.428
8205.000 0.419
8210.000 0.413
8215.000 0.410
8220.000 0.406
8225.000 0.400
8230.000 0.397
8235.000 0.389
8240.000 0.389
8245.000 0.381
8250.000 0.378
8255.000 0.378
8260.000 0.372
8265.000 0.370
8270.000 0.365
8275.000 0.365
8280.000 0.362
8285.000 0.360
8290.000 0.360
8295.000 0.355
8300.000 0.353
8305.000 0.349
8310.000 0.348
8315.000 0.347
8320.000 0.343
8325.000 0.343
8330.000 0.339
8335.000 0.337
8340.000 0.337
8345.000 0.335
8350.000 0.332
8355.000 0.332
8360.000 0.331
8365.000 0.327
8370.000 0.326
8375.000 0.323
8380.000 0.322
8385.000 0.320
8390.000 0.316
8395.000 0.317
8400.000 0.313
8405.000 0.310
8410.000 0.306
8415.000 0.303
8420.000 0.302
8425.000 0.299
8430.000 0.297
8435.000 0.293
8440.000 0.290
8445.000 0.286
8450.000 0.285
8455.000 0.283
8460.000 0.283
8465.000 0.277
8470.000 0.276
8475.000 0.275
8480.000 0.272
8485.000 0.273
8490.000 0.269
8495.000 0.270
8500.000 0.272
8505.000 0.271
8510.000 0.277
8515.000 0.281
8520.000 0.288
8525.000 0.300
8530.000 0.325
8535.000 0.367
8540.000 0.439
8545.000 0.612
8550.000 1.152
8555.000 2.905
8560.000 5.902
8565.000 7.794
8570.000 1.070
8575.000 1.494
8580.000 0.978
8585.000 1.150
8590.000 1.052
8595.000 0.951
8600.000 0.913
8605.000 0.945
8610.000 1.013
8615.000 1.157
8620.000 1.374
8625.000 1.695
8630.000 2.163
8635.000 2.877
8640.000 3.372
8645.000 4.620
8650.000 6.202
8655.000 7.881
8660.000 9.286
8665.000 9.875
8670.000 9.172
8675.000 7.599
8680.000 5.950
8685.000 4.655
8690.000 3.626
8695.000 2.665
8700.000 1.850
8705.000 1.547
8710.000 1.021
8715.000 0.718
8720.000 0.839
8725.000 0.985
8730.000 1.090
8735.000 1.111
8740.000 1.057
8745.000 1.030
8750.000 1.007
8755.000 0.998
8760.000 0.990
8765.000 0.983
8770.000 0.971
8775.000 0.953
8780.000 0.934
8785.000 0.928
8790.000 0.917
8795.000 0.911
8800.000 0.897
8805.000 0.892
8810.000 0.881
8815.000 0.883
8820.000 0.876
8825.000 0.886
8830.000 0.891
8835.000 0.879
8840.000 0.866
8845.000 0.839
8850.000 0.822
8855.000 0.809
8860.000 0.800
8865.000 0.796
8870.000 0.784
8875.000 0.779
8880.000 0.772
8885.000 0.770
8890.000 0.757
8895.000 0.757
8900.000 0.757
8905.000 0.750
8910.000 0.744
8915.000 0.738
8920.000 0.735
8925.000 0.731
8930.000 0.728
8935.000 0.726
8940.000 0.719
8945.000 0.721
8950.000 0.717
8955.000 0.713
8960.000 0.709
8965.000 0.711
8970.000 0.704
8975.000 0.701
8980.000 0.696
8985.000 0.697
8990.000 0.690
8995.000 0.690
9000.000 0.696
9005.000 0.683
9010.000 0.683
9015.000 0.690
9020.000 0.678
9025.000 0.689
9030.000 0.677
9035.000 0.682
9040.000 0.676
9045.000 0.675
9050.000 0.673
9055.000 0.673
9060.000 0.672
9065.000 0.671
9070.000 0.666
9075.000 0.663
9080.000 0.667
9085.000 0.668
9090.000 0.664
9095.000 0.666
9100.000 0.665
9105.000 0.662
9110.000 0.657
9115.000 0.653
9120.000 0.656
9125.000 0.655
9130.000 0.660
9135.000 0.656
9140.000 0.659
9145.000 0.660
9150.000 0.657
9155.000 0.659
9160.000 0.653
9165.000 0.655
9170.000 0.659
9175.000 0.656
9180.000 0.658
9185.000 0.655
9190.000 0.662
9195.000 0.658
9200.000 0.660
9205.000 0.657
9210.000 0.659
9215.000 0.677
9220.000 0.674
9225.000 0.667
9230.000 0.664
9235.000 0.663
9245.000 0.664
9250.000 0.666
9255.000 0.663
9260.000 0.663
9265.000 0.665
9270.000 0.664
9275.000 0.666
9280.000 0.665
9285.000 0.669
9290.000 0.669
9295.000 0.671
9300.000 0.672
9305.000 0.673
9310.000 0.676
9315.000 0.678
9320.000 0.681
9325.000 0.682
9330.000 0.683
9335.000 0.687
9340.000 0.685
9345.000 0.688
9350.000 0.690
9355.000 0.695
9360.000 0.696
9365.000 0.702
9370.000 0.709
9375.000 0.708
9380.000 0.715
9385.000 0.719
9390.000 0.723
9395.000 0.732
9400.000 0.736
9405.000 0.743
9410.000 0.747
9415.000 0.760
9420.000 0.762
9425.000 0.780
9430.000 0.789
9435.000 0.801
9440.000 0.817
9445.000 0.830
9450.000 0.856
9455.000 0.878
9460.000 0.913
9465.000 0.953
9470.000 0.971
9475.000 1.038
9480.000 1.118
9485.000 1.260
9490.000 1.521
9495.000 2.016
9500.000 2.607
9505.000 2.470
9510.000 3.046
9515.000 2.220
9520.000 0.572
9525.000 0.217
9530.000 0.383
9535.000 0.336
9540.000 0.380
9545.000 0.426
9550.000 0.463
9555.000 0.488
9560.000 0.511
9565.000 0.522
9570.000 0.532
9575.000 0.544
9580.000 0.555
9585.000 0.560
9590.000 0.573
9595.000 0.586
9600.000 0.597
9605.000 0.608
9610.000 0.614
9615.000 0.630
9620.000 0.638
9625.000 0.650
9630.000 0.654
9635.000 0.665
9640.000 0.673
9645.000 0.679
9650.000 0.686
9655.000 0.689
9660.000 0.703
9665.000 0.718
9670.000 0.721
9675.000 0.735
9680.000 0.744
9685.000 0.758
9690.000 0.769
9695.000 0.785
9700.000 0.800
9705.000 0.812
9710.000 0.824
9715.000 0.838
9720.000 0.855
9725.000 0.874
9730.000 0.897
9735.000 0.919
9740.000 0.947
9745.000 0.976
9750.000 1.002
9755.000 1.039
9760.000 1.073
9765.000 1.114
9770.000 1.167
9775.000 1.190
9780.000 1.252
9785.000 1.318
9790.000 1.396
9795.000 1.493
9800.000 1.610
9805.000 1.765
9810.000 1.973
9815.000 2.256
9820.000 2.624
9825.000 3.077
9830.000 3.334
9835.000 3.773
9840.000 3.908
9845.000 3.505
9850.000 2.828
9855.000 2.140
9860.000 1.610
9865.000 1.239
9870.000 0.976
9875.000 0.791
9880.000 0.650
9885.000 0.563
9890.000 0.534
9895.000 0.483
9900.000 0.421
9905.000 0.392
9910.000 0.370
9915.000 0.318
9920.000 0.267
9925.000 0.219
9930.000 0.180
9935.000 0.147
9940.000 0.120
9945.000 0.102
9950.000 0.087
9955.000 0.080
9960.000 0.075
9965.000 0.070
9970.000 0.070
9975.000 0.073
9980.000 0.077
9985.000 0.088
9990.000 0.091
9995.000 0.097
10000.000 0.106
