105.000 0.052
110.000 2.086
115.000 2.652
120.000 2.988
125.000 3.286
130.000 3.538
135.000 3.588
140.000 3.647
145.000 3.705
150.000 3.581
155.000 3.625
160.000 3.564
165.000 3.360
170.000 3.494
175.000 3.465
180.000 3.345
185.000 3.392
190.000 3.341
195.000 3.441
200.000 3.424
205.000 3.487
210.000 3.468
215.000 3.526
220.000 3.602
225.000 3.582
230.000 3.816
235.000 3.791
240.000 4.076
245.000 3.993
250.000 3.998
255.000 4.079
260.000 4.060
265.000 4.210
270.000 3.997
275.000 4.285
280.000 4.326
285.000 4.252
290.000 4.340
295.000 4.300
300.000 4.317
305.000 4.271
310.000 4.266
315.000 4.357
320.000 4.359
325.000 4.386
330.000 4.514
335.000 4.630
340.000 4.799
345.000 4.991
350.000 5.173
355.000 5.389
360.000 5.646
365.000 5.909
370.000 6.186
375.000 6.527
380.000 6.644
385.000 7.039
390.000 7.313
395.000 7.641
400.000 7.906
405.000 8.103
410.000 8.303
415.000 8.061
420.000 7.735
425.000 7.119
430.000 6.439
435.000 5.677
440.000 5.286
445.000 4.580
450.000 3.943
455.000 3.490
460.000 3.016
465.000 2.768
470.000 2.522
475.000 2.385
480.000 2.213
485.000 2.081
490.000 1.959
495.000 1.828
500.000 1.732
505.000 1.675
510.000 1.588
515.000 1.505
520.000 1.429
525.000 1.365
530.000 1.280
535.000 1.220
540.000 1.172
545.000 1.120
550.000 1.076
555.000 1.015
560.000 0.956
565.000 0.934
570.000 0.890
575.000 0.839
580.000 0.807
585.000 0.769
590.000 0.727
595.000 0.714
600.000 0.681
605.000 0.665
610.000 0.642
615.000 0.616
620.000 0.602
625.000 0.597
630.000 0.584
635.000 0.552
640.000 0.551
645.000 0.538
650.000 0.515
655.000 0.511
660.000 0.486
665.000 0.483
670.000 0.454
675.000 0.467
680.000 0.456
685.000 0.452
690.000 0.456
695.000 0.432
700.000 0.426
705.000 0.412
710.000 0.412
715.000 0.427
720.000 0.407
725.000 0.399
730.000 0.394
735.000 0.384
740.000 0.399
745.000 0.385
750.000 0.368
755.000 0.367
760.000 0.364
765.000 0.353
770.000 0.364
775.000 0.352
780.000 0.349
785.000 0.350
790.000 0.365
795.000 0.360
800.000 0.355
805.000 0.347
810.000 0.344
815.000 0.339
820.000 0.335
825.000 0.335
830.000 0.309
835.000 0.330
840.000 0.327
845.000 0.327
850.000 0.326
855.000 0.346
860.000 0.324
865.000 0.323
870.000 0.320
875.000 0.343
880.000 0.316
885.000 0.316
890.000 0.310
895.000 0.313
900.000 0.310
905.000 0.308
910.000 0.311
915.000 0.306
920.000 0.307
925.000 0.307
930.000 0.309
935.000 0.296
940.000 0.308
945.000 0.316
950.000 0.311
955.000 0.301
960.000 0.299
965.000 0.304
970.000 0.308
975.000 0.301
980.000 0.305
985.000 0.280
990.000 0.301
995.000 0.301
1000.000 0.315
1005.000 0.299
1010.000 0.293
1015.000 0.300
1020.000 0.300
1025.000 0.297
1030.000 0.291
1035.000 0.303
1040.000 0.305
1045.000 0.297
1050.000 0.289
1055.000 0.304
1060.000 0.312
1065.000 0.296
1070.000 0.300
1075.000 0.293
1080.000 0.306
1085.000 0.302
1090.000 0.319
1095.000 0.300
1100.000 0.295
1105.000 0.295
1110.000 0.310
1115.000 0.297
1120.000 0.302
1125.000 0.299
1130.000 0.298
1135.000 0.314
1140.000 0.299
1145.000 0.307
1150.000 0.295
1155.000 0.297
1160.000 0.317
1165.000 0.301
1170.000 0.299
1175.000 0.300
1180.000 0.308
1185.000 0.304
1190.000 0.301
1195.000 0.297
1200.000 0.301
1205.000 0.303
1210.000 0.302
1215.000 0.306
1220.000 0.304
1225.000 0.300
1230.000 0.292
1235.000 0.297
1240.000 0.303
1245.000 0.310
1250.000 0.305
1255.000 0.304
1260.000 0.309
1265.000 0.306
1270.000 0.306
1275.000 0.303
1280.000 0.307
1285.000 0.309
1290.000 0.305
1295.000 0.321
1300.000 0.308
1305.000 0.315
1310.000 0.313
1315.000 0.327
1320.000 0.325
1325.000 0.308
1330.000 0.307
1335.000 0.307
1340.000 0.308
1345.000 0.313
1350.000 0.313
1355.000 0.304
1360.000 0.310
1365.000 0.324
1370.000 0.314
1375.000 0.311
1380.000 0.308
1385.000 0.392
1390.000 0.500
1395.000 0.444
1400.000 0.394
1405.000 0.357
1410.000 0.336
1415.000 0.335
1420.000 0.318
1425.000 0.316
1430.000 0.310
1435.000 0.306
1440.000 0.319
1445.000 0.305
1450.000 0.305
1455.000 0.300
1460.000 0.304
1465.000 0.310
1470.000 0.308
1475.000 0.316
1480.000 0.318
1485.000 0.321
1490.000 0.321
1495.000 0.327
1500.000 0.328
1505.000 0.331
1510.000 0.330
1515.000 0.329
1520.000 0.335
1525.000 0.336
1530.000 0.339
1535.000 0.326
1540.000 0.339
1545.000 0.344
1550.000 0.348
1555.000 0.355
1560.000 0.351
1565.000 0.355
1570.000 0.354
1575.000 0.357
1580.000 0.366
1585.000 0.363
1590.000 0.372
1595.000 0.369
1600.000 0.376
1605.000 0.374
1610.000 0.375
1615.000 0.382
1620.000 0.379
1625.000 0.388
1630.000 0.387
1635.000 0.394
1640.000 0.399
1645.000 0.398
1650.000 0.407
1655.000 0.407
1660.000 0.421
1665.000 0.416
1670.000 0.419
1675.000 0.429
1680.000 0.427
1685.000 0.438
1690.000 0.441
1695.000 0.447
1700.000 0.450
1705.000 0.452
1710.000 0.464
1715.000 0.468
1720.000 0.478
1725.000 0.474
1730.000 0.485
1735.000 0.485
1740.000 0.494
1745.000 0.512
1750.000 0.509
1755.000 0.517
1760.000 0.516
1765.000 0.534
1770.000 0.540
1775.000 0.542
1780.000 0.550
1785.000 0.557
1790.000 0.573
1795.000 0.569
1800.000 0.582
1805.000 0.581
1810.000 0.590
1815.000 0.603
1820.000 0.600
1825.000 0.611
1830.000 0.625
1835.000 0.618
1840.000 0.618
1845.000 0.623
1850.000 0.637
1855.000 0.631
1860.000 0.633
1865.000 0.627
1870.000 0.633
1875.000 0.637
1880.000 0.627
1885.000 0.626
1890.000 0.638
1895.000 0.631
1900.000 0.626
1905.000 0.625
1910.000 0.626
1915.000 0.614
1920.000 0.612
1925.000 0.602
1930.000 0.598
1935.000 0.585
1940.000 0.583
1945.000 0.588
1950.000 0.578
1955.000 0.569
1960.000 0.568
1965.000 0.570
1970.000 0.551
1975.000 0.559
1980.000 0.556
1985.000 0.528
1990.000 0.540
1995.000 0.526
2000.000 0.510
2005.000 0.508
2010.000 0.507
2015.000 0.500
2020.000 0.496
2025.000 0.492
2030.000 0.485
2035.000 0.486
2040.000 0.481
2045.000 0.473
2050.000 0.465
2055.000 0.454
2060.000 0.451
2065.000 0.448
2070.000 0.442
2075.000 0.446
2080.000 0.439
2085.000 0.427
2090.000 0.427
2095.000 0.427
2100.000 0.416
2105.000 0.416
2110.000 0.407
2115.000 0.406
2120.000 0.406
2125.000 0.394
2130.000 0.396
2135.000 0.383
2140.000 0.385
2145.000 0.380
2150.000 0.381
2155.000 0.373
2160.000 0.368
2165.000 0.373
2170.000 0.363
2175.000 0.364
2180.000 0.355
2185.000 0.351
2190.000 0.349
2195.000 0.343
2200.000 0.342
2205.000 0.334
2210.000 0.333
2215.000 0.325
2220.000 0.323
2225.000 0.318
2230.000 0.303
2235.000 0.303
2240.000 0.287
2245.000 0.281
2250.000 0.269
2255.000 0.251
2260.000 0.241
2265.000 0.218
2270.000 0.215
2275.000 0.201
2280.000 0.221
2285.000 0.298
2290.000 0.635
2295.000 1.538
2300.000 3.318
2305.000 7.249
2310.000 14.726
2315.000 25.058
2320.000 23.260
2325.000 10.278
2330.000 2.483
2335.000 0.352
2340.000 0.183
2345.000 0.058
2350.000 0.149
2355.000 0.187
2360.000 0.206
2365.000 0.215
2370.000 0.223
2375.000 0.229
2380.000 0.227
2385.000 0.228
2390.000 0.228
2395.000 0.228
2400.000 0.229
2405.000 0.230
2410.000 0.227
2415.000 0.229
2420.000 0.230
2425.000 0.229
2430.000 0.230
2435.000 0.231
2440.000 0.231
2445.000 0.231
2450.000 0.232
2455.000 0.232
2460.000 0.235
2465.000 0.236
2470.000 0.236
2475.000 0.234
2480.000 0.236
2485.000 0.236
2490.000 0.236
2495.000 0.239
2500.000 0.238
2505.000 0.240
2510.000 0.240
2515.000 0.240
2520.000 0.242
2525.000 0.244
2530.000 0.243
2535.000 0.245
2540.000 0.246
2545.000 0.246
2550.000 0.249
2555.000 0.249
2560.000 0.249
2565.000 0.251
2570.000 0.252
2575.000 0.255
2580.000 0.254
2585.000 0.255
2590.000 0.258
2595.000 0.257
2600.000 0.261
2605.000 0.261
2610.000 0.265
2615.000 0.267
2620.000 0.270
2625.000 0.270
2630.000 0.270
2635.000 0.274
2640.000 0.276
2645.000 0.281
2650.000 0.280
2655.000 0.283
2660.000 0.287
2665.000 0.289
2670.000 0.292
2675.000 0.294
2680.000 0.300
2685.000 0.302
2690.000 0.303
2695.000 0.308
2700.000 0.311
2705.000 0.315
2710.000 0.317
2715.000 0.325
2720.000 0.325
2725.000 0.331
2730.000 0.335
2735.000 0.341
2740.000 0.346
2745.000 0.351
2750.000 0.357
2755.000 0.358
2760.000 0.362
2765.000 0.369
2770.000 0.373
2775.000 0.382
2780.000 0.385
2785.000 0.392
2790.000 0.395
2795.000 0.401
2800.000 0.406
2805.000 0.411
2810.000 0.415
2815.000 0.417
2820.000 0.423
2825.000 0.424
2830.000 0.432
2835.000 0.436
2840.000 0.441
2845.000 0.448
2850.000 0.450
2855.000 0.454
2860.000 0.460
2865.000 0.461
2870.000 0.464
2875.000 0.468
2880.000 0.472
2885.000 0.472
2890.000 0.479
2895.000 0.480
2900.000 0.485
2905.000 0.489
2910.000 0.488
2915.000 0.491
2920.000 0.494
2925.000 0.494
2930.000 0.498
2935.000 0.497
2940.000 0.501
2945.000 0.504
2950.000 0.508
2955.000 0.505
2960.000 0.512
2965.000 0.507
2970.000 0.510
2975.000 0.505
2980.000 0.508
2985.000 0.519
2990.000 0.517
2995.000 0.509
3000.000 0.510
3005.000 0.517
3010.000 0.518
3015.000 0.510
3020.000 0.523
3025.000 0.516
3030.000 0.521
3035.000 0.508
3040.000 0.508
3045.000 0.510
3050.000 0.516
3055.000 0.516
3060.000 0.508
3065.000 0.515
3070.000 0.511
3075.000 0.510
3080.000 0.510
3085.000 0.506
3090.000 0.507
3095.000 0.508
3100.000 0.508
3105.000 0.503
3110.000 0.504
3115.000 0.505
3120.000 0.505
3125.000 0.505
3130.000 0.502
3135.000 0.502
3140.000 0.504
3145.000 0.505
3150.000 0.503
3155.000 0.506
3160.000 0.505
3165.000 0.506
3170.000 0.504
3175.000 0.504
3180.000 0.504
3185.000 0.502
3190.000 0.505
3195.000 0.505
3200.000 0.503
3205.000 0.507
3210.000 0.504
3215.000 0.507
3220.000 0.507
3225.000 0.506
3230.000 0.506
3235.000 0.505
3240.000 0.507
3245.000 0.508
3250.000 0.509
3255.000 0.510
3260.000 0.512
3265.000 0.515
3270.000 0.514
3275.000 0.516
3280.000 0.517
3285.000 0.519
3290.000 0.524
3295.000 0.523
3300.000 0.525
3305.000 0.525
3310.000 0.528
3315.000 0.532
3320.000 0.532
3325.000 0.532
3330.000 0.538
3335.000 0.542
3340.000 0.542
3345.000 0.544
3350.000 0.546
3355.000 0.552
3360.000 0.555
3365.000 0.557
3370.000 0.563
3375.000 0.566
3380.000 0.571
3385.000 0.574
3390.000 0.578
3395.000 0.586
3400.000 0.594
3405.000 0.606
3410.000 0.604
3415.000 0.608
3420.000 0.609
3425.000 0.619
3430.000 0.621
3435.000 0.629
3440.000 0.641
3445.000 0.645
3450.000 0.655
3455.000 0.662
3460.000 0.673
3465.000 0.685
3470.000 0.692
3475.000 0.709
3480.000 0.719
3485.000 0.727
3490.000 0.736
3495.000 0.756
3500.000 0.773
3505.000 0.785
3510.000 0.808
3515.000 0.823
3520.000 0.849
3525.000 0.875
3530.000 0.892
3535.000 0.922
3540.000 0.946
3545.000 0.971
3550.000 0.989
3555.000 1.015
3560.000 1.037
3565.000 1.072
3570.000 1.110
3575.000 1.134
3580.000 1.170
3585.000 1.200
3590.000 1.248
3595.000 1.298
3600.000 1.320
3605.000 1.382
3610.000 1.437
3615.000 1.509
3620.000 1.571
3625.000 1.655
3630.000 1.757
3635.000 1.854
3640.000 1.981
3645.000 2.106
3650.000 2.289
3655.000 2.520
3660.000 2.796
3665.000 2.991
3670.000 3.438
3675.000 4.093
3680.000 4.993
3685.000 6.371
3690.000 8.293
3695.000 11.163
3700.000 16.248
3705.000 27.942
3710.000 40.430
3715.000 34.386
3720.000 19.158
3725.000 15.097
3730.000 9.898
3735.000 6.897
3740.000 5.139
3745.000 4.002
3750.000 3.201
3755.000 2.640
3760.000 2.227
3765.000 1.921
3770.000 1.688
3775.000 1.496
3780.000 1.349
3785.000 1.227
3790.000 1.172
3795.000 1.076
3800.000 1.000
3805.000 0.932
3810.000 0.870
3815.000 0.823
3820.000 0.776
3825.000 0.739
3830.000 0.705
3835.000 0.673
3840.000 0.646
3845.000 0.632
3850.000 0.612
3855.000 0.588
3860.000 0.569
3865.000 0.550
3870.000 0.533
3875.000 0.517
3880.000 0.501
3885.000 0.488
3890.000 0.475
3895.000 0.464
3900.000 0.455
3905.000 0.442
3910.000 0.437
3915.000 0.428
3920.000 0.420
3925.000 0.412
3930.000 0.403
3935.000 0.395
3940.000 0.390
3945.000 0.387
3950.000 0.375
3955.000 0.376
3960.000 0.368
3965.000 0.365
3970.000 0.361
3975.000 0.352
3980.000 0.347
3985.000 0.350
3990.000 0.338
3995.000 0.334
4000.000 0.338
4005.000 0.326
4010.000 0.323
4015.000 0.326
4020.000 0.316
4025.000 0.315
4030.000 0.316
4035.000 0.312
4040.000 0.312
4045.000 0.308
4050.000 0.307
4055.000 0.304
4060.000 0.304
4065.000 0.303
4070.000 0.301
4075.000 0.301
4080.000 0.295
4085.000 0.296
4090.000 0.294
4095.000 0.296
4100.000 0.291
4105.000 0.292
4110.000 0.288
4115.000 0.289
4120.000 0.288
4125.000 0.287
4130.000 0.285
4135.000 0.281
4140.000 0.283
4145.000 0.281
4150.000 0.281
4155.000 0.277
4160.000 0.276
4165.000 0.278
4170.000 0.274
4175.000 0.274
4180.000 0.277
4185.000 0.279
4190.000 0.275
4195.000 0.274
4200.000 0.273
4205.000 0.269
4210.000 0.266
4215.000 0.263
4220.000 0.258
4225.000 0.254
4230.000 0.252
4235.000 0.248
4240.000 0.246
4245.000 0.245
4250.000 0.243
4255.000 0.240
4260.000 0.239
4265.000 0.238
4270.000 0.235
4275.000 0.235
4280.000 0.234
4285.000 0.234
4290.000 0.232
4295.000 0.233
4300.000 0.231
4305.000 0.230
4310.000 0.231
4315.000 0.231
4320.000 0.229
4325.000 0.228
4330.000 0.228
4335.000 0.228
4340.000 0.228
4345.000 0.227
4350.000 0.226
4355.000 0.228
4360.000 0.227
4365.000 0.226
4370.000 0.228
4375.000 0.227
4380.000 0.227
4385.000 0.227
4390.000 0.224
4395.000 0.225
4400.000 0.225
4405.000 0.228
4410.000 0.228
4415.000 0.226
4420.000 0.228
4425.000 0.228
4430.000 0.227
4435.000 0.228
4440.000 0.227
4445.000 0.227
4450.000 0.227
4455.000 0.226
4460.000 0.226
4465.000 0.226
4470.000 0.225
4475.000 0.228
4480.000 0.226
4485.000 0.225
4490.000 0.226
4495.000 0.227
4500.000 0.226
4505.000 0.227
4510.000 0.226
4515.000 0.226
4520.000 0.226
4525.000 0.226
4530.000 0.226
4535.000 0.227
4540.000 0.227
4545.000 0.226
4550.000 0.228
4555.000 0.226
4560.000 0.226
4565.000 0.227
4570.000 0.226
4575.000 0.226
4580.000 0.229
4585.000 0.227
4590.000 0.228
4595.000 0.228
4600.000 0.227
4605.000 0.227
4610.000 0.228
4615.000 0.228
4620.000 0.227
4625.000 0.229
4630.000 0.228
4635.000 0.228
4640.000 0.228
4645.000 0.228
4650.000 0.228
4655.000 0.229
4660.000 0.229
4665.000 0.229
4670.000 0.229
4675.000 0.227
4680.000 0.230
4685.000 0.229
4690.000 0.230
4695.000 0.229
4700.000 0.229
4705.000 0.229
4710.000 0.230
4715.000 0.230
4720.000 0.228
4725.000 0.230
4730.000 0.230
4735.000 0.231
4740.000 0.229
4745.000 0.230
4750.000 0.229
4755.000 0.231
4760.000 0.230
4765.000 0.230
4770.000 0.232
4775.000 0.232
4780.000 0.233
4785.000 0.232
4790.000 0.233
4795.000 0.232
4800.000 0.233
4805.000 0.234
4810.000 0.234
4815.000 0.234
4820.000 0.233
4825.000 0.235
4830.000 0.236
4835.000 0.236
4840.000 0.236
4845.000 0.238
4850.000 0.237
4855.000 0.239
4860.000 0.240
4865.000 0.239
4870.000 0.243
4875.000 0.244
4880.000 0.243
4885.000 0.246
4890.000 0.247
4895.000 0.250
4900.000 0.252
4905.000 0.254
4910.000 0.260
4915.000 0.265
4920.000 0.270
4925.000 0.277
4930.000 0.284
4935.000 0.299
4940.000 0.315
4945.000 0.324
4950.000 0.354
4955.000 0.401
4960.000 0.486
4965.000 0.654
4970.000 1.092
4975.000 2.393
4980.000 5.296
4985.000 9.936
4990.000 4.720
4995.000 5.447
5000.000 4.345
5005.000 2.809
5010.000 1.109
5015.000 0.920
5020.000 0.412
5025.000 0.445
5030.000 0.353
5035.000 0.295
5040.000 0.264
5045.000 0.254
5050.000 0.233
5055.000 0.225
5060.000 0.225
5065.000 0.220
5070.000 0.213
5075.000 0.210
5080.000 0.207
5085.000 0.203
5090.000 0.202
5095.000 0.200
5100.000 0.198
5105.000 0.198
5110.000 0.196
5115.000 0.197
5120.000 0.198
5125.000 0.198
5130.000 0.197
5135.000 0.197
5140.000 0.198
5145.000 0.196
5150.000 0.199
5155.000 0.198
5160.000 0.198
5165.000 0.199
5170.000 0.199
5175.000 0.199
5180.000 0.199
5185.000 0.201
5190.000 0.201
5195.000 0.202
5200.000 0.202
5205.000 0.203
5210.000 0.203
5215.000 0.203
5220.000 0.204
5225.000 0.203
5230.000 0.207
5235.000 0.205
5240.000 0.207
5245.000 0.208
5250.000 0.208
5255.000 0.210
5260.000 0.210
5265.000 0.213
5270.000 0.213
5275.000 0.215
5280.000 0.217
5285.000 0.216
5290.000 0.218
5295.000 0.221
5300.000 0.223
5305.000 0.222
5310.000 0.226
5315.000 0.229
5320.000 0.229
5325.000 0.231
5330.000 0.234
5335.000 0.237
5340.000 0.238
5345.000 0.241
5350.000 0.246
5355.000 0.247
5360.000 0.250
5365.000 0.251
5370.000 0.256
5375.000 0.259
5380.000 0.260
5385.000 0.266
5390.000 0.267
5395.000 0.273
5400.000 0.276
5405.000 0.280
5410.000 0.284
5415.000 0.286
5420.000 0.293
5425.000 0.295
5430.000 0.299
5435.000 0.302
5440.000 0.306
5445.000 0.309
5450.000 0.315
5455.000 0.320
5460.000 0.324
5465.000 0.329
5470.000 0.331
5475.000 0.338
5480.000 0.343
5485.000 0.347
5490.000 0.352
5495.000 0.356
5500.000 0.363
5505.000 0.367
5510.000 0.371
5515.000 0.383
5520.000 0.388
5525.000 0.395
5530.000 0.397
5535.000 0.397
5540.000 0.400
5545.000 0.399
5550.000 0.403
5555.000 0.405
5560.000 0.408
5565.000 0.408
5570.000 0.410
5575.000 0.414
5580.000 0.417
5585.000 0.421
5590.000 0.421
5595.000 0.424
5600.000 0.427
5605.000 0.429
5610.000 0.428
5615.000 0.431
5620.000 0.435
5625.000 0.436
5630.000 0.439
5635.000 0.442
5640.000 0.445
5645.000 0.450
5650.000 0.451
5655.000 0.454
5660.000 0.456
5665.000 0.457
5670.000 0.458
5675.000 0.463
5680.000 0.467
5685.000 0.466
5690.000 0.470
5695.000 0.469
5700.000 0.476
5705.000 0.481
5710.000 0.482
5715.000 0.484
5720.000 0.484
5725.000 0.492
5730.000 0.493
5735.000 0.496
5740.000 0.498
5745.000 0.503
5750.000 0.505
5755.000 0.507
5760.000 0.512
5765.000 0.513
5770.000 0.517
5775.000 0.522
5780.000 0.523
5785.000 0.530
5790.000 0.532
5795.000 0.535
5800.000 0.535
5805.000 0.544
5810.000 0.542
5815.000 0.550
5820.000 0.556
5825.000 0.561
5830.000 0.566
5835.000 0.569
5840.000 0.574
5845.000 0.581
5850.000 0.582
5855.000 0.587
5860.000 0.591
5865.000 0.597
5870.000 0.601
5875.000 0.611
5880.000 0.618
5885.000 0.625
5890.000 0.633
5895.000 0.635
5900.000 0.643
5905.000 0.655
5910.000 0.654
5915.000 0.657
5920.000 0.664
5925.000 0.675
5930.000 0.680
5935.000 0.689
5940.000 0.706
5945.000 0.709
5950.000 0.723
5955.000 0.720
5960.000 0.733
5965.000 0.740
5970.000 0.759
5975.000 0.774
5980.000 0.777
5985.000 0.781
5990.000 0.797
5995.000 0.813
6000.000 0.810
6005.000 0.832
6010.000 0.849
6015.000 0.855
6020.000 0.873
6025.000 0.876
6030.000 0.902
6035.000 0.896
6040.000 0.915
6045.000 0.924
6050.000 0.951
6055.000 0.966
6060.000 0.978
6065.000 0.994
6070.000 1.010
6075.000 1.033
6080.000 1.051
6085.000 1.067
6090.000 1.091
6095.000 1.098
6100.000 1.125
6105.000 1.137
6110.000 1.166
6115.000 1.195
6120.000 1.211
6125.000 1.247
6130.000 1.267
6135.000 1.303
6140.000 1.338
6145.000 1.372
6150.000 1.413
6155.000 1.444
6160.000 1.473
6165.000 1.519
6170.000 1.575
6175.000 1.622
6180.000 1.693
6185.000 1.770
6190.000 1.840
6195.000 1.932
6200.000 2.025
6205.000 2.151
6210.000 2.288
6215.000 2.442
6220.000 2.532
6225.000 2.766
6230.000 3.081
6235.000 3.519
6240.000 4.213
6245.000 5.181
6250.000 5.929
6255.000 4.895
6260.000 2.605
6265.000 2.298
6270.000 2.667
6275.000 3.076
6280.000 3.281
6285.000 3.287
6290.000 3.196
6295.000 3.024
6300.000 2.897
6305.000 2.766
6310.000 2.620
6315.000 2.494
6320.000 2.295
6325.000 2.140
6330.000 1.983
6335.000 1.855
6340.000 1.797
6345.000 1.693
6350.000 1.582
6355.000 1.492
6360.000 1.418
6365.000 1.337
6370.000 1.272
6375.000 1.209
6380.000 1.153
6385.000 1.102
6390.000 1.048
6395.000 1.006
6400.000 0.982
6405.000 0.945
6410.000 0.910
6415.000 0.873
6420.000 0.839
6425.000 0.807
6430.000 0.780
6435.000 0.753
6440.000 0.725
6445.000 0.708
6450.000 0.681
6455.000 0.655
6460.000 0.622
6465.000 0.613
6470.000 0.585
6475.000 0.571
6480.000 0.548
6485.000 0.531
6490.000 0.519
6495.000 0.500
6500.000 0.488
6505.000 0.474
6510.000 0.463
6515.000 0.453
6520.000 0.439
6525.000 0.433
6530.000 0.424
6535.000 0.418
6540.000 0.406
6545.000 0.399
6550.000 0.388
6555.000 0.383
6560.000 0.381
6565.000 0.389
6570.000 0.473
6575.000 1.031
6580.000 3.739
6585.000 6.157
6590.000 11.871
6595.000 11.735
6600.000 2.201
6605.000 0.612
6610.000 0.363
6615.000 0.495
6620.000 0.393
6625.000 0.352
6630.000 0.333
6635.000 0.317
6640.000 0.310
6645.000 0.304
6650.000 0.296
6655.000 0.291
6660.000 0.285
6665.000 0.281
6670.000 0.276
6675.000 0.275
6680.000 0.271
6685.000 0.268
6690.000 0.268
6695.000 0.264
6700.000 0.264
6705.000 0.260
6710.000 0.264
6715.000 0.260
6720.000 0.260
6725.000 0.260
6730.000 0.256
6735.000 0.256
6740.000 0.254
6745.000 0.255
6750.000 0.255
6755.000 0.255
6760.000 0.252
6765.000 0.252
6770.000 0.254
6775.000 0.252
6780.000 0.252
6785.000 0.250
6790.000 0.252
6795.000 0.253
6800.000 0.251
6805.000 0.250
6810.000 0.248
6815.000 0.249
6820.000 0.249
6825.000 0.248
6830.000 0.246
6835.000 0.247
6840.000 0.249
6845.000 0.244
6850.000 0.247
6855.000 0.249
6860.000 0.245
6865.000 0.247
6870.000 0.246
6875.000 0.246
6880.000 0.247
6885.000 0.243
6890.000 0.244
6895.000 0.244
6900.000 0.246
6905.000 0.243
6910.000 0.244
6915.000 0.241
6920.000 0.242
6925.000 0.243
6930.000 0.244
6935.000 0.243
6940.000 0.244
6945.000 0.245
6950.000 0.242
6955.000 0.240
6960.000 0.240
6965.000 0.241
6970.000 0.245
6975.000 0.240
6980.000 0.243
6985.000 0.243
6990.000 0.244
6995.000 0.249
7000.000 0.240
7005.000 0.249
7010.000 0.246
7015.000 0.244
7020.000 0.240
7025.000 0.238
7030.000 0.245
7035.000 0.241
7040.000 0.247
7045.000 0.241
7050.000 0.243
7055.000 0.242
7060.000 0.242
7065.000 0.242
7070.000 0.245
7075.000 0.245
7080.000 0.243
7085.000 0.245
7090.000 0.244
7095.000 0.243
7100.000 0.243
7105.000 0.241
7110.000 0.243
7115.000 0.241
7120.000 0.241
7125.000 0.242
7130.000 0.242
7135.000 0.245
7140.000 0.242
7145.000 0.242
7150.000 0.239
7155.000 0.241
7160.000 0.243
7165.000 0.243
7170.000 0.244
7175.000 0.242
7180.000 0.242
7185.000 0.242
7190.000 0.243
7195.000 0.240
7200.000 0.241
7205.000 0.243
7210.000 0.241
7215.000 0.243
7220.000 0.241
7225.000 0.243
7230.000 0.244
7235.000 0.241
7240.000 0.243
7245.000 0.241
7250.000 0.242
7255.000 0.241
7260.000 0.242
7265.000 0.245
7270.000 0.241
7275.000 0.241
7280.000 0.241
7285.000 0.243
7290.000 0.241
7295.000 0.239
7300.000 0.243
7305.000 0.241
7310.000 0.244
7315.000 0.240
7320.000 0.242
7325.000 0.240
7330.000 0.242
7335.000 0.243
7340.000 0.240
7345.000 0.242
7350.000 0.241
7355.000 0.243
7360.000 0.252
7365.000 0.246
7370.000 0.245
7375.000 0.242
7380.000 0.245
7385.000 0.241
7390.000 0.237
7395.000 0.237
7400.000 0.233
7405.000 0.233
7410.000 0.228
7415.000 0.228
7420.000 0.226
7425.000 0.217
7430.000 0.214
7435.000 0.211
7440.000 0.205
7445.000 0.193
7450.000 0.189
7455.000 0.189
7460.000 0.202
7465.000 0.228
7470.000 0.261
7475.000 0.264
7480.000 0.522
7485.000 1.753
7490.000 2.499
7495.000 1.867
7500.000 1.356
7505.000 0.771
7510.000 0.532
7515.000 0.410
7520.000 0.348
7525.000 0.309
7530.000 0.287
7535.000 0.272
7540.000 0.260
7545.000 0.252
7550.000 0.248
7555.000 0.245
7560.000 0.240
7565.000 0.238
7570.000 0.235
7575.000 0.232
7580.000 0.232
7585.000 0.234
7590.000 0.231
7595.000 0.233
7600.000 0.233
7605.000 0.235
7610.000 0.245
7615.000 0.244
7620.000 0.242
7625.000 0.238
7630.000 0.237
7635.000 0.233
7640.000 0.232
7645.000 0.228
7650.000 0.228
7655.000 0.227
7660.000 0.229
7665.000 0.228
7670.000 0.230
7675.000 0.228
7680.000 0.225
7685.000 0.227
7690.000 0.230
7695.000 0.226
7700.000 0.226
7705.000 0.225
7710.000 0.226
7715.000 0.224
7720.000 0.223
7725.000 0.224
7730.000 0.220
7735.000 0.222
7740.000 0.224
7745.000 0.223
7750.000 0.221
7755.000 0.222
7760.000 0.221
7765.000 0.219
7770.000 0.219
7775.000 0.219
7780.000 0.217
7785.000 0.218
7790.000 0.216
7795.000 0.217
7800.000 0.216
7805.000 0.214
7810.000 0.212
7815.000 0.213
7820.000 0.210
7825.000 0.211
7830.000 0.213
7835.000 0.210
7840.000 0.210
7845.000 0.208
7850.000 0.208
7855.000 0.208
7860.000 0.207
7865.000 0.203
7870.000 0.205
7875.000 0.204
7880.000 0.205
7885.000 0.201
7890.000 0.201
7895.000 0.199
7900.000 0.197
7905.000 0.195
7910.000 0.196
7915.000 0.197
7920.000 0.192
7925.000 0.193
7930.000 0.192
7935.000 0.195
7940.000 0.191
7945.000 0.194
7950.000 0.192
7955.000 0.195
7960.000 0.198
7965.000 0.201
7970.000 0.198
7975.000 0.204
7980.000 0.205
7985.000 0.209
7990.000 0.220
7995.000 0.234
8000.000 0.240
8005.000 0.270
8010.000 0.291
8015.000 0.305
8020.000 0.338
8025.000 0.373
8030.000 0.436
8035.000 0.491
8040.000 0.548
8045.000 0.680
8050.000 0.902
8055.000 1.244
8060.000 1.789
8065.000 2.703
8070.000 4.176
8075.000 6.714
8080.000 11.157
8085.000 12.473
8090.000 2.640
8095.000 2.183
8100.000 1.780
8105.000 1.486
8110.000 1.162
8115.000 0.939
8120.000 0.782
8125.000 0.675
8130.000 0.592
8135.000 0.534
8140.000 0.480
8145.000 0.446
8150.000 0.414
8155.000 0.390
8160.000 0.372
8165.000 0.361
8170.000 0.349
8175.000 0.333
8180.000 0.323
8185.000 0.311
8190.000 0.303
8195.000 0.296
8200.000 0.288
8205.000 0.282
8210.000 0.276
8215.000 0.271
8220.000 0.268
8225.000 0.261
8230.000 0.257
8235.000 0.255
8240.000 0.251
8245.000 0.246
8250.000 0.244
8255.000 0.240
8260.000 0.238
8265.000 0.236
8270.000 0.230
8275.000 0.227
8280.000 0.225
8285.000 0.221
8290.000 0.220
8295.000 0.218
8300.000 0.214
8305.000 0.211
8310.000 0.209
8315.000 0.206
8320.000 0.205
8325.000 0.203
8330.000 0.199
8335.000 0.195
8340.000 0.192
8345.000 0.194
8350.000 0.189
8355.000 0.188
8360.000 0.184
8365.000 0.183
8370.000 0.180
8375.000 0.176
8380.000 0.174
8385.000 0.171
8390.000 0.169
8395.000 0.167
8400.000 0.163
8405.000 0.161
8410.000 0.160
8415.000 0.157
8420.000 0.153
8425.000 0.151
8430.000 0.149
8435.000 0.146
8440.000 0.144
8445.000 0.141
8450.000 0.138
8455.000 0.135
8460.000 0.132
8465.000 0.129
8470.000 0.125
8475.000 0.125
8480.000 0.124
8485.000 0.122
8490.000 0.119
8495.000 0.117
8500.000 0.114
8505.000 0.115
8510.000 0.114
8515.000 0.111
8520.000 0.114
8525.000 0.120
8530.000 0.125
8535.000 0.148
8540.000 0.202
8545.000 0.336
8550.000 0.704
8555.000 2.377
8560.000 5.796
8565.000 7.679
8570.000 0.854
8575.000 1.409
8580.000 1.589
8585.000 1.462
8590.000 1.435
8595.000 1.343
8600.000 1.370
8605.000 1.478
8610.000 1.622
8615.000 1.841
8620.000 2.095
8625.000 2.418
8630.000 2.819
8635.000 3.358
8640.000 4.095
8645.000 5.033
8650.000 6.242
8655.000 6.887
8660.000 8.153
8665.000 8.900
8670.000 8.566
8675.000 6.988
8680.000 5.112
8685.000 3.689
8690.000 3.095
8695.000 3.169
8700.000 3.215
8705.000 2.921
8710.000 2.576
8715.000 2.425
8720.000 2.182
8725.000 1.961
8730.000 1.794
8735.000 1.662
8740.000 1.550
8745.000 1.476
8750.000 1.406
8755.000 1.351
8760.000 1.302
8765.000 1.256
8770.000 1.231
8775.000 1.196
8780.000 1.160
8785.000 1.121
8790.000 1.098
8795.000 1.067
8800.000 1.042
8805.000 1.027
8810.000 1.001
8815.000 0.978
8820.000 0.957
8825.000 0.985
8830.000 0.947
8835.000 0.995
8840.000 0.966
8845.000 0.916
8850.000 0.884
8855.000 0.858
8860.000 0.843
8865.000 0.828
8870.000 0.815
8875.000 0.806
8880.000 0.797
8885.000 0.791
8890.000 0.775
8895.000 0.778
8900.000 0.764
8905.000 0.756
8910.000 0.745
8915.000 0.741
8920.000 0.738
8925.000 0.727
8930.000 0.724
8935.000 0.711
8940.000 0.711
8945.000 0.706
8950.000 0.695
8955.000 0.694
8960.000 0.690
8965.000 0.683
8970.000 0.683
8975.000 0.674
8980.000 0.665
8985.000 0.668
8990.000 0.659
8995.000 0.652
9000.000 0.660
9005.000 0.646
9010.000 0.644
9015.000 0.648
9020.000 0.640
9025.000 0.643
9030.000 0.635
9035.000 0.642
9040.000 0.629
9045.000 0.630
9050.000 0.621
9055.000 0.624
9060.000 0.617
9065.000 0.613
9070.000 0.610
9075.000 0.606
9080.000 0.610
9085.000 0.607
9090.000 0.604
9095.000 0.604
9100.000 0.601
9105.000 0.597
9110.000 0.596
9115.000 0.594
9120.000 0.591
9125.000 0.587
9130.000 0.588
9135.000 0.584
9140.000 0.588
9145.000 0.582
9150.000 0.582
9155.000 0.580
9160.000 0.580
9165.000 0.579
9170.000 0.574
9175.000 0.574
9180.000 0.572
9185.000 0.570
9190.000 0.573
9195.000 0.569
9200.000 0.570
9205.000 0.568
9210.000 0.568
9215.000 0.565
9220.000 0.563
9225.000 0.562
9230.000 0.562
9235.000 0.562
9240.000 0.559
9245.000 0.556
9250.000 0.553
9255.000 0.553
9260.000 0.549
9265.000 0.551
9270.000 0.556
9275.000 0.546
9280.000 0.551
9285.000 0.548
9290.000 0.547
9295.000 0.547
9300.000 0.544
9305.000 0.546
9310.000 0.540
9315.000 0.541
9320.000 0.544
9325.000 0.545
9330.000 0.540
9335.000 0.538
9340.000 0.544
9345.000 0.541
9350.000 0.537
9355.000 0.539
9360.000 0.535
9365.000 0.539
9370.000 0.539
9375.000 0.540
9380.000 0.543
9385.000 0.541
9390.000 0.540
9395.000 0.539
9400.000 0.540
9405.000 0.538
9410.000 0.537
9415.000 0.536
9420.000 0.540
9425.000 0.543
9430.000 0.537
9435.000 0.543
9440.000 0.544
9445.000 0.545
9450.000 0.545
9455.000 0.550
9460.000 0.561
9465.000 0.566
9470.000 0.582
9475.000 0.601
9480.000 0.632
9485.000 0.703
9490.000 0.839
9495.000 1.163
9500.000 1.552
9505.000 1.634
9510.000 1.573
9515.000 1.342
9520.000 1.349
9525.000 0.684
9530.000 0.633
9535.000 0.583
9540.000 0.560
9545.000 0.550
9550.000 0.538
9555.000 0.537
9560.000 0.529
9565.000 0.530
9570.000 0.524
9575.000 0.525
9580.000 0.524
9585.000 0.525
9590.000 0.521
9595.000 0.519
9600.000 0.522
9605.000 0.524
9610.000 0.518
9615.000 0.524
9620.000 0.518
9625.000 0.520
9630.000 0.515
9635.000 0.522
9640.000 0.519
9645.000 0.514
9650.000 0.514
9655.000 0.512
9660.000 0.515
9665.000 0.511
9670.000 0.514
9675.000 0.514
9680.000 0.515
9685.000 0.516
9690.000 0.518
9695.000 0.520
9700.000 0.518
9705.000 0.521
9710.000 0.516
9715.000 0.521
9720.000 0.523
9725.000 0.519
9730.000 0.527
9735.000 0.525
9740.000 0.530
9745.000 0.528
9750.000 0.530
9755.000 0.535
9760.000 0.537
9765.000 0.543
9770.000 0.546
9775.000 0.554
9780.000 0.561
9785.000 0.569
9790.000 0.581
9795.000 0.589
9800.000 0.606
9805.000 0.617
9810.000 0.636
9815.000 0.667
9820.000 0.689
9825.000 0.710
9830.000 0.735
9835.000 0.740
9840.000 0.707
9845.000 0.617
9850.000 0.475
9855.000 0.335
9860.000 0.228
9865.000 0.173
9870.000 0.166
9875.000 0.203
9880.000 0.314
9885.000 0.510
9890.000 0.784
9895.000 1.071
9900.000 1.406
9905.000 1.728
9910.000 1.815
9915.000 1.685
9920.000 1.475
9925.000 1.269
9930.000 1.182
9935.000 1.030
9940.000 0.908
9945.000 0.806
9950.000 0.733
9955.000 0.681
9960.000 0.652
9965.000 0.631
9970.000 0.615
9975.000 0.604
9980.000 0.594
9985.000 0.598
9990.000 0.592
9995.000 0.587
10000.000 0.578
