105.000 0.036
110.000 1.939
115.000 2.452
120.000 2.868
125.000 3.196
130.000 3.413
135.000 3.563
140.000 3.639
145.000 3.722
150.000 3.727
155.000 3.597
160.000 3.611
165.000 3.549
170.000 3.426
175.000 3.397
180.000 3.386
185.000 3.385
190.000 3.413
195.000 3.451
200.000 3.488
205.000 3.593
210.000 3.612
215.000 3.639
220.000 3.756
225.000 3.774
230.000 3.950
235.000 3.905
240.000 3.930
245.000 3.994
250.000 4.098
255.000 4.163
260.000 4.143
265.000 4.226
270.000 4.302
275.000 4.303
280.000 4.415
285.000 4.470
290.000 4.558
295.000 4.592
300.000 4.581
305.000 4.708
310.000 4.725
315.000 4.726
320.000 4.763
325.000 4.812
330.000 4.915
335.000 4.991
340.000 5.063
345.000 5.265
350.000 5.450
355.000 5.703
360.000 5.826
365.000 6.114
370.000 6.412
375.000 6.742
380.000 7.056
385.000 7.421
390.000 7.762
395.000 8.053
400.000 8.260
405.000 8.437
410.000 8.512
415.000 8.497
420.000 8.399
425.000 8.051
430.000 7.558
435.000 6.861
440.000 5.966
445.000 5.183
450.000 4.450
455.000 3.837
460.000 3.332
465.000 2.915
470.000 2.594
475.000 2.367
480.000 2.222
485.000 2.160
490.000 2.021
495.000 1.901
500.000 1.793
505.000 1.686
510.000 1.603
515.000 1.517
520.000 1.463
525.000 1.378
530.000 1.309
535.000 1.240
540.000 1.222
545.000 1.164
550.000 1.107
555.000 1.056
560.000 1.003
565.000 0.950
570.000 0.903
575.000 0.861
580.000 0.827
585.000 0.785
590.000 0.757
595.000 0.725
600.000 0.709
605.000 0.685
610.000 0.665
615.000 0.638
620.000 0.621
625.000 0.600
630.000 0.582
635.000 0.567
640.000 0.558
645.000 0.538
650.000 0.529
655.000 0.510
660.000 0.499
665.000 0.497
670.000 0.494
675.000 0.478
680.000 0.467
685.000 0.463
690.000 0.450
695.000 0.445
700.000 0.436
705.000 0.433
710.000 0.422
715.000 0.416
720.000 0.415
725.000 0.409
730.000 0.402
735.000 0.393
740.000 0.391
745.000 0.387
750.000 0.380
755.000 0.383
760.000 0.375
765.000 0.370
770.000 0.382
775.000 0.363
780.000 0.362
785.000 0.362
790.000 0.364
795.000 0.360
800.000 0.360
805.000 0.354
810.000 0.357
815.000 0.351
820.000 0.341
825.000 0.339
830.000 0.339
835.000 0.341
840.000 0.344
845.000 0.340
850.000 0.329
855.000 0.338
860.000 0.335
865.000 0.331
870.000 0.329
875.000 0.349
880.000 0.321
885.000 0.326
890.000 0.325
895.000 0.321
900.000 0.323
905.000 0.320
910.000 0.321
915.000 0.322
920.000 0.330
925.000 0.317
930.000 0.315
935.000 0.316
940.000 0.314
945.000 0.321
950.000 0.318
955.000 0.318
960.000 0.315
965.000 0.313
970.000 0.318
975.000 0.315
980.000 0.317
985.000 0.316
990.000 0.314
995.000 0.310
1000.000 0.319
1005.000 0.292
1010.000 0.301
1015.000 0.314
1020.000 0.307
1025.000 0.327
1030.000 0.318
1035.000 0.305
1040.000 0.310
1045.000 0.302
1050.000 0.309
1055.000 0.310
1060.000 0.305
1065.000 0.312
1070.000 0.308
1075.000 0.315
1080.000 0.307
1085.000 0.309
1090.000 0.305
1095.000 0.309
1100.000 0.307
1105.000 0.309
1110.000 0.307
1115.000 0.303
1120.000 0.306
1125.000 0.309
1130.000 0.315
1135.000 0.309
1140.000 0.308
1145.000 0.311
1150.000 0.312
1155.000 0.307
1160.000 0.310
1165.000 0.307
1170.000 0.308
1175.000 0.308
1180.000 0.307
1185.000 0.310
1190.000 0.312
1195.000 0.308
1200.000 0.316
1205.000 0.312
1210.000 0.313
1215.000 0.309
1220.000 0.317
1225.000 0.312
1230.000 0.311
1235.000 0.318
1240.000 0.313
1245.000 0.316
1250.000 0.313
1255.000 0.317
1260.000 0.325
1265.000 0.318
1270.000 0.322
1275.000 0.324
1280.000 0.324
1285.000 0.322
1290.000 0.324
1295.000 0.321
1300.000 0.325
1305.000 0.324
1310.000 0.322
1315.000 0.324
1320.000 0.326
1325.000 0.328
1330.000 0.327
1335.000 0.329
1340.000 0.329
1345.000 0.327
1350.000 0.335
1355.000 0.330
1360.000 0.329
1365.000 0.329
1370.000 0.334
1375.000 0.346
1380.000 0.334
1385.000 0.332
1390.000 0.330
1395.000 0.320
1400.000 0.329
1405.000 0.334
1410.000 0.333
1415.000 0.331
1420.000 0.328
1425.000 0.325
1430.000 0.327
1435.000 0.325
1440.000 0.320
1445.000 0.327
1450.000 0.325
1455.000 0.331
1460.000 0.328
1465.000 0.333
1470.000 0.333
1475.000 0.337
1480.000 0.339
1485.000 0.345
1490.000 0.350
1495.000 0.354
1500.000 0.357
1505.000 0.356
1510.000 0.359
1515.000 0.363
1520.000 0.364
1525.000 0.373
1530.000 0.371
1535.000 0.375
1540.000 0.380
1545.000 0.382
1550.000 0.385
1555.000 0.388
1560.000 0.392
1565.000 0.393
1570.000 0.397
1575.000 0.397
1580.000 0.404
1585.000 0.409
1590.000 0.411
1595.000 0.420
1600.000 0.417
1605.000 0.427
1610.000 0.430
1615.000 0.431
1620.000 0.438
1625.000 0.443
1630.000 0.452
1635.000 0.455
1640.000 0.460
1645.000 0.463
1650.000 0.469
1655.000 0.465
1660.000 0.481
1665.000 0.489
1670.000 0.495
1675.000 0.503
1680.000 0.512
1685.000 0.519
1690.000 0.534
1695.000 0.534
1700.000 0.538
1705.000 0.546
1710.000 0.559
1715.000 0.562
1720.000 0.574
1725.000 0.580
1730.000 0.592
1735.000 0.606
1740.000 0.610
1745.000 0.622
1750.000 0.632
1755.000 0.644
1760.000 0.649
1765.000 0.663
1770.000 0.679
1775.000 0.685
1780.000 0.708
1785.000 0.712
1790.000 0.725
1795.000 0.737
1800.000 0.748
1805.000 0.760
1810.000 0.769
1815.000 0.781
1820.000 0.784
1825.000 0.794
1830.000 0.804
1835.000 0.811
1840.000 0.820
1845.000 0.832
1850.000 0.841
1855.000 0.840
1860.000 0.843
1865.000 0.846
1870.000 0.850
1875.000 0.860
1880.000 0.854
1885.000 0.855
1890.000 0.853
1895.000 0.858
1900.000 0.849
1905.000 0.854
1910.000 0.847
1915.000 0.845
1920.000 0.846
1925.000 0.840
1930.000 0.832
1935.000 0.827
1940.000 0.817
1945.000 0.817
1950.000 0.806
1955.000 0.810
1960.000 0.789
1965.000 0.790
1970.000 0.788
1975.000 0.782
1980.000 0.778
1985.000 0.764
1990.000 0.769
1995.000 0.757
2000.000 0.753
2005.000 0.739
2010.000 0.739
2015.000 0.722
2020.000 0.729
2025.000 0.710
2030.000 0.716
2035.000 0.702
2040.000 0.697
2045.000 0.685
2050.000 0.688
2055.000 0.679
2060.000 0.676
2065.000 0.667
2070.000 0.664
2075.000 0.665
2080.000 0.662
2085.000 0.653
2090.000 0.651
2095.000 0.649
2100.000 0.643
2105.000 0.646
2110.000 0.637
2115.000 0.634
2120.000 0.627
2125.000 0.631
2130.000 0.624
2135.000 0.629
2140.000 0.620
2145.000 0.624
2150.000 0.622
2155.000 0.614
2160.000 0.621
2165.000 0.617
2170.000 0.617
2175.000 0.626
2180.000 0.623
2185.000 0.627
2190.000 0.628
2195.000 0.637
2200.000 0.634
2205.000 0.643
2210.000 0.648
2215.000 0.657
2220.000 0.663
2225.000 0.669
2230.000 0.684
2235.000 0.695
2240.000 0.703
2245.000 0.708
2250.000 0.728
2255.000 0.757
2260.000 0.772
2265.000 0.792
2270.000 0.817
2275.000 0.847
2280.000 0.903
2285.000 0.928
2290.000 0.956
2295.000 0.948
2300.000 0.865
2305.000 0.758
2310.000 1.777
2315.000 10.813
2320.000 21.348
2325.000 12.620
2330.000 4.470
2335.000 1.875
2340.000 1.212
2345.000 0.742
2350.000 0.490
2355.000 0.333
2360.000 0.236
2365.000 0.201
2370.000 0.150
2375.000 0.120
2380.000 0.101
2385.000 0.093
2390.000 0.093
2395.000 0.094
2400.000 0.099
2405.000 0.104
2410.000 0.109
2415.000 0.115
2420.000 0.122
2425.000 0.127
2430.000 0.129
2435.000 0.133
2440.000 0.139
2445.000 0.141
2450.000 0.145
2455.000 0.150
2460.000 0.153
2465.000 0.158
2470.000 0.161
2475.000 0.161
2480.000 0.165
2485.000 0.166
2490.000 0.169
2495.000 0.171
2500.000 0.173
2505.000 0.176
2510.000 0.178
2515.000 0.179
2520.000 0.181
2525.000 0.185
2530.000 0.187
2535.000 0.191
2540.000 0.189
2545.000 0.196
2550.000 0.214
2555.000 0.219
2560.000 0.273
2565.000 0.333
2570.000 0.306
2575.000 0.285
2580.000 0.266
2585.000 0.250
2590.000 0.240
2595.000 0.234
2600.000 0.226
2605.000 0.223
2610.000 0.220
2615.000 0.218
2620.000 0.216
2625.000 0.218
2630.000 0.216
2635.000 0.220
2640.000 0.219
2645.000 0.221
2650.000 0.222
2655.000 0.224
2660.000 0.225
2665.000 0.226
2670.000 0.228
2675.000 0.230
2680.000 0.231
2685.000 0.232
2690.000 0.235
2695.000 0.238
2700.000 0.238
2705.000 0.242
2710.000 0.243
2715.000 0.249
2720.000 0.250
2725.000 0.253
2730.000 0.732
2735.000 0.663
2740.000 0.559
2745.000 0.478
2750.000 0.429
2755.000 0.385
2760.000 0.354
2765.000 0.335
2770.000 0.320
2775.000 0.311
2780.000 0.298
2785.000 0.290
2790.000 0.295
2795.000 0.292
2800.000 0.288
2805.000 0.287
2810.000 0.287
2815.000 0.291
2820.000 0.291
2825.000 0.294
2830.000 0.297
2835.000 0.299
2840.000 0.303
2845.000 0.309
2850.000 0.312
2855.000 0.438
2860.000 0.460
2865.000 0.596
2870.000 0.528
2875.000 0.474
2880.000 0.440
2885.000 0.415
2890.000 0.410
2895.000 0.392
2900.000 0.381
2905.000 0.375
2910.000 0.377
2915.000 0.374
2920.000 0.372
2925.000 0.373
2930.000 0.409
2935.000 0.397
2940.000 0.383
2945.000 0.381
2950.000 0.381
2955.000 0.384
2960.000 0.386
2965.000 0.385
2970.000 0.379
2975.000 0.378
2980.000 0.380
2985.000 0.384
2990.000 0.383
2995.000 0.385
3000.000 0.384
3005.000 0.387
3010.000 0.389
3015.000 0.384
3020.000 0.397
3025.000 0.400
3030.000 0.392
3035.000 0.400
3040.000 0.398
3045.000 0.399
3050.000 0.396
3055.000 0.400
3060.000 0.401
3065.000 0.773
3070.000 0.929
3075.000 0.778
3080.000 0.665
3085.000 0.592
3090.000 0.539
3095.000 0.518
3100.000 0.484
3105.000 0.463
3110.000 0.449
3115.000 0.439
3120.000 0.430
3125.000 0.424
3130.000 0.423
3135.000 0.418
3140.000 0.418
3145.000 0.415
3150.000 0.413
3155.000 0.414
3160.000 0.414
3165.000 0.415
3170.000 0.415
3175.000 0.420
3180.000 0.433
3185.000 0.427
3190.000 0.431
3195.000 0.426
3200.000 0.424
3205.000 0.424
3210.000 0.423
3215.000 0.424
3220.000 0.424
3225.000 0.423
3230.000 0.422
3235.000 0.425
3240.000 0.426
3245.000 0.428
3250.000 0.428
3255.000 0.430
3260.000 0.428
3265.000 0.434
3270.000 0.435
3275.000 0.434
3280.000 0.437
3285.000 0.439
3290.000 0.439
3295.000 0.442
3300.000 0.444
3305.000 0.446
3310.000 0.450
3315.000 0.451
3320.000 0.456
3325.000 0.460
3330.000 0.462
3335.000 0.462
3340.000 0.463
3345.000 0.466
3350.000 0.469
3355.000 0.475
3360.000 0.477
3365.000 0.481
3370.000 0.486
3375.000 0.487
3380.000 0.494
3385.000 0.498
3390.000 0.501
3395.000 0.509
3400.000 0.515
3405.000 0.517
3410.000 0.526
3415.000 0.532
3420.000 0.536
3425.000 0.541
3430.000 0.548
3435.000 0.552
3440.000 0.557
3445.000 0.564
3450.000 0.576
3455.000 0.587
3460.000 0.595
3465.000 0.597
3470.000 0.609
3475.000 0.619
3480.000 0.631
3485.000 0.654
3490.000 0.667
3495.000 0.677
3500.000 0.691
3505.000 0.706
3510.000 0.725
3515.000 0.743
3520.000 0.757
3525.000 0.775
3530.000 0.804
3535.000 0.827
3540.000 0.852
3545.000 0.875
3550.000 0.894
3555.000 0.919
3560.000 0.944
3565.000 0.973
3570.000 1.002
3575.000 1.036
3580.000 1.069
3585.000 1.088
3590.000 1.130
3595.000 1.171
3600.000 1.230
3605.000 1.276
3610.000 1.341
3615.000 1.405
3620.000 1.482
3625.000 1.570
3630.000 1.663
3635.000 1.777
3640.000 1.913
3645.000 2.012
3650.000 2.205
3655.000 2.459
3660.000 2.783
3665.000 3.235
3670.000 3.882
3675.000 4.827
3680.000 6.331
3685.000 8.621
3690.000 12.132
3695.000 17.028
3700.000 22.871
3705.000 27.008
3710.000 25.968
3715.000 11.598
3720.000 15.898
3725.000 9.899
3730.000 6.856
3735.000 5.074
3740.000 3.972
3745.000 3.222
3750.000 2.707
3755.000 2.328
3760.000 2.036
3765.000 1.908
3770.000 1.690
3775.000 1.510
3780.000 1.360
3785.000 1.238
3790.000 1.140
3795.000 1.049
3800.000 0.978
3805.000 0.914
3810.000 0.861
3815.000 0.810
3820.000 0.771
3825.000 0.752
3830.000 0.722
3835.000 0.691
3840.000 0.662
3845.000 0.637
3850.000 0.614
3855.000 1.030
3860.000 0.917
3865.000 0.833
3870.000 0.761
3875.000 0.696
3880.000 0.644
3885.000 0.592
3890.000 0.575
3895.000 0.545
3900.000 0.518
3905.000 0.495
3910.000 0.490
3915.000 0.690
3920.000 0.617
3925.000 0.569
3930.000 0.530
3935.000 0.495
3940.000 0.472
3945.000 0.452
3950.000 0.440
3955.000 0.420
3960.000 0.413
3965.000 0.401
3970.000 0.386
3975.000 0.383
3980.000 0.372
3985.000 0.368
3990.000 0.361
3995.000 0.356
4000.000 0.357
4005.000 0.352
4010.000 0.346
4015.000 0.347
4020.000 0.347
4025.000 0.346
4030.000 0.338
4035.000 0.333
4040.000 0.327
4045.000 0.329
4050.000 0.329
4055.000 0.330
4060.000 0.327
4065.000 0.321
4070.000 0.322
4075.000 0.321
4080.000 0.318
4085.000 0.318
4090.000 0.317
4095.000 0.317
4100.000 0.316
4105.000 0.315
4110.000 0.314
4115.000 0.312
4120.000 0.312
4125.000 0.309
4130.000 0.311
4135.000 0.308
4140.000 0.308
4145.000 0.306
4150.000 0.305
4155.000 0.304
4160.000 0.302
4165.000 0.300
4170.000 0.299
4175.000 0.294
4180.000 0.296
4185.000 0.293
4190.000 0.294
4195.000 0.292
4200.000 0.289
4205.000 0.288
4210.000 0.285
4215.000 0.281
4220.000 0.279
4225.000 0.276
4230.000 0.274
4235.000 0.272
4240.000 0.269
4245.000 0.269
4250.000 0.267
4255.000 0.265
4260.000 0.262
4265.000 0.261
4270.000 0.260
4275.000 0.261
4280.000 0.259
4285.000 0.259
4290.000 0.259
4295.000 0.258
4300.000 0.258
4305.000 0.257
4310.000 0.257
4315.000 0.258
4320.000 0.258
4325.000 0.258
4330.000 0.256
4335.000 0.258
4340.000 0.256
4345.000 0.258
4350.000 0.258
4355.000 0.258
4360.000 0.259
4365.000 0.259
4370.000 0.258
4375.000 0.258
4380.000 0.260
4385.000 0.258
4390.000 0.257
4395.000 0.260
4400.000 0.258
4405.000 0.260
4410.000 0.261
4415.000 0.261
4420.000 0.261
4425.000 0.260
4430.000 0.261
4435.000 0.261
4440.000 0.260
4445.000 0.261
4450.000 0.262
4455.000 0.263
4460.000 0.263
4465.000 0.261
4470.000 0.262
4475.000 0.263
4480.000 0.263
4485.000 0.263
4490.000 0.265
4495.000 0.265
4500.000 0.264
4505.000 0.264
4510.000 0.266
4515.000 0.264
4520.000 0.267
4525.000 0.267
4530.000 0.267
4535.000 0.269
4540.000 0.269
4545.000 0.270
4550.000 0.270
4555.000 0.271
4560.000 0.272
4565.000 0.272
4570.000 0.274
4575.000 0.275
4580.000 0.275
4585.000 0.274
4590.000 0.277
4595.000 0.277
4600.000 0.280
4605.000 0.280
4610.000 0.280
4615.000 0.282
4620.000 0.281
4625.000 0.283
4630.000 0.284
4635.000 0.285
4640.000 0.287
4645.000 0.287
4650.000 0.289
4655.000 0.291
4660.000 0.291
4665.000 0.295
4670.000 0.296
4675.000 0.296
4680.000 0.297
4685.000 0.300
4690.000 0.301
4695.000 0.303
4700.000 0.304
4705.000 0.308
4710.000 0.310
4715.000 0.314
4720.000 0.316
4725.000 0.322
4730.000 0.322
4735.000 0.322
4740.000 0.326
4745.000 0.332
4750.000 0.334
4755.000 0.340
4760.000 0.344
4765.000 0.348
4770.000 0.357
4775.000 0.361
4780.000 0.366
4785.000 0.375
4790.000 0.381
4795.000 0.390
4800.000 0.396
4805.000 0.406
4810.000 0.415
4815.000 0.429
4820.000 0.441
4825.000 0.452
4830.000 0.462
4835.000 0.471
4840.000 0.482
4845.000 0.492
4850.000 0.504
4855.000 0.516
4860.000 0.522
4865.000 0.542
4870.000 0.557
4875.000 0.576
4880.000 0.593
4885.000 0.616
4890.000 0.646
4895.000 0.674
4900.000 0.709
4905.000 0.745
4910.000 0.810
4915.000 0.865
4920.000 0.913
4925.000 0.948
4930.000 1.016
4935.000 1.118
4940.000 1.237
4945.000 1.423
4950.000 1.671
4955.000 1.995
4960.000 2.530
4965.000 3.372
4970.000 4.889
4975.000 7.581
4980.000 9.493
4985.000 13.882
4990.000 8.894
4995.000 10.444
5000.000 12.052
5005.000 20.424
5010.000 18.582
5015.000 9.230
5020.000 6.376
5025.000 4.617
5030.000 3.443
5035.000 2.710
5040.000 2.448
5045.000 2.030
5050.000 1.741
5055.000 1.524
5060.000 1.347
5065.000 1.203
5070.000 1.094
5075.000 1.007
5080.000 0.928
5085.000 0.864
5090.000 0.813
5095.000 0.762
5100.000 0.725
5105.000 0.705
5110.000 0.670
5115.000 0.639
5120.000 0.615
5125.000 0.595
5130.000 0.573
5135.000 0.554
5140.000 0.535
5145.000 0.521
5150.000 0.507
5155.000 0.495
5160.000 0.484
5165.000 0.477
5170.000 0.468
5175.000 0.458
5180.000 0.450
5185.000 0.441
5190.000 0.434
5195.000 0.427
5200.000 0.422
5205.000 0.417
5210.000 0.409
5215.000 0.403
5220.000 0.399
5225.000 0.395
5230.000 0.393
5235.000 0.386
5240.000 0.382
5245.000 0.375
5250.000 0.374
5255.000 0.372
5260.000 0.367
5265.000 0.364
5270.000 0.361
5275.000 0.357
5280.000 0.357
5285.000 0.353
5290.000 0.349
5295.000 0.348
5300.000 0.345
5305.000 0.341
5310.000 0.339
5315.000 0.336
5320.000 0.333
5325.000 0.333
5330.000 0.327
5335.000 0.325
5340.000 0.323
5345.000 0.322
5350.000 0.320
5355.000 0.318
5360.000 0.314
5365.000 0.312
5370.000 0.312
5375.000 0.308
5380.000 0.306
5385.000 0.303
5390.000 0.302
5395.000 0.300
5400.000 0.297
5405.000 0.295
5410.000 0.294
5415.000 0.294
5420.000 0.290
5425.000 0.289
5430.000 0.286
5435.000 0.286
5440.000 0.284
5445.000 0.283
5450.000 0.280
5455.000 0.281
5460.000 0.278
5465.000 0.277
5470.000 0.276
5475.000 0.277
5480.000 0.275
5485.000 0.272
5490.000 0.273
5495.000 0.271
5500.000 0.272
5505.000 0.269
5510.000 0.268
5515.000 0.268
5520.000 0.271
5525.000 0.272
5530.000 0.272
5535.000 0.269
5540.000 0.266
5545.000 0.267
5550.000 0.265
5555.000 0.265
5560.000 0.264
5565.000 0.262
5570.000 0.264
5575.000 0.264
5580.000 0.263
5585.000 0.264
5590.000 0.265
5595.000 0.263
5600.000 0.264
5605.000 0.264
5610.000 0.262
5615.000 0.264
5620.000 0.263
5625.000 0.272
5630.000 0.276
5635.000 0.277
5640.000 0.278
5645.000 0.280
5650.000 0.277
5655.000 0.274
5660.000 0.274
5665.000 0.272
5670.000 0.271
5675.000 0.271
5680.000 0.270
5685.000 0.270
5690.000 0.270
5695.000 0.270
5700.000 0.270
5705.000 0.270
5710.000 0.270
5715.000 0.271
5720.000 0.273
5725.000 0.272
5730.000 0.274
5735.000 0.274
5740.000 0.276
5745.000 0.277
5750.000 0.278
5755.000 0.278
5760.000 0.280
5765.000 0.281
5770.000 0.282
5775.000 0.284
5780.000 0.284
5785.000 0.287
5790.000 0.287
5795.000 0.289
5800.000 0.290
5805.000 0.291
5810.000 0.293
5815.000 0.295
5820.000 0.295
5825.000 0.299
5830.000 0.299
5835.000 0.300
5840.000 0.301
5845.000 0.306
5850.000 0.307
5855.000 0.305
5860.000 0.309
5865.000 0.313
5870.000 0.315
5875.000 0.318
5880.000 0.320
5885.000 0.320
5890.000 0.326
5895.000 0.326
5900.000 0.329
5905.000 0.330
5910.000 0.336
5915.000 0.338
5920.000 0.340
5925.000 0.345
5930.000 0.347
5935.000 0.353
5940.000 0.354
5945.000 0.359
5950.000 0.365
5955.000 0.371
5960.000 0.372
5965.000 0.376
5970.000 0.388
5975.000 0.390
5980.000 0.400
5985.000 0.407
5990.000 0.416
5995.000 0.428
6000.000 0.431
6005.000 0.450
6010.000 0.460
6015.000 0.468
6020.000 0.462
6025.000 0.479
6030.000 0.490
6035.000 0.520
6040.000 0.534
6045.000 0.555
6050.000 0.561
6055.000 0.577
6060.000 0.588
6065.000 0.604
6070.000 0.613
6075.000 0.625
6080.000 0.644
6085.000 0.663
6090.000 0.683
6095.000 0.702
6100.000 0.730
6105.000 0.755
6110.000 0.783
6115.000 0.814
6120.000 0.848
6125.000 0.892
6130.000 0.933
6135.000 0.976
6140.000 0.997
6145.000 1.048
6150.000 1.101
6155.000 1.167
6160.000 1.236
6165.000 1.314
6170.000 1.403
6175.000 1.508
6180.000 1.639
6185.000 1.796
6190.000 2.002
6195.000 2.277
6200.000 2.460
6205.000 2.891
6210.000 3.499
6215.000 4.394
6220.000 5.712
6225.000 7.661
6230.000 10.374
6235.000 13.814
6240.000 17.394
6245.000 20.186
6250.000 20.233
6255.000 16.665
6260.000 14.995
6265.000 10.914
6270.000 7.810
6275.000 5.716
6280.000 4.368
6285.000 3.454
6290.000 2.782
6295.000 2.298
6300.000 1.935
6305.000 1.660
6310.000 1.413
6315.000 1.232
6320.000 1.150
6325.000 1.009
6330.000 0.915
6335.000 0.836
6340.000 0.777
6345.000 0.731
6350.000 0.690
6355.000 0.656
6360.000 0.626
6365.000 0.605
6370.000 0.583
6375.000 0.563
6380.000 0.548
6385.000 0.539
6390.000 0.526
6395.000 0.510
6400.000 0.501
6405.000 0.490
6410.000 0.483
6415.000 0.470
6420.000 0.459
6425.000 0.452
6430.000 0.444
6435.000 0.438
6440.000 0.432
6445.000 0.430
6450.000 0.426
6455.000 0.416
6460.000 0.415
6465.000 0.409
6470.000 0.407
6475.000 0.404
6480.000 0.401
6485.000 0.398
6490.000 0.396
6495.000 0.395
6500.000 0.394
6505.000 0.392
6510.000 0.395
6515.000 0.394
6520.000 0.396
6525.000 0.398
6530.000 0.402
6535.000 0.405
6540.000 0.414
6545.000 0.425
6550.000 0.439
6555.000 0.461
6560.000 0.493
6565.000 0.515
6570.000 0.582
6575.000 0.716
6580.000 1.023
6585.000 1.297
6590.000 0.479
6595.000 8.908
6600.000 1.067
6605.000 1.448
6610.000 0.635
6615.000 0.461
6620.000 0.338
6625.000 0.339
6630.000 0.315
6635.000 0.299
6640.000 0.290
6645.000 0.278
6650.000 0.272
6655.000 0.266
6660.000 0.263
6665.000 0.261
6670.000 0.259
6675.000 0.258
6680.000 0.256
6685.000 0.255
6690.000 0.255
6695.000 0.254
6700.000 0.249
6705.000 0.253
6710.000 0.251
6715.000 0.250
6720.000 0.250
6725.000 0.250
6730.000 0.249
6735.000 0.248
6740.000 0.249
6745.000 0.248
6750.000 0.248
6755.000 0.250
6760.000 0.248
6765.000 0.250
6770.000 0.247
6775.000 0.248
6780.000 0.249
6785.000 0.248
6790.000 0.248
6795.000 0.249
6800.000 0.247
6805.000 0.248
6810.000 0.246
6815.000 0.247
6820.000 0.247
6825.000 0.247
6830.000 0.246
6835.000 0.246
6840.000 0.252
6845.000 0.253
6850.000 0.253
6855.000 0.250
6860.000 0.250
6865.000 0.248
6870.000 0.249
6875.000 0.249
6880.000 0.247
6885.000 0.247
6890.000 0.245
6895.000 0.247
6900.000 0.246
6905.000 0.246
6910.000 0.244
6915.000 0.244
6920.000 0.243
6925.000 0.243
6930.000 0.245
6935.000 0.243
6940.000 0.244
6945.000 0.244
6950.000 0.251
6955.000 0.252
6960.000 0.250
6965.000 0.250
6970.000 0.244
6975.000 0.245
6980.000 0.243
6985.000 0.241
6990.000 0.248
6995.000 0.248
7000.000 0.245
7005.000 0.274
7010.000 0.266
7015.000 0.262
7020.000 0.255
7025.000 0.249
7030.000 0.251
7035.000 0.247
7040.000 0.249
7045.000 0.245
7050.000 0.246
7055.000 0.248
7060.000 0.249
7065.000 0.246
7070.000 0.248
7075.000 0.248
7080.000 0.249
7085.000 0.249
7090.000 0.249
7095.000 0.248
7100.000 0.251
7105.000 0.251
7110.000 0.250
7115.000 0.252
7120.000 0.248
7125.000 0.252
7130.000 0.253
7135.000 0.253
7140.000 0.256
7145.000 0.255
7150.000 0.257
7155.000 0.259
7160.000 0.261
7165.000 0.261
7170.000 0.265
7175.000 0.265
7180.000 0.265
7185.000 0.270
7190.000 0.270
7195.000 0.272
7200.000 0.275
7205.000 0.277
7210.000 0.279
7215.000 0.284
7220.000 0.288
7225.000 0.324
7230.000 0.323
7235.000 0.322
7240.000 0.319
7245.000 0.318
7250.000 0.320
7255.000 0.322
7260.000 0.329
7265.000 0.333
7270.000 0.339
7275.000 0.347
7280.000 0.354
7285.000 0.367
7290.000 0.398
7295.000 0.401
7300.000 0.411
7305.000 0.422
7310.000 0.442
7315.000 0.463
7320.000 0.503
7325.000 0.523
7330.000 0.544
7335.000 0.570
7340.000 0.605
7345.000 0.646
7350.000 0.680
7355.000 0.706
7360.000 0.772
7365.000 0.860
7370.000 0.897
7375.000 0.940
7380.000 0.994
7385.000 1.070
7390.000 1.155
7395.000 1.235
7400.000 1.343
7405.000 1.484
7410.000 1.663
7415.000 1.915
7420.000 2.062
7425.000 2.459
7430.000 2.978
7435.000 3.750
7440.000 4.887
7445.000 6.416
7450.000 8.460
7455.000 10.982
7460.000 13.364
7465.000 14.287
7470.000 12.048
7475.000 10.062
7480.000 6.729
7485.000 4.486
7490.000 3.178
7495.000 3.122
7500.000 2.676
7505.000 2.321
7510.000 2.037
7515.000 1.818
7520.000 1.674
7525.000 1.552
7530.000 1.452
7535.000 1.408
7540.000 1.332
7545.000 1.256
7550.000 1.189
7555.000 1.114
7560.000 1.044
7565.000 0.986
7570.000 0.931
7575.000 0.889
7580.000 0.851
7585.000 0.818
7590.000 0.787
7595.000 0.759
7600.000 0.748
7605.000 0.723
7610.000 0.702
7615.000 0.680
7620.000 0.663
7625.000 0.646
7630.000 0.626
7635.000 0.613
7640.000 0.600
7645.000 0.586
7650.000 0.576
7655.000 0.565
7660.000 0.561
7665.000 0.549
7670.000 0.541
7675.000 0.529
7680.000 0.523
7685.000 0.513
7690.000 0.504
7695.000 0.500
7700.000 0.493
7705.000 0.486
7710.000 0.481
7715.000 0.476
7720.000 0.471
7725.000 0.466
7730.000 0.461
7735.000 0.453
7740.000 0.449
7745.000 0.444
7750.000 0.440
7755.000 0.434
7760.000 0.428
7765.000 0.423
7770.000 0.420
7775.000 0.417
7780.000 0.417
7785.000 0.410
7790.000 0.411
7795.000 0.404
7800.000 0.400
7805.000 0.394
7810.000 0.392
7815.000 0.389
7820.000 0.384
7825.000 0.379
7830.000 0.376
7835.000 0.374
7840.000 0.373
7845.000 0.368
7850.000 0.365
7855.000 0.362
7860.000 0.355
7865.000 0.354
7870.000 0.351
7875.000 0.346
7880.000 0.342
7885.000 0.340
7890.000 0.335
7895.000 0.333
7900.000 0.326
7905.000 0.327
7910.000 0.322
7915.000 0.318
7920.000 0.313
7925.000 0.307
7930.000 0.300
7935.000 0.294
7940.000 0.292
7945.000 0.285
7950.000 0.280
7955.000 0.276
7960.000 0.270
7965.000 0.261
7970.000 0.254
7975.000 0.246
7980.000 0.237
7985.000 0.230
7990.000 0.218
7995.000 0.207
8000.000 0.304
8005.000 0.389
8010.000 0.335
8015.000 0.286
8020.000 0.250
8025.000 0.229
8030.000 0.214
8035.000 0.221
8040.000 0.255
8045.000 0.332
8050.000 0.470
8055.000 0.735
8060.000 1.506
8065.000 3.567
8070.000 6.774
8075.000 10.928
8080.000 9.984
8085.000 4.037
8090.000 5.067
8095.000 1.748
8100.000 1.768
8105.000 1.513
8110.000 1.295
8115.000 1.097
8120.000 0.941
8125.000 0.842
8130.000 0.772
8135.000 0.722
8140.000 0.682
8145.000 0.644
8150.000 0.629
8155.000 0.604
8160.000 0.583
8165.000 0.564
8170.000 0.548
8175.000 0.535
8180.000 0.522
8185.000 0.513
8190.000 0.506
8195.000 0.498
8200.000 0.491
8205.000 0.488
8210.000 0.482
8215.000 0.477
8220.000 0.475
8225.000 0.468
8230.000 0.466
8235.000 0.462
8240.000 0.459
8245.000 0.457
8250.000 0.455
8255.000 0.453
8260.000 0.451
8265.000 0.449
8270.000 0.447
8275.000 0.445
8280.000 0.442
8285.000 0.441
8290.000 0.441
8295.000 0.441
8300.000 0.439
8305.000 0.438
8310.000 0.438
8315.000 0.436
8320.000 0.434
8325.000 0.435
8330.000 0.434
8335.000 0.434
8340.000 0.432
8345.000 0.432
8350.000 0.433
8355.000 0.432
8360.000 0.431
8365.000 0.431
8370.000 0.432
8375.000 0.430
8380.000 0.429
8385.000 0.430
8390.000 0.430
8395.000 0.426
8400.000 0.426
8405.000 0.425
8410.000 0.426
8415.000 0.423
8420.000 0.427
8425.000 0.425
8430.000 0.425
8435.000 0.424
8440.000 0.425
8445.000 0.425
8450.000 0.426
8455.000 0.428
8460.000 0.427
8465.000 0.429
8470.000 0.429
8475.000 0.429
8480.000 0.435
8485.000 0.437
8490.000 0.442
8495.000 0.447
8500.000 0.454
8505.000 0.464
8510.000 0.471
8515.000 0.486
8520.000 0.508
8525.000 0.535
8530.000 0.583
8535.000 0.657
8540.000 0.793
8545.000 1.083
8550.000 1.771
8555.000 3.486
8560.000 6.166
8565.000 7.148
8570.000 4.631
8575.000 2.120
8580.000 1.137
8585.000 0.471
8590.000 0.499
8595.000 0.414
8600.000 0.369
8605.000 0.376
8610.000 0.396
8615.000 0.431
8620.000 0.493
8625.000 0.602
8630.000 0.802
8635.000 0.953
8640.000 1.425
8645.000 2.182
8650.000 3.143
8655.000 4.177
8660.000 5.063
8665.000 5.487
8670.000 5.240
8675.000 4.482
8680.000 3.688
8685.000 3.025
8690.000 2.750
8695.000 2.207
8700.000 1.552
8705.000 0.886
8710.000 0.307
8715.000 0.202
8720.000 0.454
8725.000 0.643
8730.000 0.773
8735.000 0.866
8740.000 0.895
8745.000 0.910
8750.000 0.911
8755.000 0.902
8760.000 0.884
8765.000 0.858
8770.000 0.833
8775.000 0.808
8780.000 0.787
8785.000 0.762
8790.000 0.736
8795.000 0.720
8800.000 0.708
8805.000 0.702
8810.000 0.702
8815.000 0.707
8820.000 0.717
8825.000 0.728
8830.000 0.719
8835.000 0.708
8840.000 0.722
8845.000 0.694
8850.000 0.689
8855.000 0.685
8860.000 0.679
8865.000 0.673
8870.000 0.667
8875.000 0.668
8880.000 0.664
8885.000 0.664
8890.000 0.658
8895.000 0.659
8900.000 0.656
8905.000 0.657
8910.000 0.645
8915.000 0.645
8920.000 0.643
8925.000 0.645
8930.000 0.645
8935.000 0.649
8940.000 0.641
8945.000 0.639
8950.000 0.637
8955.000 0.642
8960.000 0.638
8965.000 0.638
8970.000 0.634
8975.000 0.638
8980.000 0.638
8985.000 0.637
8990.000 0.629
8995.000 0.638
9000.000 0.635
9005.000 0.632
9010.000 0.628
9015.000 0.636
9020.000 0.627
9025.000 0.631
9030.000 0.631
9035.000 0.636
9040.000 0.633
9045.000 0.632
9050.000 0.624
9055.000 0.627
9060.000 0.625
9065.000 0.628
9070.000 0.630
9075.000 0.628
9080.000 0.627
9085.000 0.626
9090.000 0.625
9095.000 0.631
9100.000 0.631
9105.000 0.627
9110.000 0.630
9115.000 0.628
9120.000 0.631
9125.000 0.625
9130.000 0.628
9135.000 0.631
9140.000 0.630
9145.000 0.630
9150.000 0.629
9155.000 0.631
9160.000 0.630
9165.000 0.633
9170.000 0.638
9175.000 0.636
9180.000 0.639
9185.000 0.636
9190.000 0.639
9195.000 0.638
9200.000 0.641
9205.000 0.644
9210.000 0.645
9215.000 0.646
9220.000 0.650
9225.000 0.654
9230.000 0.653
9235.000 0.651
9240.000 0.650
9245.000 0.653
9250.000 0.654
9255.000 0.656
9260.000 0.656
9265.000 0.657
9270.000 0.657
9275.000 0.662
9280.000 0.666
9285.000 0.670
9290.000 0.672
9295.000 0.676
9300.000 0.677
9305.000 0.676
9310.000 0.680
9315.000 0.685
9320.000 0.690
9325.000 0.692
9330.000 0.699
9335.000 0.701
9340.000 0.702
9345.000 0.711
9350.000 0.714
9355.000 0.718
9360.000 0.724
9365.000 0.727
9370.000 0.730
9375.000 0.734
9380.000 0.742
9385.000 0.751
9390.000 0.762
9395.000 0.770
9400.000 0.775
9405.000 0.787
9410.000 0.796
9415.000 0.815
9420.000 0.818
9425.000 0.832
9430.000 0.847
9435.000 0.873
9440.000 0.892
9445.000 0.916
9450.000 0.948
9455.000 0.982
9460.000 1.032
9465.000 1.089
9470.000 1.161
9475.000 1.274
9480.000 1.348
9485.000 1.593
9490.000 2.046
9495.000 2.941
9500.000 3.987
9505.000 3.217
9510.000 2.889
9515.000 3.236
9520.000 0.647
9525.000 0.161
9530.000 0.217
9535.000 0.225
9540.000 0.271
9545.000 0.294
9550.000 0.337
9555.000 0.381
9560.000 0.418
9565.000 0.452
9570.000 0.478
9575.000 0.507
9580.000 0.539
9585.000 0.552
9590.000 0.567
9595.000 0.574
9600.000 0.586
9605.000 0.590
9610.000 0.599
9615.000 0.612
9620.000 0.629
9625.000 0.640
9630.000 0.652
9635.000 0.666
9640.000 0.675
9645.000 0.689
9650.000 0.704
9655.000 0.716
9660.000 0.727
9665.000 0.740
9670.000 0.755
9675.000 0.763
9680.000 0.780
9685.000 0.797
9690.000 0.810
9695.000 0.837
9700.000 0.856
9705.000 0.876
9710.000 0.895
9715.000 0.918
9720.000 0.944
9725.000 0.953
9730.000 0.985
9735.000 1.012
9740.000 1.050
9745.000 1.080
9750.000 1.124
9755.000 1.177
9760.000 1.218
9765.000 1.278
9770.000 1.336
9775.000 1.411
9780.000 1.504
9785.000 1.548
9790.000 1.654
9795.000 1.792
9800.000 1.966
9805.000 2.186
9810.000 2.454
9815.000 2.933
9820.000 3.504
9825.000 4.215
9830.000 5.009
9835.000 5.609
9840.000 5.554
9845.000 4.775
9850.000 4.253
9855.000 3.254
9860.000 2.468
9865.000 1.909
9870.000 1.513
9875.000 1.233
9880.000 1.023
9885.000 0.857
9890.000 0.741
9895.000 0.662
9900.000 0.603
9905.000 0.543
9910.000 0.469
9915.000 0.444
9920.000 0.395
9925.000 0.351
9930.000 0.309
9935.000 0.271
9940.000 0.238
9945.000 0.208
9950.000 0.181
9955.000 0.159
9960.000 0.139
9965.000 0.120
9970.000 0.115
9975.000 0.098
9980.000 0.087
9985.000 0.075
9990.000 0.068
9995.000 0.060
10000.000 0.053
