105.000 0.014
110.000 0.824
115.000 2.482
120.000 2.874
125.000 3.268
130.000 3.455
135.000 3.619
140.000 3.668
145.000 3.725
150.000 3.694
155.000 3.621
160.000 3.524
165.000 3.450
170.000 3.420
175.000 3.402
180.000 3.449
185.000 3.349
190.000 3.514
195.000 3.453
200.000 3.502
205.000 3.589
210.000 3.572
215.000 3.680
220.000 3.705
225.000 3.768
230.000 3.876
235.000 3.972
240.000 4.009
245.000 4.124
250.000 4.143
255.000 4.195
260.000 4.248
265.000 4.375
270.000 4.399
275.000 4.384
280.000 4.458
285.000 4.519
290.000 4.613
295.000 4.686
300.000 4.639
305.000 4.673
310.000 4.687
315.000 4.747
320.000 4.706
325.000 4.842
330.000 4.956
335.000 5.016
340.000 5.132
345.000 5.329
350.000 5.537
355.000 5.740
360.000 6.058
365.000 6.325
370.000 6.662
375.000 6.991
380.000 7.318
385.000 7.657
390.000 7.962
395.000 8.286
400.000 8.402
405.000 8.617
410.000 8.731
415.000 8.703
420.000 8.599
425.000 8.234
430.000 7.733
435.000 6.913
440.000 6.050
445.000 5.248
450.000 4.504
455.000 4.193
460.000 3.612
465.000 3.157
470.000 2.776
475.000 2.489
480.000 2.304
485.000 2.186
490.000 2.051
495.000 1.925
500.000 1.870
505.000 1.722
510.000 1.615
515.000 1.576
520.000 1.489
525.000 1.436
530.000 1.381
535.000 1.311
540.000 1.243
545.000 1.183
550.000 1.138
555.000 1.080
560.000 1.017
565.000 0.962
570.000 0.914
575.000 0.866
580.000 0.822
585.000 0.800
590.000 0.754
595.000 0.734
600.000 0.722
605.000 0.692
610.000 0.674
615.000 0.644
620.000 0.621
625.000 0.609
630.000 0.597
635.000 0.577
640.000 0.566
645.000 0.548
650.000 0.541
655.000 0.532
660.000 0.520
665.000 0.508
670.000 0.487
675.000 0.483
680.000 0.475
685.000 0.467
690.000 0.443
695.000 0.446
700.000 0.437
705.000 0.434
710.000 0.423
715.000 0.417
720.000 0.414
725.000 0.407
730.000 0.399
735.000 0.385
740.000 0.394
745.000 0.390
750.000 0.380
755.000 0.379
760.000 0.370
765.000 0.370
770.000 0.363
775.000 0.366
780.000 0.366
785.000 0.357
790.000 0.362
795.000 0.357
800.000 0.356
805.000 0.360
810.000 0.351
815.000 0.341
820.000 0.342
825.000 0.338
830.000 0.344
835.000 0.336
840.000 0.330
845.000 0.335
850.000 0.329
855.000 0.324
860.000 0.325
865.000 0.326
870.000 0.321
875.000 0.322
880.000 0.320
885.000 0.320
890.000 0.330
895.000 0.315
900.000 0.313
905.000 0.312
910.000 0.315
915.000 0.311
920.000 0.311
925.000 0.311
930.000 0.307
935.000 0.312
940.000 0.309
945.000 0.309
950.000 0.313
955.000 0.306
960.000 0.310
965.000 0.311
970.000 0.307
975.000 0.311
980.000 0.306
985.000 0.305
990.000 0.298
995.000 0.298
1000.000 0.310
1005.000 0.300
1010.000 0.295
1015.000 0.308
1020.000 0.296
1025.000 0.311
1030.000 0.308
1035.000 0.298
1040.000 0.301
1045.000 0.297
1050.000 0.305
1055.000 0.304
1060.000 0.305
1065.000 0.298
1070.000 0.300
1075.000 0.302
1080.000 0.300
1085.000 0.302
1090.000 0.302
1095.000 0.305
1100.000 0.304
1105.000 0.298
1110.000 0.298
1115.000 0.301
1120.000 0.302
1125.000 0.305
1130.000 0.297
1135.000 0.301
1140.000 0.303
1145.000 0.302
1150.000 0.305
1155.000 0.302
1160.000 0.302
1165.000 0.302
1170.000 0.298
1175.000 0.302
1180.000 0.304
1185.000 0.303
1190.000 0.302
1195.000 0.302
1200.000 0.302
1205.000 0.306
1210.000 0.302
1215.000 0.306
1220.000 0.306
1225.000 0.302
1230.000 0.310
1235.000 0.305
1240.000 0.311
1245.000 0.303
1250.000 0.307
1255.000 0.314
1260.000 0.310
1265.000 0.313
1270.000 0.312
1275.000 0.315
1280.000 0.311
1285.000 0.312
1290.000 0.315
1295.000 0.318
1300.000 0.319
1305.000 0.319
1310.000 0.321
1315.000 0.320
1320.000 0.322
1325.000 0.324
1330.000 0.319
1335.000 0.326
1340.000 0.322
1345.000 0.327
1350.000 0.326
1355.000 0.327
1360.000 0.327
1365.000 0.327
1370.000 0.328
1375.000 0.327
1380.000 0.332
1385.000 0.332
1390.000 0.330
1395.000 0.325
1400.000 0.330
1405.000 0.333
1410.000 0.324
1415.000 0.328
1420.000 0.323
1425.000 0.323
1430.000 0.323
1435.000 0.319
1440.000 0.320
1445.000 0.318
1450.000 0.320
1455.000 0.322
1460.000 0.326
1465.000 0.336
1470.000 0.340
1475.000 0.342
1480.000 0.344
1485.000 0.352
1490.000 0.353
1495.000 0.355
1500.000 0.363
1505.000 0.363
1510.000 0.365
1515.000 0.369
1520.000 0.371
1525.000 0.377
1530.000 0.378
1535.000 0.382
1540.000 0.390
1545.000 0.396
1550.000 0.395
1555.000 0.399
1560.000 0.401
1565.000 0.406
1570.000 0.413
1575.000 0.411
1580.000 0.418
1585.000 0.423
1590.000 0.429
1595.000 0.433
1600.000 0.435
1605.000 0.443
1610.000 0.449
1615.000 0.450
1620.000 0.460
1625.000 0.464
1630.000 0.475
1635.000 0.472
1640.000 0.493
1645.000 0.487
1650.000 0.500
1655.000 0.503
1660.000 0.512
1665.000 0.532
1670.000 0.529
1675.000 0.538
1680.000 0.545
1685.000 0.555
1690.000 0.560
1695.000 0.573
1700.000 0.578
1705.000 0.585
1710.000 0.600
1715.000 0.613
1720.000 0.625
1725.000 0.632
1730.000 0.650
1735.000 0.667
1740.000 0.676
1745.000 0.687
1750.000 0.705
1755.000 0.711
1760.000 0.722
1765.000 0.737
1770.000 0.751
1775.000 0.767
1780.000 0.781
1785.000 0.793
1790.000 0.808
1795.000 0.826
1800.000 0.838
1805.000 0.857
1810.000 0.865
1815.000 0.883
1820.000 0.887
1825.000 0.902
1830.000 0.914
1835.000 0.925
1840.000 0.943
1845.000 0.947
1850.000 0.962
1855.000 0.968
1860.000 0.973
1865.000 0.973
1870.000 0.984
1875.000 0.994
1880.000 0.989
1885.000 1.000
1890.000 0.996
1895.000 1.005
1900.000 0.999
1905.000 0.999
1910.000 0.994
1915.000 0.991
1920.000 0.987
1925.000 0.983
1930.000 0.980
1935.000 0.978
1940.000 0.968
1945.000 0.962
1950.000 0.957
1955.000 0.959
1960.000 0.949
1965.000 0.948
1970.000 0.928
1975.000 0.917
1980.000 0.913
1985.000 0.916
1990.000 0.909
1995.000 0.892
2000.000 0.886
2005.000 0.884
2010.000 0.883
2015.000 0.866
2020.000 0.873
2025.000 0.861
2030.000 0.869
2035.000 0.846
2040.000 0.836
2045.000 0.839
2050.000 0.832
2055.000 0.829
2060.000 0.825
2065.000 0.823
2070.000 0.818
2075.000 0.809
2080.000 0.807
2085.000 0.803
2090.000 0.798
2095.000 0.801
2100.000 0.799
2105.000 0.795
2110.000 0.794
2115.000 0.798
2120.000 0.793
2125.000 0.795
2130.000 0.790
2135.000 0.792
2140.000 0.792
2145.000 0.797
2150.000 0.801
2155.000 0.800
2160.000 0.802
2165.000 0.814
2170.000 0.816
2175.000 0.817
2180.000 0.824
2185.000 0.836
2190.000 0.839
2195.000 0.854
2200.000 0.864
2205.000 0.871
2210.000 0.892
2215.000 0.900
2220.000 0.920
2225.000 0.937
2230.000 0.964
2235.000 0.992
2240.000 1.002
2245.000 1.032
2250.000 1.067
2255.000 1.110
2260.000 1.156
2265.000 1.218
2270.000 1.286
2275.000 1.365
2280.000 1.461
2285.000 1.581
2290.000 1.731
2295.000 1.874
2300.000 1.926
2305.000 1.910
2310.000 2.598
2315.000 13.948
2320.000 27.300
2325.000 19.015
2330.000 7.498
2335.000 3.896
2340.000 2.507
2345.000 1.663
2350.000 1.180
2355.000 0.867
2360.000 0.664
2365.000 0.587
2370.000 0.463
2375.000 0.373
2380.000 0.303
2385.000 0.248
2390.000 0.205
2395.000 0.173
2400.000 0.145
2405.000 0.121
2410.000 0.107
2415.000 0.090
2420.000 0.083
2425.000 0.074
2430.000 0.067
2435.000 0.064
2440.000 0.061
2445.000 0.060
2450.000 0.062
2455.000 0.063
2460.000 0.067
2465.000 0.071
2470.000 0.073
2475.000 0.078
2480.000 0.081
2485.000 0.082
2490.000 0.087
2495.000 0.092
2500.000 0.092
2505.000 0.096
2510.000 0.099
2515.000 0.101
2520.000 0.104
2525.000 0.108
2530.000 0.110
2535.000 0.112
2540.000 0.113
2545.000 0.114
2550.000 0.115
2555.000 0.118
2560.000 0.119
2565.000 0.120
2570.000 0.122
2575.000 0.125
2580.000 0.125
2585.000 0.127
2590.000 0.130
2595.000 0.128
2600.000 0.130
2605.000 0.130
2610.000 0.129
2615.000 0.131
2620.000 0.132
2625.000 0.134
2630.000 0.134
2635.000 0.132
2640.000 0.135
2645.000 0.135
2650.000 0.136
2655.000 0.138
2660.000 0.139
2665.000 0.137
2670.000 0.138
2675.000 0.138
2680.000 0.137
2685.000 0.137
2690.000 0.138
2695.000 0.139
2700.000 0.140
2705.000 0.140
2710.000 0.138
2715.000 0.139
2720.000 0.139
2725.000 0.140
2730.000 0.141
2735.000 0.141
2740.000 0.142
2745.000 0.139
2750.000 0.142
2755.000 0.142
2760.000 0.143
2765.000 0.143
2770.000 0.141
2775.000 0.145
2780.000 0.144
2785.000 0.146
2790.000 0.144
2795.000 0.144
2800.000 0.146
2805.000 0.147
2810.000 0.147
2815.000 0.147
2820.000 0.149
2825.000 0.151
2830.000 0.152
2835.000 0.154
2840.000 0.155
2845.000 0.158
2850.000 0.159
2855.000 0.160
2860.000 0.161
2865.000 0.165
2870.000 0.167
2875.000 0.168
2880.000 0.172
2885.000 0.172
2890.000 0.176
2895.000 0.177
2900.000 0.179
2905.000 0.183
2910.000 0.185
2915.000 0.189
2920.000 0.193
2925.000 0.197
2930.000 0.197
2935.000 0.202
2940.000 0.202
2945.000 0.203
2950.000 0.211
2955.000 0.208
2960.000 0.213
2965.000 0.217
2970.000 0.219
2975.000 0.229
2980.000 0.231
2985.000 0.226
2990.000 0.236
2995.000 0.237
3000.000 0.231
3005.000 0.239
3010.000 0.242
3015.000 0.238
3020.000 0.247
3025.000 0.250
3030.000 0.250
3035.000 0.251
3040.000 0.256
3045.000 0.256
3050.000 0.253
3055.000 0.255
3060.000 0.254
3065.000 0.262
3070.000 0.260
3075.000 0.265
3080.000 0.270
3085.000 0.267
3090.000 0.270
3095.000 0.266
3100.000 0.272
3105.000 0.271
3110.000 0.272
3115.000 0.275
3120.000 0.273
3125.000 0.276
3130.000 0.278
3135.000 0.278
3140.000 0.283
3145.000 0.282
3150.000 0.283
3155.000 0.284
3160.000 0.286
3165.000 0.289
3170.000 0.285
3175.000 0.290
3180.000 0.291
3185.000 0.292
3190.000 0.292
3195.000 0.292
3200.000 0.296
3205.000 0.297
3210.000 0.299
3215.000 0.299
3220.000 0.300
3225.000 0.300
3230.000 0.300
3235.000 0.301
3240.000 0.305
3245.000 0.304
3250.000 0.307
3255.000 0.307
3260.000 0.309
3265.000 0.311
3270.000 0.314
3275.000 0.317
3280.000 0.315
3285.000 0.318
3290.000 0.319
3295.000 0.321
3300.000 0.318
3305.000 0.323
3310.000 0.326
3315.000 0.326
3320.000 0.327
3325.000 0.328
3330.000 0.333
3335.000 0.333
3340.000 0.333
3345.000 0.337
3350.000 0.340
3355.000 0.343
3360.000 0.346
3365.000 0.344
3370.000 0.345
3375.000 0.351
3380.000 0.353
3385.000 0.356
3390.000 0.361
3395.000 0.359
3400.000 0.366
3405.000 0.371
3410.000 0.370
3415.000 0.375
3420.000 0.375
3425.000 0.381
3430.000 0.384
3435.000 0.386
3440.000 0.392
3445.000 0.395
3450.000 0.400
3455.000 0.402
3460.000 0.409
3465.000 0.412
3470.000 0.419
3475.000 0.425
3480.000 0.430
3485.000 0.437
3490.000 0.441
3495.000 0.449
3500.000 0.459
3505.000 0.465
3510.000 0.474
3515.000 0.482
3520.000 0.487
3525.000 0.497
3530.000 0.510
3535.000 0.520
3540.000 0.533
3545.000 0.548
3550.000 0.560
3555.000 0.577
3560.000 0.594
3565.000 0.612
3570.000 0.636
3575.000 0.658
3580.000 0.670
3585.000 0.696
3590.000 0.727
3595.000 0.762
3600.000 0.800
3605.000 0.851
3610.000 0.898
3615.000 0.965
3620.000 1.015
3625.000 1.077
3630.000 1.144
3635.000 1.183
3640.000 1.265
3645.000 1.352
3650.000 1.474
3655.000 1.620
3660.000 1.818
3665.000 2.094
3670.000 2.453
3675.000 2.985
3680.000 3.763
3685.000 4.987
3690.000 6.857
3695.000 9.666
3700.000 11.635
3705.000 17.016
3710.000 22.567
3715.000 22.288
3720.000 19.464
3725.000 11.313
3730.000 7.390
3735.000 5.142
3740.000 3.803
3745.000 2.968
3750.000 2.410
3755.000 2.013
3760.000 1.854
3765.000 1.606
3770.000 1.404
3775.000 1.240
3780.000 1.114
3785.000 1.007
3790.000 0.923
3795.000 0.851
3800.000 0.790
3805.000 0.742
3810.000 0.695
3815.000 0.659
3820.000 0.629
3825.000 0.612
3830.000 0.588
3835.000 0.565
3840.000 0.545
3845.000 0.524
3850.000 0.507
3855.000 0.491
3860.000 0.478
3865.000 0.468
3870.000 0.454
3875.000 0.442
3880.000 0.438
3885.000 0.428
3890.000 0.420
3895.000 0.410
3900.000 0.405
3905.000 0.395
3910.000 0.390
3915.000 0.384
3920.000 0.376
3925.000 0.373
3930.000 0.369
3935.000 0.360
3940.000 0.361
3945.000 0.355
3950.000 0.352
3955.000 0.347
3960.000 0.341
3965.000 0.339
3970.000 0.343
3975.000 0.338
3980.000 0.336
3985.000 0.325
3990.000 0.326
3995.000 0.324
4000.000 0.323
4005.000 0.319
4010.000 0.314
4015.000 0.319
4020.000 0.315
4025.000 0.319
4030.000 0.310
4035.000 0.315
4040.000 0.311
4045.000 0.312
4050.000 0.306
4055.000 0.304
4060.000 0.304
4065.000 0.307
4070.000 0.305
4075.000 0.304
4080.000 0.305
4085.000 0.302
4090.000 0.303
4095.000 0.304
4100.000 0.302
4105.000 0.301
4110.000 0.303
4115.000 0.301
4120.000 0.302
4125.000 0.299
4130.000 0.299
4135.000 0.301
4140.000 0.298
4145.000 0.300
4150.000 0.296
4155.000 0.294
4160.000 0.294
4165.000 0.293
4170.000 0.291
4175.000 0.291
4180.000 0.292
4185.000 0.289
4190.000 0.289
4195.000 0.287
4200.000 0.287
4205.000 0.285
4210.000 0.280
4215.000 0.280
4220.000 0.276
4225.000 0.275
4230.000 0.272
4235.000 0.271
4240.000 0.267
4245.000 0.265
4250.000 0.264
4255.000 0.263
4260.000 0.262
4265.000 0.262
4270.000 0.259
4275.000 0.262
4280.000 0.259
4285.000 0.260
4290.000 0.258
4295.000 0.258
4300.000 0.259
4305.000 0.258
4310.000 0.260
4315.000 0.259
4320.000 0.260
4325.000 0.259
4330.000 0.261
4335.000 0.260
4340.000 0.261
4345.000 0.261
4350.000 0.263
4355.000 0.263
4360.000 0.261
4365.000 0.265
4370.000 0.263
4375.000 0.266
4380.000 0.265
4385.000 0.266
4390.000 0.267
4395.000 0.265
4400.000 0.265
4405.000 0.268
4410.000 0.268
4415.000 0.269
4420.000 0.271
4425.000 0.270
4430.000 0.270
4435.000 0.271
4440.000 0.272
4445.000 0.272
4450.000 0.274
4455.000 0.273
4460.000 0.275
4465.000 0.276
4470.000 0.276
4475.000 0.276
4480.000 0.278
4485.000 0.279
4490.000 0.279
4495.000 0.280
4500.000 0.281
4505.000 0.283
4510.000 0.284
4515.000 0.284
4520.000 0.287
4525.000 0.287
4530.000 0.288
4535.000 0.290
4540.000 0.289
4545.000 0.294
4550.000 0.290
4555.000 0.292
4560.000 0.293
4565.000 0.297
4570.000 0.303
4575.000 0.305
4580.000 0.305
4585.000 0.302
4590.000 0.305
4595.000 0.317
4600.000 0.318
4605.000 0.331
4610.000 0.624
4615.000 0.577
4620.000 0.509
4625.000 0.461
4630.000 0.422
4635.000 0.399
4640.000 0.377
4645.000 0.363
4650.000 0.351
4655.000 0.348
4660.000 0.347
4665.000 0.350
4670.000 0.352
4675.000 0.353
4680.000 0.357
4685.000 0.363
4690.000 0.365
4695.000 0.369
4700.000 0.377
4705.000 0.383
4710.000 0.388
4715.000 0.398
4720.000 0.404
4725.000 0.413
4730.000 0.417
4735.000 0.419
4740.000 0.425
4745.000 0.427
4750.000 0.434
4755.000 0.435
4760.000 0.443
4765.000 0.449
4770.000 0.455
4775.000 0.464
4780.000 0.469
4785.000 0.480
4790.000 0.490
4795.000 0.493
4800.000 0.501
4805.000 0.513
4810.000 0.524
4815.000 0.538
4820.000 0.548
4825.000 0.564
4830.000 0.576
4835.000 0.593
4840.000 0.610
4845.000 0.634
4850.000 0.654
4855.000 0.675
4860.000 0.687
4865.000 0.714
4870.000 0.746
4875.000 0.778
4880.000 0.819
4885.000 0.860
4890.000 0.910
4895.000 0.971
4900.000 1.038
4905.000 1.121
4910.000 1.225
4915.000 1.294
4920.000 1.381
4925.000 1.485
4930.000 1.609
4935.000 1.764
4940.000 1.969
4945.000 2.236
4950.000 2.622
4955.000 3.169
4960.000 3.948
4965.000 5.180
4970.000 7.151
4975.000 8.543
4980.000 12.360
4985.000 17.002
4990.000 11.566
4995.000 14.656
5000.000 16.633
5005.000 23.222
5010.000 21.690
5015.000 13.565
5020.000 9.187
5025.000 6.464
5030.000 4.870
5035.000 3.882
5040.000 3.508
5045.000 2.943
5050.000 2.526
5055.000 2.238
5060.000 2.036
5065.000 1.841
5070.000 1.675
5075.000 1.527
5080.000 1.415
5085.000 1.309
5090.000 1.226
5095.000 1.151
5100.000 1.118
5105.000 1.063
5110.000 1.007
5115.000 0.964
5120.000 0.921
5125.000 0.887
5130.000 0.859
5135.000 0.830
5140.000 0.809
5145.000 0.784
5150.000 0.763
5155.000 0.753
5160.000 0.738
5165.000 0.719
5170.000 0.704
5175.000 0.697
5180.000 0.678
5185.000 0.668
5190.000 0.661
5195.000 0.646
5200.000 0.638
5205.000 0.627
5210.000 0.622
5215.000 0.613
5220.000 0.610
5225.000 0.599
5230.000 0.594
5235.000 0.587
5240.000 0.580
5245.000 0.578
5250.000 0.570
5255.000 0.564
5260.000 0.559
5265.000 0.556
5270.000 0.553
5275.000 0.548
5280.000 0.542
5285.000 0.539
5290.000 0.536
5295.000 0.531
5300.000 0.529
5305.000 0.525
5310.000 0.520
5315.000 0.515
5320.000 0.510
5325.000 0.508
5330.000 0.506
5335.000 0.498
5340.000 0.496
5345.000 0.493
5350.000 0.491
5355.000 0.485
5360.000 0.481
5365.000 0.479
5370.000 0.473
5375.000 0.470
5380.000 0.465
5385.000 0.463
5390.000 0.459
5395.000 0.453
5400.000 0.451
5405.000 0.447
5410.000 0.447
5415.000 0.442
5420.000 0.439
5425.000 0.431
5430.000 0.429
5435.000 0.427
5440.000 0.422
5445.000 0.419
5450.000 0.415
5455.000 0.411
5460.000 0.407
5465.000 0.405
5470.000 0.403
5475.000 0.397
5480.000 0.396
5485.000 0.391
5490.000 0.387
5495.000 0.385
5500.000 0.381
5505.000 0.377
5510.000 0.374
5515.000 0.373
5520.000 0.370
5525.000 0.379
5530.000 0.376
5535.000 0.369
5540.000 0.360
5545.000 0.355
5550.000 0.353
5555.000 0.350
5560.000 0.346
5565.000 0.345
5570.000 0.342
5575.000 0.340
5580.000 0.339
5585.000 0.334
5590.000 0.332
5595.000 0.332
5600.000 0.330
5605.000 0.326
5610.000 0.324
5615.000 0.323
5620.000 0.320
5625.000 0.320
5630.000 0.316
5635.000 0.315
5640.000 0.313
5645.000 0.312
5650.000 0.311
5655.000 0.306
5660.000 0.306
5665.000 0.306
5670.000 0.305
5675.000 0.302
5680.000 0.300
5685.000 0.299
5690.000 0.296
5695.000 0.298
5700.000 0.294
5705.000 0.293
5710.000 0.293
5715.000 0.292
5720.000 0.290
5725.000 0.289
5730.000 0.289
5735.000 0.287
5740.000 0.286
5745.000 0.284
5750.000 0.282
5755.000 0.282
5760.000 0.281
5765.000 0.282
5770.000 0.281
5775.000 0.280
5780.000 0.276
5785.000 0.277
5790.000 0.276
5795.000 0.275
5800.000 0.274
5805.000 0.272
5810.000 0.272
5815.000 0.271
5820.000 0.270
5825.000 0.269
5830.000 0.267
5835.000 0.267
5840.000 0.265
5845.000 0.265
5850.000 0.264
5855.000 0.261
5860.000 0.262
5865.000 0.259
5870.000 0.258
5875.000 0.257
5880.000 0.256
5885.000 0.254
5890.000 0.252
5895.000 0.253
5900.000 0.251
5905.000 0.249
5910.000 0.247
5915.000 0.244
5920.000 0.244
5925.000 0.240
5930.000 0.239
5935.000 0.239
5940.000 0.235
5945.000 0.234
5950.000 0.233
5955.000 0.234
5960.000 0.233
5965.000 0.233
5970.000 0.224
5975.000 0.227
5980.000 0.222
5985.000 0.220
5990.000 0.215
5995.000 0.214
6000.000 0.220
6005.000 0.212
6010.000 0.209
6015.000 0.214
6020.000 0.204
6025.000 0.203
6030.000 0.198
6035.000 0.202
6040.000 0.198
6045.000 0.197
6050.000 0.189
6055.000 0.188
6060.000 0.183
6065.000 0.186
6070.000 0.180
6075.000 0.178
6080.000 0.179
6085.000 0.175
6090.000 0.172
6095.000 0.171
6100.000 0.168
6105.000 0.168
6110.000 0.167
6115.000 0.166
6120.000 0.166
6125.000 0.168
6130.000 0.169
6135.000 0.172
6140.000 0.175
6145.000 0.183
6150.000 0.190
6155.000 0.200
6160.000 0.213
6165.000 0.231
6170.000 0.250
6175.000 0.278
6180.000 0.313
6185.000 0.361
6190.000 0.426
6195.000 0.466
6200.000 0.588
6205.000 0.773
6210.000 1.047
6215.000 1.422
6220.000 1.901
6225.000 2.573
6230.000 3.507
6235.000 4.862
6240.000 6.634
6245.000 8.626
6250.000 10.218
6255.000 10.629
6260.000 10.787
6265.000 8.617
6270.000 6.056
6275.000 4.779
6280.000 3.592
6285.000 2.696
6290.000 1.998
6295.000 1.476
6300.000 1.099
6305.000 0.803
6310.000 0.568
6315.000 0.378
6320.000 0.310
6325.000 0.192
6330.000 0.104
6335.000 0.043
6340.000 0.029
6345.000 0.062
6350.000 0.092
6355.000 0.117
6360.000 0.135
6365.000 0.152
6370.000 0.167
6375.000 0.174
6380.000 0.183
6385.000 0.190
6390.000 0.200
6395.000 0.206
6400.000 0.212
6405.000 0.215
6410.000 0.218
6415.000 0.227
6420.000 0.228
6425.000 0.232
6430.000 0.234
6435.000 0.237
6440.000 0.240
6445.000 0.242
6450.000 0.245
6455.000 0.247
6460.000 0.251
6465.000 0.252
6470.000 0.254
6475.000 0.255
6480.000 0.259
6485.000 0.261
6490.000 0.265
6495.000 0.268
6500.000 0.269
6505.000 0.272
6510.000 0.277
6515.000 0.281
6520.000 0.286
6525.000 0.295
6530.000 0.305
6535.000 0.314
6540.000 0.329
6545.000 0.347
6550.000 0.375
6555.000 0.417
6560.000 0.443
6565.000 0.525
6570.000 0.687
6575.000 1.048
6580.000 1.931
6585.000 3.807
6590.000 7.340
6595.000 11.940
6600.000 4.014
6605.000 2.424
6610.000 0.969
6615.000 1.148
6620.000 0.756
6625.000 0.606
6630.000 0.522
6635.000 0.450
6640.000 0.405
6645.000 0.373
6650.000 0.349
6655.000 0.329
6660.000 0.318
6665.000 0.306
6670.000 0.296
6675.000 0.287
6680.000 0.286
6685.000 0.278
6690.000 0.275
6695.000 0.270
6700.000 0.265
6705.000 0.263
6710.000 0.261
6715.000 0.259
6720.000 0.258
6725.000 0.255
6730.000 0.253
6735.000 0.252
6740.000 0.253
6745.000 0.249
6750.000 0.250
6755.000 0.249
6760.000 0.249
6765.000 0.246
6770.000 0.246
6775.000 0.246
6780.000 0.245
6785.000 0.245
6790.000 0.244
6795.000 0.246
6800.000 0.246
6805.000 0.244
6810.000 0.242
6815.000 0.241
6820.000 0.241
6825.000 0.241
6830.000 0.241
6835.000 0.240
6840.000 0.240
6845.000 0.239
6850.000 0.238
6855.000 0.238
6860.000 0.237
6865.000 0.237
6870.000 0.238
6875.000 0.237
6880.000 0.239
6885.000 0.236
6890.000 0.238
6895.000 0.235
6900.000 0.237
6905.000 0.235
6910.000 0.233
6915.000 0.233
6920.000 0.233
6925.000 0.233
6930.000 0.232
6935.000 0.230
6940.000 0.233
6945.000 0.233
6950.000 0.233
6955.000 0.229
6960.000 0.229
6965.000 0.230
6970.000 0.232
6975.000 0.235
6980.000 0.230
6985.000 0.227
6990.000 0.232
6995.000 0.235
7000.000 0.225
7005.000 0.235
7010.000 0.233
7015.000 0.230
7020.000 0.233
7025.000 0.230
7030.000 0.232
7035.000 0.225
7040.000 0.225
7045.000 0.230
7050.000 0.229
7055.000 0.228
7060.000 0.228
7065.000 0.231
7070.000 0.229
7075.000 0.230
7080.000 0.228
7085.000 0.228
7090.000 0.229
7095.000 0.228
7100.000 0.229
7105.000 0.230
7110.000 0.230
7115.000 0.227
7120.000 0.228
7125.000 0.231
7130.000 0.229
7135.000 0.232
7140.000 0.231
7145.000 0.232
7150.000 0.233
7155.000 0.234
7160.000 0.236
7165.000 0.236
7170.000 0.237
7175.000 0.238
7180.000 0.241
7185.000 0.240
7190.000 0.243
7195.000 0.247
7200.000 0.248
7205.000 0.253
7210.000 0.254
7215.000 0.257
7220.000 0.260
7225.000 0.266
7230.000 0.268
7235.000 0.273
7240.000 0.279
7245.000 0.283
7250.000 0.290
7255.000 0.298
7260.000 0.306
7265.000 0.314
7270.000 0.326
7275.000 0.336
7280.000 0.347
7285.000 0.363
7290.000 0.370
7295.000 0.387
7300.000 0.404
7305.000 0.430
7310.000 0.457
7315.000 0.485
7320.000 0.510
7325.000 0.526
7330.000 0.555
7335.000 0.584
7340.000 0.618
7345.000 0.635
7350.000 0.674
7355.000 0.730
7360.000 0.770
7365.000 0.902
7370.000 0.955
7375.000 1.015
7380.000 1.087
7385.000 1.161
7390.000 1.268
7395.000 1.379
7400.000 1.533
7405.000 1.728
7410.000 1.840
7415.000 2.129
7420.000 2.499
7425.000 2.998
7430.000 3.714
7435.000 4.688
7440.000 6.024
7445.000 7.797
7450.000 10.107
7455.000 12.876
7460.000 15.618
7465.000 17.166
7470.000 16.927
7475.000 13.842
7480.000 9.624
7485.000 6.675
7490.000 4.799
7495.000 3.948
7500.000 3.303
7505.000 2.832
7510.000 2.461
7515.000 2.184
7520.000 1.996
7525.000 1.867
7530.000 1.755
7535.000 1.702
7540.000 1.618
7545.000 1.545
7550.000 1.464
7555.000 1.382
7560.000 1.297
7565.000 1.229
7570.000 1.171
7575.000 1.114
7580.000 1.066
7585.000 1.021
7590.000 1.006
7595.000 0.968
7600.000 0.936
7605.000 0.912
7610.000 0.886
7615.000 0.864
7620.000 0.840
7625.000 0.817
7630.000 0.799
7635.000 0.779
7640.000 0.764
7645.000 0.748
7650.000 0.742
7655.000 0.724
7660.000 0.714
7665.000 0.699
7670.000 0.686
7675.000 0.680
7680.000 0.667
7685.000 0.658
7690.000 0.650
7695.000 0.643
7700.000 0.637
7705.000 0.625
7710.000 0.619
7715.000 0.615
7720.000 0.609
7725.000 0.602
7730.000 0.596
7735.000 0.587
7740.000 0.585
7745.000 0.580
7750.000 0.573
7755.000 0.570
7760.000 0.562
7765.000 0.558
7770.000 0.556
7775.000 0.553
7780.000 0.548
7785.000 0.544
7790.000 0.541
7795.000 0.535
7800.000 0.530
7805.000 0.529
7810.000 0.525
7815.000 0.523
7820.000 0.517
7825.000 0.515
7830.000 0.511
7835.000 0.508
7840.000 0.503
7845.000 0.501
7850.000 0.499
7855.000 0.494
7860.000 0.492
7865.000 0.488
7870.000 0.487
7875.000 0.484
7880.000 0.478
7885.000 0.476
7890.000 0.471
7895.000 0.469
7900.000 0.465
7905.000 0.466
7910.000 0.459
7915.000 0.456
7920.000 0.454
7925.000 0.447
7930.000 0.446
7935.000 0.443
7940.000 0.436
7945.000 0.433
7950.000 0.427
7955.000 0.423
7960.000 0.422
7965.000 0.418
7970.000 0.406
7975.000 0.406
7980.000 0.398
7985.000 0.383
7990.000 0.380
7995.000 0.370
8000.000 0.361
8005.000 0.347
8010.000 0.333
8015.000 0.323
8020.000 0.315
8025.000 0.295
8030.000 0.272
8035.000 0.237
8040.000 0.202
8045.000 0.159
8050.000 0.118
8055.000 0.110
8060.000 0.235
8065.000 0.608
8070.000 2.122
8075.000 5.450
8080.000 6.754
8085.000 4.104
8090.000 5.205
8095.000 3.211
8100.000 2.392
8105.000 1.872
8110.000 1.536
8115.000 1.309
8120.000 1.150
8125.000 1.028
8130.000 0.938
8135.000 0.876
8140.000 0.855
8145.000 0.825
8150.000 0.804
8155.000 0.786
8160.000 0.772
8165.000 0.766
8170.000 0.752
8175.000 0.744
8180.000 0.738
8185.000 0.731
8190.000 0.728
8195.000 0.723
8200.000 0.724
8205.000 0.718
8210.000 0.719
8215.000 0.712
8220.000 0.714
8225.000 0.714
8230.000 0.714
8235.000 0.713
8240.000 0.711
8245.000 0.712
8250.000 0.716
8255.000 0.712
8260.000 0.719
8265.000 0.717
8270.000 0.720
8275.000 0.723
8280.000 0.724
8285.000 0.726
8290.000 0.729
8295.000 0.732
8300.000 0.733
8305.000 0.734
8310.000 0.734
8315.000 0.744
8320.000 0.741
8325.000 0.742
8330.000 0.744
8335.000 0.747
8340.000 0.751
8345.000 0.752
8350.000 0.755
8355.000 0.758
8360.000 0.760
8365.000 0.770
8370.000 0.769
8375.000 0.772
8380.000 0.776
8385.000 0.784
8390.000 0.786
8395.000 0.792
8400.000 0.798
8405.000 0.799
8410.000 0.810
8415.000 0.815
8420.000 0.827
8425.000 0.833
8430.000 0.838
8435.000 0.855
8440.000 0.859
8445.000 0.866
8450.000 0.872
8455.000 0.888
8460.000 0.896
8465.000 0.911
8470.000 0.922
8475.000 0.938
8480.000 0.956
8485.000 0.969
8490.000 0.994
8495.000 1.016
8500.000 1.042
8505.000 1.053
8510.000 1.085
8515.000 1.127
8520.000 1.173
8525.000 1.225
8530.000 1.293
8535.000 1.382
8540.000 1.521
8545.000 1.756
8550.000 2.258
8555.000 3.504
8560.000 6.194
8565.000 7.657
8570.000 5.685
8575.000 2.044
8580.000 1.312
8585.000 0.934
8590.000 1.018
8595.000 1.070
8600.000 1.208
8605.000 1.334
8610.000 1.494
8615.000 1.665
8620.000 1.880
8625.000 2.004
8630.000 2.307
8635.000 2.723
8640.000 3.273
8645.000 4.025
8650.000 4.944
8655.000 5.888
8660.000 6.441
8665.000 6.042
8670.000 4.772
8675.000 3.503
8680.000 2.638
8685.000 2.349
8690.000 2.005
8695.000 1.946
8700.000 2.153
8705.000 2.295
8710.000 1.872
8715.000 1.322
8720.000 0.971
8725.000 0.749
8730.000 0.591
8735.000 0.461
8740.000 0.369
8745.000 0.290
8750.000 0.259
8755.000 0.201
8760.000 0.155
8765.000 0.118
8770.000 0.088
8775.000 0.067
8780.000 0.052
8785.000 0.048
8790.000 0.047
8795.000 0.058
8800.000 0.069
8805.000 0.079
8810.000 0.092
8815.000 0.092
8820.000 0.115
8825.000 0.123
8830.000 0.110
8835.000 0.149
8840.000 0.151
8845.000 0.154
8850.000 0.164
8855.000 0.173
8860.000 0.182
8865.000 0.189
8870.000 0.192
8875.000 0.201
8880.000 0.211
8885.000 0.217
8890.000 0.224
8895.000 0.231
8900.000 0.237
8905.000 0.246
8910.000 0.250
8915.000 0.255
8920.000 0.259
8925.000 0.262
8930.000 0.264
8935.000 0.268
8940.000 0.273
8945.000 0.277
8950.000 0.281
8955.000 0.282
8960.000 0.287
8965.000 0.291
8970.000 0.293
8975.000 0.302
8980.000 0.304
8985.000 0.304
8990.000 0.305
8995.000 0.315
9000.000 0.313
9005.000 0.320
9010.000 0.325
9015.000 0.330
9020.000 0.327
9025.000 0.331
9030.000 0.337
9035.000 0.340
9040.000 0.347
9045.000 0.346
9050.000 0.351
9055.000 0.353
9060.000 0.355
9065.000 0.356
9070.000 0.362
9075.000 0.365
9080.000 0.370
9085.000 0.371
9090.000 0.376
9095.000 0.379
9100.000 0.380
9105.000 0.386
9110.000 0.385
9115.000 0.392
9120.000 0.394
9125.000 0.401
9130.000 0.403
9135.000 0.405
9140.000 0.412
9145.000 0.414
9150.000 0.420
9155.000 0.420
9160.000 0.426
9165.000 0.426
9170.000 0.429
9175.000 0.431
9180.000 0.432
9185.000 0.435
9190.000 0.437
9195.000 0.439
9200.000 0.441
9205.000 0.442
9210.000 0.447
9215.000 0.449
9220.000 0.452
9225.000 0.454
9230.000 0.456
9235.000 0.458
9240.000 0.463
9245.000 0.470
9250.000 0.467
9255.000 0.470
9260.000 0.469
9265.000 0.477
9270.000 0.479
9275.000 0.482
9280.000 0.487
9285.000 0.485
9290.000 0.495
9295.000 0.500
9300.000 0.499
9305.000 0.504
9310.000 0.508
9315.000 0.512
9320.000 0.516
9325.000 0.520
9330.000 0.524
9335.000 0.529
9340.000 0.537
9345.000 0.543
9350.000 0.548
9355.000 0.551
9360.000 0.560
9365.000 0.562
9370.000 0.571
9375.000 0.582
9380.000 0.589
9385.000 0.599
9390.000 0.605
9395.000 0.617
9400.000 0.632
9405.000 0.648
9410.000 0.664
9415.000 0.667
9420.000 0.687
9425.000 0.701
9430.000 0.720
9435.000 0.747
9440.000 0.776
9445.000 0.802
9450.000 0.845
9455.000 0.898
9460.000 0.955
9465.000 1.031
9470.000 1.133
9475.000 1.284
9480.000 1.395
9485.000 1.751
9490.000 2.441
9495.000 3.793
9500.000 5.867
9505.000 6.989
9510.000 3.360
9515.000 3.252
9520.000 1.530
9525.000 1.119
9530.000 0.588
9535.000 0.317
9540.000 0.253
9545.000 0.146
9550.000 0.092
9555.000 0.075
9560.000 0.082
9565.000 0.101
9570.000 0.119
9575.000 0.136
9580.000 0.155
9585.000 0.171
9590.000 0.183
9595.000 0.191
9600.000 0.205
9605.000 0.221
9610.000 0.228
9615.000 0.244
9620.000 0.256
9625.000 0.272
9630.000 0.282
9635.000 0.295
9640.000 0.308
9645.000 0.322
9650.000 0.334
9655.000 0.350
9660.000 0.357
9665.000 0.374
9670.000 0.386
9675.000 0.412
9680.000 0.430
9685.000 0.443
9690.000 0.455
9695.000 0.474
9700.000 0.486
9705.000 0.497
9710.000 0.512
9715.000 0.527
9720.000 0.540
9725.000 0.550
9730.000 0.565
9735.000 0.586
9740.000 0.604
9745.000 0.625
9750.000 0.645
9755.000 0.672
9760.000 0.698
9765.000 0.732
9770.000 0.764
9775.000 0.813
9780.000 0.859
9785.000 0.882
9790.000 0.942
9795.000 1.014
9800.000 1.097
9805.000 1.212
9810.000 1.376
9815.000 1.572
9820.000 1.854
9825.000 2.223
9830.000 2.667
9835.000 3.098
9840.000 3.216
9845.000 3.110
9850.000 2.627
9855.000 2.030
9860.000 1.524
9865.000 1.155
9870.000 0.896
9875.000 0.710
9880.000 0.563
9885.000 0.453
9890.000 0.383
9895.000 0.352
9900.000 0.301
9905.000 0.249
9910.000 0.134
9915.000 0.122
9920.000 0.135
9925.000 0.135
9930.000 0.129
9935.000 0.118
9940.000 0.109
9945.000 0.101
9950.000 0.091
9955.000 0.087
9960.000 0.081
9965.000 0.075
9970.000 0.073
9975.000 0.067
9980.000 0.066
9985.000 0.068
9990.000 0.066
9995.000 0.069
10000.000 0.069
