105.000 0.058
110.000 2.072
115.000 2.620
120.000 3.026
125.000 3.275
130.000 3.499
135.000 3.641
140.000 3.619
145.000 3.620
150.000 3.683
155.000 3.681
160.000 3.615
165.000 3.556
170.000 3.411
175.000 3.427
180.000 3.357
185.000 3.412
190.000 3.420
195.000 3.485
200.000 3.468
205.000 3.530
210.000 3.575
215.000 3.632
220.000 3.704
225.000 3.700
230.000 3.808
235.000 3.875
240.000 3.980
245.000 4.071
250.000 4.070
255.000 4.149
260.000 4.217
265.000 4.232
270.000 4.259
275.000 4.336
280.000 4.370
285.000 4.405
290.000 4.394
295.000 4.370
300.000 4.364
305.000 4.385
310.000 4.399
315.000 4.451
320.000 4.545
325.000 4.584
330.000 4.709
335.000 4.840
340.000 5.040
345.000 5.260
350.000 5.436
355.000 5.756
360.000 5.984
365.000 6.280
370.000 6.534
375.000 6.909
380.000 7.079
385.000 7.428
390.000 7.760
395.000 8.060
400.000 8.368
405.000 8.518
410.000 8.647
415.000 8.618
420.000 8.459
425.000 8.133
430.000 7.556
435.000 6.821
440.000 5.946
445.000 5.531
450.000 4.771
455.000 4.113
460.000 3.543
465.000 3.105
470.000 2.740
475.000 2.481
480.000 2.269
485.000 2.140
490.000 2.005
495.000 1.895
500.000 1.788
505.000 1.740
510.000 1.641
515.000 1.562
520.000 1.478
525.000 1.402
530.000 1.341
535.000 1.267
540.000 1.218
545.000 1.168
550.000 1.118
555.000 1.072
560.000 1.008
565.000 0.954
570.000 0.924
575.000 0.886
580.000 0.835
585.000 0.806
590.000 0.765
595.000 0.738
600.000 0.709
605.000 0.681
610.000 0.662
615.000 0.644
620.000 0.618
625.000 0.616
630.000 0.596
635.000 0.578
640.000 0.571
645.000 0.549
650.000 0.538
655.000 0.528
660.000 0.512
665.000 0.508
670.000 0.496
675.000 0.480
680.000 0.470
685.000 0.466
690.000 0.463
695.000 0.451
700.000 0.447
705.000 0.429
710.000 0.428
715.000 0.422
720.000 0.413
725.000 0.410
730.000 0.404
735.000 0.400
740.000 0.390
745.000 0.385
750.000 0.385
755.000 0.386
760.000 0.382
765.000 0.374
770.000 0.367
775.000 0.360
780.000 0.362
785.000 0.363
790.000 0.363
795.000 0.356
800.000 0.359
805.000 0.348
810.000 0.342
815.000 0.348
820.000 0.343
825.000 0.335
830.000 0.338
835.000 0.336
840.000 0.333
845.000 0.332
850.000 0.326
855.000 0.327
860.000 0.328
865.000 0.327
870.000 0.313
875.000 0.321
880.000 0.323
885.000 0.325
890.000 0.319
895.000 0.312
900.000 0.313
905.000 0.315
910.000 0.316
915.000 0.316
920.000 0.308
925.000 0.310
930.000 0.311
935.000 0.316
940.000 0.328
945.000 0.309
950.000 0.306
955.000 0.315
960.000 0.311
965.000 0.303
970.000 0.305
975.000 0.312
980.000 0.319
985.000 0.299
990.000 0.309
995.000 0.312
1000.000 0.308
1005.000 0.303
1010.000 0.309
1015.000 0.307
1020.000 0.300
1025.000 0.318
1030.000 0.302
1035.000 0.324
1040.000 0.305
1045.000 0.309
1050.000 0.299
1055.000 0.309
1060.000 0.308
1065.000 0.299
1070.000 0.302
1075.000 0.301
1080.000 0.296
1085.000 0.298
1090.000 0.300
1095.000 0.309
1100.000 0.303
1105.000 0.305
1110.000 0.300
1115.000 0.307
1120.000 0.297
1125.000 0.301
1130.000 0.300
1135.000 0.302
1140.000 0.305
1145.000 0.299
1150.000 0.303
1155.000 0.302
1160.000 0.302
1165.000 0.305
1170.000 0.301
1175.000 0.307
1180.000 0.305
1185.000 0.304
1190.000 0.306
1195.000 0.307
1200.000 0.308
1205.000 0.306
1210.000 0.310
1215.000 0.308
1220.000 0.311
1225.000 0.311
1230.000 0.309
1235.000 0.310
1240.000 0.309
1245.000 0.311
1250.000 0.310
1255.000 0.312
1260.000 0.316
1265.000 0.313
1270.000 0.310
1275.000 0.315
1280.000 0.318
1285.000 0.317
1290.000 0.317
1295.000 0.319
1300.000 0.321
1305.000 0.321
1310.000 0.319
1315.000 0.328
1320.000 0.325
1325.000 0.322
1330.000 0.325
1335.000 0.326
1340.000 0.331
1345.000 0.326
1350.000 0.327
1355.000 0.328
1360.000 0.331
1365.000 0.331
1370.000 0.327
1375.000 0.333
1380.000 0.331
1385.000 0.336
1390.000 0.332
1395.000 0.333
1400.000 0.333
1405.000 0.333
1410.000 0.340
1415.000 0.330
1420.000 0.329
1425.000 0.332
1430.000 0.330
1435.000 0.326
1440.000 0.326
1445.000 0.325
1450.000 0.328
1455.000 0.332
1460.000 0.331
1465.000 0.337
1470.000 0.342
1475.000 0.344
1480.000 0.349
1485.000 0.358
1490.000 0.370
1495.000 0.365
1500.000 0.367
1505.000 0.372
1510.000 0.373
1515.000 0.388
1520.000 0.385
1525.000 0.394
1530.000 0.391
1535.000 0.396
1540.000 0.396
1545.000 0.401
1550.000 0.409
1555.000 0.413
1560.000 0.423
1565.000 0.422
1570.000 0.425
1575.000 0.424
1580.000 0.435
1585.000 0.444
1590.000 0.445
1595.000 0.453
1600.000 0.455
1605.000 0.459
1610.000 0.470
1615.000 0.474
1620.000 0.480
1625.000 0.487
1630.000 0.495
1635.000 0.504
1640.000 0.510
1645.000 0.526
1650.000 0.526
1655.000 0.535
1660.000 0.536
1665.000 0.546
1670.000 0.554
1675.000 0.566
1680.000 0.575
1685.000 0.584
1690.000 0.601
1695.000 0.610
1700.000 0.618
1705.000 0.640
1710.000 0.646
1715.000 0.652
1720.000 0.661
1725.000 0.679
1730.000 0.691
1735.000 0.709
1740.000 0.720
1745.000 0.732
1750.000 0.757
1755.000 0.767
1760.000 0.784
1765.000 0.794
1770.000 0.814
1775.000 0.832
1780.000 0.843
1785.000 0.850
1790.000 0.868
1795.000 0.879
1800.000 0.899
1805.000 0.917
1810.000 0.936
1815.000 0.943
1820.000 0.958
1825.000 0.972
1830.000 0.987
1835.000 1.002
1840.000 1.006
1845.000 1.021
1850.000 1.033
1855.000 1.043
1860.000 1.042
1865.000 1.055
1870.000 1.060
1875.000 1.067
1880.000 1.076
1885.000 1.076
1890.000 1.083
1895.000 1.085
1900.000 1.091
1905.000 1.083
1910.000 1.085
1915.000 1.079
1920.000 1.084
1925.000 1.087
1930.000 1.074
1935.000 1.065
1940.000 1.064
1945.000 1.060
1950.000 1.059
1955.000 1.042
1960.000 1.042
1965.000 1.041
1970.000 1.032
1975.000 1.025
1980.000 1.015
1985.000 0.999
1990.000 1.001
1995.000 0.994
2000.000 0.978
2005.000 0.991
2010.000 0.987
2015.000 0.969
2020.000 0.975
2025.000 0.976
2030.000 0.960
2035.000 0.963
2040.000 0.958
2045.000 0.949
2050.000 0.940
2055.000 0.939
2060.000 0.932
2065.000 0.929
2070.000 0.922
2075.000 0.913
2080.000 0.917
2085.000 0.915
2090.000 0.918
2095.000 0.908
2100.000 0.918
2105.000 0.906
2110.000 0.913
2115.000 0.913
2120.000 0.913
2125.000 0.912
2130.000 0.913
2135.000 0.914
2140.000 0.923
2145.000 0.916
2150.000 0.925
2155.000 0.928
2160.000 0.937
2165.000 0.938
2170.000 0.947
2175.000 0.960
2180.000 0.971
2185.000 0.985
2190.000 0.993
2195.000 1.010
2200.000 1.022
2205.000 1.041
2210.000 1.050
2215.000 1.073
2220.000 1.106
2225.000 1.126
2230.000 1.159
2235.000 1.191
2240.000 1.240
2245.000 1.293
2250.000 1.347
2255.000 1.415
2260.000 1.489
2265.000 1.586
2270.000 1.635
2275.000 1.777
2280.000 1.959
2285.000 2.211
2290.000 2.614
2295.000 3.235
2300.000 4.267
2305.000 5.874
2310.000 7.452
2315.000 10.361
2320.000 21.015
2325.000 21.587
2330.000 8.806
2335.000 5.175
2340.000 3.127
2345.000 2.156
2350.000 1.560
2355.000 1.173
2360.000 0.913
2365.000 0.720
2370.000 0.585
2375.000 0.480
2380.000 0.401
2385.000 0.339
2390.000 0.310
2395.000 0.267
2400.000 0.228
2405.000 0.194
2410.000 0.169
2415.000 0.145
2420.000 0.126
2425.000 0.109
2430.000 0.094
2435.000 0.081
2440.000 0.070
2445.000 0.062
2450.000 0.057
2455.000 0.051
2460.000 0.047
2465.000 0.047
2470.000 0.045
2475.000 0.046
2480.000 0.047
2485.000 0.052
2490.000 0.054
2495.000 0.058
2500.000 0.060
2505.000 0.064
2510.000 0.065
2515.000 0.066
2520.000 0.070
2525.000 0.074
2530.000 0.075
2535.000 0.079
2540.000 0.081
2545.000 0.084
2550.000 0.086
2555.000 0.089
2560.000 0.089
2565.000 0.091
2570.000 0.091
2575.000 0.094
2580.000 0.096
2585.000 0.096
2590.000 0.099
2595.000 0.100
2600.000 0.100
2605.000 0.102
2610.000 0.102
2615.000 0.105
2620.000 0.104
2625.000 0.106
2630.000 0.105
2635.000 0.106
2640.000 0.105
2645.000 0.106
2650.000 0.105
2655.000 0.107
2660.000 0.106
2665.000 0.106
2670.000 0.106
2675.000 0.108
2680.000 0.107
2685.000 0.105
2690.000 0.105
2695.000 0.107
2700.000 0.104
2705.000 0.105
2710.000 0.104
2715.000 0.103
2720.000 0.105
2725.000 0.102
2730.000 0.100
2735.000 0.100
2740.000 0.098
2745.000 0.098
2750.000 0.096
2755.000 0.096
2760.000 0.095
2765.000 0.094
2770.000 0.095
2775.000 0.093
2780.000 0.090
2785.000 0.090
2790.000 0.088
2795.000 0.090
2800.000 0.086
2805.000 0.089
2810.000 0.087
2815.000 0.087
2820.000 0.086
2825.000 0.086
2830.000 0.084
2835.000 0.084
2840.000 0.084
2845.000 0.085
2850.000 0.085
2855.000 0.085
2860.000 0.087
2865.000 0.087
2870.000 0.090
2875.000 0.091
2880.000 0.093
2885.000 0.093
2890.000 0.098
2895.000 0.100
2900.000 0.103
2905.000 0.103
2910.000 0.107
2915.000 0.112
2920.000 0.113
2925.000 0.118
2930.000 0.121
2935.000 0.121
2940.000 0.126
2945.000 0.128
2950.000 0.132
2955.000 0.133
2960.000 0.134
2965.000 0.137
2970.000 0.147
2975.000 0.149
2980.000 0.155
2985.000 0.151
2990.000 0.162
2995.000 0.163
3000.000 0.163
3005.000 0.160
3010.000 0.169
3015.000 0.166
3020.000 0.178
3025.000 0.179
3030.000 0.182
3035.000 0.176
3040.000 0.180
3045.000 0.182
3050.000 0.191
3055.000 0.186
3060.000 0.188
3065.000 0.194
3070.000 0.196
3075.000 0.196
3080.000 0.201
3085.000 0.202
3090.000 0.203
3095.000 0.206
3100.000 0.209
3105.000 0.211
3110.000 0.212
3115.000 0.212
3120.000 0.215
3125.000 0.218
3130.000 0.217
3135.000 0.218
3140.000 0.222
3145.000 0.223
3150.000 0.226
3155.000 0.226
3160.000 0.228
3165.000 0.230
3170.000 0.229
3175.000 0.232
3180.000 0.232
3185.000 0.234
3190.000 0.235
3195.000 0.236
3200.000 0.239
3205.000 0.239
3210.000 0.238
3215.000 0.241
3220.000 0.242
3225.000 0.246
3230.000 0.245
3235.000 0.248
3240.000 0.248
3245.000 0.250
3250.000 0.250
3255.000 0.251
3260.000 0.252
3265.000 0.254
3270.000 0.258
3275.000 0.258
3280.000 0.258
3285.000 0.260
3290.000 0.263
3295.000 0.260
3300.000 0.265
3305.000 0.264
3310.000 0.265
3315.000 0.267
3320.000 0.267
3325.000 0.270
3330.000 0.272
3335.000 0.274
3340.000 0.276
3345.000 0.275
3350.000 0.278
3355.000 0.278
3360.000 0.279
3365.000 0.280
3370.000 0.281
3375.000 0.286
3380.000 0.286
3385.000 0.289
3390.000 0.288
3395.000 0.292
3400.000 0.297
3405.000 0.298
3410.000 0.300
3415.000 0.300
3420.000 0.300
3425.000 0.302
3430.000 0.304
3435.000 0.304
3440.000 0.309
3445.000 0.312
3450.000 0.317
3455.000 0.319
3460.000 0.324
3465.000 0.325
3470.000 0.331
3475.000 0.332
3480.000 0.337
3485.000 0.337
3490.000 0.342
3495.000 0.345
3500.000 0.349
3505.000 0.358
3510.000 0.362
3515.000 0.369
3520.000 0.375
3525.000 0.380
3530.000 0.385
3535.000 0.399
3540.000 0.405
3545.000 0.409
3550.000 0.418
3555.000 0.429
3560.000 0.443
3565.000 0.450
3570.000 0.466
3575.000 0.484
3580.000 0.497
3585.000 0.517
3590.000 0.539
3595.000 0.564
3600.000 0.595
3605.000 0.611
3610.000 0.648
3615.000 0.685
3620.000 0.737
3625.000 0.778
3630.000 0.828
3635.000 0.882
3640.000 0.941
3645.000 1.016
3650.000 1.107
3655.000 1.234
3660.000 1.404
3665.000 1.518
3670.000 1.805
3675.000 2.261
3680.000 2.981
3685.000 4.158
3690.000 6.044
3695.000 8.931
3700.000 13.355
3705.000 19.179
3710.000 21.028
3715.000 11.966
3720.000 9.264
3725.000 5.784
3730.000 4.859
3735.000 3.363
3740.000 2.527
3745.000 2.002
3750.000 1.625
3755.000 1.363
3760.000 1.168
3765.000 1.016
3770.000 0.901
3775.000 0.810
3780.000 0.738
3785.000 0.681
3790.000 0.652
3795.000 0.608
3800.000 0.569
3805.000 0.535
3810.000 0.509
3815.000 0.486
3820.000 0.464
3825.000 0.446
3830.000 0.432
3835.000 0.417
3840.000 0.407
3845.000 0.397
3850.000 0.391
3855.000 0.383
3860.000 0.373
3865.000 0.366
3870.000 0.357
3875.000 0.352
3880.000 0.347
3885.000 0.340
3890.000 0.336
3895.000 0.330
3900.000 0.326
3905.000 0.322
3910.000 0.320
3915.000 0.316
3920.000 0.311
3925.000 0.313
3930.000 0.306
3935.000 0.305
3940.000 0.298
3945.000 0.298
3950.000 0.297
3955.000 0.295
3960.000 0.296
3965.000 0.290
3970.000 0.290
3975.000 0.287
3980.000 0.285
3985.000 0.289
3990.000 0.280
3995.000 0.280
4000.000 0.286
4005.000 0.277
4010.000 0.276
4015.000 0.279
4020.000 0.277
4025.000 0.276
4030.000 0.274
4035.000 0.276
4040.000 0.279
4045.000 0.277
4050.000 0.275
4055.000 0.274
4060.000 0.272
4065.000 0.276
4070.000 0.272
4075.000 0.275
4080.000 0.278
4085.000 0.275
4090.000 0.278
4095.000 0.276
4100.000 0.279
4105.000 0.275
4110.000 0.277
4115.000 0.278
4120.000 0.278
4125.000 0.280
4130.000 0.278
4135.000 0.280
4140.000 0.279
4145.000 0.278
4150.000 0.278
4155.000 0.278
4160.000 0.277
4165.000 0.276
4170.000 0.276
4175.000 0.273
4180.000 0.274
4185.000 0.273
4190.000 0.272
4195.000 0.274
4200.000 0.271
4205.000 0.271
4210.000 0.267
4215.000 0.269
4220.000 0.265
4225.000 0.264
4230.000 0.264
4235.000 0.262
4240.000 0.260
4245.000 0.257
4250.000 0.257
4255.000 0.256
4260.000 0.253
4265.000 0.254
4270.000 0.253
4275.000 0.254
4280.000 0.251
4285.000 0.253
4290.000 0.251
4295.000 0.253
4300.000 0.253
4305.000 0.254
4310.000 0.253
4315.000 0.253
4320.000 0.256
4325.000 0.255
4330.000 0.254
4335.000 0.257
4340.000 0.256
4345.000 0.257
4350.000 0.257
4355.000 0.257
4360.000 0.261
4365.000 0.259
4370.000 0.260
4375.000 0.261
4380.000 0.261
4385.000 0.262
4390.000 0.262
4395.000 0.263
4400.000 0.263
4405.000 0.265
4410.000 0.265
4415.000 0.265
4420.000 0.268
4425.000 0.270
4430.000 0.269
4435.000 0.267
4440.000 0.270
4445.000 0.270
4450.000 0.271
4455.000 0.274
4460.000 0.272
4465.000 0.274
4470.000 0.274
4475.000 0.274
4480.000 0.276
4485.000 0.276
4490.000 0.281
4495.000 0.280
4500.000 0.281
4505.000 0.282
4510.000 0.282
4515.000 0.287
4520.000 0.285
4525.000 0.286
4530.000 0.289
4535.000 0.290
4540.000 0.291
4545.000 0.292
4550.000 0.292
4555.000 0.295
4560.000 0.299
4565.000 0.298
4570.000 0.299
4575.000 0.299
4580.000 0.303
4585.000 0.305
4590.000 0.307
4595.000 0.312
4600.000 0.312
4605.000 0.316
4610.000 0.316
4615.000 0.322
4620.000 0.321
4625.000 0.325
4630.000 0.332
4635.000 0.330
4640.000 0.336
4645.000 0.338
4650.000 0.345
4655.000 0.346
4660.000 0.353
4665.000 0.359
4670.000 0.361
4675.000 0.371
4680.000 0.373
4685.000 0.383
4690.000 0.388
4695.000 0.392
4700.000 0.398
4705.000 0.398
4710.000 0.403
4715.000 0.406
4720.000 0.412
4725.000 0.414
4730.000 0.417
4735.000 0.428
4740.000 0.430
4745.000 0.434
4750.000 0.435
4755.000 0.446
4760.000 0.455
4765.000 0.457
4770.000 0.461
4775.000 0.470
4780.000 0.479
4785.000 0.487
4790.000 0.497
4795.000 0.509
4800.000 0.514
4805.000 0.530
4810.000 0.540
4815.000 0.554
4820.000 0.561
4825.000 0.578
4830.000 0.589
4835.000 0.612
4840.000 0.632
4845.000 0.648
4850.000 0.673
4855.000 0.699
4860.000 0.724
4865.000 0.758
4870.000 0.790
4875.000 0.837
4880.000 0.878
4885.000 0.908
4890.000 0.953
4895.000 1.023
4900.000 1.079
4905.000 1.164
4910.000 1.259
4915.000 1.364
4920.000 1.469
4925.000 1.575
4930.000 1.716
4935.000 1.902
4940.000 2.130
4945.000 2.288
4950.000 2.649
4955.000 3.168
4960.000 3.907
4965.000 5.044
4970.000 6.859
4975.000 9.566
4980.000 13.675
4985.000 17.855
4990.000 9.606
4995.000 19.077
5000.000 21.927
5005.000 26.421
5010.000 24.368
5015.000 15.582
5020.000 10.179
5025.000 7.293
5030.000 5.423
5035.000 4.289
5040.000 3.541
5045.000 2.999
5050.000 2.628
5055.000 2.351
5060.000 2.140
5065.000 2.027
5070.000 1.844
5075.000 1.691
5080.000 1.559
5085.000 1.453
5090.000 1.357
5095.000 1.279
5100.000 1.213
5105.000 1.148
5110.000 1.099
5115.000 1.050
5120.000 1.011
5125.000 0.990
5130.000 0.959
5135.000 0.928
5140.000 0.900
5145.000 0.879
5150.000 0.853
5155.000 0.836
5160.000 0.818
5165.000 0.798
5170.000 0.785
5175.000 0.768
5180.000 0.754
5185.000 0.742
5190.000 0.737
5195.000 0.726
5200.000 0.717
5205.000 0.710
5210.000 0.698
5215.000 0.690
5220.000 0.679
5225.000 0.674
5230.000 0.669
5235.000 0.661
5240.000 0.658
5245.000 0.649
5250.000 0.645
5255.000 0.639
5260.000 0.635
5265.000 0.629
5270.000 0.624
5275.000 0.622
5280.000 0.614
5285.000 0.613
5290.000 0.606
5295.000 0.604
5300.000 0.601
5305.000 0.597
5310.000 0.592
5315.000 0.589
5320.000 0.585
5325.000 0.580
5330.000 0.578
5335.000 0.574
5340.000 0.571
5345.000 0.568
5350.000 0.563
5355.000 0.561
5360.000 0.554
5365.000 0.551
5370.000 0.548
5375.000 0.546
5380.000 0.540
5385.000 0.538
5390.000 0.535
5395.000 0.530
5400.000 0.528
5405.000 0.522
5410.000 0.517
5415.000 0.515
5420.000 0.508
5425.000 0.504
5430.000 0.502
5435.000 0.502
5440.000 0.495
5445.000 0.492
5450.000 0.488
5455.000 0.484
5460.000 0.480
5465.000 0.475
5470.000 0.474
5475.000 0.469
5480.000 0.464
5485.000 0.460
5490.000 0.457
5495.000 0.455
5500.000 0.452
5505.000 0.449
5510.000 0.446
5515.000 0.445
5520.000 0.441
5525.000 0.450
5530.000 0.446
5535.000 0.438
5540.000 0.431
5545.000 0.423
5550.000 0.422
5555.000 0.417
5560.000 0.414
5565.000 0.411
5570.000 0.408
5575.000 0.405
5580.000 0.403
5585.000 0.401
5590.000 0.398
5595.000 0.394
5600.000 0.395
5605.000 0.391
5610.000 0.387
5615.000 0.385
5620.000 0.385
5625.000 0.380
5630.000 0.379
5635.000 0.377
5640.000 0.375
5645.000 0.373
5650.000 0.372
5655.000 0.369
5660.000 0.369
5665.000 0.367
5670.000 0.365
5675.000 0.363
5680.000 0.362
5685.000 0.359
5690.000 0.360
5695.000 0.355
5700.000 0.355
5705.000 0.355
5710.000 0.351
5715.000 0.351
5720.000 0.349
5725.000 0.349
5730.000 0.348
5735.000 0.345
5740.000 0.345
5745.000 0.345
5750.000 0.344
5755.000 0.342
5760.000 0.341
5765.000 0.339
5770.000 0.338
5775.000 0.338
5780.000 0.338
5785.000 0.337
5790.000 0.334
5795.000 0.334
5800.000 0.334
5805.000 0.334
5810.000 0.333
5815.000 0.330
5820.000 0.329
5825.000 0.330
5830.000 0.331
5835.000 0.328
5840.000 0.328
5845.000 0.330
5850.000 0.327
5855.000 0.329
5860.000 0.325
5865.000 0.327
5870.000 0.326
5875.000 0.327
5880.000 0.325
5885.000 0.325
5890.000 0.324
5895.000 0.323
5900.000 0.325
5905.000 0.325
5910.000 0.321
5915.000 0.323
5920.000 0.323
5925.000 0.322
5930.000 0.321
5935.000 0.320
5940.000 0.322
5945.000 0.321
5950.000 0.323
5955.000 0.318
5960.000 0.318
5965.000 0.317
5970.000 0.323
5975.000 0.321
5980.000 0.323
5985.000 0.320
5990.000 0.322
5995.000 0.319
6000.000 0.323
6005.000 0.315
6010.000 0.312
6015.000 0.319
6020.000 0.315
6025.000 0.315
6030.000 0.314
6035.000 0.313
6040.000 0.320
6045.000 0.317
6050.000 0.312
6055.000 0.317
6060.000 0.317
6065.000 0.316
6070.000 0.316
6075.000 0.317
6080.000 0.321
6085.000 0.318
6090.000 0.321
6095.000 0.322
6100.000 0.324
6105.000 0.326
6110.000 0.328
6115.000 0.329
6120.000 0.333
6125.000 0.337
6130.000 0.340
6135.000 0.345
6140.000 0.349
6145.000 0.353
6150.000 0.362
6155.000 0.370
6160.000 0.376
6165.000 0.384
6170.000 0.396
6175.000 0.409
6180.000 0.429
6185.000 0.453
6190.000 0.478
6195.000 0.512
6200.000 0.554
6205.000 0.606
6210.000 0.655
6215.000 0.699
6220.000 0.757
6225.000 0.790
6230.000 0.865
6235.000 0.923
6240.000 0.929
6245.000 0.849
6250.000 0.975
6255.000 3.398
6260.000 4.789
6265.000 1.726
6270.000 0.785
6275.000 0.408
6280.000 0.382
6285.000 0.418
6290.000 0.480
6295.000 0.533
6300.000 0.606
6305.000 0.690
6310.000 0.706
6315.000 0.739
6320.000 0.701
6325.000 0.649
6330.000 0.600
6335.000 0.568
6340.000 0.558
6345.000 0.533
6350.000 0.515
6355.000 0.500
6360.000 0.483
6365.000 0.463
6370.000 0.443
6375.000 0.425
6380.000 0.411
6385.000 0.399
6390.000 0.385
6395.000 0.374
6400.000 0.363
6405.000 0.359
6410.000 0.349
6415.000 0.341
6420.000 0.335
6425.000 0.327
6430.000 0.319
6435.000 0.312
6440.000 0.307
6445.000 0.302
6450.000 0.296
6455.000 0.293
6460.000 0.286
6465.000 0.282
6470.000 0.281
6475.000 0.275
6480.000 0.272
6485.000 0.271
6490.000 0.265
6495.000 0.264
6500.000 0.261
6505.000 0.259
6510.000 0.258
6515.000 0.258
6520.000 0.258
6525.000 0.260
6530.000 0.265
6535.000 0.278
6540.000 0.290
6545.000 0.316
6550.000 0.361
6555.000 0.441
6560.000 0.573
6565.000 0.828
6570.000 1.382
6575.000 2.569
6580.000 5.138
6585.000 7.054
6590.000 10.389
6595.000 2.692
6600.000 7.817
6605.000 2.689
6610.000 1.233
6615.000 1.258
6620.000 0.993
6625.000 0.858
6630.000 0.727
6635.000 0.647
6640.000 0.587
6645.000 0.539
6650.000 0.521
6655.000 0.486
6660.000 0.462
6665.000 0.441
6670.000 0.422
6675.000 0.408
6680.000 0.395
6685.000 0.384
6690.000 0.378
6695.000 0.368
6700.000 0.364
6705.000 0.356
6710.000 0.355
6715.000 0.349
6720.000 0.346
6725.000 0.341
6730.000 0.339
6735.000 0.336
6740.000 0.332
6745.000 0.330
6750.000 0.327
6755.000 0.325
6760.000 0.324
6765.000 0.322
6770.000 0.318
6775.000 0.318
6780.000 0.315
6785.000 0.312
6790.000 0.312
6795.000 0.311
6800.000 0.307
6805.000 0.306
6810.000 0.305
6815.000 0.304
6820.000 0.300
6825.000 0.299
6830.000 0.298
6835.000 0.299
6840.000 0.299
6845.000 0.294
6850.000 0.296
6855.000 0.293
6860.000 0.292
6865.000 0.292
6870.000 0.291
6875.000 0.292
6880.000 0.287
6885.000 0.288
6890.000 0.287
6895.000 0.287
6900.000 0.283
6905.000 0.286
6910.000 0.285
6915.000 0.280
6920.000 0.283
6925.000 0.279
6930.000 0.281
6935.000 0.280
6940.000 0.276
6945.000 0.274
6950.000 0.274
6955.000 0.280
6960.000 0.274
6965.000 0.275
6970.000 0.274
6975.000 0.275
6980.000 0.277
6985.000 0.268
6990.000 0.272
6995.000 0.271
7000.000 0.263
7005.000 0.273
7010.000 0.274
7015.000 0.270
7020.000 0.263
7025.000 0.261
7030.000 0.262
7035.000 0.264
7040.000 0.268
7045.000 0.261
7050.000 0.258
7055.000 0.256
7060.000 0.254
7065.000 0.259
7070.000 0.257
7075.000 0.256
7080.000 0.254
7085.000 0.251
7090.000 0.251
7095.000 0.252
7100.000 0.250
7105.000 0.248
7110.000 0.249
7115.000 0.246
7120.000 0.245
7125.000 0.244
7130.000 0.244
7135.000 0.241
7140.000 0.241
7145.000 0.242
7150.000 0.239
7155.000 0.238
7160.000 0.235
7165.000 0.234
7170.000 0.235
7175.000 0.233
7180.000 0.233
7185.000 0.231
7190.000 0.231
7195.000 0.230
7200.000 0.229
7205.000 0.227
7210.000 0.227
7215.000 0.227
7220.000 0.225
7225.000 0.224
7230.000 0.223
7235.000 0.224
7240.000 0.225
7245.000 0.223
7250.000 0.224
7255.000 0.223
7260.000 0.225
7265.000 0.225
7270.000 0.226
7275.000 0.228
7280.000 0.230
7285.000 0.232
7290.000 0.237
7295.000 0.241
7300.000 0.249
7305.000 0.253
7310.000 0.264
7315.000 0.268
7320.000 0.279
7325.000 0.287
7330.000 0.304
7335.000 0.323
7340.000 0.344
7345.000 0.371
7350.000 0.403
7355.000 0.440
7360.000 0.478
7365.000 0.541
7370.000 0.585
7375.000 0.618
7380.000 0.646
7385.000 0.700
7390.000 0.768
7395.000 0.848
7400.000 0.960
7405.000 1.097
7410.000 1.274
7415.000 1.508
7420.000 1.814
7425.000 2.231
7430.000 2.808
7435.000 3.578
7440.000 4.081
7445.000 5.321
7450.000 7.003
7455.000 9.173
7460.000 11.571
7465.000 13.303
7470.000 12.997
7475.000 10.183
7480.000 7.237
7485.000 5.157
7490.000 3.798
7495.000 3.042
7500.000 2.507
7505.000 2.276
7510.000 1.956
7515.000 1.738
7520.000 1.574
7525.000 1.459
7530.000 1.377
7535.000 1.311
7540.000 1.250
7545.000 1.201
7550.000 1.151
7555.000 1.110
7560.000 1.089
7565.000 1.042
7570.000 0.999
7575.000 0.957
7580.000 0.921
7585.000 0.888
7590.000 0.862
7595.000 0.836
7600.000 0.813
7605.000 0.794
7610.000 0.777
7615.000 0.759
7620.000 0.750
7625.000 0.731
7630.000 0.716
7635.000 0.703
7640.000 0.690
7645.000 0.680
7650.000 0.669
7655.000 0.659
7660.000 0.653
7665.000 0.642
7670.000 0.635
7675.000 0.628
7680.000 0.620
7685.000 0.618
7690.000 0.610
7695.000 0.602
7700.000 0.599
7705.000 0.593
7710.000 0.589
7715.000 0.585
7720.000 0.579
7725.000 0.576
7730.000 0.567
7735.000 0.567
7740.000 0.561
7745.000 0.560
7750.000 0.556
7755.000 0.553
7760.000 0.549
7765.000 0.545
7770.000 0.545
7775.000 0.541
7780.000 0.537
7785.000 0.533
7790.000 0.532
7795.000 0.531
7800.000 0.527
7805.000 0.527
7810.000 0.522
7815.000 0.520
7820.000 0.517
7825.000 0.515
7830.000 0.512
7835.000 0.512
7840.000 0.511
7845.000 0.508
7850.000 0.506
7855.000 0.503
7860.000 0.499
7865.000 0.499
7870.000 0.498
7875.000 0.496
7880.000 0.495
7885.000 0.495
7890.000 0.491
7895.000 0.488
7900.000 0.487
7905.000 0.484
7910.000 0.481
7915.000 0.480
7920.000 0.477
7925.000 0.475
7930.000 0.472
7935.000 0.469
7940.000 0.470
7945.000 0.468
7950.000 0.463
7955.000 0.457
7960.000 0.453
7965.000 0.450
7970.000 0.450
7975.000 0.443
7980.000 0.440
7985.000 0.427
7990.000 0.428
7995.000 0.420
8000.000 0.418
8005.000 0.400
8010.000 0.388
8015.000 0.378
8020.000 0.364
8025.000 0.350
8030.000 0.322
8035.000 0.297
8040.000 0.256
8045.000 0.236
8050.000 0.177
8055.000 0.102
8060.000 0.128
8065.000 0.478
8070.000 2.349
8075.000 6.620
8080.000 12.094
8085.000 10.772
8090.000 2.088
8095.000 1.425
8100.000 0.915
8105.000 1.249
8110.000 0.980
8115.000 0.880
8120.000 0.824
8125.000 0.760
8130.000 0.718
8135.000 0.690
8140.000 0.669
8145.000 0.656
8150.000 0.641
8155.000 0.638
8160.000 0.628
8165.000 0.625
8170.000 0.622
8175.000 0.624
8180.000 0.621
8185.000 0.621
8190.000 0.658
8195.000 0.662
8200.000 0.649
8205.000 0.643
8210.000 0.639
8215.000 0.638
8220.000 0.634
8225.000 0.635
8230.000 0.634
8235.000 0.634
8240.000 0.633
8245.000 0.639
8250.000 0.642
8255.000 0.641
8260.000 0.644
8265.000 0.647
8270.000 0.653
8275.000 0.658
8280.000 0.658
8285.000 0.663
8290.000 0.664
8295.000 0.666
8300.000 0.671
8305.000 0.678
8310.000 0.681
8315.000 0.687
8320.000 0.694
8325.000 0.697
8330.000 0.704
8335.000 0.710
8340.000 0.719
8345.000 0.729
8350.000 0.734
8355.000 0.739
8360.000 0.744
8365.000 0.757
8370.000 0.764
8375.000 0.774
8380.000 0.788
8385.000 0.795
8390.000 0.812
8395.000 0.818
8400.000 0.835
8405.000 0.854
8410.000 0.866
8415.000 0.869
8420.000 0.885
8425.000 0.904
8430.000 0.915
8435.000 0.925
8440.000 0.934
8445.000 0.947
8450.000 0.967
8455.000 0.979
8460.000 0.996
8465.000 1.009
8470.000 1.032
8475.000 1.042
8480.000 1.064
8485.000 1.085
8490.000 1.109
8495.000 1.141
8500.000 1.171
8505.000 1.204
8510.000 1.250
8515.000 1.294
8520.000 1.349
8525.000 1.407
8530.000 1.448
8535.000 1.535
8540.000 1.663
8545.000 1.859
8550.000 2.233
8555.000 3.062
8560.000 4.765
8565.000 6.975
8570.000 4.257
8575.000 2.323
8580.000 1.762
8585.000 1.296
8590.000 1.551
8595.000 1.584
8600.000 1.773
8605.000 2.010
8610.000 2.283
8615.000 2.594
8620.000 2.963
8625.000 3.463
8630.000 4.116
8635.000 5.013
8640.000 6.195
8645.000 7.705
8650.000 9.475
8655.000 10.381
8660.000 11.964
8665.000 12.559
8670.000 11.571
8675.000 9.133
8680.000 6.894
8685.000 5.251
8690.000 4.129
8695.000 3.262
8700.000 2.423
8705.000 1.893
8710.000 1.516
8715.000 1.122
8720.000 1.005
8725.000 0.865
8730.000 0.767
8735.000 0.669
8740.000 0.596
8745.000 0.537
8750.000 0.480
8755.000 0.434
8760.000 0.393
8765.000 0.359
8770.000 0.328
8775.000 0.312
8780.000 0.289
8785.000 0.264
8790.000 0.242
8795.000 0.224
8800.000 0.207
8805.000 0.195
8810.000 0.179
8815.000 0.163
8820.000 0.164
8825.000 0.131
8830.000 0.128
8835.000 0.145
8840.000 0.120
8845.000 0.117
8850.000 0.113
8855.000 0.107
8860.000 0.105
8865.000 0.100
8870.000 0.101
8875.000 0.098
8880.000 0.100
8885.000 0.099
8890.000 0.099
8895.000 0.101
8900.000 0.101
8905.000 0.103
8910.000 0.104
8915.000 0.108
8920.000 0.109
8925.000 0.110
8930.000 0.113
8935.000 0.114
8940.000 0.120
8945.000 0.122
8950.000 0.124
8955.000 0.129
8960.000 0.128
8965.000 0.131
8970.000 0.137
8975.000 0.135
8980.000 0.139
8985.000 0.148
8990.000 0.144
8995.000 0.146
9000.000 0.155
9005.000 0.153
9010.000 0.153
9015.000 0.157
9020.000 0.163
9025.000 0.168
9030.000 0.170
9035.000 0.168
9040.000 0.170
9045.000 0.172
9050.000 0.181
9055.000 0.180
9060.000 0.184
9065.000 0.185
9070.000 0.188
9075.000 0.194
9080.000 0.194
9085.000 0.195
9090.000 0.196
9095.000 0.199
9100.000 0.202
9105.000 0.204
9110.000 0.208
9115.000 0.210
9120.000 0.212
9125.000 0.215
9130.000 0.217
9135.000 0.219
9140.000 0.222
9145.000 0.223
9150.000 0.227
9155.000 0.228
9160.000 0.231
9165.000 0.235
9170.000 0.237
9175.000 0.241
9180.000 0.241
9185.000 0.247
9190.000 0.250
9195.000 0.251
9200.000 0.254
9205.000 0.255
9210.000 0.259
9215.000 0.259
9220.000 0.264
9225.000 0.268
9230.000 0.273
9235.000 0.275
9240.000 0.279
9245.000 0.284
9250.000 0.288
9255.000 0.291
9260.000 0.295
9265.000 0.297
9270.000 0.301
9275.000 0.305
9280.000 0.310
9285.000 0.312
9290.000 0.317
9295.000 0.321
9300.000 0.321
9305.000 0.324
9310.000 0.330
9315.000 0.335
9320.000 0.342
9325.000 0.341
9330.000 0.347
9335.000 0.348
9340.000 0.354
9345.000 0.358
9350.000 0.366
9355.000 0.373
9360.000 0.377
9365.000 0.386
9370.000 0.392
9375.000 0.400
9380.000 0.412
9385.000 0.414
9390.000 0.425
9395.000 0.436
9400.000 0.448
9405.000 0.461
9410.000 0.475
9415.000 0.494
9420.000 0.514
9425.000 0.539
9430.000 0.561
9435.000 0.592
9440.000 0.631
9445.000 0.667
9450.000 0.689
9455.000 0.736
9460.000 0.802
9465.000 0.877
9470.000 0.997
9475.000 1.162
9480.000 1.459
9485.000 2.058
9490.000 3.161
9495.000 5.102
9500.000 7.693
9505.000 8.814
9510.000 7.726
9515.000 2.589
9520.000 2.059
9525.000 1.144
9530.000 0.736
9535.000 0.509
9540.000 0.390
9545.000 0.291
9550.000 0.220
9555.000 0.169
9560.000 0.132
9565.000 0.119
9570.000 0.093
9575.000 0.073
9580.000 0.058
9585.000 0.048
9590.000 0.041
9595.000 0.039
9600.000 0.040
9605.000 0.040
9610.000 0.045
9615.000 0.051
9620.000 0.056
9625.000 0.058
9630.000 0.061
9635.000 0.065
9640.000 0.068
9645.000 0.072
9650.000 0.075
9655.000 0.078
9660.000 0.079
9665.000 0.081
9670.000 0.084
9675.000 0.086
9680.000 0.087
9685.000 0.089
9690.000 0.089
9695.000 0.090
9700.000 0.092
9705.000 0.092
9710.000 0.093
9715.000 0.093
9720.000 0.092
9725.000 0.092
9730.000 0.093
9735.000 0.091
9740.000 0.088
9745.000 0.089
9750.000 0.088
9755.000 0.087
9760.000 0.084
9765.000 0.083
9770.000 0.080
9775.000 0.078
9780.000 0.077
9785.000 0.073
9790.000 0.075
9795.000 0.075
9800.000 0.077
9805.000 0.086
9810.000 0.093
9815.000 0.112
9820.000 0.139
9825.000 0.181
9830.000 0.238
9835.000 0.318
9840.000 0.422
9845.000 0.523
9850.000 0.558
9855.000 0.507
9860.000 0.432
9865.000 0.367
9870.000 0.344
9875.000 0.307
9880.000 0.292
9885.000 0.307
9890.000 0.359
9895.000 0.453
9900.000 0.558
9905.000 0.631
9910.000 0.621
9915.000 0.560
9920.000 0.512
9925.000 0.478
9930.000 0.453
9935.000 0.439
9940.000 0.422
9945.000 0.407
9950.000 0.392
9955.000 0.379
9960.000 0.372
9965.000 0.360
9970.000 0.353
9975.000 0.343
9980.000 0.336
9985.000 0.337
9990.000 0.331
9995.000 0.328
10000.000 0.320
