1801.000 0.003
1802.000 3.466
1803.000 3.468
1804.000 3.476
1805.000 3.508
1806.000 3.508
1807.000 3.520
1808.000 3.521
1809.000 3.523
1810.000 3.524
1811.000 3.529
1812.000 3.541
1813.000 3.546
1814.000 3.558
1815.000 3.572
1816.000 3.585
1817.000 3.590
1818.000 3.600
1819.000 3.623
1820.000 3.660
1821.000 3.670
1822.000 3.665
1823.000 3.688
1824.000 3.688
1825.000 3.699
1826.000 3.698
1827.000 3.697
1828.000 3.696
1829.000 3.697
1830.000 3.673
1831.000 3.653
1832.000 3.628
1833.000 3.596
1834.000 3.543
1835.000 3.483
1836.000 3.418
1837.000 3.344
1838.000 3.253
1839.000 3.175
1840.000 3.099
1841.000 3.011
1842.000 2.982
1843.000 2.916
1844.000 2.876
1845.000 2.860
1846.000 2.868
1847.000 2.884
1848.000 2.881
1849.000 2.887
1850.000 2.897
1851.000 2.903
1852.000 2.907
1853.000 2.904
1854.000 2.900
1855.000 2.894
1856.000 2.893
1857.000 2.869
1858.000 2.844
1859.000 2.802
1860.000 2.754
1861.000 2.693
1862.000 2.613
1863.000 2.523
1864.000 2.424
1865.000 2.369
1866.000 2.260
1867.000 2.157
1868.000 2.056
1869.000 1.964
1870.000 1.890
1871.000 1.827
1872.000 1.811
1873.000 1.811
1874.000 1.818
1875.000 1.824
1876.000 1.829
1877.000 1.839
1878.000 1.843
1879.000 1.847
1880.000 1.850
1881.000 1.854
1882.000 1.866
1883.000 1.863
1884.000 1.873
1885.000 1.878
1886.000 1.882
1887.000 1.883
1888.000 1.893
1889.000 1.899
1890.000 1.902
1891.000 1.907
1892.000 1.906
1893.000 1.911
1894.000 1.913
1895.000 1.918
1896.000 1.930
1897.000 1.931
1898.000 1.928
1899.000 1.936
1900.000 1.940
1901.000 1.950
1902.000 1.949
1903.000 1.960
1904.000 1.958
1905.000 1.962
1906.000 1.963
1907.000 1.971
1908.000 1.971
1909.000 1.976
1910.000 1.980
1911.000 1.985
1912.000 1.991
1913.000 1.988
1914.000 1.993
1915.000 1.997
1916.000 2.002
1917.000 2.007
1918.000 2.006
1919.000 2.008
1920.000 2.017
1921.000 2.021
1922.000 2.026
1923.000 2.036
1924.000 2.036
1925.000 2.036
1926.000 2.037
1927.000 2.041
1928.000 2.043
1929.000 2.057
1930.000 2.051
1931.000 2.059
1932.000 2.061
1933.000 2.061
1934.000 2.076
1935.000 2.076
1936.000 2.081
1937.000 2.081
1938.000 2.085
1939.000 2.088
1940.000 2.095
1941.000 2.101
1942.000 2.100
1943.000 2.100
1944.000 2.110
1945.000 2.109
1946.000 2.121
1947.000 2.124
1948.000 2.132
1949.000 2.127
1950.000 2.147
1951.000 2.138
1952.000 2.141
1953.000 2.147
1954.000 2.153
1955.000 2.162
1956.000 2.165
1957.000 2.184
1958.000 2.187
1959.000 2.192
1960.000 2.209
1961.000 2.210
1962.000 2.202
1963.000 2.203
1964.000 2.222
1965.000 2.219
1966.000 2.223
1967.000 2.240
1968.000 2.245
1969.000 2.252
1970.000 2.259
1971.000 2.266
1972.000 2.264
1973.000 2.267
1974.000 2.279
1975.000 2.288
1976.000 2.301
1977.000 2.295
1978.000 2.319
1979.000 2.312
1980.000 2.331
1981.000 2.334
1982.000 2.339
1983.000 2.346
1984.000 2.362
1985.000 2.384
1986.000 2.384
1987.000 2.388
1988.000 2.397
1989.000 2.406
1990.000 2.417
1991.000 2.417
1992.000 2.439
1993.000 2.439
1994.000 2.453
1995.000 2.460
1996.000 2.481
1997.000 2.481
1998.000 2.490
1999.000 2.500
2000.000 2.515
2001.000 2.529
2002.000 2.543
2003.000 2.549
2004.000 2.567
2005.000 2.567
2006.000 2.578
2007.000 2.616
2008.000 2.621
2009.000 2.649
2010.000 2.655
2011.000 2.658
2012.000 2.683
2013.000 2.706
2014.000 2.700
2015.000 2.804
2016.000 2.840
2017.000 2.828
2018.000 2.833
2019.000 2.841
2020.000 2.845
2021.000 2.856
2022.000 2.885
2023.000 2.947
2024.000 2.940
2025.000 2.956
2026.000 2.965
2027.000 2.989
2028.000 3.005
2029.000 3.023
2030.000 3.059
2031.000 3.084
2032.000 3.121
2033.000 3.146
2034.000 3.175
2035.000 3.217
2036.000 3.234
2037.000 3.264
2038.000 3.297
2039.000 3.335
2040.000 3.374
2041.000 3.407
2042.000 3.452
2043.000 3.487
2044.000 3.544
2045.000 3.577
2046.000 3.634
2047.000 3.673
2048.000 3.742
2049.000 3.767
2050.000 3.818
2051.000 3.866
2052.000 3.933
2053.000 3.996
2054.000 4.036
2055.000 4.107
2056.000 4.170
2057.000 4.242
2058.000 4.337
2059.000 4.410
2060.000 4.445
2061.000 4.532
2062.000 4.625
2063.000 4.700
2064.000 4.804
2065.000 4.908
2066.000 5.011
2067.000 5.116
2068.000 5.228
2069.000 5.380
2070.000 5.517
2071.000 5.655
2072.000 5.815
2073.000 5.890
2074.000 6.064
2075.000 6.255
2076.000 6.560
2077.000 6.746
2078.000 6.944
2079.000 7.159
2080.000 7.407
2081.000 7.692
2082.000 7.977
2083.000 8.316
2084.000 8.663
2085.000 8.866
2086.000 9.262
2087.000 9.711
2088.000 10.178
2089.000 10.682
2090.000 11.255
2091.000 11.822
2092.000 12.425
2093.000 13.023
2094.000 13.654
2095.000 14.268
2096.000 14.771
2097.000 15.203
2098.000 15.377
2099.000 15.592
2100.000 15.589
2101.000 15.391
2102.000 15.096
2103.000 14.389
2104.000 13.609
2105.000 12.790
2106.000 11.973
2107.000 11.244
2108.000 10.488
2109.000 10.143
2110.000 9.488
2111.000 8.869
2112.000 8.325
2113.000 7.857
2114.000 7.400
2115.000 6.998
2116.000 6.626
2117.000 6.279
2118.000 5.959
2119.000 5.672
2120.000 5.408
2121.000 5.274
2122.000 5.043
2123.000 4.837
2124.000 4.609
2125.000 4.404
2126.000 4.208
2127.000 4.031
2128.000 3.873
2129.000 3.723
2130.000 3.591
2131.000 3.451
2132.000 3.323
2133.000 3.200
2134.000 3.149
2135.000 3.046
2136.000 2.934
2137.000 2.847
2138.000 2.735
2139.000 2.639
2140.000 2.575
2141.000 2.454
2142.000 2.317
2143.000 2.199
2144.000 2.092
2145.000 1.990
2146.000 1.942
2147.000 1.855
2148.000 1.770
2149.000 1.705
2150.000 1.634
2151.000 1.575
2152.000 1.520
2153.000 1.459
2154.000 1.408
2155.000 1.357
2156.000 1.309
2157.000 1.287
2158.000 1.243
2159.000 1.203
2160.000 1.168
2161.000 1.136
2162.000 1.099
2163.000 1.069
2164.000 1.035
2165.000 1.008
2166.000 0.981
2167.000 0.950
2168.000 0.924
2169.000 0.895
2170.000 0.888
2171.000 0.863
2172.000 0.839
2173.000 0.813
2174.000 0.793
2175.000 0.771
2176.000 0.750
2177.000 0.729
2178.000 0.706
2179.000 0.688
2180.000 0.675
2181.000 0.652
2182.000 0.644
2183.000 0.628
2184.000 0.611
2185.000 0.592
2186.000 0.579
2187.000 0.565
2188.000 0.556
2189.000 0.540
2190.000 0.523
2191.000 0.507
2192.000 0.493
2193.000 0.484
2194.000 0.469
2195.000 0.462
2196.000 0.449
2197.000 0.434
2198.000 0.423
2199.000 0.410
2200.000 0.400
2201.000 0.390
2202.000 0.377
2203.000 0.367
2204.000 0.356
2205.000 0.346
2206.000 0.340
2207.000 0.328
2208.000 0.321
2209.000 0.310
2210.000 0.298
2211.000 0.287
2212.000 0.276
2213.000 0.269
2214.000 0.261
2215.000 0.249
2216.000 0.238
2217.000 0.232
2218.000 0.226
2219.000 0.219
2220.000 0.211
2221.000 0.202
2222.000 0.193
2223.000 0.185
2224.000 0.177
2225.000 0.170
2226.000 0.160
2227.000 0.152
2228.000 0.147
2229.000 0.140
2230.000 0.135
2231.000 0.128
2232.000 0.123
2233.000 0.120
2234.000 0.115
2235.000 0.111
2236.000 0.111
2237.000 0.109
2238.000 0.111
2239.000 0.114
2240.000 0.118
2241.000 0.124
2242.000 0.132
2243.000 0.142
2244.000 0.147
2245.000 0.161
2246.000 0.171
2247.000 0.187
2248.000 0.206
2249.000 0.224
2250.000 0.246
2251.000 0.269
2252.000 0.291
2253.000 0.318
2254.000 0.347
2255.000 0.362
2256.000 0.398
2257.000 0.438
2258.000 0.482
2259.000 0.533
2260.000 0.595
2261.000 0.661
2262.000 0.749
2263.000 0.850
2264.000 0.991
2265.000 1.171
2266.000 1.388
2267.000 1.535
2268.000 1.857
2269.000 2.274
2270.000 2.689
2271.000 3.076
2272.000 3.259
2273.000 3.232
2274.000 3.032
2275.000 2.717
2276.000 2.407
2277.000 2.112
2278.000 1.845
2279.000 1.647
2280.000 1.554
2281.000 1.411
2282.000 1.295
2283.000 1.210
2284.000 1.135
2285.000 1.063
2286.000 0.993
2287.000 0.916
2288.000 0.849
2289.000 0.788
2290.000 0.740
2291.000 0.699
2292.000 0.676
2293.000 0.637
2294.000 0.606
2295.000 0.573
2296.000 0.548
2297.000 0.529
2298.000 0.510
2299.000 0.487
2300.000 0.473
2301.000 0.454
2302.000 0.439
2303.000 0.430
2304.000 0.420
2305.000 0.406
2306.000 0.394
2307.000 0.382
2308.000 0.370
2309.000 0.362
2310.000 0.348
2311.000 0.340
2312.000 0.331
2313.000 0.323
2314.000 0.316
2315.000 0.306
2316.000 0.305
2317.000 0.298
2318.000 0.289
2319.000 0.285
2320.000 0.277
2321.000 0.274
2322.000 0.267
2323.000 0.263
2324.000 0.255
2325.000 0.252
2326.000 0.244
2327.000 0.241
2328.000 0.240
2329.000 0.234
2330.000 0.229
2331.000 0.223
2332.000 0.220
2333.000 0.219
2334.000 0.215
2335.000 0.211
2336.000 0.205
2337.000 0.204
2338.000 0.199
2339.000 0.196
2340.000 0.191
2341.000 0.188
2342.000 0.188
2343.000 0.185
2344.000 0.183
2345.000 0.176
2346.000 0.173
2347.000 0.171
2348.000 0.170
2349.000 0.165
2350.000 0.164
2351.000 0.161
2352.000 0.160
2353.000 0.156
2354.000 0.155
2355.000 0.151
2356.000 0.150
2357.000 0.147
2358.000 0.147
2359.000 0.144
2360.000 0.143
2361.000 0.140
2362.000 0.137
2363.000 0.137
2364.000 0.135
2365.000 0.134
2366.000 0.132
2367.000 0.132
2368.000 0.129
2369.000 0.126
2370.000 0.124
2371.000 0.123
2372.000 0.122
2373.000 0.121
2374.000 0.119
2375.000 0.119
2376.000 0.115
2377.000 0.117
2378.000 0.115
2379.000 0.114
2380.000 0.109
2381.000 0.112
2382.000 0.109
2383.000 0.108
2384.000 0.107
2385.000 0.104
2386.000 0.104
2387.000 0.105
2388.000 0.102
2389.000 0.102
2390.000 0.101
2391.000 0.102
2392.000 0.100
2393.000 0.099
2394.000 0.099
2395.000 0.097
2396.000 0.097
2397.000 0.097
2398.000 0.095
2399.000 0.097
2400.000 0.094
2401.000 0.093
2402.000 0.092
2403.000 0.093
2404.000 0.091
2405.000 0.092
2406.000 0.091
2407.000 0.091
2408.000 0.090
2409.000 0.088
2410.000 0.087
2411.000 0.089
2412.000 0.087
2413.000 0.089
2414.000 0.087
2415.000 0.086
2416.000 0.087
2417.000 0.087
2418.000 0.087
2419.000 0.083
2420.000 0.085
2421.000 0.082
2422.000 0.085
2423.000 0.084
2424.000 0.083
2425.000 0.083
2426.000 0.084
2427.000 0.083
2428.000 0.083
2429.000 0.085
2430.000 0.084
2431.000 0.083
2432.000 0.082
2433.000 0.082
2434.000 0.082
2435.000 0.082
2436.000 0.083
2437.000 0.083
2438.000 0.082
2439.000 0.083
2440.000 0.082
2441.000 0.081
2442.000 0.081
2443.000 0.081
2444.000 0.080
2445.000 0.080
2446.000 0.081
2447.000 0.081
2448.000 0.080
2449.000 0.081
2450.000 0.083
2451.000 0.079
2452.000 0.081
2453.000 0.082
2454.000 0.081
2455.000 0.081
2456.000 0.083
2457.000 0.082
2458.000 0.082
2459.000 0.081
2460.000 0.084
2461.000 0.080
2462.000 0.082
2463.000 0.082
2464.000 0.081
2465.000 0.081
2466.000 0.083
2467.000 0.083
2468.000 0.081
2469.000 0.083
2470.000 0.082
2471.000 0.084
2472.000 0.082
2473.000 0.082
2474.000 0.082
2475.000 0.084
2476.000 0.084
2477.000 0.081
2478.000 0.084
2479.000 0.084
2480.000 0.085
2481.000 0.086
2482.000 0.083
2483.000 0.085
2484.000 0.084
2485.000 0.085
2486.000 0.086
2487.000 0.085
2488.000 0.085
2489.000 0.083
2490.000 0.087
2491.000 0.085
2492.000 0.086
2493.000 0.084
2494.000 0.085
2495.000 0.087
2496.000 0.085
2497.000 0.085
2498.000 0.086
2499.000 0.087
2500.000 0.085
2501.000 0.087
2502.000 0.086
2503.000 0.086
2504.000 0.089
2505.000 0.086
2506.000 0.088
2507.000 0.086
2508.000 0.086
2509.000 0.088
2510.000 0.090
2511.000 0.090
2512.000 0.088
2513.000 0.091
2514.000 0.088
2515.000 0.091
2516.000 0.088
2517.000 0.091
2518.000 0.090
2519.000 0.089
2520.000 0.090
2521.000 0.091
2522.000 0.091
2523.000 0.091
2524.000 0.093
2525.000 0.094
2526.000 0.091
2527.000 0.092
2528.000 0.090
2529.000 0.093
2530.000 0.092
2531.000 0.093
2532.000 0.092
2533.000 0.095
2534.000 0.094
2535.000 0.094
2536.000 0.094
2537.000 0.093
2538.000 0.094
2539.000 0.094
2540.000 0.096
2541.000 0.096
2542.000 0.097
2543.000 0.096
2544.000 0.098
2545.000 0.096
2546.000 0.098
2547.000 0.096
2548.000 0.097
2549.000 0.095
2550.000 0.098
2551.000 0.098
2552.000 0.097
2553.000 0.098
2554.000 0.099
2555.000 0.098
2556.000 0.100
2557.000 0.099
2558.000 0.099
2559.000 0.101
2560.000 0.100
2561.000 0.098
2562.000 0.101
2563.000 0.102
2564.000 0.103
2565.000 0.104
2566.000 0.101
2567.000 0.105
2568.000 0.107
2569.000 0.100
2570.000 0.105
2571.000 0.104
2572.000 0.106
2573.000 0.104
2574.000 0.107
2575.000 0.105
2576.000 0.106
2577.000 0.108
2578.000 0.106
2579.000 0.107
2580.000 0.104
2581.000 0.107
2582.000 0.107
2583.000 0.107
2584.000 0.108
2585.000 0.110
2586.000 0.109
2587.000 0.108
2588.000 0.110
2589.000 0.108
2590.000 0.110
2591.000 0.112
2592.000 0.112
2593.000 0.113
2594.000 0.112
2595.000 0.114
2596.000 0.112
2597.000 0.113
2598.000 0.116
2599.000 0.116
2600.000 0.118
