1801.000 0.007
1802.000 3.558
1803.000 3.608
1804.000 3.581
1805.000 3.591
1806.000 3.612
1807.000 3.633
1808.000 3.646
1809.000 3.651
1810.000 3.657
1811.000 3.639
1812.000 3.623
1813.000 3.630
1814.000 3.639
1815.000 3.655
1816.000 3.657
1817.000 3.674
1818.000 3.687
1819.000 3.696
1820.000 3.719
1821.000 3.733
1822.000 3.754
1823.000 3.765
1824.000 3.778
1825.000 3.804
1826.000 3.823
1827.000 3.827
1828.000 3.837
1829.000 3.837
1830.000 3.829
1831.000 3.832
1832.000 3.823
1833.000 3.807
1834.000 3.788
1835.000 3.760
1836.000 3.723
1837.000 3.678
1838.000 3.617
1839.000 3.555
1840.000 3.481
1841.000 3.411
1842.000 3.342
1843.000 3.253
1844.000 3.235
1845.000 3.173
1846.000 3.125
1847.000 3.350
1848.000 3.532
1849.000 3.388
1850.000 3.280
1851.000 3.195
1852.000 3.132
1853.000 3.080
1854.000 3.042
1855.000 3.036
1856.000 3.027
1857.000 3.017
1858.000 3.016
1859.000 2.999
1860.000 2.979
1861.000 2.947
1862.000 2.904
1863.000 2.855
1864.000 2.789
1865.000 2.708
1866.000 2.614
1867.000 2.565
1868.000 2.453
1869.000 2.340
1870.000 2.238
1871.000 2.140
1872.000 2.050
1873.000 1.966
1874.000 1.903
1875.000 1.886
1876.000 1.884
1877.000 1.892
1878.000 1.899
1879.000 1.908
1880.000 1.909
1881.000 1.915
1882.000 1.916
1883.000 1.924
1884.000 1.931
1885.000 1.939
1886.000 1.942
1887.000 1.949
1888.000 1.955
1889.000 1.959
1890.000 1.962
1891.000 1.969
1892.000 1.967
1893.000 1.976
1894.000 1.977
1895.000 1.981
1896.000 1.984
1897.000 1.991
1898.000 2.003
1899.000 2.004
1900.000 2.006
1901.000 2.011
1902.000 2.013
1903.000 2.019
1904.000 2.023
1905.000 2.024
1906.000 2.030
1907.000 2.031
1908.000 2.040
1909.000 2.042
1910.000 2.050
1911.000 2.049
1912.000 2.058
1913.000 2.061
1914.000 2.067
1915.000 2.065
1916.000 2.068
1917.000 2.078
1918.000 2.078
1919.000 2.078
1920.000 2.075
1921.000 2.092
1922.000 2.089
1923.000 2.100
1924.000 2.096
1925.000 2.106
1926.000 2.113
1927.000 2.112
1928.000 2.118
1929.000 2.115
1930.000 2.128
1931.000 2.126
1932.000 2.131
1933.000 2.136
1934.000 2.137
1935.000 2.144
1936.000 2.149
1937.000 2.160
1938.000 2.161
1939.000 2.165
1940.000 2.170
1941.000 2.172
1942.000 2.179
1943.000 2.181
1944.000 2.190
1945.000 2.191
1946.000 2.199
1947.000 2.196
1948.000 2.206
1949.000 2.213
1950.000 2.212
1951.000 2.213
1952.000 2.223
1953.000 2.226
1954.000 2.237
1955.000 2.245
1956.000 2.252
1957.000 2.256
1958.000 2.255
1959.000 2.270
1960.000 2.277
1961.000 2.282
1962.000 2.290
1963.000 2.283
1964.000 2.300
1965.000 2.314
1966.000 2.308
1967.000 2.307
1968.000 2.318
1969.000 2.323
1970.000 2.328
1971.000 2.334
1972.000 2.338
1973.000 2.350
1974.000 2.361
1975.000 2.373
1976.000 2.372
1977.000 2.380
1978.000 2.390
1979.000 2.397
1980.000 2.404
1981.000 2.419
1982.000 2.423
1983.000 2.416
1984.000 2.428
1985.000 2.445
1986.000 2.449
1987.000 2.457
1988.000 2.465
1989.000 2.487
1990.000 2.484
1991.000 2.492
1992.000 2.512
1993.000 2.514
1994.000 2.539
1995.000 2.533
1996.000 2.566
1997.000 2.568
1998.000 2.573
1999.000 2.589
2000.000 2.599
2001.000 2.619
2002.000 2.628
2003.000 2.642
2004.000 2.646
2005.000 2.658
2006.000 2.667
2007.000 2.688
2008.000 2.711
2009.000 2.721
2010.000 2.753
2011.000 2.770
2012.000 2.767
2013.000 2.781
2014.000 2.788
2015.000 2.822
2016.000 2.836
2017.000 2.857
2018.000 2.872
2019.000 2.893
2020.000 2.914
2021.000 2.925
2022.000 2.956
2023.000 2.987
2024.000 3.004
2025.000 3.028
2026.000 3.032
2027.000 3.070
2028.000 3.077
2029.000 3.125
2030.000 3.150
2031.000 3.173
2032.000 3.195
2033.000 3.214
2034.000 3.259
2035.000 3.282
2036.000 3.316
2037.000 3.375
2038.000 3.386
2039.000 3.404
2040.000 3.449
2041.000 3.495
2042.000 3.521
2043.000 3.579
2044.000 3.622
2045.000 3.667
2046.000 3.727
2047.000 3.767
2048.000 3.824
2049.000 3.835
2050.000 3.890
2051.000 3.937
2052.000 3.995
2053.000 4.056
2054.000 4.120
2055.000 4.198
2056.000 4.254
2057.000 4.340
2058.000 4.398
2059.000 4.477
2060.000 4.577
2061.000 4.641
2062.000 4.708
2063.000 4.784
2064.000 4.879
2065.000 4.971
2066.000 5.083
2067.000 5.218
2068.000 5.334
2069.000 5.448
2070.000 5.570
2071.000 5.722
2072.000 5.887
2073.000 6.046
2074.000 6.133
2075.000 6.307
2076.000 6.515
2077.000 6.708
2078.000 6.941
2079.000 7.167
2080.000 7.428
2081.000 7.720
2082.000 8.012
2083.000 8.337
2084.000 8.685
2085.000 9.071
2086.000 9.499
2087.000 9.718
2088.000 10.164
2089.000 10.660
2090.000 11.207
2091.000 11.755
2092.000 12.381
2093.000 12.978
2094.000 13.579
2095.000 14.202
2096.000 14.714
2097.000 15.153
2098.000 15.321
2099.000 15.579
2100.000 15.605
2101.000 15.438
2102.000 15.020
2103.000 14.387
2104.000 13.689
2105.000 12.898
2106.000 12.107
2107.000 11.317
2108.000 10.574
2109.000 9.910
2110.000 9.260
2111.000 8.958
2112.000 8.410
2113.000 7.905
2114.000 7.444
2115.000 7.040
2116.000 6.655
2117.000 6.305
2118.000 5.999
2119.000 5.683
2120.000 5.417
2121.000 5.156
2122.000 4.905
2123.000 4.789
2124.000 4.591
2125.000 4.376
2126.000 4.182
2127.000 4.013
2128.000 3.835
2129.000 3.682
2130.000 3.557
2131.000 3.416
2132.000 3.304
2133.000 3.176
2134.000 3.050
2135.000 2.944
2136.000 2.900
2137.000 2.795
2138.000 2.684
2139.000 2.587
2140.000 2.470
2141.000 2.347
2142.000 2.206
2143.000 2.090
2144.000 1.983
2145.000 1.890
2146.000 1.810
2147.000 1.759
2148.000 1.688
2149.000 1.610
2150.000 1.544
2151.000 1.480
2152.000 1.426
2153.000 1.379
2154.000 1.322
2155.000 1.272
2156.000 1.222
2157.000 1.181
2158.000 1.143
2159.000 1.122
2160.000 1.083
2161.000 1.053
2162.000 1.019
2163.000 0.982
2164.000 0.948
2165.000 0.914
2166.000 0.889
2167.000 0.860
2168.000 0.830
2169.000 0.808
2170.000 0.780
2171.000 0.760
2172.000 0.745
2173.000 0.720
2174.000 0.695
2175.000 0.679
2176.000 0.659
2177.000 0.635
2178.000 0.615
2179.000 0.594
2180.000 0.574
2181.000 0.560
2182.000 0.540
2183.000 0.522
2184.000 0.512
2185.000 0.499
2186.000 0.481
2187.000 0.465
2188.000 0.448
2189.000 0.432
2190.000 0.421
2191.000 0.403
2192.000 0.389
2193.000 0.373
2194.000 0.360
2195.000 0.353
2196.000 0.343
2197.000 0.328
2198.000 0.313
2199.000 0.303
2200.000 0.290
2201.000 0.279
2202.000 0.265
2203.000 0.254
2204.000 0.241
2205.000 0.234
2206.000 0.221
2207.000 0.210
2208.000 0.204
2209.000 0.194
2210.000 0.183
2211.000 0.174
2212.000 0.162
2213.000 0.155
2214.000 0.145
2215.000 0.135
2216.000 0.129
2217.000 0.121
2218.000 0.114
2219.000 0.109
2220.000 0.105
2221.000 0.101
2222.000 0.099
2223.000 0.100
2224.000 0.100
2225.000 0.103
2226.000 0.108
2227.000 0.116
2228.000 0.122
2229.000 0.131
2230.000 0.143
2231.000 0.153
2232.000 0.167
2233.000 0.173
2234.000 0.187
2235.000 0.201
2236.000 0.217
2237.000 0.236
2238.000 0.254
2239.000 0.271
2240.000 0.294
2241.000 0.317
2242.000 0.342
2243.000 0.364
2244.000 0.377
2245.000 0.403
2246.000 0.433
2247.000 0.464
2248.000 0.496
2249.000 0.533
2250.000 0.571
2251.000 0.618
2252.000 0.666
2253.000 0.723
2254.000 0.798
2255.000 0.874
2256.000 0.929
2257.000 1.035
2258.000 1.173
2259.000 1.320
2260.000 1.451
2261.000 1.600
2262.000 1.756
2263.000 1.934
2264.000 2.134
2265.000 2.346
2266.000 2.614
2267.000 2.891
2268.000 3.212
2269.000 3.371
2270.000 3.720
2271.000 4.013
2272.000 4.209
2273.000 4.236
2274.000 4.020
2275.000 3.700
2276.000 3.345
2277.000 3.074
2278.000 2.852
2279.000 2.636
2280.000 2.457
2281.000 2.373
2282.000 2.205
2283.000 2.045
2284.000 1.918
2285.000 1.807
2286.000 1.693
2287.000 1.603
2288.000 1.519
2289.000 1.441
2290.000 1.365
2291.000 1.294
2292.000 1.251
2293.000 1.220
2294.000 1.165
2295.000 1.111
2296.000 1.062
2297.000 1.029
2298.000 0.984
2299.000 0.946
2300.000 0.901
2301.000 0.865
2302.000 0.822
2303.000 0.780
2304.000 0.749
2305.000 0.733
2306.000 0.701
2307.000 0.670
2308.000 0.645
2309.000 0.621
2310.000 0.598
2311.000 0.578
2312.000 0.555
2313.000 0.539
2314.000 0.521
2315.000 0.504
2316.000 0.494
2317.000 0.478
2318.000 0.476
2319.000 0.461
2320.000 0.449
2321.000 0.436
2322.000 0.426
2323.000 0.414
2324.000 0.403
2325.000 0.395
2326.000 0.384
2327.000 0.378
2328.000 0.366
2329.000 0.359
2330.000 0.351
2331.000 0.347
2332.000 0.340
2333.000 0.330
2334.000 0.326
2335.000 0.318
2336.000 0.311
2337.000 0.307
2338.000 0.300
2339.000 0.294
2340.000 0.286
2341.000 0.286
2342.000 0.279
2343.000 0.274
2344.000 0.268
2345.000 0.264
2346.000 0.258
2347.000 0.252
2348.000 0.249
2349.000 0.243
2350.000 0.238
2351.000 0.236
2352.000 0.230
2353.000 0.227
2354.000 0.225
2355.000 0.221
2356.000 0.216
2357.000 0.212
2358.000 0.210
2359.000 0.206
2360.000 0.202
2361.000 0.197
2362.000 0.197
2363.000 0.191
2364.000 0.188
2365.000 0.186
2366.000 0.184
2367.000 0.182
2368.000 0.177
2369.000 0.174
2370.000 0.172
2371.000 0.171
2372.000 0.167
2373.000 0.164
2374.000 0.164
2375.000 0.160
2376.000 0.159
2377.000 0.155
2378.000 0.153
2379.000 0.149
2380.000 0.151
2381.000 0.146
2382.000 0.144
2383.000 0.141
2384.000 0.139
2385.000 0.137
2386.000 0.135
2387.000 0.134
2388.000 0.131
2389.000 0.127
2390.000 0.129
2391.000 0.126
2392.000 0.124
2393.000 0.123
2394.000 0.119
2395.000 0.119
2396.000 0.118
2397.000 0.114
2398.000 0.114
2399.000 0.112
2400.000 0.111
2401.000 0.110
2402.000 0.109
2403.000 0.106
2404.000 0.105
2405.000 0.103
2406.000 0.102
2407.000 0.100
2408.000 0.099
2409.000 0.098
2410.000 0.096
2411.000 0.094
2412.000 0.094
2413.000 0.092
2414.000 0.091
2415.000 0.089
2416.000 0.089
2417.000 0.088
2418.000 0.086
2419.000 0.085
2420.000 0.085
2421.000 0.082
2422.000 0.082
2423.000 0.080
2424.000 0.079
2425.000 0.079
2426.000 0.077
2427.000 0.077
2428.000 0.092
2429.000 0.088
2430.000 0.084
2431.000 0.092
2432.000 0.086
2433.000 0.081
2434.000 0.077
2435.000 0.073
2436.000 0.073
2437.000 0.071
2438.000 0.071
2439.000 0.068
2440.000 0.067
2441.000 0.065
2442.000 0.064
2443.000 0.063
2444.000 0.064
2445.000 0.061
2446.000 0.062
2447.000 0.061
2448.000 0.059
2449.000 0.061
2450.000 0.060
2451.000 0.061
2452.000 0.058
2453.000 0.058
2454.000 0.059
2455.000 0.056
2456.000 0.057
2457.000 0.056
2458.000 0.057
2459.000 0.054
2460.000 0.055
2461.000 0.056
2462.000 0.056
2463.000 0.054
2464.000 0.054
2465.000 0.054
2466.000 0.052
2467.000 0.052
2468.000 0.052
2469.000 0.052
2470.000 0.052
2471.000 0.052
2472.000 0.052
2473.000 0.052
2474.000 0.050
2475.000 0.052
2476.000 0.053
2477.000 0.052
2478.000 0.053
2479.000 0.052
2480.000 0.050
2481.000 0.051
2482.000 0.050
2483.000 0.048
2484.000 0.052
2485.000 0.050
2486.000 0.051
2487.000 0.049
2488.000 0.052
2489.000 0.050
2490.000 0.050
2491.000 0.051
2492.000 0.051
2493.000 0.049
2494.000 0.051
2495.000 0.051
2496.000 0.052
2497.000 0.049
2498.000 0.050
2499.000 0.052
2500.000 0.052
2501.000 0.052
2502.000 0.051
2503.000 0.051
2504.000 0.051
2505.000 0.051
2506.000 0.052
2507.000 0.051
2508.000 0.052
2509.000 0.052
2510.000 0.053
2511.000 0.052
2512.000 0.053
2513.000 0.053
2514.000 0.051
2515.000 0.054
2516.000 0.053
2517.000 0.054
2518.000 0.053
2519.000 0.055
2520.000 0.057
2521.000 0.054
2522.000 0.057
2523.000 0.054
2524.000 0.056
2525.000 0.056
2526.000 0.056
2527.000 0.056
2528.000 0.054
2529.000 0.055
2530.000 0.055
2531.000 0.055
2532.000 0.055
2533.000 0.057
2534.000 0.057
2535.000 0.057
2536.000 0.060
2537.000 0.058
2538.000 0.059
2539.000 0.059
2540.000 0.059
2541.000 0.058
2542.000 0.058
2543.000 0.060
2544.000 0.060
2545.000 0.061
2546.000 0.061
2547.000 0.060
2548.000 0.060
2549.000 0.061
2550.000 0.064
2551.000 0.063
2552.000 0.063
2553.000 0.064
2554.000 0.063
2555.000 0.063
2556.000 0.065
2557.000 0.063
2558.000 0.064
2559.000 0.065
2560.000 0.065
2561.000 0.065
2562.000 0.064
2563.000 0.065
2564.000 0.066
2565.000 0.067
2566.000 0.066
2567.000 0.066
2568.000 0.065
2569.000 0.067
2570.000 0.067
2571.000 0.068
2572.000 0.069
2573.000 0.066
2574.000 0.068
2575.000 0.069
2576.000 0.071
2577.000 0.068
2578.000 0.069
2579.000 0.070
2580.000 0.072
2581.000 0.074
2582.000 0.071
2583.000 0.072
2584.000 0.073
2585.000 0.073
2586.000 0.074
2587.000 0.074
2588.000 0.073
2589.000 0.073
2590.000 0.076
2591.000 0.075
2592.000 0.076
2593.000 0.076
2594.000 0.076
2595.000 0.076
2596.000 0.078
2597.000 0.078
2598.000 0.077
2599.000 0.078
2600.000 0.078
