1801.000 0.009
1802.000 0.526
1803.000 2.928
1804.000 2.934
1805.000 2.871
1806.000 2.871
1807.000 2.891
1808.000 2.933
1809.000 2.997
1810.000 2.982
1811.000 2.988
1812.000 2.977
1813.000 2.981
1814.000 2.979
1815.000 2.988
1816.000 2.997
1817.000 3.000
1818.000 3.011
1819.000 3.025
1820.000 3.028
1821.000 3.038
1822.000 3.056
1823.000 3.061
1824.000 3.065
1825.000 3.072
1826.000 3.075
1827.000 3.056
1828.000 3.043
1829.000 3.016
1830.000 2.976
1831.000 2.931
1832.000 2.886
1833.000 2.831
1834.000 2.765
1835.000 2.701
1836.000 2.631
1837.000 2.574
1838.000 2.541
1839.000 2.502
1840.000 2.448
1841.000 2.436
1842.000 2.418
1843.000 2.409
1844.000 2.406
1845.000 2.406
1846.000 2.413
1847.000 2.420
1848.000 2.418
1849.000 2.420
1850.000 2.412
1851.000 2.416
1852.000 2.408
1853.000 2.392
1854.000 2.372
1855.000 2.345
1856.000 2.307
1857.000 2.252
1858.000 2.191
1859.000 2.112
1860.000 2.037
1861.000 1.959
1862.000 1.908
1863.000 1.830
1864.000 1.697
1865.000 1.655
1866.000 1.590
1867.000 1.530
1868.000 1.511
1869.000 1.507
1870.000 1.513
1871.000 1.520
1872.000 1.524
1873.000 1.536
1874.000 1.532
1875.000 1.535
1876.000 1.541
1877.000 1.548
1878.000 1.547
1879.000 1.553
1880.000 1.563
1881.000 1.564
1882.000 1.567
1883.000 1.573
1884.000 1.580
1885.000 1.589
1886.000 1.589
1887.000 1.588
1888.000 1.595
1889.000 1.603
1890.000 1.604
1891.000 1.606
1892.000 1.611
1893.000 1.612
1894.000 1.622
1895.000 1.625
1896.000 1.625
1897.000 1.631
1898.000 1.636
1899.000 1.635
1900.000 1.642
1901.000 1.657
1902.000 1.646
1903.000 1.649
1904.000 1.652
1905.000 1.654
1906.000 1.659
1907.000 1.663
1908.000 1.667
1909.000 1.671
1910.000 1.676
1911.000 1.681
1912.000 1.683
1913.000 1.683
1914.000 1.689
1915.000 1.687
1916.000 1.695
1917.000 1.697
1918.000 1.694
1919.000 1.696
1920.000 1.702
1921.000 1.705
1922.000 1.715
1923.000 1.716
1924.000 1.717
1925.000 1.722
1926.000 1.728
1927.000 1.723
1928.000 1.735
1929.000 1.739
1930.000 1.740
1931.000 1.744
1932.000 1.749
1933.000 1.745
1934.000 1.762
1935.000 1.764
1936.000 1.759
1937.000 1.769
1938.000 1.779
1939.000 1.779
1940.000 1.784
1941.000 1.793
1942.000 1.783
1943.000 1.799
1944.000 1.807
1945.000 1.808
1946.000 1.813
1947.000 1.810
1948.000 1.815
1949.000 1.817
1950.000 1.830
1951.000 1.829
1952.000 1.836
1953.000 1.836
1954.000 1.841
1955.000 1.849
1956.000 1.859
1957.000 1.869
1958.000 1.876
1959.000 1.873
1960.000 1.887
1961.000 1.882
1962.000 1.891
1963.000 1.890
1964.000 1.913
1965.000 1.914
1966.000 1.909
1967.000 1.918
1968.000 1.928
1969.000 1.938
1970.000 1.941
1971.000 1.947
1972.000 1.951
1973.000 1.956
1974.000 1.971
1975.000 1.977
1976.000 1.984
1977.000 1.981
1978.000 2.002
1979.000 1.998
1980.000 2.015
1981.000 2.029
1982.000 2.035
1983.000 2.036
1984.000 2.053
1985.000 2.062
1986.000 2.065
1987.000 2.072
1988.000 2.088
1989.000 2.097
1990.000 2.096
1991.000 2.098
1992.000 2.129
1993.000 2.134
1994.000 2.151
1995.000 2.151
1996.000 2.172
1997.000 2.175
1998.000 2.174
1999.000 2.191
2000.000 2.207
2001.000 2.223
2002.000 2.237
2003.000 2.259
2004.000 2.258
2005.000 2.258
2006.000 2.272
2007.000 2.301
2008.000 2.316
2009.000 2.319
2010.000 2.350
2011.000 2.347
2012.000 2.377
2013.000 2.385
2014.000 2.390
2015.000 2.413
2016.000 2.438
2017.000 2.465
2018.000 2.482
2019.000 2.505
2020.000 2.514
2021.000 2.535
2022.000 2.553
2023.000 2.584
2024.000 2.588
2025.000 2.616
2026.000 2.631
2027.000 2.662
2028.000 2.683
2029.000 2.707
2030.000 2.750
2031.000 2.777
2032.000 2.807
2033.000 2.817
2034.000 2.848
2035.000 2.880
2036.000 2.925
2037.000 2.951
2038.000 2.982
2039.000 3.013
2040.000 3.059
2041.000 3.099
2042.000 3.141
2043.000 3.178
2044.000 3.234
2045.000 3.246
2046.000 3.310
2047.000 3.357
2048.000 3.400
2049.000 3.437
2050.000 3.483
2051.000 3.527
2052.000 3.588
2053.000 3.652
2054.000 3.717
2055.000 3.775
2056.000 3.814
2057.000 3.888
2058.000 4.001
2059.000 4.075
2060.000 4.111
2061.000 4.206
2062.000 4.292
2063.000 4.385
2064.000 4.485
2065.000 4.582
2066.000 4.706
2067.000 4.820
2068.000 4.932
2069.000 4.996
2070.000 5.136
2071.000 5.306
2072.000 5.443
2073.000 5.611
2074.000 5.786
2075.000 5.965
2076.000 6.163
2077.000 6.365
2078.000 6.584
2079.000 6.835
2080.000 7.105
2081.000 7.247
2082.000 7.536
2083.000 8.039
2084.000 8.391
2085.000 8.609
2086.000 9.004
2087.000 9.430
2088.000 9.900
2089.000 10.398
2090.000 10.953
2091.000 11.520
2092.000 12.112
2093.000 12.734
2094.000 13.032
2095.000 13.654
2096.000 14.500
2097.000 14.741
2098.000 15.119
2099.000 15.410
2100.000 15.449
2101.000 15.333
2102.000 14.976
2103.000 14.362
2104.000 13.709
2105.000 12.988
2106.000 12.212
2107.000 11.467
2108.000 11.107
2109.000 10.450
2110.000 9.821
2111.000 9.251
2112.000 8.709
2113.000 8.219
2114.000 7.788
2115.000 7.388
2116.000 7.046
2117.000 6.870
2118.000 6.540
2119.000 6.236
2120.000 5.973
2121.000 5.705
2122.000 5.474
2123.000 5.257
2124.000 5.049
2125.000 4.852
2126.000 4.661
2127.000 4.493
2128.000 4.337
2129.000 4.185
2130.000 4.035
2131.000 3.977
2132.000 3.859
2133.000 3.737
2134.000 3.626
2135.000 3.516
2136.000 3.414
2137.000 3.324
2138.000 3.229
2139.000 3.144
2140.000 3.059
2141.000 2.989
2142.000 2.910
2143.000 2.865
2144.000 2.800
2145.000 2.703
2146.000 2.680
2147.000 2.608
2148.000 2.551
2149.000 2.493
2150.000 2.441
2151.000 2.388
2152.000 2.325
2153.000 2.257
2154.000 2.188
2155.000 2.152
2156.000 2.080
2157.000 1.996
2158.000 1.976
2159.000 1.918
2160.000 1.863
2161.000 1.820
2162.000 1.776
2163.000 1.737
2164.000 1.693
2165.000 1.662
2166.000 1.640
2167.000 1.615
2168.000 1.569
2169.000 1.550
2170.000 1.521
2171.000 1.492
2172.000 1.476
2173.000 1.447
2174.000 1.425
2175.000 1.404
2176.000 1.377
2177.000 1.362
2178.000 1.336
2179.000 1.335
2180.000 1.298
2181.000 1.285
2182.000 1.260
2183.000 1.253
2184.000 1.240
2185.000 1.225
2186.000 1.215
2187.000 1.195
2188.000 1.185
2189.000 1.174
2190.000 1.159
2191.000 1.162
2192.000 1.143
2193.000 1.137
2194.000 1.125
2195.000 1.118
2196.000 1.114
2197.000 1.100
2198.000 1.097
2199.000 1.088
2200.000 1.083
2201.000 1.078
2202.000 1.070
2203.000 1.062
2204.000 1.063
2205.000 1.064
2206.000 1.058
2207.000 1.061
2208.000 1.060
2209.000 1.059
2210.000 1.059
2211.000 1.056
2212.000 1.056
2213.000 1.054
2214.000 1.055
2215.000 1.055
2216.000 1.057
2217.000 1.066
2218.000 1.071
2219.000 1.078
2220.000 1.082
2221.000 1.090
2222.000 1.104
2223.000 1.109
2224.000 1.119
2225.000 1.123
2226.000 1.140
2227.000 1.148
2228.000 1.158
2229.000 1.168
2230.000 1.187
2231.000 1.206
2232.000 1.227
2233.000 1.263
2234.000 1.282
2235.000 1.317
2236.000 1.352
2237.000 1.379
2238.000 1.405
2239.000 1.430
2240.000 1.451
2241.000 1.468
2242.000 1.502
2243.000 1.527
2244.000 1.564
2245.000 1.617
2246.000 1.657
2247.000 1.703
2248.000 1.740
2249.000 1.785
2250.000 1.839
2251.000 1.881
2252.000 1.921
2253.000 1.978
2254.000 2.060
2255.000 2.144
2256.000 2.237
2257.000 2.335
2258.000 2.427
2259.000 2.548
2260.000 2.674
2261.000 2.814
2262.000 2.980
2263.000 3.155
2264.000 3.247
2265.000 3.449
2266.000 3.662
2267.000 3.889
2268.000 4.101
2269.000 4.295
2270.000 4.452
2271.000 4.546
2272.000 4.536
2273.000 4.470
2274.000 4.322
2275.000 4.099
2276.000 3.965
2277.000 3.680
2278.000 3.386
2279.000 3.102
2280.000 2.849
2281.000 2.631
2282.000 2.436
2283.000 2.254
2284.000 2.099
2285.000 1.964
2286.000 1.828
2287.000 1.718
2288.000 1.617
2289.000 1.571
2290.000 1.482
2291.000 1.367
2292.000 1.337
2293.000 1.263
2294.000 1.212
2295.000 1.149
2296.000 1.095
2297.000 1.051
2298.000 1.001
2299.000 0.958
2300.000 0.899
2301.000 0.881
2302.000 0.828
2303.000 0.789
2304.000 0.745
2305.000 0.713
2306.000 0.686
2307.000 0.650
2308.000 0.628
2309.000 0.601
2310.000 0.582
2311.000 0.561
2312.000 0.554
2313.000 0.524
2314.000 0.514
2315.000 0.502
2316.000 0.489
2317.000 0.480
2318.000 0.469
2319.000 0.453
2320.000 0.445
2321.000 0.433
2322.000 0.426
2323.000 0.420
2324.000 0.408
2325.000 0.407
2326.000 0.399
2327.000 0.393
2328.000 0.383
2329.000 0.379
2330.000 0.371
2331.000 0.365
2332.000 0.361
2333.000 0.354
2334.000 0.351
2335.000 0.344
2336.000 0.342
2337.000 0.337
2338.000 0.333
2339.000 0.332
2340.000 0.328
2341.000 0.324
2342.000 0.320
2343.000 0.317
2344.000 0.315
2345.000 0.310
2346.000 0.310
2347.000 0.306
2348.000 0.305
2349.000 0.301
2350.000 0.301
2351.000 0.296
2352.000 0.292
2353.000 0.294
2354.000 0.290
2355.000 0.288
2356.000 0.285
2357.000 0.285
2358.000 0.286
2359.000 0.281
2360.000 0.280
2361.000 0.279
2362.000 0.278
2363.000 0.275
2364.000 0.275
2365.000 0.271
2366.000 0.269
2367.000 0.270
2368.000 0.266
2369.000 0.266
2370.000 0.264
2371.000 0.263
2372.000 0.263
2373.000 0.260
2374.000 0.261
2375.000 0.260
2376.000 0.258
2377.000 0.260
2378.000 0.257
2379.000 0.255
2380.000 0.252
2381.000 0.255
2382.000 0.254
2383.000 0.254
2384.000 0.250
2385.000 0.250
2386.000 0.252
2387.000 0.251
2388.000 0.249
2389.000 0.249
2390.000 0.249
2391.000 0.248
2392.000 0.247
2393.000 0.246
2394.000 0.247
2395.000 0.249
2396.000 0.246
2397.000 0.245
2398.000 0.243
2399.000 0.246
2400.000 0.244
2401.000 0.244
2402.000 0.246
2403.000 0.242
2404.000 0.245
2405.000 0.242
2406.000 0.245
2407.000 0.243
2408.000 0.242
2409.000 0.246
2410.000 0.241
2411.000 0.243
2412.000 0.242
2413.000 0.244
2414.000 0.244
2415.000 0.243
2416.000 0.243
2417.000 0.244
2418.000 0.244
2419.000 0.243
2420.000 0.242
2421.000 0.243
2422.000 0.241
2423.000 0.244
2424.000 0.243
2425.000 0.243
2426.000 0.243
2427.000 0.242
2428.000 0.245
2429.000 0.242
2430.000 0.244
2431.000 0.244
2432.000 0.245
2433.000 0.243
2434.000 0.243
2435.000 0.244
2436.000 0.244
2437.000 0.246
2438.000 0.244
2439.000 0.246
2440.000 0.243
2441.000 0.244
2442.000 0.246
2443.000 0.245
2444.000 0.247
2445.000 0.250
2446.000 0.248
2447.000 0.247
2448.000 0.250
2449.000 0.249
2450.000 0.246
2451.000 0.249
2452.000 0.249
2453.000 0.250
2454.000 0.257
2455.000 0.251
2456.000 0.252
2457.000 0.252
2458.000 0.250
2459.000 0.249
2460.000 0.253
2461.000 0.254
2462.000 0.254
2463.000 0.255
2464.000 0.252
2465.000 0.255
2466.000 0.256
2467.000 0.255
2468.000 0.260
2469.000 0.260
2470.000 0.263
2471.000 0.260
2472.000 0.265
2473.000 0.262
2474.000 0.261
2475.000 0.266
2476.000 0.264
2477.000 0.265
2478.000 0.265
2479.000 0.267
2480.000 0.273
2481.000 0.270
2482.000 0.273
2483.000 0.268
2484.000 0.272
2485.000 0.268
2486.000 0.269
2487.000 0.275
2488.000 0.274
2489.000 0.278
2490.000 0.279
2491.000 0.276
2492.000 0.277
2493.000 0.281
2494.000 0.285
2495.000 0.282
2496.000 0.285
2497.000 0.286
2498.000 0.285
2499.000 0.290
2500.000 0.286
2501.000 0.288
2502.000 0.285
2503.000 0.285
2504.000 0.290
2505.000 0.288
2506.000 0.288
2507.000 0.290
2508.000 0.290
2509.000 0.285
2510.000 0.290
2511.000 0.289
2512.000 0.287
2513.000 0.292
2514.000 0.287
2515.000 0.289
2516.000 0.286
2517.000 0.291
2518.000 0.291
2519.000 0.288
2520.000 0.284
2521.000 0.290
2522.000 0.292
2523.000 0.288
2524.000 0.292
2525.000 0.286
2526.000 0.287
2527.000 0.292
2528.000 0.287
2529.000 0.289
2530.000 0.287
2531.000 0.291
2532.000 0.286
2533.000 0.293
2534.000 0.341
2535.000 0.323
2536.000 0.332
2537.000 0.337
2538.000 0.315
2539.000 0.304
2540.000 0.291
2541.000 0.289
2542.000 0.282
2543.000 0.280
2544.000 0.282
2545.000 0.279
2546.000 0.278
2547.000 0.280
2548.000 0.279
2549.000 0.276
2550.000 0.274
2551.000 0.273
2552.000 0.276
2553.000 0.274
2554.000 0.274
2555.000 0.272
2556.000 0.275
2557.000 0.275
2558.000 0.275
2559.000 0.275
2560.000 0.272
2561.000 0.273
2562.000 0.276
2563.000 0.273
2564.000 0.274
2565.000 0.277
2566.000 0.274
2567.000 0.273
2568.000 0.274
2569.000 0.276
2570.000 0.273
2571.000 0.275
2572.000 0.276
2573.000 0.272
2574.000 0.271
2575.000 0.273
2576.000 0.274
2577.000 0.274
2578.000 0.276
2579.000 0.278
2580.000 0.274
2581.000 0.277
2582.000 0.277
2583.000 0.278
2584.000 0.273
2585.000 0.277
2586.000 0.277
2587.000 0.279
2588.000 0.278
2589.000 0.276
2590.000 0.276
2591.000 0.275
2592.000 0.275
2593.000 0.276
2594.000 0.277
2595.000 0.277
2596.000 0.276
2597.000 0.278
2598.000 0.278
2599.000 0.281
2600.000 0.282
