1801.000 0.005
1802.000 1.638
1803.000 3.783
1804.000 3.802
1805.000 3.868
1806.000 3.845
1807.000 3.854
1808.000 3.890
1809.000 3.976
1810.000 3.861
1811.000 3.787
1812.000 3.727
1813.000 3.736
1814.000 3.751
1815.000 3.762
1816.000 3.779
1817.000 3.790
1818.000 3.819
1819.000 3.859
1820.000 3.863
1821.000 3.886
1822.000 3.909
1823.000 3.930
1824.000 3.953
1825.000 3.967
1826.000 3.981
1827.000 4.008
1828.000 4.019
1829.000 3.987
1830.000 3.976
1831.000 4.010
1832.000 4.042
1833.000 3.889
1834.000 3.744
1835.000 3.645
1836.000 3.598
1837.000 3.582
1838.000 3.567
1839.000 3.560
1840.000 3.557
1841.000 3.529
1842.000 3.473
1843.000 3.388
1844.000 3.312
1845.000 3.242
1846.000 3.197
1847.000 3.167
1848.000 3.137
1849.000 3.128
1850.000 3.135
1851.000 3.134
1852.000 3.146
1853.000 3.159
1854.000 3.178
1855.000 3.155
1856.000 3.129
1857.000 3.114
1858.000 3.104
1859.000 3.087
1860.000 3.052
1861.000 3.009
1862.000 2.984
1863.000 2.919
1864.000 2.831
1865.000 2.720
1866.000 2.609
1867.000 2.478
1868.000 2.363
1869.000 2.256
1870.000 2.153
1871.000 2.074
1872.000 1.994
1873.000 1.973
1874.000 1.967
1875.000 1.971
1876.000 1.976
1877.000 1.984
1878.000 1.993
1879.000 1.995
1880.000 2.010
1881.000 2.008
1882.000 2.011
1883.000 2.019
1884.000 2.029
1885.000 2.031
1886.000 2.033
1887.000 2.042
1888.000 2.047
1889.000 2.048
1890.000 2.057
1891.000 2.062
1892.000 2.066
1893.000 2.067
1894.000 2.082
1895.000 2.082
1896.000 2.087
1897.000 2.091
1898.000 2.096
1899.000 2.098
1900.000 2.107
1901.000 2.107
1902.000 2.111
1903.000 2.119
1904.000 2.124
1905.000 2.125
1906.000 2.136
1907.000 2.135
1908.000 2.139
1909.000 2.139
1910.000 2.149
1911.000 2.147
1912.000 2.157
1913.000 2.154
1914.000 2.162
1915.000 2.167
1916.000 2.165
1917.000 2.171
1918.000 2.175
1919.000 2.171
1920.000 2.179
1921.000 2.186
1922.000 2.188
1923.000 2.191
1924.000 2.195
1925.000 2.200
1926.000 2.196
1927.000 2.202
1928.000 2.204
1929.000 2.212
1930.000 2.214
1931.000 2.223
1932.000 2.227
1933.000 2.228
1934.000 2.231
1935.000 2.234
1936.000 2.236
1937.000 2.241
1938.000 2.247
1939.000 2.254
1940.000 2.259
1941.000 2.266
1942.000 2.273
1943.000 2.284
1944.000 2.283
1945.000 2.289
1946.000 2.296
1947.000 2.303
1948.000 2.297
1949.000 2.307
1950.000 2.309
1951.000 2.308
1952.000 2.313
1953.000 2.316
1954.000 2.324
1955.000 2.331
1956.000 2.329
1957.000 2.349
1958.000 2.358
1959.000 2.358
1960.000 2.363
1961.000 2.363
1962.000 2.374
1963.000 2.364
1964.000 2.383
1965.000 2.385
1966.000 2.395
1967.000 2.409
1968.000 2.418
1969.000 2.430
1970.000 2.427
1971.000 2.434
1972.000 2.441
1973.000 2.450
1974.000 2.442
1975.000 2.459
1976.000 2.471
1977.000 2.463
1978.000 2.493
1979.000 2.487
1980.000 2.507
1981.000 2.506
1982.000 2.510
1983.000 2.525
1984.000 2.529
1985.000 2.535
1986.000 2.547
1987.000 2.562
1988.000 2.575
1989.000 2.588
1990.000 2.594
1991.000 2.595
1992.000 2.627
1993.000 2.624
1994.000 2.638
1995.000 2.643
1996.000 2.660
1997.000 2.666
1998.000 2.667
1999.000 2.692
2000.000 2.705
2001.000 2.722
2002.000 2.730
2003.000 2.742
2004.000 2.752
2005.000 2.752
2006.000 2.761
2007.000 2.786
2008.000 2.800
2009.000 2.808
2010.000 2.835
2011.000 2.834
2012.000 2.864
2013.000 2.879
2014.000 2.882
2015.000 2.902
2016.000 2.930
2017.000 2.950
2018.000 2.966
2019.000 2.966
2020.000 2.993
2021.000 3.017
2022.000 3.036
2023.000 3.049
2024.000 3.075
2025.000 3.099
2026.000 3.119
2027.000 3.149
2028.000 3.175
2029.000 3.186
2030.000 3.217
2031.000 3.253
2032.000 3.269
2033.000 3.297
2034.000 3.325
2035.000 3.359
2036.000 3.389
2037.000 3.419
2038.000 3.445
2039.000 3.488
2040.000 3.528
2041.000 3.557
2042.000 3.602
2043.000 3.636
2044.000 3.666
2045.000 3.697
2046.000 3.754
2047.000 3.797
2048.000 3.848
2049.000 3.885
2050.000 3.934
2051.000 3.986
2052.000 4.046
2053.000 4.103
2054.000 4.155
2055.000 4.221
2056.000 4.301
2057.000 4.323
2058.000 4.392
2059.000 4.470
2060.000 4.551
2061.000 4.628
2062.000 4.711
2063.000 4.800
2064.000 4.901
2065.000 4.998
2066.000 5.104
2067.000 5.212
2068.000 5.269
2069.000 5.394
2070.000 5.521
2071.000 5.656
2072.000 5.802
2073.000 5.962
2074.000 6.123
2075.000 6.306
2076.000 6.491
2077.000 6.690
2078.000 6.911
2079.000 7.144
2080.000 7.264
2081.000 7.525
2082.000 7.800
2083.000 8.107
2084.000 8.443
2085.000 8.802
2086.000 9.194
2087.000 9.617
2088.000 10.071
2089.000 10.563
2090.000 11.076
2091.000 11.628
2092.000 12.202
2093.000 12.498
2094.000 13.083
2095.000 13.660
2096.000 14.205
2097.000 14.662
2098.000 15.022
2099.000 15.211
2100.000 15.212
2101.000 14.987
2102.000 14.499
2103.000 13.859
2104.000 13.126
2105.000 12.719
2106.000 11.906
2107.000 11.110
2108.000 10.348
2109.000 9.642
2110.000 8.995
2111.000 8.397
2112.000 7.854
2113.000 7.339
2114.000 6.896
2115.000 6.491
2116.000 6.300
2117.000 5.947
2118.000 5.629
2119.000 5.327
2120.000 5.040
2121.000 4.788
2122.000 4.544
2123.000 4.316
2124.000 4.113
2125.000 3.913
2126.000 3.732
2127.000 3.561
2128.000 3.402
2129.000 3.331
2130.000 3.184
2131.000 3.053
2132.000 2.922
2133.000 2.802
2134.000 2.686
2135.000 2.575
2136.000 2.444
2137.000 2.290
2138.000 2.145
2139.000 2.007
2140.000 1.886
2141.000 1.832
2142.000 1.730
2143.000 1.634
2144.000 1.546
2145.000 1.468
2146.000 1.396
2147.000 1.327
2148.000 1.264
2149.000 1.203
2150.000 1.152
2151.000 1.099
2152.000 1.049
2153.000 1.000
2154.000 0.977
2155.000 0.932
2156.000 0.891
2157.000 0.850
2158.000 0.811
2159.000 0.776
2160.000 0.744
2161.000 0.714
2162.000 0.678
2163.000 0.650
2164.000 0.619
2165.000 0.605
2166.000 0.576
2167.000 0.552
2168.000 0.527
2169.000 0.502
2170.000 0.479
2171.000 0.456
2172.000 0.434
2173.000 0.411
2174.000 0.389
2175.000 0.368
2176.000 0.347
2177.000 0.328
2178.000 0.320
2179.000 0.301
2180.000 0.282
2181.000 0.264
2182.000 0.245
2183.000 0.227
2184.000 0.209
2185.000 0.194
2186.000 0.179
2187.000 0.165
2188.000 0.150
2189.000 0.134
2190.000 0.127
2191.000 0.114
2192.000 0.103
2193.000 0.092
2194.000 0.085
2195.000 0.079
2196.000 0.075
2197.000 0.076
2198.000 0.080
2199.000 0.089
2200.000 0.097
2201.000 0.106
2202.000 0.118
2203.000 0.125
2204.000 0.139
2205.000 0.151
2206.000 0.167
2207.000 0.183
2208.000 0.197
2209.000 0.213
2210.000 0.230
2211.000 0.245
2212.000 0.263
2213.000 0.282
2214.000 0.292
2215.000 0.309
2216.000 0.329
2217.000 0.350
2218.000 0.372
2219.000 0.392
2220.000 0.414
2221.000 0.438
2222.000 0.457
2223.000 0.481
2224.000 0.506
2225.000 0.530
2226.000 0.544
2227.000 0.570
2228.000 0.598
2229.000 0.627
2230.000 0.659
2231.000 0.692
2232.000 0.729
2233.000 0.774
2234.000 0.819
2235.000 0.867
2236.000 0.922
2237.000 0.980
2238.000 1.050
2239.000 1.087
2240.000 1.173
2241.000 1.262
2242.000 1.350
2243.000 1.418
2244.000 1.492
2245.000 1.575
2246.000 1.656
2247.000 1.741
2248.000 1.821
2249.000 1.913
2250.000 2.010
2251.000 2.057
2252.000 2.171
2253.000 2.281
2254.000 2.405
2255.000 2.538
2256.000 2.699
2257.000 2.861
2258.000 3.040
2259.000 3.244
2260.000 3.466
2261.000 3.738
2262.000 3.873
2263.000 4.191
2264.000 4.552
2265.000 4.940
2266.000 5.397
2267.000 5.874
2268.000 6.388
2269.000 6.903
2270.000 7.332
2271.000 7.604
2272.000 7.614
2273.000 7.368
2274.000 7.134
2275.000 7.004
2276.000 6.661
2277.000 6.236
2278.000 5.785
2279.000 5.355
2280.000 4.974
2281.000 4.605
2282.000 4.282
2283.000 3.996
2284.000 3.727
2285.000 3.506
2286.000 3.290
2287.000 3.192
2288.000 3.013
2289.000 2.861
2290.000 2.720
2291.000 2.592
2292.000 2.474
2293.000 2.360
2294.000 2.259
2295.000 2.162
2296.000 2.074
2297.000 1.998
2298.000 1.918
2299.000 1.850
2300.000 1.814
2301.000 1.762
2302.000 1.701
2303.000 1.645
2304.000 1.596
2305.000 1.544
2306.000 1.505
2307.000 1.457
2308.000 1.412
2309.000 1.374
2310.000 1.333
2311.000 1.295
2312.000 1.275
2313.000 1.247
2314.000 1.208
2315.000 1.186
2316.000 1.153
2317.000 1.130
2318.000 1.102
2319.000 1.073
2320.000 1.051
2321.000 1.020
2322.000 0.989
2323.000 0.964
2324.000 0.942
2325.000 0.909
2326.000 0.880
2327.000 0.859
2328.000 0.827
2329.000 0.803
2330.000 0.776
2331.000 0.757
2332.000 0.738
2333.000 0.718
2334.000 0.701
2335.000 0.679
2336.000 0.673
2337.000 0.657
2338.000 0.638
2339.000 0.621
2340.000 0.608
2341.000 0.596
2342.000 0.578
2343.000 0.568
2344.000 0.555
2345.000 0.541
2346.000 0.532
2347.000 0.519
2348.000 0.512
2349.000 0.505
2350.000 0.495
2351.000 0.484
2352.000 0.478
2353.000 0.469
2354.000 0.458
2355.000 0.451
2356.000 0.440
2357.000 0.432
2358.000 0.432
2359.000 0.422
2360.000 0.415
2361.000 0.409
2362.000 0.403
2363.000 0.395
2364.000 0.386
2365.000 0.378
2366.000 0.373
2367.000 0.368
2368.000 0.358
2369.000 0.356
2370.000 0.350
2371.000 0.343
2372.000 0.340
2373.000 0.333
2374.000 0.330
2375.000 0.322
2376.000 0.318
2377.000 0.315
2378.000 0.310
2379.000 0.303
2380.000 0.298
2381.000 0.293
2382.000 0.291
2383.000 0.283
2384.000 0.279
2385.000 0.278
2386.000 0.274
2387.000 0.267
2388.000 0.264
2389.000 0.259
2390.000 0.256
2391.000 0.251
2392.000 0.247
2393.000 0.244
2394.000 0.239
2395.000 0.238
2396.000 0.235
2397.000 0.234
2398.000 0.231
2399.000 0.224
2400.000 0.222
2401.000 0.218
2402.000 0.216
2403.000 0.213
2404.000 0.209
2405.000 0.205
2406.000 0.203
2407.000 0.198
2408.000 0.195
2409.000 0.191
2410.000 0.192
2411.000 0.187
2412.000 0.183
2413.000 0.182
2414.000 0.180
2415.000 0.176
2416.000 0.173
2417.000 0.173
2418.000 0.169
2419.000 0.165
2420.000 0.164
2421.000 0.162
2422.000 0.159
2423.000 0.158
2424.000 0.155
2425.000 0.153
2426.000 0.150
2427.000 0.147
2428.000 0.145
2429.000 0.141
2430.000 0.140
2431.000 0.138
2432.000 0.136
2433.000 0.131
2434.000 0.133
2435.000 0.132
2436.000 0.128
2437.000 0.126
2438.000 0.123
2439.000 0.121
2440.000 0.119
2441.000 0.115
2442.000 0.117
2443.000 0.113
2444.000 0.110
2445.000 0.111
2446.000 0.108
2447.000 0.108
2448.000 0.105
2449.000 0.105
2450.000 0.104
2451.000 0.102
2452.000 0.099
2453.000 0.096
2454.000 0.095
2455.000 0.094
2456.000 0.092
2457.000 0.090
2458.000 0.087
2459.000 0.087
2460.000 0.086
2461.000 0.087
2462.000 0.082
2463.000 0.082
2464.000 0.080
2465.000 0.078
2466.000 0.077
2467.000 0.075
2468.000 0.075
2469.000 0.072
2470.000 0.072
2471.000 0.071
2472.000 0.067
2473.000 0.068
2474.000 0.066
2475.000 0.064
2476.000 0.062
2477.000 0.060
2478.000 0.061
2479.000 0.058
2480.000 0.059
2481.000 0.057
2482.000 0.057
2483.000 0.055
2484.000 0.055
2485.000 0.054
2486.000 0.053
2487.000 0.051
2488.000 0.049
2489.000 0.049
2490.000 0.049
2491.000 0.048
2492.000 0.046
2493.000 0.046
2494.000 0.044
2495.000 0.044
2496.000 0.045
2497.000 0.042
2498.000 0.041
2499.000 0.040
2500.000 0.039
2501.000 0.040
2502.000 0.039
2503.000 0.036
2504.000 0.038
2505.000 0.039
2506.000 0.037
2507.000 0.037
2508.000 0.038
2509.000 0.035
2510.000 0.037
2511.000 0.037
2512.000 0.036
2513.000 0.037
2514.000 0.036
2515.000 0.035
2516.000 0.034
2517.000 0.037
2518.000 0.035
2519.000 0.033
2520.000 0.036
2521.000 0.038
2522.000 0.038
2523.000 0.038
2524.000 0.038
2525.000 0.038
2526.000 0.040
2527.000 0.040
2528.000 0.040
2529.000 0.039
2530.000 0.041
2531.000 0.040
2532.000 0.039
2533.000 0.041
2534.000 0.042
2535.000 0.041
2536.000 0.042
2537.000 0.044
2538.000 0.044
2539.000 0.047
2540.000 0.046
2541.000 0.046
2542.000 0.046
2543.000 0.046
2544.000 0.050
2545.000 0.048
2546.000 0.050
2547.000 0.050
2548.000 0.053
2549.000 0.051
2550.000 0.055
2551.000 0.055
2552.000 0.055
2553.000 0.057
2554.000 0.057
2555.000 0.060
2556.000 0.058
2557.000 0.058
2558.000 0.060
2559.000 0.062
2560.000 0.062
2561.000 0.063
2562.000 0.064
2563.000 0.065
2564.000 0.067
2565.000 0.070
2566.000 0.069
2567.000 0.068
2568.000 0.070
2569.000 0.071
2570.000 0.072
2571.000 0.075
2572.000 0.075
2573.000 0.075
2574.000 0.078
2575.000 0.079
2576.000 0.079
2577.000 0.080
2578.000 0.080
2579.000 0.081
2580.000 0.082
2581.000 0.083
2582.000 0.083
2583.000 0.085
2584.000 0.085
2585.000 0.087
2586.000 0.088
2587.000 0.092
2588.000 0.092
2589.000 0.094
2590.000 0.095
2591.000 0.096
2592.000 0.097
2593.000 0.097
2594.000 0.099
2595.000 0.102
2596.000 0.101
2597.000 0.105
2598.000 0.105
2599.000 0.111
2600.000 0.111
