1801.000 0.003
1802.000 2.271
1803.000 2.675
1804.000 2.672
1805.000 2.637
1806.000 2.638
1807.000 2.733
1808.000 2.639
1809.000 2.592
1810.000 2.646
1811.000 2.608
1812.000 2.633
1813.000 2.618
1814.000 2.594
1815.000 2.620
1816.000 2.750
1817.000 2.757
1818.000 2.719
1819.000 2.697
1820.000 2.698
1821.000 2.705
1822.000 2.711
1823.000 2.716
1824.000 2.713
1825.000 2.725
1826.000 2.737
1827.000 2.736
1828.000 2.735
1829.000 2.728
1830.000 2.678
1831.000 2.635
1832.000 2.589
1833.000 2.533
1834.000 2.468
1835.000 2.420
1836.000 2.350
1837.000 2.311
1838.000 2.266
1839.000 2.227
1840.000 2.196
1841.000 2.175
1842.000 2.170
1843.000 2.163
1844.000 2.196
1845.000 2.177
1846.000 2.180
1847.000 2.176
1848.000 2.179
1849.000 2.174
1850.000 2.166
1851.000 2.160
1852.000 2.149
1853.000 2.138
1854.000 2.112
1855.000 2.090
1856.000 2.043
1857.000 1.993
1858.000 1.933
1859.000 1.869
1860.000 1.792
1861.000 1.711
1862.000 1.674
1863.000 1.591
1864.000 1.518
1865.000 1.457
1866.000 1.400
1867.000 1.369
1868.000 1.363
1869.000 1.365
1870.000 1.373
1871.000 1.380
1872.000 1.382
1873.000 1.390
1874.000 1.397
1875.000 1.397
1876.000 1.395
1877.000 1.403
1878.000 1.403
1879.000 1.418
1880.000 1.414
1881.000 1.417
1882.000 1.418
1883.000 1.424
1884.000 1.432
1885.000 1.434
1886.000 1.435
1887.000 1.435
1888.000 1.446
1889.000 1.449
1890.000 1.456
1891.000 1.458
1892.000 1.459
1893.000 1.461
1894.000 1.465
1895.000 1.474
1896.000 1.483
1897.000 1.480
1898.000 1.482
1899.000 1.483
1900.000 1.494
1901.000 1.489
1902.000 1.490
1903.000 1.504
1904.000 1.503
1905.000 1.502
1906.000 1.507
1907.000 1.517
1908.000 1.528
1909.000 1.523
1910.000 1.531
1911.000 1.528
1912.000 1.534
1913.000 1.537
1914.000 1.536
1915.000 1.542
1916.000 1.540
1917.000 1.547
1918.000 1.548
1919.000 1.554
1920.000 1.554
1921.000 1.560
1922.000 1.564
1923.000 1.565
1924.000 1.570
1925.000 1.568
1926.000 1.576
1927.000 1.580
1928.000 1.585
1929.000 1.586
1930.000 1.595
1931.000 1.598
1932.000 1.597
1933.000 1.604
1934.000 1.604
1935.000 1.610
1936.000 1.613
1937.000 1.618
1938.000 1.627
1939.000 1.622
1940.000 1.631
1941.000 1.631
1942.000 1.639
1943.000 1.644
1944.000 1.645
1945.000 1.655
1946.000 1.653
1947.000 1.663
1948.000 1.661
1949.000 1.671
1950.000 1.663
1951.000 1.673
1952.000 1.680
1953.000 1.690
1954.000 1.695
1955.000 1.702
1956.000 1.702
1957.000 1.707
1958.000 1.711
1959.000 1.719
1960.000 1.724
1961.000 1.732
1962.000 1.731
1963.000 1.743
1964.000 1.753
1965.000 1.745
1966.000 1.767
1967.000 1.771
1968.000 1.775
1969.000 1.779
1970.000 1.786
1971.000 1.796
1972.000 1.800
1973.000 1.817
1974.000 1.814
1975.000 1.816
1976.000 1.833
1977.000 1.827
1978.000 1.848
1979.000 1.845
1980.000 1.865
1981.000 1.865
1982.000 1.868
1983.000 1.888
1984.000 1.888
1985.000 1.891
1986.000 1.897
1987.000 1.913
1988.000 1.927
1989.000 1.936
1990.000 1.941
1991.000 1.941
1992.000 1.964
1993.000 2.132
1994.000 2.171
1995.000 2.152
1996.000 2.182
1997.000 2.188
1998.000 2.123
1999.000 2.104
2000.000 2.088
2001.000 2.088
2002.000 2.093
2003.000 2.101
2004.000 2.104
2005.000 2.113
2006.000 2.139
2007.000 2.153
2008.000 2.154
2009.000 2.154
2010.000 2.186
2011.000 2.179
2012.000 2.208
2013.000 2.231
2014.000 2.232
2015.000 2.247
2016.000 2.269
2017.000 2.294
2018.000 2.312
2019.000 2.329
2020.000 2.351
2021.000 2.369
2022.000 2.400
2023.000 2.448
2024.000 2.472
2025.000 2.478
2026.000 2.500
2027.000 2.524
2028.000 2.596
2029.000 2.598
2030.000 2.611
2031.000 2.639
2032.000 2.668
2033.000 2.678
2034.000 2.755
2035.000 2.776
2036.000 2.803
2037.000 2.816
2038.000 2.834
2039.000 2.869
2040.000 2.960
2041.000 2.973
2042.000 3.010
2043.000 3.039
2044.000 3.072
2045.000 3.123
2046.000 3.135
2047.000 3.229
2048.000 3.294
2049.000 3.338
2050.000 3.376
2051.000 3.416
2052.000 3.466
2053.000 3.547
2054.000 3.620
2055.000 3.671
2056.000 3.721
2057.000 3.764
2058.000 3.888
2059.000 3.955
2060.000 4.018
2061.000 4.086
2062.000 4.169
2063.000 4.262
2064.000 4.423
2065.000 4.518
2066.000 4.613
2067.000 4.718
2068.000 4.828
2069.000 4.898
2070.000 5.015
2071.000 5.154
2072.000 5.297
2073.000 5.476
2074.000 5.654
2075.000 5.831
2076.000 6.032
2077.000 6.237
2078.000 6.483
2079.000 6.744
2080.000 6.993
2081.000 7.295
2082.000 7.438
2083.000 7.773
2084.000 8.117
2085.000 8.495
2086.000 8.905
2087.000 9.349
2088.000 9.845
2089.000 10.452
2090.000 10.976
2091.000 11.544
2092.000 12.152
2093.000 12.772
2094.000 13.086
2095.000 13.712
2096.000 14.463
2097.000 14.979
2098.000 15.330
2099.000 15.541
2100.000 15.605
2101.000 15.534
2102.000 15.095
2103.000 14.530
2104.000 13.834
2105.000 13.473
2106.000 12.717
2107.000 11.972
2108.000 11.268
2109.000 10.627
2110.000 9.993
2111.000 9.599
2112.000 9.026
2113.000 8.509
2114.000 8.051
2115.000 7.716
2116.000 7.324
2117.000 6.970
2118.000 6.809
2119.000 6.498
2120.000 6.225
2121.000 5.961
2122.000 5.714
2123.000 5.491
2124.000 5.278
2125.000 5.092
2126.000 4.907
2127.000 4.731
2128.000 4.590
2129.000 4.434
2130.000 4.369
2131.000 4.233
2132.000 4.103
2133.000 3.986
2134.000 3.883
2135.000 3.793
2136.000 3.681
2137.000 3.583
2138.000 3.492
2139.000 3.408
2140.000 3.321
2141.000 3.244
2142.000 3.172
2143.000 3.146
2144.000 3.111
2145.000 3.054
2146.000 2.983
2147.000 2.908
2148.000 2.847
2149.000 2.800
2150.000 2.739
2151.000 2.690
2152.000 2.651
2153.000 2.603
2154.000 2.578
2155.000 2.565
2156.000 2.509
2157.000 2.457
2158.000 2.403
2159.000 2.373
2160.000 2.338
2161.000 2.291
2162.000 2.313
2163.000 2.259
2164.000 2.217
2165.000 2.169
2166.000 2.153
2167.000 2.148
2168.000 2.109
2169.000 2.058
2170.000 2.064
2171.000 2.015
2172.000 1.974
2173.000 1.944
2174.000 1.912
2175.000 1.937
2176.000 1.897
2177.000 1.862
2178.000 1.835
2179.000 1.822
2180.000 1.801
2181.000 1.777
2182.000 1.760
2183.000 1.742
2184.000 1.734
2185.000 1.745
2186.000 1.729
2187.000 1.720
2188.000 1.707
2189.000 1.755
2190.000 1.731
2191.000 1.703
2192.000 1.696
2193.000 1.683
2194.000 1.674
2195.000 1.672
2196.000 1.687
2197.000 1.689
2198.000 1.684
2199.000 1.724
2200.000 1.715
2201.000 1.713
2202.000 1.713
2203.000 1.717
2204.000 1.703
2205.000 1.709
2206.000 1.711
2207.000 1.710
2208.000 1.716
2209.000 1.717
2210.000 1.723
2211.000 1.725
2212.000 1.727
2213.000 1.737
2214.000 1.742
2215.000 1.748
2216.000 1.758
2217.000 1.771
2218.000 1.774
2219.000 1.789
2220.000 1.806
2221.000 1.818
2222.000 1.832
2223.000 1.853
2224.000 1.865
2225.000 1.883
2226.000 1.899
2227.000 1.920
2228.000 1.938
2229.000 1.959
2230.000 1.976
2231.000 2.009
2232.000 2.043
2233.000 2.069
2234.000 2.102
2235.000 2.131
2236.000 2.167
2237.000 2.207
2238.000 2.248
2239.000 2.294
2240.000 2.308
2241.000 2.364
2242.000 2.404
2243.000 2.469
2244.000 2.522
2245.000 2.594
2246.000 2.669
2247.000 2.741
2248.000 2.834
2249.000 2.915
2250.000 3.010
2251.000 3.063
2252.000 3.183
2253.000 3.301
2254.000 3.437
2255.000 3.594
2256.000 3.743
2257.000 3.932
2258.000 4.113
2259.000 4.333
2260.000 4.587
2261.000 4.836
2262.000 5.139
2263.000 5.449
2264.000 5.633
2265.000 5.976
2266.000 6.370
2267.000 6.778
2268.000 7.162
2269.000 7.526
2270.000 7.827
2271.000 8.026
2272.000 8.107
2273.000 8.011
2274.000 7.769
2275.000 7.371
2276.000 7.154
2277.000 6.643
2278.000 6.131
2279.000 5.659
2280.000 5.206
2281.000 4.816
2282.000 4.460
2283.000 4.146
2284.000 3.863
2285.000 3.618
2286.000 3.397
2287.000 3.186
2288.000 3.010
2289.000 2.927
2290.000 2.773
2291.000 2.624
2292.000 2.499
2293.000 2.384
2294.000 2.271
2295.000 2.160
2296.000 2.063
2297.000 1.986
2298.000 1.907
2299.000 1.829
2300.000 1.796
2301.000 1.735
2302.000 1.675
2303.000 1.617
2304.000 1.566
2305.000 1.515
2306.000 1.466
2307.000 1.429
2308.000 1.383
2309.000 1.347
2310.000 1.309
2311.000 1.272
2312.000 1.247
2313.000 1.206
2314.000 1.164
2315.000 1.115
2316.000 1.073
2317.000 1.030
2318.000 0.997
2319.000 0.964
2320.000 0.930
2321.000 0.908
2322.000 0.877
2323.000 0.854
2324.000 0.837
2325.000 0.822
2326.000 0.800
2327.000 0.780
2328.000 0.766
2329.000 0.743
2330.000 0.732
2331.000 0.714
2332.000 0.702
2333.000 0.686
2334.000 0.671
2335.000 0.663
2336.000 0.649
2337.000 0.644
2338.000 0.629
2339.000 0.622
2340.000 0.613
2341.000 0.599
2342.000 0.594
2343.000 0.584
2344.000 0.575
2345.000 0.567
2346.000 0.558
2347.000 0.553
2348.000 0.545
2349.000 0.543
2350.000 0.535
2351.000 0.527
2352.000 0.519
2353.000 0.515
2354.000 0.512
2355.000 0.503
2356.000 0.497
2357.000 0.492
2358.000 0.484
2359.000 0.483
2360.000 0.477
2361.000 0.475
2362.000 0.470
2363.000 0.468
2364.000 0.460
2365.000 0.459
2366.000 0.452
2367.000 0.448
2368.000 0.444
2369.000 0.441
2370.000 0.439
2371.000 0.433
2372.000 0.431
2373.000 0.427
2374.000 0.424
2375.000 0.422
2376.000 0.418
2377.000 0.416
2378.000 0.411
2379.000 0.412
2380.000 0.409
2381.000 0.406
2382.000 0.405
2383.000 0.403
2384.000 0.400
2385.000 0.395
2386.000 0.397
2387.000 0.392
2388.000 0.391
2389.000 0.389
2390.000 0.385
2391.000 0.388
2392.000 0.382
2393.000 0.380
2394.000 0.381
2395.000 0.379
2396.000 0.378
2397.000 0.377
2398.000 0.377
2399.000 0.374
2400.000 0.372
2401.000 0.368
2402.000 0.369
2403.000 0.369
2404.000 0.366
2405.000 0.365
2406.000 0.362
2407.000 0.361
2408.000 0.363
2409.000 0.358
2410.000 0.357
2411.000 0.358
2412.000 0.360
2413.000 0.355
2414.000 0.354
2415.000 0.353
2416.000 0.356
2417.000 0.354
2418.000 0.351
2419.000 0.352
2420.000 0.347
2421.000 0.350
2422.000 0.350
2423.000 0.350
2424.000 0.348
2425.000 0.349
2426.000 0.348
2427.000 0.345
2428.000 0.345
2429.000 0.344
2430.000 0.348
2431.000 0.346
2432.000 0.341
2433.000 0.346
2434.000 0.350
2435.000 0.346
2436.000 0.343
2437.000 0.342
2438.000 0.345
2439.000 0.341
2440.000 0.344
2441.000 0.339
2442.000 0.340
2443.000 0.345
2444.000 0.340
2445.000 0.343
2446.000 0.341
2447.000 0.344
2448.000 0.341
2449.000 0.342
2450.000 0.344
2451.000 0.342
2452.000 0.341
2453.000 0.341
2454.000 0.341
2455.000 0.345
2456.000 0.340
2457.000 0.344
2458.000 0.341
2459.000 0.343
2460.000 0.341
2461.000 0.345
2462.000 0.345
2463.000 0.343
2464.000 0.347
2465.000 0.345
2466.000 0.345
2467.000 0.343
2468.000 0.345
2469.000 0.347
2470.000 0.347
2471.000 0.349
2472.000 0.346
2473.000 0.353
2474.000 0.351
2475.000 0.351
2476.000 0.351
2477.000 0.349
2478.000 0.353
2479.000 0.350
2480.000 0.351
2481.000 0.354
2482.000 0.353
2483.000 0.353
2484.000 0.356
2485.000 0.359
2486.000 0.355
2487.000 0.361
2488.000 0.357
2489.000 0.359
2490.000 0.364
2491.000 0.364
2492.000 0.367
2493.000 0.365
2494.000 0.368
2495.000 0.364
2496.000 0.369
2497.000 0.365
2498.000 0.369
2499.000 0.373
2500.000 0.367
2501.000 0.373
2502.000 0.372
2503.000 0.375
2504.000 0.378
2505.000 0.378
2506.000 0.380
2507.000 0.379
2508.000 0.383
2509.000 0.382
2510.000 0.385
2511.000 0.392
2512.000 0.387
2513.000 0.392
2514.000 0.387
2515.000 0.389
2516.000 0.392
2517.000 0.389
2518.000 0.390
2519.000 0.388
2520.000 0.388
2521.000 0.383
2522.000 0.386
2523.000 0.384
2524.000 0.389
2525.000 0.390
2526.000 0.389
2527.000 0.390
2528.000 0.387
2529.000 0.385
2530.000 0.391
2531.000 0.389
2532.000 0.386
2533.000 0.387
2534.000 0.389
2535.000 0.382
2536.000 0.389
2537.000 0.387
2538.000 0.386
2539.000 0.386
2540.000 0.384
2541.000 0.390
2542.000 0.389
2543.000 0.386
2544.000 0.382
2545.000 0.386
2546.000 0.393
2547.000 0.383
2548.000 0.388
2549.000 0.384
2550.000 0.389
2551.000 0.390
2552.000 0.384
2553.000 0.389
2554.000 0.387
2555.000 0.385
2556.000 0.383
2557.000 0.388
2558.000 0.387
2559.000 0.389
2560.000 0.394
2561.000 0.389
2562.000 0.390
2563.000 0.386
2564.000 0.387
2565.000 0.391
2566.000 0.386
2567.000 0.393
2568.000 0.390
2569.000 0.392
2570.000 0.388
2571.000 0.389
2572.000 0.391
2573.000 0.386
2574.000 0.390
2575.000 0.386
2576.000 0.390
2577.000 0.392
2578.000 0.391
2579.000 0.392
2580.000 0.384
2581.000 0.396
2582.000 0.391
2583.000 0.393
2584.000 0.391
2585.000 0.391
2586.000 0.396
2587.000 0.389
2588.000 0.393
2589.000 0.392
2590.000 0.395
2591.000 0.399
2592.000 0.390
2593.000 0.395
2594.000 0.393
2595.000 0.395
2596.000 0.390
2597.000 0.393
2598.000 0.398
2599.000 0.396
2600.000 0.401
