1801.000 0.009
1802.000 2.759
1803.000 2.811
1804.000 2.820
1805.000 2.823
1806.000 2.783
1807.000 2.791
1808.000 2.797
1809.000 2.799
1810.000 2.808
1811.000 2.817
1812.000 2.827
1813.000 2.826
1814.000 2.839
1815.000 2.849
1816.000 2.861
1817.000 2.869
1818.000 2.877
1819.000 2.895
1820.000 2.896
1821.000 2.904
1822.000 2.922
1823.000 2.922
1824.000 2.921
1825.000 2.937
1826.000 2.943
1827.000 2.953
1828.000 2.931
1829.000 2.905
1830.000 2.897
1831.000 2.860
1832.000 2.791
1833.000 2.769
1834.000 2.702
1835.000 2.648
1836.000 2.590
1837.000 2.536
1838.000 2.477
1839.000 2.438
1840.000 2.396
1841.000 2.357
1842.000 2.327
1843.000 2.297
1844.000 2.302
1845.000 2.312
1846.000 2.310
1847.000 2.337
1848.000 2.320
1849.000 2.321
1850.000 2.319
1851.000 2.314
1852.000 2.319
1853.000 2.296
1854.000 2.283
1855.000 2.260
1856.000 2.252
1857.000 2.212
1858.000 2.166
1859.000 2.108
1860.000 2.041
1861.000 1.972
1862.000 1.881
1863.000 1.800
1864.000 1.709
1865.000 1.630
1866.000 1.566
1867.000 1.499
1868.000 1.460
1869.000 1.454
1870.000 1.456
1871.000 1.463
1872.000 1.471
1873.000 1.475
1874.000 1.483
1875.000 1.492
1876.000 1.491
1877.000 1.494
1878.000 1.494
1879.000 1.501
1880.000 1.510
1881.000 1.510
1882.000 1.511
1883.000 1.519
1884.000 1.524
1885.000 1.526
1886.000 1.530
1887.000 1.536
1888.000 1.542
1889.000 1.555
1890.000 1.550
1891.000 1.559
1892.000 1.560
1893.000 1.561
1894.000 1.564
1895.000 1.566
1896.000 1.570
1897.000 1.578
1898.000 1.582
1899.000 1.585
1900.000 1.589
1901.000 1.588
1902.000 1.597
1903.000 1.601
1904.000 1.604
1905.000 1.601
1906.000 1.609
1907.000 1.619
1908.000 1.619
1909.000 1.620
1910.000 1.627
1911.000 1.629
1912.000 1.628
1913.000 1.634
1914.000 1.637
1915.000 1.639
1916.000 1.640
1917.000 1.650
1918.000 1.645
1919.000 1.666
1920.000 1.668
1921.000 1.668
1922.000 1.668
1923.000 1.670
1924.000 1.673
1925.000 1.679
1926.000 1.685
1927.000 1.687
1928.000 1.687
1929.000 1.692
1930.000 1.694
1931.000 1.704
1932.000 1.701
1933.000 1.704
1934.000 1.717
1935.000 1.722
1936.000 1.720
1937.000 1.722
1938.000 1.726
1939.000 1.735
1940.000 1.743
1941.000 1.744
1942.000 1.743
1943.000 1.758
1944.000 1.760
1945.000 1.767
1946.000 1.765
1947.000 1.772
1948.000 1.767
1949.000 1.784
1950.000 1.790
1951.000 1.788
1952.000 1.793
1953.000 1.791
1954.000 1.803
1955.000 1.804
1956.000 1.822
1957.000 1.816
1958.000 1.816
1959.000 1.832
1960.000 1.839
1961.000 1.846
1962.000 1.854
1963.000 1.858
1964.000 1.859
1965.000 1.876
1966.000 1.872
1967.000 1.873
1968.000 1.888
1969.000 1.886
1970.000 1.891
1971.000 1.894
1972.000 1.900
1973.000 1.923
1974.000 1.935
1975.000 1.943
1976.000 1.949
1977.000 1.963
1978.000 1.964
1979.000 1.973
1980.000 1.966
1981.000 1.985
1982.000 1.993
1983.000 2.004
1984.000 2.003
1985.000 2.013
1986.000 2.019
1987.000 2.025
1988.000 2.036
1989.000 2.054
1990.000 2.076
1991.000 2.063
1992.000 2.085
1993.000 2.086
1994.000 2.110
1995.000 2.107
1996.000 2.127
1997.000 2.138
1998.000 2.144
1999.000 2.169
2000.000 2.176
2001.000 2.192
2002.000 2.201
2003.000 2.215
2004.000 2.225
2005.000 2.248
2006.000 2.282
2007.000 2.290
2008.000 2.289
2009.000 2.296
2010.000 2.315
2011.000 2.313
2012.000 2.330
2013.000 2.366
2014.000 2.372
2015.000 2.387
2016.000 2.407
2017.000 2.431
2018.000 2.439
2019.000 2.468
2020.000 2.482
2021.000 2.504
2022.000 2.521
2023.000 2.544
2024.000 2.575
2025.000 2.580
2026.000 2.617
2027.000 2.622
2028.000 2.643
2029.000 2.680
2030.000 2.704
2031.000 2.725
2032.000 2.748
2033.000 2.780
2034.000 2.811
2035.000 2.835
2036.000 2.877
2037.000 2.909
2038.000 2.955
2039.000 2.968
2040.000 2.990
2041.000 3.032
2042.000 3.070
2043.000 3.123
2044.000 3.155
2045.000 3.205
2046.000 3.245
2047.000 3.304
2048.000 3.353
2049.000 3.396
2050.000 3.473
2051.000 3.489
2052.000 3.545
2053.000 3.600
2054.000 3.668
2055.000 3.729
2056.000 3.796
2057.000 3.882
2058.000 3.956
2059.000 4.032
2060.000 4.098
2061.000 4.184
2062.000 4.272
2063.000 4.342
2064.000 4.431
2065.000 4.541
2066.000 4.643
2067.000 4.737
2068.000 4.871
2069.000 4.995
2070.000 5.142
2071.000 5.291
2072.000 5.436
2073.000 5.608
2074.000 5.765
2075.000 5.966
2076.000 6.069
2077.000 6.284
2078.000 6.501
2079.000 6.751
2080.000 7.016
2081.000 7.283
2082.000 7.574
2083.000 7.898
2084.000 8.259
2085.000 8.637
2086.000 9.057
2087.000 9.507
2088.000 9.745
2089.000 10.237
2090.000 10.782
2091.000 11.385
2092.000 11.979
2093.000 12.575
2094.000 13.207
2095.000 13.794
2096.000 14.364
2097.000 14.844
2098.000 15.179
2099.000 15.397
2100.000 15.416
2101.000 15.291
2102.000 14.958
2103.000 14.479
2104.000 13.843
2105.000 13.127
2106.000 12.412
2107.000 11.664
2108.000 10.969
2109.000 10.352
2110.000 9.722
2111.000 9.150
2112.000 8.884
2113.000 8.417
2114.000 7.960
2115.000 7.564
2116.000 7.181
2117.000 6.863
2118.000 6.560
2119.000 6.263
2120.000 5.996
2121.000 5.738
2122.000 5.503
2123.000 5.289
2124.000 5.084
2125.000 4.980
2126.000 4.822
2127.000 4.653
2128.000 4.483
2129.000 4.330
2130.000 4.183
2131.000 4.056
2132.000 3.936
2133.000 3.804
2134.000 3.696
2135.000 3.588
2136.000 3.501
2137.000 3.448
2138.000 3.353
2139.000 3.271
2140.000 3.177
2141.000 3.107
2142.000 3.026
2143.000 2.955
2144.000 2.889
2145.000 2.817
2146.000 2.766
2147.000 2.705
2148.000 2.687
2149.000 2.620
2150.000 2.564
2151.000 2.507
2152.000 2.464
2153.000 2.411
2154.000 2.355
2155.000 2.326
2156.000 2.271
2157.000 2.219
2158.000 2.172
2159.000 2.109
2160.000 2.057
2161.000 2.025
2162.000 1.995
2163.000 1.943
2164.000 1.908
2165.000 1.859
2166.000 1.819
2167.000 1.794
2168.000 1.755
2169.000 1.734
2170.000 1.695
2171.000 1.672
2172.000 1.647
2173.000 1.630
2174.000 1.607
2175.000 1.580
2176.000 1.560
2177.000 1.532
2178.000 1.513
2179.000 1.493
2180.000 1.474
2181.000 1.461
2182.000 1.440
2183.000 1.427
2184.000 1.412
2185.000 1.404
2186.000 1.397
2187.000 1.384
2188.000 1.375
2189.000 1.358
2190.000 1.348
2191.000 1.334
2192.000 1.327
2193.000 1.322
2194.000 1.312
2195.000 1.312
2196.000 1.310
2197.000 1.305
2198.000 1.299
2199.000 1.298
2200.000 1.296
2201.000 1.285
2202.000 1.287
2203.000 1.281
2204.000 1.285
2205.000 1.291
2206.000 1.289
2207.000 1.292
2208.000 1.293
2209.000 1.301
2210.000 1.298
2211.000 1.308
2212.000 1.304
2213.000 1.320
2214.000 1.321
2215.000 1.333
2216.000 1.349
2217.000 1.354
2218.000 1.370
2219.000 1.377
2220.000 1.405
2221.000 1.420
2222.000 1.426
2223.000 1.443
2224.000 1.469
2225.000 1.498
2226.000 1.506
2227.000 1.522
2228.000 1.528
2229.000 1.545
2230.000 1.565
2231.000 1.581
2232.000 1.610
2233.000 1.627
2234.000 1.646
2235.000 1.663
2236.000 1.697
2237.000 1.723
2238.000 1.750
2239.000 1.798
2240.000 1.818
2241.000 1.861
2242.000 1.896
2243.000 1.931
2244.000 1.974
2245.000 1.997
2246.000 2.048
2247.000 2.091
2248.000 2.155
2249.000 2.209
2250.000 2.283
2251.000 2.356
2252.000 2.426
2253.000 2.528
2254.000 2.626
2255.000 2.730
2256.000 2.861
2257.000 2.978
2258.000 3.058
2259.000 3.198
2260.000 3.389
2261.000 3.565
2262.000 3.772
2263.000 3.992
2264.000 4.239
2265.000 4.518
2266.000 4.789
2267.000 5.094
2268.000 5.382
2269.000 5.634
2270.000 5.741
2271.000 5.909
2272.000 5.975
2273.000 5.922
2274.000 5.766
2275.000 5.492
2276.000 5.172
2277.000 4.803
2278.000 4.418
2279.000 4.083
2280.000 3.743
2281.000 3.456
2282.000 3.219
2283.000 3.093
2284.000 2.873
2285.000 2.688
2286.000 2.518
2287.000 2.352
2288.000 2.211
2289.000 2.086
2290.000 1.970
2291.000 1.870
2292.000 1.777
2293.000 1.697
2294.000 1.652
2295.000 1.584
2296.000 1.510
2297.000 1.445
2298.000 1.391
2299.000 1.329
2300.000 1.280
2301.000 1.229
2302.000 1.189
2303.000 1.158
2304.000 1.114
2305.000 1.076
2306.000 1.033
2307.000 1.024
2308.000 0.990
2309.000 0.963
2310.000 0.938
2311.000 0.904
2312.000 0.873
2313.000 0.837
2314.000 0.812
2315.000 0.783
2316.000 0.750
2317.000 0.734
2318.000 0.710
2319.000 0.700
2320.000 0.676
2321.000 0.656
2322.000 0.635
2323.000 0.621
2324.000 0.606
2325.000 0.589
2326.000 0.580
2327.000 0.565
2328.000 0.554
2329.000 0.545
2330.000 0.530
2331.000 0.520
2332.000 0.513
2333.000 0.509
2334.000 0.498
2335.000 0.490
2336.000 0.483
2337.000 0.473
2338.000 0.466
2339.000 0.460
2340.000 0.453
2341.000 0.451
2342.000 0.440
2343.000 0.435
2344.000 0.431
2345.000 0.428
2346.000 0.421
2347.000 0.417
2348.000 0.412
2349.000 0.407
2350.000 0.403
2351.000 0.395
2352.000 0.393
2353.000 0.391
2354.000 0.384
2355.000 0.383
2356.000 0.378
2357.000 0.377
2358.000 0.371
2359.000 0.370
2360.000 0.365
2361.000 0.364
2362.000 0.364
2363.000 0.358
2364.000 0.355
2365.000 0.353
2366.000 0.352
2367.000 0.347
2368.000 0.347
2369.000 0.342
2370.000 0.339
2371.000 0.340
2372.000 0.335
2373.000 0.336
2374.000 0.333
2375.000 0.329
2376.000 0.332
2377.000 0.327
2378.000 0.326
2379.000 0.322
2380.000 0.326
2381.000 0.322
2382.000 0.324
2383.000 0.318
2384.000 0.318
2385.000 0.321
2386.000 0.317
2387.000 0.316
2388.000 0.316
2389.000 0.312
2390.000 0.316
2391.000 0.314
2392.000 0.314
2393.000 0.310
2394.000 0.310
2395.000 0.305
2396.000 0.309
2397.000 0.307
2398.000 0.307
2399.000 0.309
2400.000 0.306
2401.000 0.307
2402.000 0.306
2403.000 0.301
2404.000 0.302
2405.000 0.301
2406.000 0.304
2407.000 0.300
2408.000 0.303
2409.000 0.299
2410.000 0.300
2411.000 0.301
2412.000 0.299
2413.000 0.299
2414.000 0.300
2415.000 0.301
2416.000 0.297
2417.000 0.298
2418.000 0.297
2419.000 0.297
2420.000 0.300
2421.000 0.297
2422.000 0.300
2423.000 0.297
2424.000 0.300
2425.000 0.300
2426.000 0.295
2427.000 0.299
2428.000 0.296
2429.000 0.298
2430.000 0.296
2431.000 0.299
2432.000 0.297
2433.000 0.297
2434.000 0.299
2435.000 0.298
2436.000 0.300
2437.000 0.301
2438.000 0.298
2439.000 0.300
2440.000 0.297
2441.000 0.299
2442.000 0.299
2443.000 0.303
2444.000 0.302
2445.000 0.301
2446.000 0.307
2447.000 0.303
2448.000 0.306
2449.000 0.304
2450.000 0.305
2451.000 0.312
2452.000 0.306
2453.000 0.306
2454.000 0.305
2455.000 0.309
2456.000 0.308
2457.000 0.310
2458.000 0.308
2459.000 0.308
2460.000 0.312
2461.000 0.307
2462.000 0.312
2463.000 0.311
2464.000 0.317
2465.000 0.315
2466.000 0.318
2467.000 0.314
2468.000 0.320
2469.000 0.323
2470.000 0.322
2471.000 0.325
2472.000 0.320
2473.000 0.324
2474.000 0.327
2475.000 0.325
2476.000 0.330
2477.000 0.327
2478.000 0.332
2479.000 0.327
2480.000 0.331
2481.000 0.329
2482.000 0.335
2483.000 0.334
2484.000 0.331
2485.000 0.335
2486.000 0.330
2487.000 0.331
2488.000 0.332
2489.000 0.332
2490.000 0.336
2491.000 0.331
2492.000 0.331
2493.000 0.329
2494.000 0.329
2495.000 0.332
2496.000 0.327
2497.000 0.327
2498.000 0.329
2499.000 0.331
2500.000 0.329
2501.000 0.330
2502.000 0.329
2503.000 0.329
2504.000 0.331
2505.000 0.327
2506.000 0.328
2507.000 0.332
2508.000 0.327
2509.000 0.332
2510.000 0.330
2511.000 0.331
2512.000 0.335
2513.000 0.332
2514.000 0.328
2515.000 0.329
2516.000 0.335
2517.000 0.331
2518.000 0.331
2519.000 0.326
2520.000 0.329
2521.000 0.334
2522.000 0.329
2523.000 0.329
2524.000 0.327
2525.000 0.332
2526.000 0.328
2527.000 0.330
2528.000 0.327
2529.000 0.327
2530.000 0.334
2531.000 0.329
2532.000 0.327
2533.000 0.329
2534.000 0.325
2535.000 0.329
2536.000 0.323
2537.000 0.332
2538.000 0.326
2539.000 0.328
2540.000 0.325
2541.000 0.327
2542.000 0.332
2543.000 0.327
2544.000 0.326
2545.000 0.326
2546.000 0.329
2547.000 0.333
2548.000 0.326
2549.000 0.326
2550.000 0.325
2551.000 0.328
2552.000 0.326
2553.000 0.332
2554.000 0.331
2555.000 0.328
2556.000 0.329
2557.000 0.326
2558.000 0.328
2559.000 0.328
2560.000 0.328
2561.000 0.328
2562.000 0.328
2563.000 0.331
2564.000 0.328
2565.000 0.330
2566.000 0.329
2567.000 0.327
2568.000 0.329
2569.000 0.327
2570.000 0.331
2571.000 0.327
2572.000 0.329
2573.000 0.331
2574.000 0.326
2575.000 0.329
2576.000 0.329
2577.000 0.333
2578.000 0.329
2579.000 0.332
2580.000 0.329
2581.000 0.331
2582.000 0.334
2583.000 0.328
2584.000 0.329
2585.000 0.335
2586.000 0.332
2587.000 0.327
2588.000 0.331
2589.000 0.334
2590.000 0.331
2591.000 0.334
2592.000 0.334
2593.000 0.330
2594.000 0.331
2595.000 0.329
2596.000 0.334
2597.000 0.336
2598.000 0.332
2599.000 0.328
2600.000 0.334
