1801.000 0.004
1802.000 3.177
1803.000 3.277
1804.000 3.207
1805.000 3.142
1806.000 3.121
1807.000 3.018
1808.000 3.002
1809.000 3.015
1810.000 3.028
1811.000 3.035
1812.000 3.046
1813.000 3.068
1814.000 3.088
1815.000 3.102
1816.000 3.120
1817.000 3.140
1818.000 3.152
1819.000 3.171
1820.000 3.197
1821.000 3.212
1822.000 3.223
1823.000 3.247
1824.000 3.258
1825.000 3.273
1826.000 3.290
1827.000 3.315
1828.000 3.317
1829.000 3.322
1830.000 3.328
1831.000 3.337
1832.000 3.331
1833.000 3.328
1834.000 3.319
1835.000 3.305
1836.000 3.288
1837.000 3.279
1838.000 3.253
1839.000 3.220
1840.000 3.197
1841.000 3.204
1842.000 3.177
1843.000 3.163
1844.000 3.168
1845.000 3.170
1846.000 3.177
1847.000 3.184
1848.000 3.191
1849.000 3.193
1850.000 3.195
1851.000 3.203
1852.000 3.203
1853.000 3.203
1854.000 3.203
1855.000 3.184
1856.000 3.149
1857.000 3.108
1858.000 3.049
1859.000 2.975
1860.000 2.894
1861.000 2.850
1862.000 2.748
1863.000 2.639
1864.000 2.524
1865.000 2.412
1866.000 2.301
1867.000 2.199
1868.000 2.111
1869.000 2.038
1870.000 2.018
1871.000 2.024
1872.000 2.029
1873.000 2.038
1874.000 2.038
1875.000 2.053
1876.000 2.061
1877.000 2.063
1878.000 2.074
1879.000 2.077
1880.000 2.086
1881.000 2.094
1882.000 2.098
1883.000 2.107
1884.000 2.675
1885.000 2.966
1886.000 2.997
1887.000 2.974
1888.000 2.734
1889.000 2.452
1890.000 2.237
1891.000 2.103
1892.000 2.009
1893.000 1.975
1894.000 1.973
1895.000 1.977
1896.000 1.983
1897.000 1.988
1898.000 1.991
1899.000 2.004
1900.000 2.009
1901.000 2.014
1902.000 2.021
1903.000 2.027
1904.000 2.030
1905.000 2.033
1906.000 2.043
1907.000 2.041
1908.000 2.050
1909.000 2.050
1910.000 2.058
1911.000 2.062
1912.000 2.069
1913.000 2.072
1914.000 2.038
1915.000 2.004
1916.000 1.973
1917.000 1.946
1918.000 1.948
1919.000 1.962
1920.000 1.959
1921.000 1.967
1922.000 1.965
1923.000 1.970
1924.000 1.975
1925.000 1.987
1926.000 1.996
1927.000 1.995
1928.000 2.001
1929.000 2.010
1930.000 2.010
1931.000 2.017
1932.000 2.023
1933.000 2.025
1934.000 2.028
1935.000 2.037
1936.000 2.041
1937.000 2.045
1938.000 2.052
1939.000 2.058
1940.000 2.064
1941.000 2.064
1942.000 2.067
1943.000 2.075
1944.000 2.079
1945.000 2.093
1946.000 2.095
1947.000 2.097
1948.000 2.106
1949.000 2.106
1950.000 2.117
1951.000 2.124
1952.000 2.129
1953.000 2.139
1954.000 2.149
1955.000 2.155
1956.000 2.166
1957.000 2.166
1958.000 2.170
1959.000 2.176
1960.000 2.180
1961.000 2.199
1962.000 2.194
1963.000 2.211
1964.000 2.208
1965.000 2.221
1966.000 2.232
1967.000 2.236
1968.000 2.244
1969.000 2.249
1970.000 2.258
1971.000 2.265
1972.000 2.278
1973.000 2.288
1974.000 2.298
1975.000 2.305
1976.000 2.323
1977.000 2.326
1978.000 2.333
1979.000 2.346
1980.000 2.367
1981.000 2.363
1982.000 2.371
1983.000 2.382
1984.000 2.385
1985.000 2.386
1986.000 2.397
1987.000 2.404
1988.000 2.422
1989.000 2.442
1990.000 2.451
1991.000 2.451
1992.000 2.471
1993.000 2.477
1994.000 2.486
1995.000 2.485
1996.000 2.508
1997.000 2.512
1998.000 2.518
1999.000 2.534
2000.000 2.553
2001.000 2.598
2002.000 2.604
2003.000 2.612
2004.000 2.619
2005.000 2.628
2006.000 2.641
2007.000 2.669
2008.000 2.723
2009.000 2.723
2010.000 2.751
2011.000 2.747
2012.000 2.766
2013.000 2.790
2014.000 2.791
2015.000 2.855
2016.000 2.875
2017.000 2.904
2018.000 2.911
2019.000 2.932
2020.000 2.956
2021.000 2.975
2022.000 3.031
2023.000 3.041
2024.000 3.076
2025.000 3.092
2026.000 3.121
2027.000 3.133
2028.000 3.169
2029.000 3.235
2030.000 3.247
2031.000 3.272
2032.000 3.287
2033.000 3.324
2034.000 3.355
2035.000 3.380
2036.000 3.449
2037.000 3.467
2038.000 3.504
2039.000 3.544
2040.000 3.570
2041.000 3.616
2042.000 3.654
2043.000 3.731
2044.000 3.743
2045.000 3.794
2046.000 3.843
2047.000 3.875
2048.000 3.926
2049.000 3.981
2050.000 4.057
2051.000 4.117
2052.000 4.180
2053.000 4.243
2054.000 4.313
2055.000 4.330
2056.000 4.388
2057.000 4.475
2058.000 4.551
2059.000 4.617
2060.000 4.720
2061.000 4.807
2062.000 4.883
2063.000 4.984
2064.000 5.100
2065.000 5.204
2066.000 5.305
2067.000 5.439
2068.000 5.488
2069.000 5.603
2070.000 5.727
2071.000 5.902
2072.000 6.040
2073.000 6.191
2074.000 6.368
2075.000 6.549
2076.000 6.741
2077.000 6.820
2078.000 6.940
2079.000 7.181
2080.000 7.307
2081.000 7.560
2082.000 7.848
2083.000 8.158
2084.000 8.484
2085.000 8.815
2086.000 9.183
2087.000 9.582
2088.000 10.023
2089.000 10.527
2090.000 11.059
2091.000 11.381
2092.000 11.962
2093.000 12.235
2094.000 12.810
2095.000 13.393
2096.000 13.909
2097.000 14.338
2098.000 14.688
2099.000 14.877
2100.000 14.866
2101.000 14.612
2102.000 14.185
2103.000 13.525
2104.000 13.176
2105.000 12.410
2106.000 11.654
2107.000 10.867
2108.000 10.107
2109.000 9.413
2110.000 8.765
2111.000 8.186
2112.000 7.674
2113.000 7.188
2114.000 6.754
2115.000 6.348
2116.000 6.157
2117.000 5.804
2118.000 5.481
2119.000 5.190
2120.000 4.926
2121.000 4.662
2122.000 4.412
2123.000 4.195
2124.000 3.978
2125.000 3.783
2126.000 3.615
2127.000 3.444
2128.000 3.286
2129.000 3.209
2130.000 3.063
2131.000 2.933
2132.000 2.804
2133.000 2.690
2134.000 2.576
2135.000 2.452
2136.000 2.301
2137.000 2.134
2138.000 1.993
2139.000 1.865
2140.000 1.749
2141.000 1.696
2142.000 1.596
2143.000 1.504
2144.000 1.424
2145.000 1.344
2146.000 1.274
2147.000 1.213
2148.000 1.164
2149.000 1.101
2150.000 1.053
2151.000 0.999
2152.000 0.973
2153.000 0.925
2154.000 0.878
2155.000 0.832
2156.000 0.788
2157.000 0.748
2158.000 0.711
2159.000 0.675
2160.000 0.640
2161.000 0.608
2162.000 0.579
2163.000 0.543
2164.000 0.525
2165.000 0.506
2166.000 0.476
2167.000 0.448
2168.000 0.430
2169.000 0.398
2170.000 0.374
2171.000 0.350
2172.000 0.326
2173.000 0.305
2174.000 0.280
2175.000 0.261
2176.000 0.238
2177.000 0.229
2178.000 0.209
2179.000 0.188
2180.000 0.170
2181.000 0.151
2182.000 0.134
2183.000 0.118
2184.000 0.104
2185.000 0.087
2186.000 0.076
2187.000 0.070
2188.000 0.063
2189.000 0.070
2190.000 0.070
2191.000 0.079
2192.000 0.089
2193.000 0.101
2194.000 0.118
2195.000 0.132
2196.000 0.151
2197.000 0.165
2198.000 0.184
2199.000 0.204
2200.000 0.221
2201.000 0.228
2202.000 0.248
2203.000 0.267
2204.000 0.284
2205.000 0.306
2206.000 0.326
2207.000 0.348
2208.000 0.375
2209.000 0.396
2210.000 0.409
2211.000 0.432
2212.000 0.446
2213.000 0.479
2214.000 0.488
2215.000 0.512
2216.000 0.536
2217.000 0.562
2218.000 0.588
2219.000 0.617
2220.000 0.646
2221.000 0.696
2222.000 0.728
2223.000 0.759
2224.000 0.793
2225.000 0.831
2226.000 0.848
2227.000 0.900
2228.000 0.945
2229.000 0.998
2230.000 1.061
2231.000 1.124
2232.000 1.200
2233.000 1.285
2234.000 1.361
2235.000 1.431
2236.000 1.499
2237.000 1.576
2238.000 1.631
2239.000 1.666
2240.000 1.728
2241.000 1.806
2242.000 1.882
2243.000 1.970
2244.000 2.075
2245.000 2.158
2246.000 2.246
2247.000 2.351
2248.000 2.458
2249.000 2.578
2250.000 2.642
2251.000 2.775
2252.000 2.912
2253.000 3.067
2254.000 3.236
2255.000 3.419
2256.000 3.639
2257.000 3.866
2258.000 4.114
2259.000 4.401
2260.000 4.714
2261.000 5.072
2262.000 5.289
2263.000 5.749
2264.000 6.257
2265.000 6.820
2266.000 7.452
2267.000 8.127
2268.000 8.804
2269.000 9.440
2270.000 9.845
2271.000 9.906
2272.000 9.582
2273.000 9.184
2274.000 8.824
2275.000 8.592
2276.000 8.056
2277.000 7.475
2278.000 6.907
2279.000 6.396
2280.000 5.908
2281.000 5.477
2282.000 5.099
2283.000 4.766
2284.000 4.464
2285.000 4.197
2286.000 3.959
2287.000 3.845
2288.000 3.632
2289.000 3.458
2290.000 3.287
2291.000 3.136
2292.000 2.995
2293.000 2.863
2294.000 2.747
2295.000 2.635
2296.000 2.531
2297.000 2.434
2298.000 2.391
2299.000 2.307
2300.000 2.224
2301.000 2.150
2302.000 2.084
2303.000 2.018
2304.000 1.952
2305.000 1.902
2306.000 1.844
2307.000 1.793
2308.000 1.737
2309.000 1.689
2310.000 1.649
2311.000 1.630
2312.000 1.581
2313.000 1.538
2314.000 1.503
2315.000 1.462
2316.000 1.431
2317.000 1.391
2318.000 1.356
2319.000 1.309
2320.000 1.262
2321.000 1.224
2322.000 1.181
2323.000 1.161
2324.000 1.123
2325.000 1.094
2326.000 1.058
2327.000 1.029
2328.000 1.000
2329.000 0.972
2330.000 0.947
2331.000 0.915
2332.000 0.894
2333.000 0.875
2334.000 0.854
2335.000 0.832
2336.000 0.818
2337.000 0.803
2338.000 0.787
2339.000 0.771
2340.000 0.752
2341.000 0.734
2342.000 0.717
2343.000 0.702
2344.000 0.689
2345.000 0.673
2346.000 0.659
2347.000 0.653
2348.000 0.642
2349.000 0.631
2350.000 0.619
2351.000 0.607
2352.000 0.595
2353.000 0.580
2354.000 0.566
2355.000 0.557
2356.000 0.551
2357.000 0.542
2358.000 0.536
2359.000 0.528
2360.000 0.518
2361.000 0.510
2362.000 0.500
2363.000 0.489
2364.000 0.484
2365.000 0.476
2366.000 0.465
2367.000 0.459
2368.000 0.455
2369.000 0.447
2370.000 0.441
2371.000 0.429
2372.000 0.432
2373.000 0.423
2374.000 0.429
2375.000 0.423
2376.000 0.412
2377.000 0.403
2378.000 0.395
2379.000 0.388
2380.000 0.381
2381.000 0.374
2382.000 0.369
2383.000 0.363
2384.000 0.361
2385.000 0.355
2386.000 0.361
2387.000 0.363
2388.000 0.356
2389.000 0.344
2390.000 0.338
2391.000 0.331
2392.000 0.325
2393.000 0.326
2394.000 0.319
2395.000 0.315
2396.000 0.311
2397.000 0.305
2398.000 0.300
2399.000 0.294
2400.000 0.292
2401.000 0.284
2402.000 0.281
2403.000 0.276
2404.000 0.272
2405.000 0.268
2406.000 0.265
2407.000 0.259
2408.000 0.257
2409.000 0.258
2410.000 0.251
2411.000 0.248
2412.000 0.245
2413.000 0.243
2414.000 0.239
2415.000 0.235
2416.000 0.232
2417.000 0.240
2418.000 0.240
2419.000 0.236
2420.000 0.227
2421.000 0.224
2422.000 0.219
2423.000 0.216
2424.000 0.215
2425.000 0.211
2426.000 0.208
2427.000 0.205
2428.000 0.202
2429.000 0.199
2430.000 0.197
2431.000 0.191
2432.000 0.190
2433.000 0.186
2434.000 0.188
2435.000 0.186
2436.000 0.182
2437.000 0.178
2438.000 0.177
2439.000 0.184
2440.000 0.190
2441.000 0.181
2442.000 0.174
2443.000 0.171
2444.000 0.175
2445.000 0.168
2446.000 0.163
2447.000 0.160
2448.000 0.157
2449.000 0.154
2450.000 0.152
2451.000 0.148
2452.000 0.149
2453.000 0.144
2454.000 0.141
2455.000 0.140
2456.000 0.137
2457.000 0.135
2458.000 0.134
2459.000 0.130
2460.000 0.131
2461.000 0.127
2462.000 0.125
2463.000 0.127
2464.000 0.124
2465.000 0.122
2466.000 0.119
2467.000 0.119
2468.000 0.116
2469.000 0.117
2470.000 0.116
2471.000 0.115
2472.000 0.115
2473.000 0.110
2474.000 0.109
2475.000 0.109
2476.000 0.108
2477.000 0.105
2478.000 0.105
2479.000 0.105
2480.000 0.101
2481.000 0.100
2482.000 0.099
2483.000 0.100
2484.000 0.099
2485.000 0.097
2486.000 0.095
2487.000 0.096
2488.000 0.094
2489.000 0.094
2490.000 0.092
2491.000 0.091
2492.000 0.089
2493.000 0.092
2494.000 0.089
2495.000 0.090
2496.000 0.087
2497.000 0.088
2498.000 0.088
2499.000 0.085
2500.000 0.083
2501.000 0.084
2502.000 0.082
2503.000 0.082
2504.000 0.082
2505.000 0.082
2506.000 0.081
2507.000 0.092
2508.000 0.088
2509.000 0.086
2510.000 0.087
2511.000 0.082
2512.000 0.082
2513.000 0.083
2514.000 0.082
2515.000 0.081
2516.000 0.080
2517.000 0.080
2518.000 0.080
2519.000 0.081
2520.000 0.088
2521.000 0.085
2522.000 0.085
2523.000 0.084
2524.000 0.087
2525.000 0.086
2526.000 0.087
2527.000 0.085
2528.000 0.085
2529.000 0.084
2530.000 0.084
2531.000 0.086
2532.000 0.085
2533.000 0.085
2534.000 0.085
2535.000 0.085
2536.000 0.086
2537.000 0.087
2538.000 0.089
2539.000 0.087
2540.000 0.087
2541.000 0.086
2542.000 0.086
2543.000 0.086
2544.000 0.087
2545.000 0.088
2546.000 0.089
2547.000 0.091
2548.000 0.092
2549.000 0.094
2550.000 0.095
2551.000 0.095
2552.000 0.094
2553.000 0.095
2554.000 0.098
2555.000 0.099
2556.000 0.099
2557.000 0.101
2558.000 0.101
2559.000 0.103
2560.000 0.105
2561.000 0.105
2562.000 0.104
2563.000 0.106
2564.000 0.109
2565.000 0.109
2566.000 0.111
2567.000 0.113
2568.000 0.115
2569.000 0.115
2570.000 0.117
2571.000 0.115
2572.000 0.117
2573.000 0.119
2574.000 0.119
2575.000 0.122
2576.000 0.121
2577.000 0.125
2578.000 0.127
2579.000 0.128
2580.000 0.128
2581.000 0.128
2582.000 0.132
2583.000 0.134
2584.000 0.133
2585.000 0.135
2586.000 0.137
2587.000 0.141
2588.000 0.142
2589.000 0.143
2590.000 0.144
2591.000 0.146
2592.000 0.143
2593.000 0.152
2594.000 0.151
2595.000 0.152
2596.000 0.156
2597.000 0.155
2598.000 0.161
2599.000 0.164
2600.000 0.164
