1801.000 0.002
1802.000 2.443
1803.000 3.543
1804.000 3.482
1805.000 3.517
1806.000 3.686
1807.000 3.692
1808.000 3.705
1809.000 3.697
1810.000 3.610
1811.000 3.576
1812.000 3.537
1813.000 3.415
1814.000 3.342
1815.000 3.288
1816.000 3.239
1817.000 3.210
1818.000 3.225
1819.000 3.253
1820.000 3.283
1821.000 3.303
1822.000 3.329
1823.000 3.350
1824.000 3.365
1825.000 3.400
1826.000 3.474
1827.000 3.479
1828.000 3.620
1829.000 3.863
1830.000 3.632
1831.000 3.806
1832.000 3.760
1833.000 3.753
1834.000 3.612
1835.000 3.759
1836.000 3.603
1837.000 3.491
1838.000 3.361
1839.000 3.280
1840.000 3.201
1841.000 3.074
1842.000 2.977
1843.000 2.906
1844.000 2.862
1845.000 2.835
1846.000 2.820
1847.000 2.815
1848.000 2.811
1849.000 2.808
1850.000 2.807
1851.000 2.806
1852.000 2.807
1853.000 2.804
1854.000 2.798
1855.000 2.801
1856.000 2.792
1857.000 2.779
1858.000 2.775
1859.000 2.750
1860.000 2.712
1861.000 2.655
1862.000 2.598
1863.000 2.556
1864.000 2.464
1865.000 2.391
1866.000 2.305
1867.000 2.198
1868.000 2.096
1869.000 1.999
1870.000 1.914
1871.000 1.835
1872.000 1.774
1873.000 1.757
1874.000 1.759
1875.000 1.761
1876.000 1.772
1877.000 1.773
1878.000 1.779
1879.000 1.787
1880.000 1.793
1881.000 1.799
1882.000 1.806
1883.000 1.813
1884.000 1.824
1885.000 1.835
1886.000 1.838
1887.000 1.844
1888.000 1.843
1889.000 1.852
1890.000 1.857
1891.000 1.863
1892.000 1.866
1893.000 1.870
1894.000 1.875
1895.000 1.877
1896.000 1.885
1897.000 1.890
1898.000 1.896
1899.000 1.898
1900.000 1.902
1901.000 1.912
1902.000 1.914
1903.000 1.915
1904.000 1.921
1905.000 1.924
1906.000 1.930
1907.000 1.934
1908.000 1.938
1909.000 1.948
1910.000 1.959
1911.000 1.959
1912.000 1.962
1913.000 1.968
1914.000 1.971
1915.000 1.973
1916.000 1.979
1917.000 1.986
1918.000 1.989
1919.000 1.993
1920.000 2.001
1921.000 2.008
1922.000 2.012
1923.000 2.021
1924.000 2.026
1925.000 2.026
1926.000 2.033
1927.000 2.039
1928.000 2.042
1929.000 2.059
1930.000 2.061
1931.000 2.068
1932.000 2.070
1933.000 2.080
1934.000 2.086
1935.000 2.090
1936.000 2.102
1937.000 2.102
1938.000 2.113
1939.000 2.118
1940.000 2.125
1941.000 2.132
1942.000 2.142
1943.000 2.146
1944.000 2.152
1945.000 2.165
1946.000 2.169
1947.000 2.183
1948.000 2.185
1949.000 2.194
1950.000 2.199
1951.000 2.203
1952.000 2.215
1953.000 2.223
1954.000 2.231
1955.000 2.242
1956.000 2.239
1957.000 2.250
1958.000 2.261
1959.000 2.272
1960.000 2.278
1961.000 2.293
1962.000 2.303
1963.000 2.308
1964.000 2.319
1965.000 2.317
1966.000 2.329
1967.000 2.339
1968.000 2.343
1969.000 2.349
1970.000 2.359
1971.000 2.367
1972.000 2.369
1973.000 2.373
1974.000 2.371
1975.000 2.385
1976.000 2.407
1977.000 2.399
1978.000 2.415
1979.000 2.413
1980.000 2.428
1981.000 2.433
1982.000 2.431
1983.000 2.444
1984.000 2.459
1985.000 2.453
1986.000 2.469
1987.000 2.474
1988.000 2.492
1989.000 2.510
1990.000 2.517
1991.000 2.514
1992.000 2.537
1993.000 2.544
1994.000 2.551
1995.000 2.562
1996.000 2.573
1997.000 2.586
1998.000 2.587
1999.000 2.603
2000.000 2.624
2001.000 2.640
2002.000 2.657
2003.000 2.665
2004.000 2.675
2005.000 2.680
2006.000 2.693
2007.000 2.725
2008.000 2.728
2009.000 2.734
2010.000 2.760
2011.000 2.754
2012.000 2.772
2013.000 2.795
2014.000 2.789
2015.000 2.807
2016.000 2.828
2017.000 2.844
2018.000 2.861
2019.000 2.880
2020.000 2.892
2021.000 2.912
2022.000 2.929
2023.000 2.938
2024.000 2.972
2025.000 2.994
2026.000 3.013
2027.000 3.042
2028.000 3.069
2029.000 3.085
2030.000 3.115
2031.000 3.154
2032.000 3.180
2033.000 3.210
2034.000 3.224
2035.000 3.260
2036.000 3.294
2037.000 3.319
2038.000 3.346
2039.000 3.387
2040.000 3.430
2041.000 3.458
2042.000 3.503
2043.000 3.536
2044.000 3.586
2045.000 3.604
2046.000 3.648
2047.000 3.698
2048.000 3.744
2049.000 3.795
2050.000 3.842
2051.000 3.974
2052.000 4.054
2053.000 4.085
2054.000 4.144
2055.000 4.179
2056.000 4.209
2057.000 4.241
2058.000 4.309
2059.000 4.387
2060.000 4.449
2061.000 4.534
2062.000 4.622
2063.000 4.706
2064.000 4.802
2065.000 4.895
2066.000 5.003
2067.000 5.116
2068.000 5.227
2069.000 5.350
2070.000 5.413
2071.000 5.548
2072.000 5.695
2073.000 5.853
2074.000 6.015
2075.000 6.195
2076.000 6.385
2077.000 6.585
2078.000 6.791
2079.000 7.029
2080.000 7.288
2081.000 7.548
2082.000 7.840
2083.000 7.993
2084.000 8.325
2085.000 8.676
2086.000 9.061
2087.000 9.486
2088.000 9.941
2089.000 10.430
2090.000 10.950
2091.000 11.500
2092.000 12.069
2093.000 12.678
2094.000 12.965
2095.000 13.537
2096.000 14.055
2097.000 14.494
2098.000 14.838
2099.000 15.011
2100.000 15.002
2101.000 14.767
2102.000 14.268
2103.000 13.725
2104.000 12.982
2105.000 12.218
2106.000 11.826
2107.000 11.052
2108.000 10.305
2109.000 9.619
2110.000 9.002
2111.000 8.413
2112.000 7.886
2113.000 7.407
2114.000 6.974
2115.000 6.575
2116.000 6.206
2117.000 5.873
2118.000 5.575
2119.000 5.426
2120.000 5.137
2121.000 4.872
2122.000 4.622
2123.000 4.405
2124.000 4.197
2125.000 4.008
2126.000 3.829
2127.000 3.657
2128.000 3.499
2129.000 3.350
2130.000 3.207
2131.000 3.139
2132.000 3.015
2133.000 2.897
2134.000 2.791
2135.000 2.678
2136.000 2.572
2137.000 2.462
2138.000 2.324
2139.000 2.182
2140.000 2.048
2141.000 1.931
2142.000 1.823
2143.000 1.769
2144.000 1.674
2145.000 1.591
2146.000 1.514
2147.000 1.440
2148.000 1.373
2149.000 1.312
2150.000 1.256
2151.000 1.201
2152.000 1.150
2153.000 1.102
2154.000 1.053
2155.000 1.035
2156.000 0.996
2157.000 0.952
2158.000 0.917
2159.000 0.880
2160.000 0.841
2161.000 0.810
2162.000 0.777
2163.000 0.747
2164.000 0.717
2165.000 0.689
2166.000 0.662
2167.000 0.647
2168.000 0.624
2169.000 0.599
2170.000 0.574
2171.000 0.553
2172.000 0.529
2173.000 0.506
2174.000 0.484
2175.000 0.462
2176.000 0.441
2177.000 0.423
2178.000 0.403
2179.000 0.385
2180.000 0.376
2181.000 0.359
2182.000 0.339
2183.000 0.323
2184.000 0.306
2185.000 0.288
2186.000 0.273
2187.000 0.256
2188.000 0.243
2189.000 0.227
2190.000 0.212
2191.000 0.197
2192.000 0.188
2193.000 0.173
2194.000 0.161
2195.000 0.150
2196.000 0.135
2197.000 0.125
2198.000 0.112
2199.000 0.103
2200.000 0.093
2201.000 0.088
2202.000 0.080
2203.000 0.080
2204.000 0.080
2205.000 0.081
2206.000 0.085
2207.000 0.091
2208.000 0.101
2209.000 0.109
2210.000 0.120
2211.000 0.133
2212.000 0.145
2213.000 0.158
2214.000 0.173
2215.000 0.188
2216.000 0.196
2217.000 0.210
2218.000 0.227
2219.000 0.243
2220.000 0.260
2221.000 0.279
2222.000 0.297
2223.000 0.318
2224.000 0.338
2225.000 0.357
2226.000 0.383
2227.000 0.402
2228.000 0.413
2229.000 0.435
2230.000 0.458
2231.000 0.484
2232.000 0.510
2233.000 0.540
2234.000 0.567
2235.000 0.600
2236.000 0.634
2237.000 0.673
2238.000 0.713
2239.000 0.758
2240.000 0.807
2241.000 0.839
2242.000 0.899
2243.000 0.969
2244.000 1.052
2245.000 1.145
2246.000 1.251
2247.000 1.334
2248.000 1.416
2249.000 1.499
2250.000 1.585
2251.000 1.679
2252.000 1.723
2253.000 1.823
2254.000 1.926
2255.000 2.045
2256.000 2.169
2257.000 2.308
2258.000 2.462
2259.000 2.631
2260.000 2.829
2261.000 3.040
2262.000 3.290
2263.000 3.574
2264.000 3.883
2265.000 4.064
2266.000 4.445
2267.000 4.863
2268.000 5.299
2269.000 5.753
2270.000 6.152
2271.000 6.418
2272.000 6.476
2273.000 6.288
2274.000 5.992
2275.000 5.757
2276.000 5.435
2277.000 5.258
2278.000 4.878
2279.000 4.516
2280.000 4.188
2281.000 3.886
2282.000 3.608
2283.000 3.366
2284.000 3.155
2285.000 2.958
2286.000 2.789
2287.000 2.631
2288.000 2.486
2289.000 2.365
2290.000 2.296
2291.000 2.183
2292.000 2.075
2293.000 1.987
2294.000 1.896
2295.000 1.823
2296.000 1.752
2297.000 1.678
2298.000 1.620
2299.000 1.566
2300.000 1.507
2301.000 1.484
2302.000 1.432
2303.000 1.391
2304.000 1.345
2305.000 1.306
2306.000 1.266
2307.000 1.233
2308.000 1.188
2309.000 1.162
2310.000 1.132
2311.000 1.095
2312.000 1.072
2313.000 1.057
2314.000 1.026
2315.000 1.002
2316.000 0.978
2317.000 0.954
2318.000 0.927
2319.000 0.906
2320.000 0.881
2321.000 0.859
2322.000 0.841
2323.000 0.819
2324.000 0.791
2325.000 0.762
2326.000 0.753
2327.000 0.728
2328.000 0.706
2329.000 0.683
2330.000 0.661
2331.000 0.647
2332.000 0.627
2333.000 0.612
2334.000 0.596
2335.000 0.583
2336.000 0.569
2337.000 0.557
2338.000 0.551
2339.000 0.536
2340.000 0.524
2341.000 0.510
2342.000 0.497
2343.000 0.487
2344.000 0.474
2345.000 0.464
2346.000 0.452
2347.000 0.443
2348.000 0.432
2349.000 0.430
2350.000 0.417
2351.000 0.412
2352.000 0.401
2353.000 0.393
2354.000 0.386
2355.000 0.382
2356.000 0.373
2357.000 0.367
2358.000 0.359
2359.000 0.353
2360.000 0.347
2361.000 0.339
2362.000 0.335
2363.000 0.329
2364.000 0.324
2365.000 0.320
2366.000 0.313
2367.000 0.309
2368.000 0.304
2369.000 0.297
2370.000 0.291
2371.000 0.289
2372.000 0.282
2373.000 0.279
2374.000 0.277
2375.000 0.273
2376.000 0.266
2377.000 0.263
2378.000 0.258
2379.000 0.253
2380.000 0.250
2381.000 0.244
2382.000 0.240
2383.000 0.235
2384.000 0.233
2385.000 0.229
2386.000 0.225
2387.000 0.223
2388.000 0.217
2389.000 0.217
2390.000 0.214
2391.000 0.207
2392.000 0.206
2393.000 0.200
2394.000 0.198
2395.000 0.196
2396.000 0.192
2397.000 0.190
2398.000 0.187
2399.000 0.184
2400.000 0.180
2401.000 0.179
2402.000 0.177
2403.000 0.176
2404.000 0.170
2405.000 0.167
2406.000 0.164
2407.000 0.162
2408.000 0.158
2409.000 0.153
2410.000 0.153
2411.000 0.152
2412.000 0.149
2413.000 0.147
2414.000 0.144
2415.000 0.142
2416.000 0.139
2417.000 0.139
2418.000 0.135
2419.000 0.133
2420.000 0.129
2421.000 0.129
2422.000 0.129
2423.000 0.126
2424.000 0.124
2425.000 0.122
2426.000 0.118
2427.000 0.118
2428.000 0.114
2429.000 0.111
2430.000 0.110
2431.000 0.110
2432.000 0.107
2433.000 0.106
2434.000 0.103
2435.000 0.103
2436.000 0.100
2437.000 0.098
2438.000 0.096
2439.000 0.094
2440.000 0.094
2441.000 0.090
2442.000 0.090
2443.000 0.087
2444.000 0.086
2445.000 0.082
2446.000 0.080
2447.000 0.081
2448.000 0.079
2449.000 0.078
2450.000 0.077
2451.000 0.077
2452.000 0.072
2453.000 0.071
2454.000 0.069
2455.000 0.069
2456.000 0.067
2457.000 0.064
2458.000 0.064
2459.000 0.064
2460.000 0.061
2461.000 0.060
2462.000 0.058
2463.000 0.057
2464.000 0.054
2465.000 0.052
2466.000 0.053
2467.000 0.051
2468.000 0.050
2469.000 0.049
2470.000 0.046
2471.000 0.046
2472.000 0.045
2473.000 0.044
2474.000 0.039
2475.000 0.041
2476.000 0.040
2477.000 0.038
2478.000 0.036
2479.000 0.037
2480.000 0.034
2481.000 0.032
2482.000 0.032
2483.000 0.030
2484.000 0.030
2485.000 0.029
2486.000 0.028
2487.000 0.027
2488.000 0.027
2489.000 0.024
2490.000 0.023
2491.000 0.025
2492.000 0.020
2493.000 0.018
2494.000 0.018
2495.000 0.018
2496.000 0.017
2497.000 0.015
2498.000 0.014
2499.000 0.012
2500.000 0.016
2501.000 0.012
2502.000 0.013
2503.000 0.011
2504.000 0.012
2505.000 0.010
2506.000 0.010
2507.000 0.011
2508.000 0.011
2509.000 0.009
2510.000 0.009
2511.000 0.009
2512.000 0.010
2513.000 0.008
2514.000 0.007
2515.000 0.008
2516.000 0.011
2517.000 0.010
2518.000 0.012
2519.000 0.012
2520.000 0.013
2521.000 0.013
2522.000 0.015
2523.000 0.016
2524.000 0.015
2525.000 0.018
2526.000 0.018
2527.000 0.017
2528.000 0.020
2529.000 0.020
2530.000 0.020
2531.000 0.023
2532.000 0.024
2533.000 0.023
2534.000 0.025
2535.000 0.028
2536.000 0.027
2537.000 0.027
2538.000 0.029
2539.000 0.031
2540.000 0.030
2541.000 0.032
2542.000 0.033
2543.000 0.036
2544.000 0.034
2545.000 0.036
2546.000 0.036
2547.000 0.039
2548.000 0.036
2549.000 0.042
2550.000 0.044
2551.000 0.043
2552.000 0.044
2553.000 0.044
2554.000 0.043
2555.000 0.045
2556.000 0.047
2557.000 0.045
2558.000 0.047
2559.000 0.048
2560.000 0.047
2561.000 0.054
2562.000 0.086
2563.000 0.079
2564.000 0.073
2565.000 0.069
2566.000 0.067
2567.000 0.064
2568.000 0.063
2569.000 0.062
2570.000 0.095
2571.000 0.088
2572.000 0.079
2573.000 0.078
2574.000 0.076
2575.000 0.076
2576.000 0.071
2577.000 0.070
2578.000 0.067
2579.000 0.069
2580.000 0.078
2581.000 0.084
2582.000 0.081
2583.000 0.080
2584.000 0.076
2585.000 0.073
2586.000 0.074
2587.000 0.084
2588.000 0.081
2589.000 0.081
2590.000 0.082
2591.000 0.092
2592.000 0.089
2593.000 0.085
2594.000 0.084
2595.000 0.096
2596.000 0.090
2597.000 0.088
2598.000 0.089
2599.000 0.087
2600.000 0.089
