1801.000 0.015
1802.000 1.922
1803.000 3.157
1804.000 3.147
1805.000 3.152
1806.000 3.173
1807.000 3.210
1808.000 3.168
1809.000 3.181
1810.000 3.149
1811.000 3.112
1812.000 3.108
1813.000 3.108
1814.000 3.111
1815.000 3.124
1816.000 3.127
1817.000 3.139
1818.000 3.154
1819.000 3.154
1820.000 3.182
1821.000 3.186
1822.000 3.199
1823.000 3.209
1824.000 3.220
1825.000 3.223
1826.000 3.235
1827.000 3.253
1828.000 3.231
1829.000 3.225
1830.000 3.188
1831.000 3.157
1832.000 3.104
1833.000 3.055
1834.000 3.013
1835.000 2.935
1836.000 2.864
1837.000 2.824
1838.000 2.754
1839.000 2.684
1840.000 2.624
1841.000 2.573
1842.000 2.535
1843.000 2.537
1844.000 2.524
1845.000 2.523
1846.000 2.531
1847.000 2.528
1848.000 2.532
1849.000 2.536
1850.000 2.529
1851.000 2.533
1852.000 2.520
1853.000 2.510
1854.000 2.494
1855.000 2.454
1856.000 2.420
1857.000 2.373
1858.000 2.312
1859.000 2.240
1860.000 2.152
1861.000 2.111
1862.000 2.022
1863.000 1.924
1864.000 1.831
1865.000 1.750
1866.000 1.677
1867.000 1.612
1868.000 1.575
1869.000 1.576
1870.000 1.582
1871.000 1.591
1872.000 1.598
1873.000 1.597
1874.000 1.601
1875.000 1.602
1876.000 1.603
1877.000 1.611
1878.000 1.621
1879.000 1.624
1880.000 1.636
1881.000 1.640
1882.000 1.644
1883.000 1.653
1884.000 1.651
1885.000 1.655
1886.000 1.656
1887.000 1.662
1888.000 1.669
1889.000 1.670
1890.000 1.674
1891.000 1.682
1892.000 1.684
1893.000 1.686
1894.000 1.689
1895.000 1.697
1896.000 1.700
1897.000 1.708
1898.000 1.706
1899.000 1.704
1900.000 1.710
1901.000 1.713
1902.000 1.713
1903.000 1.715
1904.000 1.727
1905.000 1.723
1906.000 1.725
1907.000 1.729
1908.000 1.732
1909.000 1.745
1910.000 1.743
1911.000 1.752
1912.000 1.748
1913.000 1.755
1914.000 1.754
1915.000 1.761
1916.000 1.766
1917.000 1.765
1918.000 1.771
1919.000 1.765
1920.000 1.776
1921.000 1.778
1922.000 1.784
1923.000 1.794
1924.000 1.791
1925.000 1.803
1926.000 1.792
1927.000 1.801
1928.000 1.802
1929.000 1.805
1930.000 1.807
1931.000 1.809
1932.000 1.812
1933.000 1.823
1934.000 1.825
1935.000 1.826
1936.000 1.834
1937.000 1.834
1938.000 1.843
1939.000 1.855
1940.000 1.854
1941.000 1.854
1942.000 1.861
1943.000 1.866
1944.000 1.875
1945.000 1.884
1946.000 1.881
1947.000 1.883
1948.000 1.883
1949.000 1.893
1950.000 1.899
1951.000 1.899
1952.000 1.902
1953.000 1.913
1954.000 1.919
1955.000 1.918
1956.000 1.925
1957.000 1.927
1958.000 1.935
1959.000 1.939
1960.000 1.951
1961.000 1.956
1962.000 1.956
1963.000 1.967
1964.000 1.975
1965.000 1.976
1966.000 1.986
1967.000 2.002
1968.000 1.997
1969.000 2.004
1970.000 2.018
1971.000 2.020
1972.000 2.030
1973.000 2.034
1974.000 2.039
1975.000 2.044
1976.000 2.065
1977.000 2.059
1978.000 2.076
1979.000 2.070
1980.000 2.086
1981.000 2.089
1982.000 2.092
1983.000 2.108
1984.000 2.115
1985.000 2.112
1986.000 2.124
1987.000 2.135
1988.000 2.148
1989.000 2.161
1990.000 2.177
1991.000 2.173
1992.000 2.194
1993.000 2.201
1994.000 2.213
1995.000 2.222
1996.000 2.230
1997.000 2.237
1998.000 2.238
1999.000 2.260
2000.000 2.277
2001.000 2.294
2002.000 2.314
2003.000 2.321
2004.000 2.326
2005.000 2.334
2006.000 2.337
2007.000 2.357
2008.000 2.377
2009.000 2.388
2010.000 2.427
2011.000 2.417
2012.000 2.451
2013.000 2.471
2014.000 2.478
2015.000 2.487
2016.000 2.512
2017.000 2.548
2018.000 2.579
2019.000 2.583
2020.000 2.604
2021.000 2.623
2022.000 2.639
2023.000 2.651
2024.000 2.694
2025.000 2.707
2026.000 2.731
2027.000 2.748
2028.000 2.790
2029.000 2.804
2030.000 2.831
2031.000 2.871
2032.000 2.884
2033.000 2.919
2034.000 2.947
2035.000 2.980
2036.000 3.003
2037.000 3.033
2038.000 3.060
2039.000 3.099
2040.000 3.143
2041.000 3.169
2042.000 3.226
2043.000 3.262
2044.000 3.285
2045.000 3.349
2046.000 3.382
2047.000 3.432
2048.000 3.478
2049.000 3.529
2050.000 3.578
2051.000 3.636
2052.000 3.701
2053.000 3.753
2054.000 3.819
2055.000 3.885
2056.000 3.928
2057.000 3.990
2058.000 4.059
2059.000 4.134
2060.000 4.210
2061.000 4.297
2062.000 4.386
2063.000 4.492
2064.000 4.578
2065.000 4.691
2066.000 4.797
2067.000 4.904
2068.000 4.971
2069.000 5.098
2070.000 5.234
2071.000 5.360
2072.000 5.521
2073.000 5.691
2074.000 5.854
2075.000 6.045
2076.000 6.236
2077.000 6.475
2078.000 6.691
2079.000 6.929
2080.000 7.209
2081.000 7.338
2082.000 7.645
2083.000 7.957
2084.000 8.301
2085.000 8.681
2086.000 9.098
2087.000 9.531
2088.000 10.014
2089.000 10.534
2090.000 11.073
2091.000 11.671
2092.000 12.263
2093.000 12.578
2094.000 13.172
2095.000 13.790
2096.000 14.361
2097.000 14.828
2098.000 15.210
2099.000 15.429
2100.000 15.480
2101.000 15.245
2102.000 14.885
2103.000 14.232
2104.000 13.894
2105.000 13.189
2106.000 12.440
2107.000 11.703
2108.000 10.990
2109.000 10.332
2110.000 9.702
2111.000 9.109
2112.000 8.599
2113.000 8.118
2114.000 7.681
2115.000 7.262
2116.000 6.900
2117.000 6.756
2118.000 6.465
2119.000 6.123
2120.000 5.853
2121.000 5.601
2122.000 5.365
2123.000 5.123
2124.000 4.944
2125.000 4.735
2126.000 4.548
2127.000 4.392
2128.000 4.224
2129.000 4.146
2130.000 4.003
2131.000 3.872
2132.000 3.737
2133.000 3.630
2134.000 3.511
2135.000 3.408
2136.000 3.313
2137.000 3.201
2138.000 3.124
2139.000 3.028
2140.000 2.944
2141.000 2.873
2142.000 2.831
2143.000 2.749
2144.000 2.686
2145.000 2.627
2146.000 2.552
2147.000 2.499
2148.000 2.423
2149.000 2.351
2150.000 2.267
2151.000 2.182
2152.000 2.107
2153.000 2.066
2154.000 2.015
2155.000 1.942
2156.000 1.880
2157.000 1.830
2158.000 1.773
2159.000 1.728
2160.000 1.679
2161.000 1.636
2162.000 1.606
2163.000 1.561
2164.000 1.524
2165.000 1.504
2166.000 1.471
2167.000 1.437
2168.000 1.414
2169.000 1.388
2170.000 1.354
2171.000 1.326
2172.000 1.298
2173.000 1.277
2174.000 1.258
2175.000 1.231
2176.000 1.213
2177.000 1.188
2178.000 1.181
2179.000 1.156
2180.000 1.141
2181.000 1.120
2182.000 1.109
2183.000 1.091
2184.000 1.072
2185.000 1.065
2186.000 1.045
2187.000 1.035
2188.000 1.023
2189.000 1.007
2190.000 0.998
2191.000 0.988
2192.000 0.980
2193.000 0.964
2194.000 0.957
2195.000 0.944
2196.000 0.936
2197.000 0.932
2198.000 0.919
2199.000 0.910
2200.000 0.901
2201.000 0.898
2202.000 0.890
2203.000 0.885
2204.000 0.879
2205.000 0.871
2206.000 0.869
2207.000 0.861
2208.000 0.858
2209.000 0.850
2210.000 0.843
2211.000 0.847
2212.000 0.841
2213.000 0.837
2214.000 0.839
2215.000 0.835
2216.000 0.833
2217.000 0.831
2218.000 0.835
2219.000 0.829
2220.000 0.831
2221.000 0.829
2222.000 0.831
2223.000 0.835
2224.000 0.833
2225.000 0.838
2226.000 0.838
2227.000 0.847
2228.000 0.846
2229.000 0.853
2230.000 0.862
2231.000 0.865
2232.000 0.877
2233.000 0.884
2234.000 0.895
2235.000 0.909
2236.000 0.918
2237.000 0.940
2238.000 0.953
2239.000 0.960
2240.000 0.982
2241.000 1.009
2242.000 1.030
2243.000 1.055
2244.000 1.085
2245.000 1.109
2246.000 1.152
2247.000 1.195
2248.000 1.240
2249.000 1.295
2250.000 1.312
2251.000 1.353
2252.000 1.392
2253.000 1.448
2254.000 1.491
2255.000 1.561
2256.000 1.635
2257.000 1.695
2258.000 1.767
2259.000 1.842
2260.000 1.932
2261.000 2.040
2262.000 2.131
2263.000 2.193
2264.000 2.333
2265.000 2.473
2266.000 2.611
2267.000 2.764
2268.000 2.906
2269.000 3.021
2270.000 3.111
2271.000 3.134
2272.000 3.126
2273.000 3.049
2274.000 2.917
2275.000 2.841
2276.000 2.664
2277.000 2.465
2278.000 2.255
2279.000 2.066
2280.000 1.890
2281.000 1.734
2282.000 1.599
2283.000 1.481
2284.000 1.385
2285.000 1.288
2286.000 1.198
2287.000 1.125
2288.000 1.087
2289.000 1.002
2290.000 0.915
2291.000 0.838
2292.000 0.777
2293.000 0.723
2294.000 0.673
2295.000 0.632
2296.000 0.598
2297.000 0.565
2298.000 0.535
2299.000 0.520
2300.000 0.497
2301.000 0.476
2302.000 0.457
2303.000 0.439
2304.000 0.422
2305.000 0.409
2306.000 0.394
2307.000 0.384
2308.000 0.373
2309.000 0.366
2310.000 0.353
2311.000 0.348
2312.000 0.340
2313.000 0.330
2314.000 0.324
2315.000 0.317
2316.000 0.311
2317.000 0.306
2318.000 0.301
2319.000 0.295
2320.000 0.288
2321.000 0.285
2322.000 0.280
2323.000 0.274
2324.000 0.274
2325.000 0.270
2326.000 0.268
2327.000 0.262
2328.000 0.261
2329.000 0.255
2330.000 0.253
2331.000 0.251
2332.000 0.248
2333.000 0.245
2334.000 0.245
2335.000 0.240
2336.000 0.239
2337.000 0.238
2338.000 0.238
2339.000 0.236
2340.000 0.233
2341.000 0.231
2342.000 0.228
2343.000 0.229
2344.000 0.228
2345.000 0.226
2346.000 0.223
2347.000 0.221
2348.000 0.222
2349.000 0.220
2350.000 0.217
2351.000 0.220
2352.000 0.217
2353.000 0.216
2354.000 0.216
2355.000 0.214
2356.000 0.212
2357.000 0.210
2358.000 0.211
2359.000 0.209
2360.000 0.209
2361.000 0.206
2362.000 0.208
2363.000 0.206
2364.000 0.205
2365.000 0.205
2366.000 0.207
2367.000 0.204
2368.000 0.202
2369.000 0.203
2370.000 0.200
2371.000 0.204
2372.000 0.201
2373.000 0.202
2374.000 0.203
2375.000 0.200
2376.000 0.199
2377.000 0.201
2378.000 0.200
2379.000 0.196
2380.000 0.198
2381.000 0.198
2382.000 0.198
2383.000 0.196
2384.000 0.197
2385.000 0.195
2386.000 0.195
2387.000 0.196
2388.000 0.197
2389.000 0.196
2390.000 0.198
2391.000 0.197
2392.000 0.196
2393.000 0.198
2394.000 0.197
2395.000 0.195
2396.000 0.197
2397.000 0.194
2398.000 0.197
2399.000 0.195
2400.000 0.196
2401.000 0.196
2402.000 0.195
2403.000 0.195
2404.000 0.196
2405.000 0.196
2406.000 0.195
2407.000 0.195
2408.000 0.192
2409.000 0.197
2410.000 0.196
2411.000 0.196
2412.000 0.197
2413.000 0.193
2414.000 0.196
2415.000 0.198
2416.000 0.196
2417.000 0.194
2418.000 0.196
2419.000 0.195
2420.000 0.197
2421.000 0.194
2422.000 0.196
2423.000 0.197
2424.000 0.197
2425.000 0.196
2426.000 0.198
2427.000 0.198
2428.000 0.197
2429.000 0.195
2430.000 0.197
2431.000 0.199
2432.000 0.198
2433.000 0.199
2434.000 0.196
2435.000 0.196
2436.000 0.197
2437.000 0.197
2438.000 0.200
2439.000 0.200
2440.000 0.201
2441.000 0.196
2442.000 0.200
2443.000 0.202
2444.000 0.199
2445.000 0.202
2446.000 0.201
2447.000 0.201
2448.000 0.200
2449.000 0.203
2450.000 0.204
2451.000 0.203
2452.000 0.207
2453.000 0.203
2454.000 0.207
2455.000 0.205
2456.000 0.203
2457.000 0.204
2458.000 0.207
2459.000 0.208
2460.000 0.206
2461.000 0.207
2462.000 0.205
2463.000 0.205
2464.000 0.211
2465.000 0.208
2466.000 0.209
2467.000 0.209
2468.000 0.207
2469.000 0.210
2470.000 0.209
2471.000 0.210
2472.000 0.210
2473.000 0.215
2474.000 0.214
2475.000 0.217
2476.000 0.213
2477.000 0.213
2478.000 0.217
2479.000 0.215
2480.000 0.218
2481.000 0.216
2482.000 0.218
2483.000 0.217
2484.000 0.218
2485.000 0.220
2486.000 0.219
2487.000 0.220
2488.000 0.221
2489.000 0.223
2490.000 0.222
2491.000 0.223
2492.000 0.225
2493.000 0.224
2494.000 0.224
2495.000 0.225
2496.000 0.228
2497.000 0.224
2498.000 0.228
2499.000 0.229
2500.000 0.227
2501.000 0.231
2502.000 0.229
2503.000 0.231
2504.000 0.234
2505.000 0.233
2506.000 0.234
2507.000 0.232
2508.000 0.235
2509.000 0.238
2510.000 0.237
2511.000 0.240
2512.000 0.239
2513.000 0.245
2514.000 0.242
2515.000 0.247
2516.000 0.243
2517.000 0.249
2518.000 0.246
2519.000 0.249
2520.000 0.251
2521.000 0.250
2522.000 0.250
2523.000 0.249
2524.000 0.253
2525.000 0.255
2526.000 0.252
2527.000 0.252
2528.000 0.249
2529.000 0.251
2530.000 0.255
2531.000 0.251
2532.000 0.248
2533.000 0.250
2534.000 0.253
2535.000 0.250
2536.000 0.251
2537.000 0.249
2538.000 0.250
2539.000 0.257
2540.000 0.251
2541.000 0.252
2542.000 0.250
2543.000 0.251
2544.000 0.247
2545.000 0.252
2546.000 0.250
2547.000 0.252
2548.000 0.255
2549.000 0.250
2550.000 0.251
2551.000 0.250
2552.000 0.250
2553.000 0.252
2554.000 0.250
2555.000 0.247
2556.000 0.252
2557.000 0.251
2558.000 0.249
2559.000 0.260
2560.000 0.258
2561.000 0.251
2562.000 0.254
2563.000 0.249
2564.000 0.249
2565.000 0.246
2566.000 0.250
2567.000 0.250
2568.000 0.247
2569.000 0.249
2570.000 0.250
2571.000 0.253
2572.000 0.249
2573.000 0.248
2574.000 0.249
2575.000 0.250
2576.000 0.251
2577.000 0.246
2578.000 0.250
2579.000 0.247
2580.000 0.248
2581.000 0.248
2582.000 0.250
2583.000 0.249
2584.000 0.250
2585.000 0.260
2586.000 0.256
2587.000 0.254
2588.000 0.252
2589.000 0.248
2590.000 0.252
2591.000 0.248
2592.000 0.249
2593.000 0.247
2594.000 0.251
2595.000 0.248
2596.000 0.255
2597.000 0.253
2598.000 0.248
2599.000 0.255
2600.000 0.249
